# ****************************************************************************
# CUI
#
# The Advanced Framework for Simulation, Integration, and Modeling (AFSIM)
#
# The use, dissemination or disclosure of data in this file is subject to
# limitation or restriction. See accompanying README and LICENSE for details.
# ****************************************************************************

# ##################################################################################################
# 
# This file was auto-generated by AFSIM Mover Creator 0.4.0 (Beta)
# 
# Creation Date:  09 Mar 2020
# 
# ##################################################################################################

regular_table

independent_variable mach precision double
0.10000000000000001 0.5 0.70000000000000007 0.75 0.80000000000000004 0.84999999999999998 0.90000000000000002 0.92000000000000004 0.94000000000000006 0.95999999999999996 0.97999999999999998 1 1.02 1.04 1.0600000000000001 1.0800000000000001 1.1000000000000001 1.2 1.3 1.4000000000000001 1.5 1.75 2 2.5 3 
end_independent_variable

independent_variable surface_angle units deg
-25 -22 -20 -18 -16 -14 -12 -10 -9 -8 -7 -6 -5 -4 -3 -2 -1 0 1 2 3 4 5 6 7 8 9 10 12 14 16 18 20 22 24 25 
end_independent_variable

dependent_variable precision double
-0.063217100771343154 -0.011777206268181217 -0.0028777058654043917 0.00098601506178119737 0.001760174945834308 0.0018042188928143277 0.001584021599995567 0.001072657341795846 0.00081129362119750927 0.00056647693872889616 0.00034246219978652329 0.00015326558447072191 8.9438274190084977e-06 -8.9755652331771253e-05 -0.00014238048930385528 -0.00014643963618746016 -9.9485645939984498e-05 0 0.00015206587810879504 0.00035530931842534165 0.00060721782227075556 0.00090530089190793243 0.0012486832480907188 0.0016361937131807401 0.0020565224842413869 0.0024927361899094789 0.0029370684436328485 0.0033819155415828858 0.0042205720188258069 0.0046133343418805076 0.0045870329462556515 0.0034611275728899061 -0.0037721418429115415 -0.021960613166367101 -0.062158215447855145 -0.21449857183259807 -0.06321770448483742 -0.011776981807305227 -0.0028773780138856351 0.00098638271749811697 0.0017605065973752055 0.0018044987837871819 0.0015842532880501795 0.0010728562771866533 0.00081146440764637599 0.00056662875707849604 0.00034259458603198308 0.00015337071674199719 9.0218741465189542e-06 -8.9697683605245495e-05 -0.0001423379029443234 -0.00014641169383847245 -9.9471869350127256e-05 0 0.00015205286585247876 0.00035528458813785074 0.00060718204615209815 0.00090525067850050212 0.0012486136692267111 0.0016361070729915166 0.0020564282185017825 0.0024926422899827112 0.0029369690557728193 0.0033818073545699217 0.0042204527709259936 0.0046132308646071795 0.0045869462902539352 0.0034611027005798239 -0.0037719094331502929 -0.021959284946363126 -0.0621558535987701 -0.21448438653376764 -0.06321777349274485 -0.011776991831717003 -0.0028773802585510752 0.00098638411595367037 0.0017605066295798746 0.00180449671547451 0.0015842497748428212 0.0010728528152491284 0.00081146027533645802 0.00056662470833969457 0.00034259068256844408 0.00015336649483868963 9.017440368693034e-06 -8.9701734018689784e-05 -0.00014234114212215168 -0.00014641397677111069 -9.9473070145498122e-05 0 0.00015205421100125354 0.00035528745987650632 0.00060718658034408248 0.00090525672083714302 0.0012486209531177572 0.0016361158486350427 0.0020564392441889284 0.0024926562201767638 0.0029369855520349096 0.003381826264636375 0.0042204772122731923 0.0046132630618048514 0.0045869866213848953 0.0034611546677086151 -0.0037718315796507972 -0.021959121047140394 -0.062155607825616972 -0.21448329211541073 -0.063217786381955174 -0.01177699489914733 -0.0028773820069425637 0.00098638301635744661 0.0017605053640974001 0.0018044951907122441 0.001584248115014173 0.0010728512902936345 0.00081145871257268264 0.00056662323550745776 0.00034258931533531745 0.00015336516288577806 9.0161650637944959e-06 -8.9702848107014538e-05 -0.00014234201849976224 -0.0001464145865222397 -9.9473387266888088e-05 0 0.00015205455734234238 0.00035528818741218721 0.0006071877162269171 0.00090525824446419426 0.0012486228233234066 0.0016361181136377314 0.0020564420333387097 0.0024926596456425008 0.002936989566121487 0.0033818308425623 0.00422048305104412 0.0046132705513871192 0.004586995838264594 0.0034611662091535373 -0.0037718153227338075 -0.021959090030501484 -0.062155562734893553 -0.21448310536246656 -0.063217798096081551 -0.011776998023257879 -0.0028773839722647039 0.00098638163361777212 0.0017605038582392755 0.0018044934808375403 0.0015842463225022882 0.0010728496574524992 0.00081145706665645154 0.00056662169314534029 0.00034258789357968599 0.00015336379705355453 9.0148793889924897e-06 -8.9703961873292609e-05 -0.00014234289191454325 -0.0001464151924249108 -9.9473701928646461e-05 0 0.00015205489836966083 0.00035528890213846098 0.00060718883009786039 0.00090525973983164836 0.0012486246683128005 0.0016361203475951194 0.0020564447756306983 0.0024926629949764 0.0029369934792786321 0.0033818353000427629 0.0042204887202896696 0.0046132777715451262 0.0045870046907806657 0.0034611772194790566 -0.0037718000584935408 -0.021959061722404073 -0.062155521974538767 -0.21448294057413736 -0.063217808817917623 -0.0117770011651454 -0.0028773860865656427 0.00098638004644285718 0.0017605021801827842 0.001804491645976515 0.0015842444433920473 0.0010728479568527397 0.00081145537320612853 0.00056662011250797342 0.00034258644073044636 0.00015336242030394813 9.0135980618208173e-06 -8.9705065076439161e-05 -0.00014234375553910479 -0.00014641579065884501 -9.9474011844241682e-05 0 0.00015205523336262936 0.00035528960201435656 0.00060718991714231419 0.00090526120128758564 0.0012486264761863127 0.0016361225416992285 0.0020564474562829488 0.0024926662542016347 0.0029369972801380948 0.0033818396285435247 0.0042204942079974977 0.0046132847319402693 0.0045870131867910488 0.0034611877295372445 -0.0037717856867090643 -0.021959035722866158 -0.062155484869864781 -0.21448279397719516 -0.0632178186842689 -0.01177700429853089 -0.0028773883036638864 0.00098637830855009107 0.0017605003779450892 0.0018044897271901222 0.0015842425133340203 0.0010728462141936825 0.00081145365811426812 0.00056661851538181607 0.00034258497577225119 0.00015336104249158769 9.0123269757339382e-06 -8.9706153175595917e-05 -0.00014234460488089559 -0.00014641637792708941 -9.9474315612770704e-05 0 0.00015205556079957744 0.0003552902836463072 0.00060719097687720854 0.00090526262772094553 0.0012486282445769007 0.0016361246857572824 0.0020564500714309033 0.0024926694226419075 0.0029370009662845263 0.0033818438219779053 0.004220499517355869 0.0046132914337319213 0.0045870213504492479 0.0034611977719836368 -0.0037717721119257413 -0.021959011712288614 -0.062155450882345149 -0.21448266261177332 -0.063316507501530339 -0.011798511911978549 -0.0028848852802785398 0.00098533912452429106 0.0017611681657460562 0.0018056989785345267 0.0015855333080343299 0.0010736991307285153 0.00081205462498824398 0.00056697740768010211 0.00034271774817745785 0.00015330633741843878 8.8246874112784737e-06 -8.9971898221760245e-05 -0.0001426337284686495 -0.00014667085040189357 -9.9632926717720043e-05 0 0.00015227593796007867 0.00035578934852063479 0.00060802166544988729 0.00090647235948172267 0.0012502612012112247 0.001638221018449304 0.002059030068658443 0.0024957250607919911 0.0029405098152044261 0.0033857697017056322 0.004225062644591355 0.0046176273913824603 0.0045903138075404793 0.0034615971533703441 -0.0037836796365716499 -0.021999529280844921 -0.062256491533091055 -0.21480808153059458 -0.063415190458108811 -0.011820014845984729 -0.0028923786018951177 0.00098430264538153537 0.0017618378609522863 0.0018069095085331156 0.0015868249096934754 0.0010745525084342106 0.00081265592202448803 0.00056733652762031267 0.00034285066640540651 0.00015325172282752833 8.6371000699145118e-06 -9.023761620634109e-05 -0.00014292284015677818 -0.00014692531852423675 -9.9791536238199671e-05 0 0.00015249631297333362 0.00035628840294293706 0.00060885232983363903 0.00090768204364399894 0.0012518940727028443 0.0016403172079464848 0.0020616098455545182 0.0024987803757166929 0.0029440182166211252 0.0033896949778019232 0.0042296247651088846 0.0046219617990609189 0.0045936040048558408 0.0034619933983314412 -0.003795591308431798 -0.022040052048626069 -0.062357538126577447 -0.21513350776556955 -0.063513867566989207 -0.011841513096143822 -0.0028998682604753343 0.00098326887065807627 0.0017625094663076169 0.001808121321977943 0.0015881173139445034 0.001075406347697224 0.00081325755416963733 0.00056769587854529208 0.00034298373513221497 0.00015319719987822439 8.4495658404909176e-06 -9.050330613421414e-05 -0.00014321193923999933 -0.00014717978215402852 -9.9950144483374378e-05 0 0.00015271668439254747 0.00035678744738179178 0.00060968296849230085 0.00090889167794700615 0.0012535268543949643 0.0016424132539783051 0.0020641893971338459 0.0025018353651938894 0.0029475261646218459 0.0033936196450496201 0.0042341858777490875 0.0046262946475696424 0.0045968919344729813 0.0034623865009927946 -0.0038075071320663651 -0.022080580021815354 -0.062458590652215408 -0.21545894122959094 -0.063577849361805369 -0.011863006665315612 -0.0029073542549628772 0.00098223781844005678 0.001763182990301199 0.0018093344185469628 0.0015894105282717797 0.0010762606486721382 0.00081385951833204395 0.00056805546073844179 0.00034311695697290259 0.00015314277143030166 8.2620846972439607e-06 -9.0768968008599909e-05 -0.00014350102515795174 -0.00014743424021563305 -0.00010010875077936152 0 0.00015293705308805144 0.00035728648088877168 0.0006105135823533677 0.00091010126202683206 0.0012551595474147486 0.0016445091531439525 0.0020667687256829582 0.00250489002817371 0.0029510336569264985 0.0033975437039639993 0.0042387459751821828 0.0046306259317687674 0.0046001775929782086 0.0034627764562274233 -0.003819427110103254 -0.022121113186113914 -0.062526136048616676 -0.21570509519867626 -0.063346152123735108 -0.01171092370200667 -0.0027919493153650324 0.0010658245963629078 0.0018209232713316571 0.0018496681323345876 0.0016178249188464945 0.0010943300646017676 0.00082749808831018813 0.00057775354233904127 0.0003488367194741557 0.00015591784972299386 9.581736378467982e-06 -9.0129167559425079e-05 -0.00014328791677243005 -0.00014749718554417544 -0.00010025791328638231 0 0.00015332021249419986 0.0003582387048476415 0.00061217900007042253 0.0009127233166039059 0.0012594956992336792 0.0016520165262373669 0.0020784431493459229 0.0025206592067885322 0.0029713384429208749 0.0034229407428065001 0.0042751566431627926 0.0046807632181818408 0.0046710054533360976 0.0035625161280230296 -0.003689756498894413 -0.021963704797601916 -0.062308737945462322 -0.21554779435971802 -0.063133514360553533 -0.011566154476670549 -0.0026706295657000791 0.0011614949954796129 0.0018924295320497224 0.001903841393189897 0.0016594300651530663 0.0011228720170208021 0.00084970021313498156 0.00059385315046282642 0.00035797717984335483 0.00015976273363860132 1.1144195298045992e-05 -8.9316386637785519e-05 -0.00014290150587419301 -0.00014746099681124574 -0.0001003914549588853 0 0.00015375546745008859 0.00035928555738807177 0.00061390726677736215 0.0009154462783349214 0.0012647215885769295 0.0016627084320960952 0.0020962118274087957 0.0025446147391399968 0.0030016657169916511 0.0034599541317077141 0.0043245881097095052 0.0047440015348593914 0.0047542365555758997 0.0036710882869302646 -0.0035605554188542204 -0.021823984346375887 -0.062110830068043757 -0.21540961791327951 -0.062919772073627839 -0.011420789952507985 -0.0025488475344981956 0.0012575133716630322 0.0019641914989487188 0.0019582062251170262 0.0017011810868626468 0.0011515147230612387 0.00087198150610539281 0.0006100112782963811 0.0003671527613494295 0.0001636249456371399 1.2716125095547788e-05 -8.8497068271362416e-05 -0.00014251060481419527 -0.00014742231396517005 -0.00010052412474632909 0 0.00015419058068449995 0.00036033245116980138 0.00061563575536159045 0.00091817039961437257 0.0012699539657697726 0.0016734208376823917 0.0021140194400535921 0.0025686245685507744 0.0030320628141602053 0.0034970534372300854 0.004374134000888495 0.0048073869598119785 0.0048376637975449431 0.0037799206918204681 -0.0034310230876673409 -0.021683852421966195 -0.061912250014925167 -0.21527040384018145 -0.062704924447819194 -0.011274829696997392 -0.002426602889149559 0.0013538799654949267 0.0020362093464233715 0.0020127627651275208 0.0017430780841446395 0.0011802582492708056 0.00089434202034624423 0.00062622796777018434 0.00037636349688622889 0.00016750451043247275 1.4297545364294086e-05 -8.7671196795804704e-05 -0.00014211520149636314 -0.00014738112931869386 -0.00010065591898140695 0 0.00015462554741745601 0.00036137937742027846 0.00061736445430671759 0.00092089566313224987 0.0012751928076119652 0.0016841537122085925 0.0021318659527891112 0.0025926886454385573 0.0030625296725162801 0.0035342385768523704 0.0044237942132068367 0.0048709193525370694 0.0049212869635878818 0.0038890130675111843 -0.0033011598812782003 -0.021543309526662623 -0.061712998594031523 -0.21513774207401257 -0.062817626638357285 -0.011296070278500311 -0.0024298440618896319 0.0013586681132462615 0.0020428150801257688 0.0020195960712952768 0.0017495229338830697 0.0011851129974373212 0.00089819411902235518 0.00062901047060459484 0.00037781022361887571 0.00016789284901203239 1.4237056023400109e-05 -8.7849761976561633e-05 -0.00014232839378470943 -0.00014759408556774828 -0.00010080745938538929 0 0.00015486610805970003 0.000361918549659474 0.00061823186425662092 0.00092216695704230107 0.001277184673149303 0.0016874524412879616 0.0021367227896924999 0.0025988128395017119 0.0030698190920349197 0.0035425838093936647 0.0044334514408980816 0.0048806142862794022 0.004930035593618474 0.0038940695970466487 -0.0033111600177168558 -0.021587427374495632 -0.061828671655560476 -0.21548439471481956 -0.062924093561475769 -0.011321631170293875 -0.0024404347870543995 0.0013553369989454805 0.0020418240178237987 0.0020195785464418169 0.0017498893136767611 0.0011853369231747636 0.00089830675614091169 0.00062901552407110554 0.000377742518383874 0.00016775360777086931 1.4013577705426282e-05 -8.8136297803212142e-05 -0.00014262960992300717 -0.00014785267028735131 -0.00010096522588021886 0 0.00015507979489582768 0.00036240109047264054 0.0006190353039273505 0.00092333205548579067 0.0012787212012428514 0.0016893317981711677 0.0021389263637202568 0.0026013507824294998 0.0030726615763297092 0.0035456835509621891 0.004436877483201724 0.0048834330829064234 0.0049312384417858016 0.0038915972296784136 -0.0033268804991361737 -0.021632908837763094 -0.061938046212323836 -0.21582280007967958 -0.063453910000979885 -0.011448093509207233 -0.0024923624532747243 0.0013394415091611059 0.0020374180914330855 0.0020198949229216783 0.0017520227936559771 0.0011866603363098172 0.00089902787626524108 0.0006291552604526158 0.00037746965224770698 0.00016708618944763037 1.2909132392557468e-05 -8.95612987314494e-05 -0.00014413115149519714 -0.00014914383971313992 -0.00010175408207310553 0 0.00015615001054214962 0.00036481823240629228 0.00062305972466112638 0.00092916941055075928 0.0012864305680434791 0.0016987907212386959 0.0021500531599691623 0.0026141901753533644 0.0030870661649967869 0.0035614197058915918 0.0044543311193848707 0.0048979544697929497 0.0049378387578770519 0.0038800396557559266 -0.0034044158733094855 -0.021858924627188348 -0.062482534745616533 -0.21751106935103692 -0.063979785462112443 -0.011572452678145438 -0.0025426821417811447 0.0013247373603906686 0.0020338732574152105 0.0020208443782081058 0.0017546286477289805 0.0011883028670573526 0.00089999630383754239 0.00062947426834378945 0.00037729970975440005 0.00016646403639712231 1.182512545092121e-05 -9.0974149530414879e-05 -0.00014562549191013613 -0.00015043219808997204 -0.00010254293897852053 0 0.00015722296484938308 0.00036724220776818047 0.00062709527162502557 0.00093502504311806991 0.0012941812845121386 0.0017083460922020064 0.0021613491796133181 0.0026272621473706283 0.0031017693166462586 0.0035775246700447553 0.0044722868250719585 0.0049131389249892346 0.0049453480307239004 0.0038697293152100648 -0.0034802965638524924 -0.022082782242094087 -0.063023320816948281 -0.2191934966501943 -0.064502045114902568 -0.011694878537415474 -0.0025915234138899493 0.0013111286694150555 0.0020311201872974666 0.0020223757373427588 0.0017576684090931077 0.0011902384078649971 0.00090119178450406184 0.00062995790051361496 0.0003772244162040556 0.00016588367979002107 1.0760106253400078e-05 -9.2375681708563767e-05 -0.00014711310760369946 -0.00015171789682809963 -0.00010333175163472008 0 0.00015829837133284229 0.00036967231364309357 0.00063114079247157586 0.00094089707249945251 0.0013019693259347111 0.0017179888981979788 0.0021727988261568834 0.0026405452830848049 0.0031167434940316679 0.0035939643424771927 0.0044906977231465627 0.0049289239842545728 0.0049536802829414162 0.0038605480713953264 -0.0035546793933339221 -0.02230468570575796 -0.063560748143532464 -0.220870615528523 -0.065020986389436847 -0.011815526457026678 -0.002639004806486267 0.0012985276770938136 0.0020290954365934327 0.0020244421543189266 0.0017611068418469248 0.001192443039036783 0.00090259578112841538 0.00063059273814598186 0.00037723618024765125 0.00016534192653337991 9.7127274210459698e-06 -9.3766668516104856e-05 -0.00014859444411138262 -0.00015300108145237145 -0.00010412048253131585 0 0.00015937597123606183 0.00037210791621898929 0.00063519524227197979 0.00094678380147663829 0.0013097910351811727 0.0017277109319632938 0.0021843878856504669 0.0026540200560320748 0.0031319635753855675 0.0036107075997593129 0.0045095210593984192 0.0049452526870618135 0.0049627571085912123 0.0038523881973746539 -0.0036277073783096596 -0.022524821079367839 -0.064095130143528051 -0.22254291299520682 -0.066305550209259684 -0.012110271093465554 -0.0027524480304549825 0.0012709236578004397 0.0020268509228373189 0.0020316765506531351 0.0017712422186762842 0.0011989927570197284 0.00090691003196885912 0.00063276319903663076 0.00037760219685962733 0.00016413774693485624 7.163528752058005e-06 -9.7202586882326396e-05 -0.00015227295509760195 -0.00015619893010284302 -0.00010609175570153637 0 0.00016207809178386855 0.00037821733713812214 0.00064536447015369326 0.00096155516425781786 0.0013294715117132762 0.0017523151813286504 0.0022138881719803252 0.0026884323135526393 0.0031709441913070533 0.0036537137566539915 0.0045581362212368994 0.0049881230049840432 0.004988252753892532 0.0038358334177899444 -0.0038051775191595334 -0.023068501034445014 -0.065419575335173397 -0.2267053834357107 -0.067091570344492979 -0.012295007826945578 -0.0028265367358523883 0.0012498938326826626 0.0020222622621298924 0.0020336082079641356 0.0017754970068156002 0.0012016704219657444 0.00090852114751249909 0.00063335135661294608 0.00037740846556622997 0.00016322967026845831 5.545316184964798e-06 -9.9320859824818743e-05 -0.0001545164822234207 -0.00015813461996174767 -0.00010727753539380937 0 0.00016369126607136789 0.00038186078410325182 0.00065142785930884153 0.00097035094238457872 0.0013411182728278596 0.0017666917568930826 0.0022309053639978428 0.002708134862359865 0.0031931128414780046 0.0036780028870352032 0.0045852193512617729 0.0050110639213500757 0.0049997288027256014 0.0038206735557536702 -0.0039185530804742609 -0.023403597569347116 -0.066228930065826808 -0.22922548958302058 -0.067177247933578696 -0.012339915924775865 -0.0028608499960589471 0.00122444693397881 0.0020038214821156901 0.0020199648631542785 0.0017652221171051343 0.0011946661411965627 0.00090306702883169421 0.0006293750691387126 0.00037510627840040624 0.00016219433572473084 5.0536194829127343e-06 -9.9629854769077287e-05 -0.0001547110687923192 -0.00015822271744445472 -0.00010729115484903465 0 0.00016364426893216948 0.00038173530802975499 0.00065121650723071601 0.00096998642924758219 0.0013402451445074055 0.0017646013882095057 0.0022272049814923574 0.0027030249603869037 0.0031865294692937458 0.0036698451751071993 0.0045740439549144408 0.0049962314226741824 0.004979377999530998 0.0037928153807538388 -0.0039553570704042584 -0.023451243465969853 -0.066308886384008961 -0.22934997950703778 -0.067229223941841415 -0.012367163078655537 -0.0028816707597362039 0.0012090042779119847 0.0019926286785005858 0.0020116824061182557 0.0017589834070192926 0.0011904119807262486 0.00089975352938998236 0.00062695839936576631 0.00037370551699270651 0.00016156250153201405 4.7520826569604722e-06 -9.981997374524725e-05 -0.00015483116499532203 -0.00015827756199602574 -0.00010730013550345896 0 0.00016361651170769683 0.0003816607269272039 0.00065109064470118914 0.00096976850113703842 0.0013397195789599196 0.001763338409970132 0.0022249663904969474 0.0026999323927047155 0.0031825441598424711 0.0036649059739830938 0.0045672764831287231 0.0049872479643503342 0.004967049791642677 0.0037759361111093298 -0.0039776596198604353 -0.02348011853109427 -0.066357355124098655 -0.22942544769621795 
end_dependent_variable

end_regular_table
