# ****************************************************************************
# CUI
#
# The Advanced Framework for Simulation, Integration, and Modeling (AFSIM)
#
# The use, dissemination or disclosure of data in this file is subject to
# limitation or restriction. See accompanying README and LICENSE for details.
# ****************************************************************************

irregular_table
   independent_variable alt units ft
   independent_variable mach precision float
   dependent_variable precision float
   alt       0.0
      mach       0.00     0.20     0.40     0.60     0.80     0.90     1.00     1.10     1.20     1.30     1.50     1.75     2.00     2.25     2.50     2.75     3.00
      values      32000.0000      31456.0000      32512.0000      35136.0000      39488.0000      42368.0000      45792.0000      49536.0000      53760.0000      58432.0000      69248.0000      84992.0000     100800.0000     105600.0000     102400.0000      86400.0000          0.0000
   alt    5000.0
      mach       0.00     0.20     0.40     0.60     0.80     0.90     1.00     1.10     1.20     1.30     1.50     1.75     2.00     2.25     2.50     2.75     3.00
      values      27456.0000      26989.2480      27895.2960      30146.6880      33880.7040      36351.7440      39289.5360      42501.8880      46126.0800      50134.6560      59414.7840      72923.1360      86486.4000      90604.8000      87859.2000      74131.2000          0.0000
   alt   10000.0
      mach       0.00     0.20     0.40     0.60     0.80     0.90     1.00     1.10     1.20     1.30     1.50     1.75     2.00     2.25     2.50     2.75     3.00
      values      23424.0000      23025.7920      23798.7840      25719.5520      28905.2160      31013.3760      33519.7440      36260.3520      39352.3200      42772.2240      50689.5360      62214.1440      73785.6000      77299.2000      74956.8000      63244.8000          0.0000
   alt   15000.0
      mach       0.00     0.20     0.40     0.60     0.80     0.90     1.00     1.10     1.20     1.30     1.50     1.75     2.00     2.25     2.50     2.75     3.00
      values      19872.0000      19534.1760      20189.9520      21819.4560      24522.0480      26310.5280      28436.8320      30761.8560      33384.9600      36286.2720      43003.0080      52780.0320      62596.8000      65577.6000      63590.4000      53654.4000          0.0000
   alt   20000.0
      mach       0.00     0.20     0.40     0.60     0.80     0.90     1.00     1.10     1.20     1.30     1.50     1.75     2.00     2.25     2.50     2.75     3.00
      values      16768.0000      16482.9440      17036.2880      18411.2640      20691.7120      22200.8320      23995.0080      25956.8640      28170.2400      30618.3680      36285.9520      44535.8080      52819.2000      55334.4000      53657.6000      45273.6000          0.0000
   alt   25000.0
      mach       0.00     0.20     0.40     0.60     0.80     0.90     1.00     1.10     1.20     1.30     1.50     1.75     2.00     2.25     2.50     2.75     3.00
      values      14016.0000      13777.7280      14240.2560      15389.5680      17295.7440      18557.1840      20056.8960      21696.7680      23546.8800      25593.2160      30330.6240      37226.4960      44150.4000      46252.8000      44851.2000      37843.2000          0.0000
   alt   30000.0
      mach       0.00     0.20     0.40     0.60     0.80     0.90     1.00     1.10     1.20     1.30     1.50     1.75     2.00     2.25     2.50     2.75     3.00
      values      11648.0000      11449.9840      11834.3680      12789.5040      14373.6320      15421.9520      16668.2880      18031.1040      19568.6400      21269.2480      25206.2720      30937.0880      36691.2000      38438.4000      37273.6000      31449.6000          0.0000
   alt   35000.0
      mach       0.00     0.20     0.40     0.60     0.80     0.90     1.00     1.10     1.20     1.30     1.50     1.75     2.00     2.25     2.50     2.75     3.00
      values       9632.0000       9468.2560       9786.1120      10575.9360      11885.8880      12752.7680      13783.3920      14910.3360      16181.7600      17588.0320      20843.6480      25582.5920      30340.8000      31785.6000      30822.4000      26006.4000          0.0000
   alt   40000.0
      mach       0.00     0.20     0.40     0.60     0.80     0.90     1.00     1.10     1.20     1.30     1.50     1.75     2.00     2.25     2.50     2.75     3.00
      values       7616.0000       7486.5280       7737.8560       8362.3680       9398.1440      10083.5840      10898.4960      11789.5680      12794.8800      13906.8160      16481.0240      20228.0960      23990.4000      25132.8000      24371.2000      20563.2000          0.0000
   alt   45000.0
      mach       0.00     0.20     0.40     0.60     0.80     0.90     1.00     1.10     1.20     1.30     1.50     1.75     2.00     2.25     2.50     2.75     3.00
      values       5952.0000       5850.8160       6047.2320       6535.2960       7344.7680       7880.4480       8517.3120       9213.6960       9999.3600      10868.3520      12880.1280      15808.5120      18748.8000      19641.6000      19046.4000      16070.4000          0.0000
   alt   50000.0
      mach       0.00     0.20     0.40     0.60     0.80     0.90     1.00     1.10     1.20     1.30     1.50     1.75     2.00     2.25     2.50     2.75     3.00
      values       4672.0000       4592.5760       4746.7520       5129.8560       5765.2480       6185.7280       6685.6320       7232.2560       7848.9600       8531.0720      10110.2080      12408.8320      14716.8000      15417.6000      14950.4000      12614.4000          0.0000
   alt   55000.0
      mach       0.00     0.20     0.40     0.60     0.80     0.90     1.00     1.10     1.20     1.30     1.50     1.75     2.00     2.25     2.50     2.75     3.00
      values       3648.0000       3585.9840       3706.3680       4005.5040       4501.6320       4829.9520       5220.2880       5647.1040       6128.6400       6661.2480       7894.2720       9689.0880      11491.2000      12038.4000      11673.6000       9849.6000          0.0000
   alt   60000.0
      mach       0.00     0.20     0.40     0.60     0.80     0.90     1.00     1.10     1.20     1.30     1.50     1.75     2.00     2.25     2.50     2.75     3.00
      values       2848.0000       2799.5840       2893.5680       3127.1040       3514.4320       3770.7520       4075.4880       4408.7040       4784.6400       5200.4480       6163.0720       7564.2880       8971.2000       9398.4000       9113.6000       7689.6000          0.0000
   alt   65000.0
      mach       0.00     0.20     0.40     0.60     0.80     0.90     1.00     1.10     1.20     1.30     1.50     1.75     2.00     2.25     2.50     2.75     3.00
      values       2240.0000       2201.9200       2275.8400       2459.5200       2764.1600       2965.7600       3205.4400       3467.5200       3763.2000       4090.2400       4847.3600       5949.4400       7056.0000       7392.0000       7168.0000       6048.0000          0.0000
   alt   70000.0
      mach       0.00     0.20     0.40     0.60     0.80     0.90     1.00     1.10     1.20     1.30     1.50     1.75     2.00     2.25     2.50     2.75     3.00
      values          0.0000          0.0000          0.0000          0.0000          0.0000          0.0000          0.0000          0.0000          0.0000          0.0000          0.0000          0.0000          0.0000          0.0000          0.0000          0.0000          0.0000
end_irregular_table
