# ****************************************************************************
# CUI
#
# The Advanced Framework for Simulation, Integration, and Modeling (AFSIM)
#
# The use, dissemination or disclosure of data in this file is subject to
# limitation or restriction. See accompanying README and LICENSE for details.
# ****************************************************************************

# ##################################################################################################
# 
# This file was auto-generated by AFSIM Mover Creator 2.5.0.200324
# 
# Creation Date:  24 Mar 2020
# 
# ##################################################################################################

regular_table

independent_variable mach precision double
0.10000000000000001 0.5 0.70000000000000007 0.75 0.80000000000000004 0.84999999999999998 0.90000000000000002 0.92000000000000004 0.94000000000000006 0.95999999999999996 0.97999999999999998 1 1.02 1.04 1.0600000000000001 1.0800000000000001 1.1000000000000001 1.2 1.3 1.4000000000000001 1.5 
end_independent_variable

independent_variable surface_angle units deg
1 2 3 4 5 6 7 8 9 10 12 14 16 18 20 22 24 26 28 30 35 40 45 
end_independent_variable

dependent_variable precision double
6.7492816269876044e-07 1.5698867514512311e-06 2.6848757662574111e-06 4.0198952071173025e-06 5.5749450740309044e-06 7.3500253669982138e-06 9.3451360860192365e-06 1.3287443650174384e-05 2.2412397604919456e-05 3.1002796127659537e-05 4.7087392155171785e-05 6.2263212937907077e-05 7.758274173274657e-05 9.7722679458555863e-05 0.00011743352972586446 0.00013696237618898797 0.00015649189425510186 0.0001761609168010712 0.0001960773652407541 0.00021632671465186552 0.00026882718587537766 0.00032458315881471846 0.00038408723128813537 7.1348240823214013e-07 1.7240529114074818e-06 3.0317115095260255e-06 4.6364582025877699e-06 6.5382929905927172e-06 8.7372158735408647e-06 1.1233226851432215e-05 1.5753570183932756e-05 2.5533841224826459e-05 3.4856580534823386e-05 5.2636951901652448e-05 6.9816698065585937e-05 8.7448349907011996e-05 0.00011020881866780729 0.00013284837179294823 0.00015561410381207774 0.00017868869888597923 0.00020221099529887118 0.00022628891982346867 0.00025100795132020916 0.00031603104824582165 0.0003862359871922307 0.00046211538896499772 7.7645842241729581e-07 1.975953337817991e-06 3.5984847462020867e-06 5.644052647569582e-06 8.1126570419204755e-06 1.100429792925477e-05 1.4318975309572466e-05 1.9783938996587334e-05 3.0634794837211333e-05 4.1154064760960184e-05 6.1705337113063111e-05 8.2159772113394919e-05 0.00010356990378248846 0.00013061265911144023 0.00015803828786827318 0.00018609388574654484 0.00021496213728288612 0.00024478188151321031 0.00027566104537997003 0.00030768510786484393 0.00039317487347924183 0.00048699518408481314 0.00058963866133580716 8.0404320183355619e-07 2.0862918504257511e-06 3.8467459457765836e-06 6.0854054878860544e-06 8.8022704767541647e-06 1.1997340912380911e-05 1.5670616794766297e-05 2.1549348870418265e-05 3.2869144638337907e-05 4.3912523150259308e-05 6.5677518565860704e-05 8.7566351452029258e-05 0.00011063155640216206 0.00013955006266244021 0.00016907211794584987 0.00019944481723668814 0.00023085084557473645 0.00026342904233538327 0.00029728733386699972 0.00033251120024243447 0.00042696592983331323 0.00053113042609761281 0.00064549731317502528 8.4075637083935267e-07 2.2331439970232846e-06 4.1771628785517952e-06 6.6728130154248855e-06 9.720094407642555e-06 1.3319007055204801e-05 1.7469550958111631e-05 2.3898977681570428e-05 3.5842896239103087e-05 4.7583823029216165e-05 7.0964191449508475e-05 9.4762099791771145e-05 0.00012003008313739667 0.00015144507278154088 0.00018375731393356111 0.00021721390246887652 0.00025199752225729194 0.00028824701357137996 0.00032607030252915367 0.0003655528689609794 0.00047193930037044406 0.00058987114358408262 0.00071984101984392439 2.4752612637026232e-06 5.4807438459422687e-06 9.0164477563803379e-06 1.3082372978914495e-05 1.7678519558631279e-05 2.2804887392475745e-05 2.8461476583502836e-05 3.6110171996682818e-05 4.848947909796079e-05 6.0760321234216915e-05 8.540613221941474e-05 0.00011065869452667965 0.00013740883671011287 0.00016961494863432469 0.00020283382289473974 0.00023727459300592788 0.00027309187538796393 0.00031040317946821015 0.00034929985190997211 0.00038985423851869901 0.00049884874847086946 0.00061919839103849808 0.00075132010178088275 4.1097673201653417e-06 8.7283459818598305e-06 1.3855735978263656e-05 1.9491937357115501e-05 2.5636950036577622e-05 3.2290774043929265e-05 3.9453409515566677e-05 4.8321374077288148e-05 6.1136069801118165e-05 7.3936827028911017e-05 9.9848080227415149e-05 0.00012655529619657956 0.00015478759721782051 0.00018778483125236236 0.00022191033743300943 0.00025733528781066633 0.00029418623234985506 0.00033255934982671324 0.00037252940415208086 0.00041415560875536896 0.00052575819458294099 0.00064852563412823392 0.0007827991737760705 5.0381715261468049e-06 1.0604892884092149e-05 1.670016411566421e-05 2.3323985151149358e-05 3.0476356102089406e-05 3.8157276773286175e-05 4.636674744359421e-05 5.6258329308834185e-05 6.9992955543218122e-05 8.3752149420905059e-05 0.00011168317174608897 0.00014053360238667792 0.00017100638758897979 0.00020622506012146394 0.00024268352153165794 0.00028054679615582893 0.00031993689178165091 0.00036094653490777347 0.00040364780385751471 0.00044809778751841306 0.00056715432679409943 0.00069792502000574008 0.00084073887179444506 6.0420881314615139e-06 1.2631421421956285e-05 1.9767999942713459e-05 2.7451823423062267e-05 3.5682892204902632e-05 4.4461206174267918e-05 5.3786765103224831e-05 6.475787138001345e-05 7.9431941638706278e-05 9.4173417353229878e-05 0.00012418128066795568 0.0001552405683015444 0.00018802055208824917 0.00022549513887140497 0.00026432618191589376 0.00030467080178714541 0.00034664516194709384 0.00039033754460276142 0.0004358165786418695 0.00048313661612309309 0.00060975859657277595 0.00074863394887284668 0.00090007591580639021 7.1215004480287884e-06 1.4807902032020603e-05 2.3059204722877574e-05 3.1875408607893305e-05 4.1256513570676328e-05 5.120251961122664e-05 6.171342690413144e-05 7.381997479382104e-05 8.9453017110412736e-05 0.0001052006383258603 0.00013734246256993886 0.00017067631277686279 0.00020583028942495397 0.00024559535807347298 0.00028683872098010253 0.00032970783192884563 0.00037431170921640799 0.00042073320494189051 0.00046903672408862265 0.00051927327684479329 0.00065357272208974883 0.0008006547694510834 0.0009608133911750054 8.2763916557666986e-06 1.7134304995058657e-05 2.6573740077284017e-05 3.65946967836265e-05 4.7197175203198306e-05 5.8381175335999452e-05 7.0146697182029924e-05 8.3444614164793887e-05 0.00010005617048650396 0.00011683381890521478 0.00015116677165651285 0.00018684095305278401 0.0002244357954228813 0.00026652600964715694 0.00031022153881993893 0.00035565841285462951 0.00040293720023139767 0.00045213433641708086 0.00050330923525749032 0.00055650895370477015 0.00069859842446438035 0.00085398983366274538 0.0010229543751935828 9.5067451049370616e-06 1.9610600905858455e-05 3.0311567402764179e-05 4.1609644474413127e-05 5.3504832363287516e-05 6.5997130887525683e-05 7.908653992588652e-05 9.3631764534237634e-05 0.00011124139086740435 0.00012907296626391717 0.0001656542635967445 0.00020373460804743579 0.00024383726799116521 0.00028828738453231726 0.00033447503745151632 0.00038252307066360947 0.00043252230491222662 0.00048454176566960124 0.00053863510746036979 0.00059484482723253602 0.00074483742136308585 0.00090864149498201378 0.0010865019522164959 1.0812544093364927e-05 2.2236760155522958e-05 3.4272648093724649e-05 4.6920208062552408e-05 6.0179440000173274e-05 7.4050343659255388e-05 8.8532919410796532e-05 0.00010438139994685599 0.00012300866739961 0.00014191808732725956 0.00018080499271634921 0.00022135739572356605 0.00026403490324942102 0.0003108797750170158 0.00035959961865816544 0.00041030233220174336 0.0004630676890762596 0.00051795631378302818 0.00057501533738645765 0.0006342820837480789 0.0007922914329352987 0.00096461210195583136 0.0011514592052208198 1.2193771795209402e-05 2.501275298239132e-05 3.8456943656113813e-05 5.2526343658763446e-05 6.7220953053385597e-05 8.2540772092161763e-05 9.8485800270728933e-05 0.0001156934954366801 0.00013535798794931086 0.00015536918968008561 0.00019661901322465093 0.00023970943441249556 0.0002850288982483958 0.0003343034718762252 0.00038559568162380761 0.00043899672489694616 0.00049457401939439864 0.00055237880789329433 0.00061245091842719232 0.00067482190243270976 0.0008409621756835196 0.0010219040082523651 0.0012178292129159422 1.3650411573765735e-05 2.7938550067938951e-05 4.2864415514648542e-05 5.8428007817507821e-05 7.4629326976516805e-05 9.1468373312964403e-05 0.00010894514618427277 0.00012756802518420378 0.00014828934220131353 0.00016942627909832171 0.00021309638104289807 0.00025879084205757363 0.00030681945253155379 0.00035855876616619763 0.00041246363147802808 0.000468606773888101 0.00052704196534064033 0.00058781006813344585 0.00065094285028824894 0.00071646546795753774 0.0008908513704749295 0.0010805195677725649 0.0012856150572896107 1.5182446635928138e-05 3.1014121615951303e-05 4.7495024972804584e-05 6.462515673922308e-05 8.2404516718796215e-05 0.00010083310510793456 0.00011991092190663813 0.00014000496463082831 0.00016180271920027156 0.00018408936356933199 0.00023023715086052939 0.00027860173705801619 0.00032940675997797467 0.0003836459498549183 0.00044020386421368229 0.00049913300701049301 0.00056047219159753288 0.00062425092041730522 0.00069049212375195748 0.0007592139646056998 0.00094196073658602561 0.001140461130925637 0.0013548198213770963 1.6789860301951254e-05 3.4239438128466919e-05 5.2348733612912213e-05 7.111774675528714e-05 9.0546477355543857e-05 0.00011063492541368238 0.00013138309119643314 0.00015300428730234542 0.00017589810739918182 0.00019935844987291915 0.00024804137720209557 0.00029914223807491977 0.00035279101903510295 0.0004095653136397655 0.00046881678555201183 0.00053057594980067597 0.00059486536964682506 0.00066170218838906066 0.00073109973774804974 0.00080306857278061741 0.00099429199053870706 0.0012017310483147729 0.0014254465841205691 1.7346225371666085e-05 3.5280663445326896e-05 5.3803314220982424e-05 7.2914177698632678e-05 9.2613253878277643e-05 0.00011290054268717267 0.00013377604441629643 0.0001552397586291809 0.00017729168561680475 0.00019993182537916799 0.00024697674264615533 0.00029637451130307883 0.00034812513018602393 0.00040222860016792661 0.00045868492066682945 0.00051749409226468988 0.00057865611379759319 0.0006421709875933687 0.00070803871132418708 0.00077625928615396311 0.00095710444591340621 0.0011526549221315475 0.001362910717136216 1.6254110285103766e-05 3.3047151198987491e-05 5.0379122702247817e-05 6.8250024755481375e-05 8.6659857358688193e-05 0.00010560862074828839 0.00012509631476666856 0.00014512293894098835 0.00016568849374408811 0.00018679297964880817 0.00023061874287174779 0.0002766002282945804 0.00032473743623253286 0.00037503036605515135 0.00042747901839288973 0.00048208339324574788 0.00053884349061372597 0.00059775930923591629 0.00065883085289504149 0.00072205811717792527 0.00088955756349475045 0.0010705302731668729 0.0012649762512379229 1.5712364158955264e-05 3.1939488713551392e-05 4.8681373854743119e-05 6.5938019264272555e-05 8.3709425281614782e-05 0.00010199559173703226 0.00012079651854565622 0.00014011220570748665 0.00015994265356199865 0.00018028786176971711 0.00022252255924477352 0.00026681629881160601 0.00031316908013073947 0.00036158090354164902 0.00041205176836538453 0.00046458167562037116 0.00051917062293028332 0.00057581861436882217 0.00063452564518333638 0.00069529172012647723 0.00085621521230754233 0.0010300077146766697 0.0012166692299496601 1.5426432407787085e-05 3.1353966345667978e-05 4.7782601722711843e-05 6.471233890264202e-05 8.2143177430804332e-05 0.00010007511748906045 0.00011850815935020288 0.00013744230283236993 0.00015687754757183833 0.00017681389375046969 0.00021818989042522133 0.00026157029485710312 0.00030695510468191356 0.00035434432062709923 0.00040373794269266009 0.00045513597124231949 0.00050853840482118417 0.0005639452463390408 0.00062135649361354922 0.00068077214664470957 0.00083808055722681834 0.001007916506152203 0.0011902799934208638 
end_dependent_variable

end_regular_table
