# ****************************************************************************
# CUI
#
# The Advanced Framework for Simulation, Integration, and Modeling (AFSIM)
#
# The use, dissemination or disclosure of data in this file is subject to
# limitation or restriction. See accompanying README and LICENSE for details.
# ****************************************************************************

# ##################################################################################################
# 
# This file was auto-generated by AFSIM Mover Creator 2.5.0.200324
# 
# Creation Date:  24 Mar 2020
# 
# ##################################################################################################

regular_table

independent_variable mach precision double
0.10000000000000001 0.5 0.70000000000000007 0.75 0.80000000000000004 
end_independent_variable

independent_variable surface_angle units deg
-20 -16 -14 -12 -10 -9 -8 -7 -6 -5 -4 -3 -2 -1 0 1 2 3 4 5 6 7 8 9 10 12 14 16 18 20 
end_independent_variable

dependent_variable precision double
-0.0011859446530955303 -0.00088847005801456357 -0.00075104604665992506 -0.00062116208651670263 -0.00049881428657708583 -0.00044046515483509604 -0.00038399857374115721 -0.00032941413631031372 -0.00027671149227081923 -0.00022589034663006869 -0.00017695045533359824 -0.00012989161944978255 -8.4713678824301024e-05 -4.1416505892667443e-05 0 0 0 0 0 0 0 0 0 0 0 0 0 0 0 0 -0.0014061672943740671 -0.0010294379932707716 -0.00085898771029754243 -0.00070047838132535035 -0.00055390644638897955 -0.00048509581967406886 -0.00041926817869430028 -0.00035642315110937905 -0.00029656041642386161 -0.00023967970469390807 -0.00018578079268346374 -0.00013486349836077288 -8.69276751721667e-05 -4.1973206420029439e-05 0 0 0 0 0 0 0 0 0 0 0 0 0 0 0 0 -0.0018055262280057618 -0.0012850295282982773 -0.0010546759141150919 -0.00084425017917208109 -0.00065374878686869878 -0.00056596854513293806 -0.00048316803534175092 -0.00040534688772122011 -0.00033250478371577301 -0.00026464145538466642 -0.00020175668086556172 -0.00014385027931505383 -9.0922105215508799e-05 -4.2972042601432623e-05 0 0 0 0 0 0 0 0 0 0 0 0 0 0 0 0 -0.0019882452550229412 -0.0014019700084927577 -0.0011442086250399955 -0.0009100294591338552 -0.00069942897818285762 -0.00060296957164942275 -0.00051240348421073556 -0.00042773034634290658 -0.00034894984003640115 -0.00027606169745968351 -0.00020906569705792056 -0.00014796165822911342 -9.2749435596089136e-05 -4.3428913305435157e-05 0 0 0 0 0 0 0 0 0 0 0 0 0 0 0 0 -0.0022334370976031534 -0.0015588930527647418 -0.0012643529671840753 -0.00099829889897326074 -0.00076072731900384775 -0.00065262129039878709 -0.00055163453302555876 -0.0004577666776706528 -0.00037101740675849084 -0.00029138645265008731 -0.00021887359401046112 -0.00015347865044022219 -9.5201476630093058e-05 -4.404195691777439e-05 0 0 0 0 0 0 0 0 0 0 0 0 0 0 0 0 
end_dependent_variable

end_regular_table
