# ****************************************************************************
# CUI
#
# The Advanced Framework for Simulation, Integration, and Modeling (AFSIM)
#
# The use, dissemination or disclosure of data in this file is subject to
# limitation or restriction. See accompanying README and LICENSE for details.
# ****************************************************************************

# ##################################################################################################
# 
# This file was auto-generated by AFSIM Mover Creator 2.5.0.200324
# 
# Creation Date:  24 Mar 2020
# 
# ##################################################################################################

regular_table

independent_variable mach precision double
0.10000000000000001 0.5 0.70000000000000007 0.75 0.80000000000000004 
end_independent_variable

independent_variable alpha units rad
-1.0471975511965976 -0.95993108859688125 -0.87266462599716477 -0.78539816339744828 -0.69813170079773179 -0.6108652381980153 -0.52359877559829882 -0.48869219055841229 -0.4537856055185257 -0.41887902047863912 -0.38397243543875248 -0.3490658503988659 -0.31415926535897931 -0.27925268031909273 -0.24434609527920614 -0.20943951023931956 -0.17453292519943295 -0.13962634015954636 -0.10471975511965978 -0.087266462599716474 -0.069813170079773182 -0.05235987755982989 -0.034906585039886591 -0.017453292519943295 0 0.017453292519943295 0.034906585039886591 0.05235987755982989 0.069813170079773182 0.087266462599716474 0.10471975511965978 0.13962634015954636 0.17453292519943295 0.20943951023931956 0.24434609527920614 0.27925268031909273 0.31415926535897931 0.3490658503988659 0.38397243543875248 0.41887902047863912 0.4537856055185257 0.48869219055841229 0.52359877559829882 0.6108652381980153 0.69813170079773179 0.78539816339744828 0.87266462599716477 0.95993108859688125 1.0471975511965976 
end_independent_variable

independent_variable surface_angle units deg
-20 -16 -14 -12 -10 -9 -8 -7 -6 -5 -4 -3 -2 -1 0 1 2 3 4 5 6 7 8 9 10 12 14 16 18 20 
end_independent_variable

dependent_variable precision double
0.0039647540240917182 0.0035825223801190555 0.0032800160189851977 0.0029108140049223324 0.0024886735045765011 0.0022623187985903108 0.0020279954139538815 0.0017871423023685263 0.0015409979054634303 0.0012906051994155095 0.0010368270445350379 0.00078036680721290828 0.00052179073529622479 0.00026154983989454489 0 0 0 0 0 0 0 0 0 0 0 0 0 0 0 0 0.00393100211751883 0.0035529554335366528 0.0032532629214379748 0.0028873027848801474 0.0024687360153205977 0.0022442606888657623 0.0020118628333193689 0.0017729713407930742 0.0015288159950753658 0.0012804324809849086 0.0010286776266485167 0.00077424988128212645 0.00051771153414202913 0.00025951044335725592 0 0 0 0 0 0 0 0 0 0 0 0 0 0 0 0 0.0038970396951153704 0.003523060206051966 0.0032261622211738838 0.0028634489050610471 0.0024484812384487943 0.002225904365139504 0.0019954547514441602 0.0017585508287013265 0.0015164133775780787 0.001270070500750387 0.0010203727535939313 0.00076801347204933073 0.0005135508289107058 0.00025742940358350363 0 0 0 0 0 0 0 0 0 0 0 0 0 0 0 0 0.0038631252314229006 0.0034930642183973858 0.0031989201708857848 0.002839433907893821 0.0024280633250432543 0.0022073895301189432 0.0019788960437387964 0.0017439905148976447 0.001503884444379628 0.0012595981196382646 0.0010119756304698467 0.00076170504235442932 0.00050934028508136775 0.00025532255854253248 0 0 0 0 0 0 0 0 0 0 0 0 0 0 0 0 0.0038295168359882333 0.0034631957581510364 0.0031717440990255701 0.0028154405620075635 0.0024076376677536668 0.0021888570928781494 0.001962312731967336 0.0017294012121618326 0.0014913245482268312 0.0012490950387922008 0.001003550164453559 0.00075537260315653451 0.00050511194743495193 0.00025320594259725199 0 0 0 0 0 0 0 0 0 0 0 0 0 0 0 0 0.0037964702889939296 0.0034336821423304608 0.0031448408319094574 0.0027916514712520474 0.0023873597181653548 0.0021704480964547172 0.0019458310251456378 0.0017148939538969713 0.0014788292775132835 0.0012386411929993682 0.00099516047842888714 0.00074906434814157375 0.0005008979961740877 0.00025109566447305341 0 0 0 0 0 0 0 0 0 0 0 0 0 0 0 0 0.0037642370946166679 0.0034047479873728632 0.003118415119644836 0.0027682476849721677 0.0023673838037188456 0.0021523026444270842 0.0019295763590145413 0.0017005791490981787 0.0014664937287939656 0.0012283161423384547 0.00098687042297231032 0.00074282828693923904 0.00049673050201232366 0.00024900778466068271 0 0 0 0 0 0 0 0 0 0 0 0 0 0 0 0 0.0037516267569371337 0.0033933860873852093 0.003108023757301201 0.0027590340835857365 0.0023595121660362627 0.002145149281494316 0.001923165854184993 0.0016949315859238795 0.0014616253180483488 0.001224239833263916 0.00098359646652748049 0.00074036473455857453 0.00049508363439479332 0.00024818247213101571 0 0 0 0 0 0 0 0 0 0 0 0 0 0 0 0 0.0037392012600093102 0.0033821660451121517 0.0030977537004138658 0.0027499219030528649 0.0023517228076992617 0.0021380689308600287 0.0019168193092569973 0.0016893391527950544 0.0014568034368241339 0.0012202016882380076 0.00098035254844141737 0.00073792333848672165 0.00049345128778112131 0.00024736429451843348 0 0 0 0 0 0 0 0 0 0 0 0 0 0 0 0 0.0037269757423872034 0.0033711015304468857 0.0030876174614651668 0.0027409222451619071 0.0023440252188411197 0.0021310702188408271 0.0019105444565179388 0.0016838086632300227 0.0014520339598408389 0.0012162066271184152 0.00097714262092862174 0.00073550707318872552 0.00049183545093421242 0.00024655424864632647 0 0 0 0 0 0 0 0 0 0 0 0 0 0 0 0 0.003714965098980838 0.0033602060237961731 0.0030776273899008944 0.0027320460746097139 0.0023364287777881357 0.0021241616722892367 0.0019043489409093129 0.001678346855278413 0.001447322697971486 0.0012122595172717207 0.00097397059479131635 0.00073311888251165463 0.00049023809250236421 0.00024575332143081179 0 0 0 0 0 0 0 0 0 0 0 0 0 0 0 0 0.0037031839629091076 0.0033494927996565436 0.0030677956570843981 0.0027233042056428328 0.0023289427396335919 0.0021173517082050514 0.0018982403107125428 0.001672960383311887 0.0014426753911629486 0.0012083651676432674 0.00097084033465473648 0.00073076167609797656 0.00048866115862077173 0.00024496248867832815 0 0 0 0 0 0 0 0 0 0 0 0 0 0 0 0 0.0036916466876715714 0.0033389749104413653 0.0030581342414676524 0.0027147072888820184 0.002321576224961844 0.0021106486234805126 0.0018922260083525609 0.0016676558099168136 0.0014380977014427105 0.0012045283228981985 0.00096775565425867875 0.00072843832584060643 0.0004871065705404614 0.00024418271389676604 0 0 0 0 0 0 0 0 0 0 0 0 0 0 0 0 0.0036803673296609244 0.0033286651705784903 0.0030486549139973587 0.0027062657983460913 0.0023143382087362943 0.0021040605847918261 0.0018863133613303605 0.001662439597898768 0.0014335952060205567 0.0012007536576408152 0.00096472031181104722 0.00072615166238394822 0.00048557622228754339 0.00024341494712158164 0 0 0 0 0 0 0 0 0 0 0 0 0 0 0 0 0.0036693596310374511 0.0033185761408978487 0.0030393692237738611 0.0026979900186909558 0.0023072375093647823 0.0020975956186493252 0.0018805095732955651 0.0016573181024085982 0.0014291733904936027 0.001197045770719291 0.00096173800540905587 0.00072390447167519037 0.00048407197835563168 0.00024266012375832519 0 0 0 0 0 0 0 0 0 0 0 0 0 0 0 0 0.003658637002986318 0.0033087201133280095 0.0030302884839803466 0.002689890032679337 0.0023002827779557145 0.0020912616016184019 0.0018748217152698894 0.0016522975631996528 0.0014248376421629398 0.001193409179622684 0.00095881236853366612 0.00072169949157005833 0.00048259567143424631 0.00024191916344299313 0 0 0 0 0 0 0 0 0 0 0 0 0 0 0 0 0.0036482125093781114 0.0032991090959203625 0.0030214237580994726 0.002681975708896482 0.002293482487778018 0.0020850662507231289 0.0018692567170321909 0.0016473840970256037 0.0014205932434700381 0.001189848314977071 0.00095594696562275097 0.000719539408497159 0.00048114910017596339 0.0002411929689215935 0 0 0 0 0 0 0 0 0 0 0 0 0 0 0 0 0.0036380988508525219 0.0032897547982191546 0.0030127858464342179 0.0026742566897268128 0.0022868449239377702 0.0020790171140442504 0.0018638213586755995 0.0016425836901881219 0.0014164453655609052 0.0011863675151475139 0.00095314528772837592 0.00071742685418498139 0.00047973402700503384 0.00024048242495028902 0 0 0 0 0 0 0 0 0 0 0 0 0 0 0 0 0.0036283083493445748 0.0032806686169952162 0.0030043852729493793 0.0026667423796061635 0.0022803781732840711 0.0020731215615230124 0.0018585222623470207 0.0016379021912434936 0.001412399061985842 0.0011829710209524285 0.00095041074826348996 0.00071536440245554102 0.00047835217597014121 0.00023978839721745769 0 0 0 0 0 0 0 0 0 0 0 0 0 0 0 0 0.0036235380258206429 0.0032762295426039738 0.0030002771980398627 0.0026630648614354743 0.0022772113234018239 0.0020702336315037897 0.0018559258366861162 0.0016356078204829449 0.001410415546134727 0.0011813056857766049 0.00094906969987874944 0.00071435275277171478 0.00047767423650768592 0.0002394478419941861 0 0 0 0 0 0 0 0 0 0 0 0 0 0 0 0 0.0036188529330722454 0.0032718616223607493 0.0029962322724497387 0.0026594419335639252 0.0022740901145564671 0.0020673867759820209 0.0018533658841790668 0.0016333453038770524 0.0014084592625424692 0.0011796629704968022 0.0009477466788432073 0.00071335456608857372 0.00047700523064391365 0.00023911173128898528 0 0 0 0 0 0 0 0 0 0 0 0 0 0 0 0 0.0036142544982240192 0.003267566186776363 0.002992251728302526 0.002655874699570441 0.0022710154974984512 0.0020645818621374758 0.0018508431846122049 0.0016311153306102909 0.0014065308071120014 0.0011780433755000084 0.00094644208816188711 0.00071237014646345111 0.0004763453621644913 0.00023878016748443207 0 0 0 0 0 0 0 0 0 0 0 0 0 0 0 0 0.0036097441220037663 0.0032633445442821029 0.0029883367781105312 0.0026523642460690531 0.0022679884087859156 0.0020618197443740827 0.0018483585064242567 0.0016289185799541204 0.0014046307672695294 0.0011764473941305487 0.00094515632522574819 0.00071139979376010109 0.00047569483207175013 0.00023845325157807322 0 0 0 0 0 0 0 0 0 0 0 0 0 0 0 0 0.0036053231783157746 0.0032591979808311703 0.0029844886144055095 0.0026489116423779042 0.0022650097704994075 0.0020591012640596698 0.0018459126064722677 0.0016267557210600701 0.0014027597217855948 0.0011748755125398091 0.00094388978169063676 0.0007104438035573571 0.00047505383852345805 0.00023813108315166076 0 0 0 0 0 0 0 0 0 0 0 0 0 0 0 0 0.0036009930138223198 0.0032551277595069604 0.0029807084093754019 0.002645517940193525 0.0022620804899610028 0.0020564272492696756 0.0018435062298010571 0.0016246274127559121 0.0014009182405987774 0.0011733282095381489 0.00094264284335798235 0.00070950246705909581 0.00047442257677245939 0.00023781376034081821 0 0 0 0 0 0 0 0 0 0 0 0 0 0 0 0 0.0035967549475334525 0.0032511351201383177 0.0029769973145072812 0.0026421841732704771 0.0022592014594579306 0.0020537985145349089 0.0018411401094162705 0.0016225343033449732 0.0013991068846420859 0.0011718059564490518 0.00094141589005728083 0.00070857607100553353 0.00047380123910719865 0.0002375013798051478 0 0 0 0 0 0 0 0 0 0 0 0 0 0 0 0 0.0035926102704052199 0.0032472212789218715 0.0029733564602365935 0.0026389113571064588 0.0022563735559707715 0.002051215860593435 0.0018388149660610979 0.0016204770304086562 0.0013973262056720913 0.0011703092169655549 0.00094020929553039314 0.00070766489758588224 0.00047319001479314773 0.00023719403669878678 0 0 0 0 0 0 0 0 0 0 0 0 0 0 0 0 0.0035885602449464257 0.0032433874280515702 0.0029697869556028211 0.0026357004886329795 0.0022535976409063223 0.0020486800741466625 0.0018365315079967291 0.0016184562206122263 0.0013955767461008581 0.0011688384470090042 0.00093902342731770096 0.00070676922435239256 0.00047258909001515374 0.00023689182464142264 0 0 0 0 0 0 0 0 0 0 0 0 0 0 0 0 0.0035846061048340583 0.0032396347353555286 0.0029662898879116522 0.002632552545911679 0.0022508745598352029 0.0020461919276197091 0.0018342904307866116 0.0016164724895139245 0.0013938590388307187 0.0011673940945901764 0.00093785864664614946 0.00070588932413580773 0.00047199864782072534 0.00023659483568977567 0 0 0 0 0 0 0 0 0 0 0 0 0 0 0 0 0.0035807490545375002 0.0032359643439402955 0.0029628663224037831 0.0026294684878364065 0.0022482051422342865 0.002043752178926109 0.0018320924170845728 0.0016145264413774591 0.0013921736070919475 0.0011659765996728097 0.00093671530831921463 0.00070502546496225768 0.00047141886806427468 0.00023630316030955748 0 0 0 0 0 0 0 0 0 0 0 0 0 0 0 0 0.0035769902689516361 0.0032323773718426507 0.0029595173019304325 0.0026264492538411277 0.0022455902012340325 0.0020413615712369495 0.0018299381364268797 0.0016126186689879452 0.0013905209642833792 0.0011645863940395874 0.00093559376060882687 0.00070417790997161494 0.0004708499273523321 0.00023601688734791446 0 0 0 0 0 0 0 0 0 0 0 0 0 0 0 0 0.0035697720414808458 0.003225458030362767 0.0029530469536457158 0.0026206089168160514 0.0022405269183442241 0.0020367306764903486 0.0018257633855821595 0.001608920264117394 0.0013873160489597182 0.0011618895360644161 0.00093341739683318271 0.00070253274018783991 0.00046974525292691187 0.0002354608958142316 0 0 0 0 0 0 0 0 0 0 0 0 0 0 0 0 0.0035629602167199783 0.003218885141067628 0.0029468867261802077 0.0026150386503874805 0.0022356908799960385 0.0020323048854118211 0.0018217712645432844 0.0016053817808389095 0.0013842481975553781 0.0011593068063706856 0.00093133220688323493 0.00070095581917044519 0.00046868597042009003 0.00023492753847876704 0 0 0 0 0 0 0 0 0 0 0 0 0 0 0 0 0.0035565630938282234 0.0032126667120103633 0.0029410441248221625 0.002609745241067025 0.0022310879781572692 0.0020280895901460551 0.0018179666370948015 0.0016020075302493055 0.0013813211477747287 0.0011568413516166894 0.00092934073124173835 0.00069944906815478432 0.00046767337040443113 0.00023441746515527652 0 0 0 0 0 0 0 0 0 0 0 0 0 0 0 0 0.0035505884667144244 0.0032068103193889038 0.0029355262678813529 0.002604735138058555 0.002226723820754783 0.0020240899263810159 0.0018143541385891981 0.0015988016233531616 0.0013785384657770505 0.0011544961755792702 0.00092744539621499879 0.00069801432288487265 0.00046670868657707528 0.00023393129728953402 0 0 0 0 0 0 0 0 0 0 0 0 0 0 0 0 0.0035450436145413977 0.0032013230983155504 0.002930339878016499 0.0026000144454008385 0.00222260372484213 0.0020203107670908995 0.001810938170299441 0.0015957679660541988 0.0013759035418317181 0.0011522741354941836 0.0009256485109767924 0.00069665333137681606 0.00046579309425666789 0.00023346962720219552 0 0 0 0 0 0 0 0 0 0 0 0 0 0 0 0 0.0035399352928573969 0.00319621173412394 0.002925491274044751 0.0025955889145307118 0.0022187327101215256 0.002016756716599166 0.001807722894056702 0.0015929102543965367 0.0013734195861876801 0.0011501779385749938 0.00092395226475499323 0.0006953677517891225 0.00046492770895141517 0.00023303301736714757 0 0 0 0 0 0 0 0 0 0 0 0 0 0 0 0 0.0035352697253655178 0.0031914824542239942 0.0029209863632431773 0.0025914639372758394 0.0022151154928281235 0.0020134321049688811 0.0018047122271798069 0.0015902319700616338 0.0013710896251622647 0.0011482101387147526 0.00092235872416433545 0.0006941591504024911 0.0004641135850000092 0.00023262199972621964 0 0 0 0 0 0 0 0 0 0 0 0 0 0 0 0 0.003531052596341074 0.0031871410205147823 0.0029168306341516609 0.0025876445392856036 0.0022117564799840062 0.0020103409827271984 0.0018019098377025878 0.0015877363761263937 0.0013689164974540783 0.0011463731333744736 0.00092086983068856302 0.00069302899971154092 0.00046335171428707857 0.00023223707504109478 0 0 0 0 0 0 0 0 0 0 0 0 0 0 0 0 0.0035272890437061822 0.0031831927223645311 0.0029130291498859588 0.0025841353739081202 0.0022086597640289078 0.0020074871159304181 0.0017993191399049478 0.00158542651308761 0.0013669028506844891 0.0011446691606621946 0.00091948739831502948 0.00069197867663080238 0.00046264302503472987 0.00023187871228320868 0 0 0 0 0 0 0 0 0 0 0 0 0 0 0 0 0.0035239836527699978 0.0031796423701663488 0.0029095865419690756 0.0025809407165208582 0.0022058291178342075 0.0020048739815756284 0.001796943290153087 0.0015833051951575877 0.001365051138171907 0.001143100296606189 0.0009182131113246346 0.0006910094608171593 0.00046198838067165184 0.00023154734806238029 0 0 0 0 0 0 0 0 0 0 0 0 0 0 0 0 0.00352114045064222 0.0031764942894774982 0.0029065070046884649 0.0025780644593217431 0.0022032679901062657 0.0020025047633645179 0.0017947851830539558 0.0015813750068354615 0.0013633636159427938 0.0011416684526256435 0.0009170485222397875 0.00069012253311078473 0.00046138857878116061 0.00023124338609486998 0 0 0 0 0 0 0 0 0 0 0 0 0 0 0 0 0.003518762901326679 0.0031737523157493756 0.0029037942899859366 0.0025755101065871194 0.0022009795011847066 0.0020003823478245268 0.0017928474479286243 0.0015796382997583785 0.0013618423399830435 0.0011403753732018903 0.00091599504993289664 0.00068931897409646784 0.00046084435012946738 0.00023096719671151334 0 0 0 0 0 0 0 0 0 0 0 0 0 0 0 0 0.0035148738629870902 0.0031686947940458279 0.0028986379306245448 0.0025705520045299947 0.0021964685444833291 0.001996172291785339 0.0017889820620119992 0.0015761563111497887 0.0013587781362065703 0.0011377596870567267 0.00091385559064289146 0.00068768098619767363 0.00045973109395144548 0.00023040035218192901 0 0 0 0 0 0 0 0 0 0 0 0 0 0 0 0 0.0035139412960990255 0.0031662334469294388 0.0028958328788547985 0.0025676619073937688 0.0021937124200187164 0.001993552124246093 0.0017865374321034164 0.0015739226532406523 0.0013567873160985325 0.0011360405652176247 0.000912434541210266 0.00068658235656018625 0.00045897759985569328 0.00023001340978687923 0 0 0 0 0 0 0 0 0 0 0 0 0 0 0 0 0.0035159722980596031 0.0031663870067379671 0.0028954004828144037 0.0025668618105627382 0.0021927321035622388 0.0019925417862638622 0.0017855321633125877 0.0015729543255163781 0.0013558850310020419 0.0011352310912398137 0.00091174271667925565 0.00068603144641891738 0.00045858960238725154 0.00022980931439163247 0 0 0 0 0 0 0 0 0 0 0 0 0 0 0 0 0.0035209514117175503 0.0031691543047885477 0.0028973440332983147 0.0025681578032568978 0.0021935350559140611 0.0019931489671207508 0.0017859739063420092 0.0015732586975356396 0.0013560781478514975 0.0011353374257090387 0.00091178538225227652 0.00068603244853269085 0.00045857005444113438 0.00022978961928538281 0 0 0 0 0 0 0 0 0 0 0 0 0 0 0 0 0.0035288407430114589 0.0031745142802720753 0.0029016487387138008 0.0025715400221893031 0.0021961151661219497 0.001995369045803812 0.0017878592992604959 0.0015748334528435856 0.0013573651969110677 0.0011363587593557823 0.00091256221321855556 0.00068658535527481583 0.00045891910478901515 0.00022995447435978099 0 0 0 0 0 0 0 0 0 0 0 0 0 0 0 0 0.0035395802493664737 0.0031824261405386783 0.0029082818376533984 0.0025769827266316396 0.0022004527979893091 0.0019991851261737469 0.0017911739930895059 0.0015776666066014593 0.0013597363829602679 0.001138287319214295 0.00091406729742537617 0.00068768595869113055 0.00045963409694698408 0.00023030262496816865 0 0 0 0 0 0 0 0 0 0 0 0 0 0 0 0 0.0039431262912961139 0.0035686806311298683 0.0032694184299153512 0.0029030280211159143 0.0024832665713775998 0.0022579391826992009 0.0020245349767065847 0.0017844929051010646 0.001539051409511826 0.0012892534661157842 0.0010359619352232135 0.00077988018322500715 0.00052157445796826879 0.00026149577056255586 0 0 0 0 0 0 0 0 0 0 0 0 0 0 0 0 0.0039084065743441388 0.0035384942859048498 0.003242191105282375 0.0028791683893372583 0.0024630871295269244 0.0022396850913728871 0.0020082475464114182 0.0017702033867541746 0.0015267823961896436 0.0012790202595364902 0.0010277738049215288 0.00077374148156069604 0.00051748557871028231 0.00025945395449931919 0 0 0 0 0 0 0 0 0 0 0 0 0 0 0 0 0.0038736483072887131 0.0035080897178429047 0.0032147004411388208 0.0028550280054434503 0.0024426333914921296 0.0022211676091046057 0.0019917121293918953 0.0017556853836925609 0.0015143081526736793 0.0012686085390112207 0.0010194370980808648 0.00076748716582323098 0.00051331691503243924 0.00025737092511393699 0 0 0 0 0 0 0 0 0 0 0 0 0 0 0 0 0.0038391160215297433 0.0034776983240657655 0.003187155658038138 0.0028307905923322845 0.0024220610225699647 0.0022025276651155786 0.0019750545701558912 0.0017410493866857329 0.0015017236154892439 0.0012580975440199418 0.0010110152620741203 0.00076116483513183342 0.00050910019298243609 0.00025526253551779962 0 0 0 0 0 0 0 0 0 0 0 0 0 0 0 0 0.0038050725286130215 0.0034475514014309003 0.0031597663884117165 0.0028066406113524873 0.0024015265909098638 0.002183907120634669 0.0019584016427873024 0.0017264067845083688 0.0014891245605630622 0.0012475672695812499 0.0010025723921585504 0.00075482260624059239 0.00050486750436119982 0.00025314483182881401 0 0 0 0 0 0 0 0 0 0 0 0 0 0 0 0 0.0037717769200756646 0.0034178783862227717 0.0031327410811395075 0.0027827618584414723 0.0023811863759357881 0.0021654476892487683 0.0019418800861187157 0.0017118690162044837 0.0014766068743106394 0.0012370978574419767 0.00099417274367215661 0.00074850874734091273 0.00050065106248490512 0.00025103393105075782 0 0 0 0 0 0 0 0 0 0 0 0 0 0 0 0 0.0037394825956030817 0.0033889051080041683 0.0031062854151281787 0.0027593360653272768 0.0023611951789654492 0.0021472898583768333 0.0019256156391723679 0.0016975467229690144 0.001464265823882743 0.0012267689861501056 0.0009858802430117667 0.00074227131071143344 0.00049648295702218786 0.00024894589841314882 0 0 0 0 0 0 0 0 0 0 0 0 0 0 0 0 0.003726900579108417 0.0033775613335748304 0.0030959079301651291 0.0027501326595673983 0.0023533306215790827 0.0021401422304840006 0.0019192096657323985 0.0016919026291398616 0.0014593999620437644 0.001222694447149621 0.00098260741941433153 0.00073980839555742861 0.00049483637261650624 0.00024812065668644394 0 0 0 0 0 0 0 0 0 0 0 0 0 0 0 0 0.0037145335284043709 0.0033663786968849909 0.0030856665119274452 0.0027410415196750864 0.0023455558747980266 0.0021330737152100284 0.0019128724722002072 0.0016863173556734494 0.0014545833409796895 0.0012186599550126987 0.00097936583917721974 0.0007373683145256106 0.00049320461046507185 0.00024730262518942115 0 0 0 0 0 0 0 0 0 0 0 0 0 0 0 0 0.0037023965108372299 0.0033553708222549029 0.0030755736380056794 0.0027320737218039168 0.0023378804109536258 0.0021260929244519577 0.0019066117794699433 0.0016807977073651508 0.0014498218290013413 0.0012146704251465416 0.00097615945166662271 0.00073495404047885118 0.00049158965861871269 0.00024649280056745159 0 0 0 0 0 0 0 0 0 0 0 0 0 0 0 0 0.0036905043134933336 0.0033445511210841703 0.0030656416050120175 0.0027232401918342122 0.002330313581416259 0.0021192083632280171 0.0019004352152313124 0.0016753504090561936 0.0014451212272776105 0.0012107307181787516 0.00097299216337181618 0.00073256851483818593 0.00048999348464748922 0.00024569216946709307 0 0 0 0 0 0 0 0 0 0 0 0 0 0 0 0 0.0036788714251832942 0.0033339327755120226 0.0030558825135987492 0.00271455169206154 0.002322864605202138 0.002112428419315574 0.0018943503046764127 0.0016699820974404749 0.0014404872627676254 0.0012068456340354038 0.00096986783314570381 0.00073021464399914587 0.00048841803324351353 0.00024490170733401363 0 0 0 0 0 0 0 0 0 0 0 0 0 0 0 0 0.0036675120187896078 0.0033235287223569083 0.0030463082537154893 0.0027060188080845113 0.0023155425577413525 0.0021057613530319147 0.0018883644613314468 0.0016646993129787731 0.0014359255812433336 0.0012030199060930756 0.0009667902675034 0.00072789529579076232 0.00048686522385164177 0.00024412237722456115 0 0 0 0 0 0 0 0 0 0 0 0 0 0 0 0 0.0036564399339991827 0.0033133516373549756 0.003036930490123105 0.0026976519359078635 0.0023083563598208581 0.0020992152871703233 0.0018824849780244822 0.0016595084919302045 0.001431441740411 0.0011992581954119563 0.00096376321598457741 0.00072561329598155909 0.000485336948330926 0.0002433551286324273 0 0 0 0 0 0 0 0 0 0 0 0 0 0 0 0 0.0036456686604418123 0.0033034139197166395 0.0030277606481819981 0.0026894612692765258 0.0023013147667158727 0.0020927981971037082 0.001876719018000263 0.0016544159585106324 0.0014270412031399953 0.0011955650850570634 0.00096079036658523005 0.00072337142483678847 0.0004838350686496753 0.00024260089633183611 0 0 0 0 0 0 0 0 0 0 0 0 0 0 0 0 0.0036352113212551385 0.0032937276770200548 0.003018809899932068 0.0026814567872561123 0.0022944263575229193 0.0020865179010678379 0.001871073606192901 0.0016494279171875834 0.0014227293308071338 0.0011919450745144851 0.00095787534126441881 0.00072117241373110684 0.00048236141461693459 0.00024186059923866519 0 0 0 0 0 0 0 0 0 0 0 0 0 0 0 0 0.0036250806570961307 0.0032843047104598954 0.003010089150481302 0.0026736482420749688 0.0022876995247075225 0.0020803820506360279 0.0018655556206670742 0.0016445504451210609 0.00141851137676466 0.0011884025742094472 0.00095502169153147164 0.00071901894182081457 0.00048091778165314355 0.0002411351392908886 0 0 0 0 0 0 0 0 0 0 0 0 0 0 0 0 0.0036152890106185579 0.0032751565004694176 0.0030016090247195755 0.0026660451472425854 0.0022811424638792786 0.0020743981213968725 0.0018601717842381656 0.0016397894847594613 0.0014143924799398485 0.0011849419001328909 0.00095223289411901734 0.00071691363277971731 0.00047950592860269422 0.00024042540034970413 0 0 0 0 0 0 0 0 0 0 0 0 0 0 0 0 0.0036058483114353658 0.0032662941927333222 0.0029933798543738668 0.0026586567659588481 0.0022747631638067689 0.0020685734038463975 0.0018549286562815474 0.0016351508365996152 0.0014103776585740132 0.0011815672685831029 0.00094951234674712148 0.00071485905160258395 0.00047812757559104912 0.00023973224712268469 0 0 0 0 0 0 0 0 0 0 0 0 0 0 0 0 0.003601263178554926 0.0032619736403539153 0.0029893625228796612 0.0026550459164198163 0.0022716426115853942 0.0020657229749324823 0.0018523618611236017 0.0016328791516928948 0.0014084108098808129 0.0011799135078224975 0.00094817870598812065 0.00071385156870823626 0.00047745148803502878 0.00023939215487602184 0 0 0 0 0 0 0 0 0 0 0 0 0 0 0 0 0.0035967700615842798 0.0032577285846084512 0.0029854116654206351 0.0026514920998282573 0.0022685693966844754 0.0020629149945057081 0.0018498326247409925 0.0016306401521197765 0.0014064718041085524 0.0011782827910288042 0.00094686336398368861 0.00071285770148009461 0.00047678440192903401 0.00023905652411026541 0 0 0 0 0 0 0 0 0 0 0 0 0 0 0 0 0.0035923703291703816 0.0032535603185820344 0.0029815284854662425 0.0026479963987111311 0.002265544455235041 0.0020601503179041142 0.0018473417175636233 0.0016284345199012204 0.0014045612318971741 0.001176675614934156 0.00094556672139974138 0.00071187775265974429 0.00047612652047395501 0.00023872545706179801 0 0 0 0 0 0 0 0 0 0 0 0 0 0 0 0 0.0035880653215143465 0.0032494701119688742 0.0029777141658707154 0.002644559877892862 0.0022625687086635605 0.0020574297872749752 0.0018448898983459499 0.0016262629268941663 0.0014026796752254816 0.0011750924690999598 0.00094428917320617137 0.00071091202074908925 0.00047547804406685589 0.00023839905457684969 0 0 0 0 0 0 0 0 0 0 0 0 0 0 0 0 0.0035838563499632102 0.0032454592106855285 0.0029739698685127521 0.0026411835841709808 0.0022596430634112658 0.0020547542313182755 0.0018424779139358575 0.0016241260345868809 0.001400827707233864 0.0011735338357677736 0.00094303110855653398 0.00070996079991942447 0.00047483917023993235 0.00023807741608077935 0 0 0 0 0 0 0 0 0 0 0 0 0 0 0 0 0.0035797446966104791 0.0032415288364913818 0.0029702967339415996 0.0026378685459972624 0.0022567684106580424 0.0020521244650342778 0.001840106499047163 0.0016220244938974617 0.0013990058920497119 0.0011720001897124086 0.00094179291066950866 0.0007090243799218295 0.00047421009360034099 0.00023776063954778864 0 0 0 0 0 0 0 0 0 0 0 0 0 0 0 0 0.003575731613905596 0.0032376801866164893 0.0029666958810296313 0.0026346157731644486 0.0022539456260509661 0.0020495412894752682 0.0018377763760358138 0.0016199589449755608 0.0013972147846155788 0.0011704919980973106 0.00094057495671216653 0.0007081030459989068 0.00047359100577092013 0.00023744882147107819 0 0 0 0 0 0 0 0 0 0 0 0 0 0 0 0 0.0035718183242724288 0.0032339144333968844 0.0029631684066315262 0.002631426256498654 0.0022511755694375733 0.0020470054915015445 0.0018354882546798511 0.001617930017007389 0.0013954549305201403 0.0011690097203322554 0.00093937761768508139 0.00070719707879789465 0.00047298209533181985 0.00023714205683345485 0 0 0 0 0 0 0 0 0 0 0 0 0 0 0 0 0.0035680060197369082 0.0032302327239174785 0.0029597153852501568 0.0026283009675575528 0.0022484590846039423 0.0020445178435417352 0.0018332428319632066 0.0016159383280240603 0.0013937268658320014 0.0011675538079334092 0.00093820125830932017 0.00070630675428517845 0.00047238354776305854 0.00023684043907839887 0 0 0 0 0 0 0 0 0 0 0 0 0 0 0 0 0.0035642958615639255 0.0032266361796626434 0.0029563378687092867 0.0026252408583344313 0.0022457969990176694 0.002042079103357507 0.0018310407918633905 0.001613984484713333 0.0013920311169364067 0.0011661247043857929 0.00093704623691534387 0.00070543234366222984 0.00047179554538802403 0.00023654406008160033 0 0 0 0 0 0 0 0 0 0 0 0 0 0 0 0 0.0035606889799036029 0.003223125896174601 0.0029530368858331729 0.0026222468609682034 0.0022431901235758114 0.0020396900138127446 0.0018288828051431494 0.0016120690822348069 0.0013903682003748967 0.0011647228450081908 0.00093591290533385856 0.00070457411328299509 0.00047121826731793566 0.00023625301012297276 0 0 0 0 0 0 0 0 0 0 0 0 0 0 0 0 0.0035571864734470333 0.0032197029427197049 0.0029498134421331768 0.0026193198874594702 0.002240639252357882 0.0020373513026472672 0.0018267695291461434 0.0016101927040386313 0.001388738622687965 0.0011633486568205498 0.00093480160878864251 0.00070373232457276156 0.00047065188939728601 0.00023596737785915297 0 0 0 0 0 0 0 0 0 0 0 0 0 0 0 0 0.0035504988216160543 0.0032131231696493007 0.002943603075911968 0.0026136705576647258 0.0022357086133780258 0.0020328278494677284 0.001822679670403793 0.0016065592946839567 0.001385581459171887 0.0011606849598228665 0.00093264646803859093 0.00070209909274088233 0.00046955252072826398 0.00023541271276456964 0 0 0 0 0 0 0 0 0 0 0 0 0 0 0 0 0.0035442410539445915 0.0032069048768913803 0.0029377143364202676 0.0026082997517883413 0.0022310110893021917 0.0020285142549498055 0.0018187761984992229 0.0016030886833989248 0.0013825634729055932 0.0011581368586972239 0.00093058344037221929 0.00070053463800799902 0.00046849877879233615 0.00023488074057182858 0 0 0 0 0 0 0 0 0 0 0 0 0 0 0 0 0.0035384207945586177 0.0032010556404778153 0.0029321543981800547 0.0026032140133299669 0.0022265524033398673 0.0020244157745439601 0.0018150638692116647 0.0015997850985887785 0.0013796883408404644 0.0011557074579123389 0.00092861503927095393 0.00069904086642121814 0.00046749194741173516 0.00023437210940710252 0 0 0 0 0 0 0 0 0 0 0 0 0 0 0 0 0.0035330451345476519 0.0031955825868021691 0.0029269300351196341 0.0025984195384785168 0.0022223379877130901 0.0020205374016172444 0.0018115472054425149 0.0015966525651627318 0.0013769595658820407 0.0011533997173188467 0.00092674366292832774 0.00069761959791112037 0.00046653325325540757 0.00023388743895911711 0 0 0 0 0 0 0 0 0 0 0 0 0 0 0 0 0.003528120623325361 0.003190492383937287 0.0029220476123206409 0.0025939221685630652 0.0022183729770381203 0.002016883861369652 0.0018082304917048757 0.0015936948996302341 0.001374380472622275 0.0011512164485431809 0.00092497159132815085 0.00069627256407445539 0.00046562386434450756 0.00023342731972415546 0 0 0 0 0 0 0 0 0 0 0 0 0 0 0 0 0.003523653260650106 0.0031857912335112736 0.0029175130782631781 0.0025897273829360869 0.0022146622020697022 0.0020134596050771902 0.0018051177689035354 0.0015909157054511435 0.001371954203289024 0.0011491603115620379 0.00092330098346670136 0.00069500140606445864 0.00046476488862934225 0.00023299231228662937 0 0 0 0 0 0 0 0 0 0 0 0 0 0 0 0 0.003519648489315162 0.0031814848631517667 0.0029133319575785021 0.0025858402922977115 0.0022112101838155339 0.0020102688046686841 0.0018022128294117501 0.0015883183686454653 0.0013696837139177329 0.0011472338114616055 0.00092173387472232115 0.00069380767259135821 0.00046395737263950565 0.00023258294663609379 0 0 0 0 0 0 0 0 0 0 0 0 0 0 0 0 0.0035161111885175142 0.0031775785195077033 0.0029095093443181159 0.0025822656324691216 0.002208021128028116 0.0020073153476429274 0.0017995192124508185 0.0015859060536680075 0.0013675717707499579 0.001145439295385501 0.00092027217437562047 0.00069269281803551093 0.00046320230020884293 0.00023219972152153589 0 0 0 0 0 0 0 0 0 0 0 0 0 0 0 0 0.0035130456679133039 0.0031740769618570884 0.002906049895747448 0.0025790077586226837 0.0022050989200806882 0.0020046028323323604 0.0017970401997780877 0.0015836816995529821 0.0013656209468631299 0.0011437789496751398 0.00091891766328331423 0.00069165820067546263 0.00046250059127680103 0.00023184310384372653 0 0 0 0 0 0 0 0 0 0 0 0 0 0 0 0 0.0035104556623671798 0.0031709844563085452 0.0029029578266716949 0.0025760706399758433 0.0022024471202335026 0.0020021345635190583 0.0017947788116886364 0.0015816480163332427 0.0013638336190356533 0.0011422547972060127 0.00091767199170852173 0.00069070508103309604 0.0004618531007676236 0.00023151352808637327 0 0 0 0 0 0 0 0 0 0 0 0 0 0 0 0 0.0035083443274019415 0.0031683047706037204 0.0029002369043007285 0.0025734578549552428 0.0022000689592961953 0.0019999135484083616 0.0017927378033355116 0.0015798074817385275 0.0013622119648511689 0.0011408686949231262 0.00091653667731017628 0.00068983462033787846 0.00046126061754875775 0.00023121139578676929 0 0 0 0 0 0 0 0 0 0 0 0 0 0 0 0 0.0035067142353540168 0.0031660411695268718 0.0028978904436593321 0.002571172586836961 0.0021979673346915409 0.0019979424929650624 0.0017909196613729987 0.0015781623381767274 0.0013607579600455038 0.0011396223315785989 0.00091551310329399008 0.00068904787911208307 0.00046072386346974076 0.00023093707504658173 0 0 0 0 0 0 0 0 0 0 0 0 0 0 0 0 0.0035047560269417951 0.0031622193789768386 0.0028936801909623493 0.002566909583553688 0.0021939390854720047 0.0019941234299861669 0.0017873632082447523 0.0015749168762342399 0.001357867530962494 0.0011371273223038957 0.00091345087720107947 0.00068745333488665463 0.00045962991559099259 0.00023037505759181579 0 0 0 0 0 0 0 0 0 0 0 0 0 0 0 0 0.0035058312928227179 0.0031610430448326021 0.0028918589772494079 0.0025647423062142983 0.0021916849191996393 0.0019919098485826408 0.0017852398315792075 0.0015729291778393045 0.0013560574158036649 0.0011355336900128552 0.00091211014107921357 0.0006863998814864694 0.0004588964998229302 0.00022999313477868849 0 0 0 0 0 0 0 0 0 0 0 0 0 0 0 0 0.0035099318495741697 0.0031625211197072898 0.0028924406630565411 0.0025646872491079816 0.0021912219914408801 0.0019913185954455619 0.0017845656915549185 0.0015722143705769124 0.0013553413906383528 0.001134853563209474 0.00091150109873983825 0.0006858955363279952 0.00045852919790239722 0.00022979421327041892 0 0 0 0 0 0 0 0 0 0 0 0 0 0 0 0 0.0035170264894832876 0.0031666423545586198 0.0028954208214035256 0.002566744831252563 0.0021925538253554952 0.0019923541703683128 0.0017853459187845274 0.0015727778945619423 0.0013557249048504138 0.001135092118069397 0.0009116283853629058 0.00068594413778242009 0.00045853080521879173 0.00022977980697979719 0 0 0 0 0 0 0 0 0 0 0 0 0 0 0 0 0.0035270612180565031 0.0031733753843009031 0.002900776771485872 0.0025708993932055187 0.0021956702848832102 0.0019950086920004335 0.0017875745752677029 0.0015746154610366036 0.0013572050396651217 0.0011362475390460974 0.00091249103222035711 0.00068654531596332939 0.00045890130953946557 0.00022995002554739363 0 0 0 0 0 0 0 0 0 0 0 0 0 0 0 0 0.0035399596649502377 0.0031826689665122873 0.0029084677512894431 0.0025771193162417946 0.00220054765188525 0.001999261957829459 0.0017912346995829086 0.0015777130850104704 0.0013597705303628068 0.0011383110326882802 0.00091408247404872669 0.00068769449554176537 0.00045963789110282173 0.00023030357350712808 0 0 0 0 0 0 0 0 0 0 0 0 0 0 0 0 0.0039038890507161138 0.0035435687971586689 0.0032501921820311521 0.0028889026145071149 0.0024734572612325994 0.0022499936414817506 0.0020182570182137849 0.0017796863431300146 0.001535520057859626 0.0012868011385795341 0.0010343924456000136 0.00077899734531195711 0.00052118208556246881 0.00026139767746110589 0 0 0 0 0 0 0 0 0 0 0 0 0 0 0 0 0.0038674135228782282 0.0035122587329666673 0.0032221045100640799 0.0028644108908095316 0.0024528388666604471 0.0022313839984510406 0.002001688658176873 0.0017651817379496005 0.0015230930215577117 0.0012764581938198706 0.0010261340828628923 0.00077281913790271291 0.00051707564819562324 0.00025935147187065448 0 0 0 0 0 0 0 0 0 0 0 0 0 0 0 0 0.0038312114268108295 0.0034809301143370599 0.0031939063697046586 0.0028397507284714128 0.0024320241713726588 0.0022125741408078343 0.0019849222285154336 0.00175048686583402 0.0015104888334306699 0.0012659562339813529 0.0010177396228617495 0.00076653233601247847 0.00051289254622766047 0.00025726483291274235 0 0 0 0 0 0 0 0 0 0 0 0 0 0 0 0 0.0037955582823244126 0.0034498213709743537 0.0031658123658275259 0.002815109806218366 0.0024111715877686321 0.0021937072229264993 0.0019680853318830385 0.0017357135636330797 0.0014978034189607641 0.0012553751853196088 0.0010092729525059071 0.00076018478599971335 0.00050866461559038285 0.00025515364116978631 0 0 0 0 0 0 0 0 0 0 0 0 0 0 0 0 0.0037607254313764779 0.0034191692591995127 0.0031380363107658105 0.0027906756563473318 0.0023904398166007279 0.0021749268334442691 0.0019513061072294554 0.0017209742650968925 0.0014851333218117732 0.0012447955760039658 0.0010007985082690885 0.00075382479655277009 0.0005044240333888344 0.00025303396408572261 0 0 0 0 0 0 0 0 0 0 0 0 0 0 0 0 0.0037269779729953881 0.0033892070600913937 0.003110789597070172 0.0027666342374925725 0.0023699866391657192 0.0021563759024650123 0.0019347122545858714 0.0017063811451871497 0.0014725749690734148 0.0012342979232494592 0.00099238078578894559 0.00074750077103160652 0.00050020307301410231 0.00025092193368305712 0 0 0 0 0 0 0 0 0 0 0 0 0 0 0 0 0.0036945727457166964 0.0033601628040768813 0.00308427958868385 0.0027431685193681785 0.0023499677164938531 0.0021381956137748403 0.0019184300631905462 0.0016920452663579319 0.0014602239373929682 0.0012239621205322063 0.00098408384901631121 0.00074126083908898968 0.00049603385852332394 0.00024883362378843286 0 0 0 0 0 0 0 0 0 0 0 0 0 0 0 0 0.0036820421097876559 0.0033488519132095435 0.003073927280197957 0.0027339836106119253 0.0023421160042488929 0.0021310583904465465 0.001912032310641077 0.0016864074666480683 0.0014553626998048961 0.0012198907928170732 0.00098081308064150116 0.00073879907999771142 0.00049438778792329865 0.00024800851051314204 0 0 0 0 0 0 0 0 0 0 0 0 0 0 0 0 0.0036697810927841857 0.0033377371380880717 0.003063737818473555 0.0027249306428518204 0.0023343677658929805 0.0021240113469969415 0.0019057120825009778 0.0016808351823099767 0.0014505556217738729 0.0012158629277864369 0.00097757574175241237 0.00073636138472415633 0.00049275708610887006 0.00024719074410037073 0 0 0 0 0 0 0 0 0 0 0 0 0 0 0 0 0.0036578046328668385 0.0033268320203538528 0.0030537236178001881 0.0027160206457345765 0.0023267324414610281 0.0021170630691629529 0.0018994770789946807 0.0016753352023137777 0.0014458085599840062 0.001211883432773392 0.00097437577654780716 0.00073395072322451731 0.00049114373983900883 0.0002463813208725256 0 0 0 0 0 0 0 0 0 0 0 0 0 0 0 0 0.003646127321507191 0.0033161498462130389 0.0030438968789388079 0.0027072644747192015 0.0023192193334197237 0.0021102220223508232 0.0018933348965135296 0.0016699142275378911 0.0014411272979988577 0.0012079571561796176 0.00097121708369237033 0.00073157003251849762 0.00048954971472762782 0.00024558122698712769 0 0 0 0 0 0 0 0 0 0 0 0 0 0 0 0 0.0036347633857103834 0.0033057036302493598 0.0030342695742570235 0.0026986727978512925 0.0023118375953339108 0.0021034965413223093 0.0018872930183607471 0.0016645788626050431 0.0014365175392150637 0.0012040888815683468 0.00096810351156678741 0.00072922221311100515 0.00048797695284878446 0.00024479143723533139 0 0 0 0 0 0 0 0 0 0 0 0 0 0 0 0 0.0036237266706817045 0.0032955060995678502 0.0030248534331426178 0.002690256082765667 0.0023045962207143768 0.0020968948200400643 0.0018813588056341825 0.0016593356078355547 0.0014319848999136226 0.0012002833218363314 0.00096503885357908392 0.00072691012545833447 0.00048642737037056277 0.00024401291385429141 0 0 0 0 0 0 0 0 0 0 0 0 0 0 0 0 0.0036130306229583404 0.0032855696782888369 0.0030156599277130925 0.0026820245839331612 0.0022975040320606477 0.002090424901684553 0.0018755394882579474 0.0016541908513277013 0.0014275349024173243 0.0011965451134719033 0.00096202684354294377 0.00072463658648314012 0.00048490285522051751 0.00024324660535482526 0 0 0 0 0 0 0 0 0 0 0 0 0 0 0 0 0.0036026882740268422 0.0032759064724110594 0.0030067002588386633 0.0026739883301671375 0.00229056967011213 0.0020840946688546768 0.0018698421561738677 0.0016491508611747984 0.001423172968362648 0.0011928788109061279 0.00095907115112863134 0.0007224043661424517 0.0004834052647855256 0.00024249344536579869 0 0 0 0 0 0 0 0 0 0 0 0 0 0 0 0 0.0035927122244462668 0.0032665282550623765 0.0029979853424957222 0.0026661571124049193 0.0022838015833207014 0.0020779118339640419 0.0018642737507034814 0.0016442217778284965 0.0014189044120943356 0.0011892888809639304 0.00095617537739206386 0.00072021618405290712 0.00048193642364884585 0.00024175435149664305 0 0 0 0 0 0 0 0 0 0 0 0 0 0 0 0 0.0035831146284963354 0.0032574464521560255 0.0029895257964674018 0.002658540471779043 0.0022772080175575736 0.002071883929844569 0.001858841056091107 0.0016394096066175861 0.0014147344341906784 0.0011857796974219597 0.00095334305038747983 0.00071807470617731896 0.00048049812136714566 0.00024103022421938911 0 0 0 0 0 0 0 0 0 0 0 0 0 0 0 0 0.0035739071793693157 0.0032486721284699029 0.0029813319274074471 0.0026511476879928588 0.0022707970060669683 0.0020660183005689011 0.0018535506912382869 0.0016347202104314289 0.0014106681151274166 0.0011823555356798132 0.00095057762086904766 0.00071598254157660929 0.00047909211029020186 0.00024032194577158102 0 0 0 0 0 0 0 0 0 0 0 0 0 0 0 0 0.0035651010949236711 0.0032402159741658381 0.0029734137182831368 0.0026439877680146384 0.0022645763596788452 0.0020603220925027792 0.0018484091016396761 0.0016301593025769324 0.0014067104090879608 0.001179020567551122 0.00094788245808665372 0.00071394223923107068 0.00047772010342593226 0.00023963037908140546 0 0 0 0 0 0 0 0 0 0 0 0 0 0 0 0 0.0035608519366874792 0.0032361104455587487 0.0029695610143646127 0.0026404978693475361 0.002261539801118533 0.0020575396984543245 0.0018458960624248102 0.0016279287745641325 0.0014047737981127428 0.0011773878052057818 0.00094656225631342293 0.00071294231576621856 0.00047704737561635429 0.00023929112677135324 0 0 0 0 0 0 0 0 0 0 0 0 0 0 0 0 0.0035567071040168252 0.0032320882917652805 0.0029657808162125831 0.0026370694351039742 0.0022585536572926122 0.0020548022455982987 0.0018434225515301999 0.0016257324398177633 0.0014028661379274815 0.0011757788561808382 0.00094526084568099036 0.00071195628493482674 0.00047638377235335947 0.00023895636671634676 0 0 0 0 0 0 0 0 0 0 0 0 0 0 0 0 0.0035526678594678938 0.0032281507379724422 0.0029620742753120239 0.0026337035096182363 0.0022556188378094195 0.0020521105677893605 0.001840989322411225 0.0016235709673626654 0.0014009880096239504 0.0011741942105777505 0.00094397862261164198 0.00071098444709143821 0.00047572949577693013 0.00023862620088754179 0 0 0 0 0 0 0 0 0 0 0 0 0 0 0 0 0.0035487354334337029 0.0032242989835972622 0.0029584425207112006 0.0026304011181838304 0.0022527362366433997 0.0020494654849386447 0.0018385971162530469 0.0016214450156042874 0.0013991399852982236 0.0011726343510949195 0.00094271597768294567 0.00071002709826727464 0.00047508474518604955 0.00023830072985664812 0 0 0 0 0 0 0 0 0 0 0 0 0 0 0 0 0.0035449110237693168 0.0032205342019214372 0.002954886658677745 0.0026271632667411796 0.0022499067318627929 0.0020468678027640123 0.0018362466617448346 0.0016193552321281288 0.0013973226278764135 0.0011710997528806551 0.00094147329550877833 0.00070908453008006178 0.00047444971697799347 0.00023798005276529465 0 0 0 0 0 0 0 0 0 0 0 0 0 0 0 0 0.0035411957954269674 0.0032168575397339347 0.0029514077723616799 0.0026239909415711987 0.0022471311853621643 0.0020443183125446168 0.0018339386748578012 0.0016173022535024815 0.0013955364909431958 0.0011695908833884391 0.00094025095462216821 0.00070815702964520041 0.00047382460458850586 0.00023766426729482989 0 0 0 0 0 0 0 0 0 0 0 0 0 0 0 0 0.0035375908801011983 0.0032132701169816746 0.0029480069214654768 0.0026208851089948655 0.0022444104425998665 0.0020418177908798777 0.0018316738586271098 0.0016152867050845221 0.0013937821185731833 0.0011681082022345355 0.00093904932735999053 0.0007072448794883077 0.0004732095984328761 0.0002373534696365672 0 0 0 0 0 0 0 0 0 0 0 0 0 0 0 0 0.0035340973758841384 0.003209773026428379 0.0029446851419212641 0.0026178467150788699 0.0022417453323405009 0.0020393669994529157 0.0018294529029377247 0.0016133092008298235 0.0013920600451651942 0.0011666521610579871 0.00093786877974954977 0.00070634835745915785 0.00047260488584793695 0.0002370477544624841 0 0 0 0 0 0 0 0 0 0 0 0 0 0 0 0 0.0035307163469310149 0.0032063673333217069 0.00294144344557527 0.0026148766853474319 0.0022391366664024693 0.002036966684798542 0.0018272764843142637 0.0016113703431053386 0.0013903707952794711 0.0011652232033830408 0.00093670967139708439 0.00070546773664704576 0.00047201065103499965 0.00023674721489638418 0 0 0 0 0 0 0 0 0 0 0 0 0 0 0 0 0.0035274488231360006 0.0032030540750687714 0.0029382828198796038 0.0026119759245003789 0.002236585239410688 0.0020346175780758527 0.0018251452657149225 0.0016094707225059121 0.0013887148834778934 0.0011638217644840475 0.00093557235537822692 0.00070460328529760134 0.00047142707500374476 0.00023645194248553055 0 0 0 0 0 0 0 0 0 0 0 0 0 0 0 0 0.0035242957998184955 0.0031998342609201322 0.0029352042275914707 0.0026091453161375656 0.002234091828554535 0.0020323203948455107 0.0018230598963295324 0.0016076109176743809 0.0013870928141672372 0.0011624482712528717 0.00093445717813045426 0.00070375526673108018 0.0004708543355170847 0.00023616202717276002 0 0 0 0 0 0 0 0 0 0 0 0 0 0 0 0 0.0035212582374199468 0.0031967088716623698 0.0029322086064799053 0.0026063857224897197 0.0022316571933511105 0.0020300758348517824 0.0018210210113818097 0.0016057914951253132 0.0013855050814455274 0.0011611031420688568 0.00093336447934755915 0.00070292393926215204 0.00047029260703701519 0.00023587755726908529 0 0 0 0 0 0 0 0 0 0 0 0 0 0 0 0 0.003515533161011085 0.0031907451468621202 0.0029264699022155337 0.0026010829198469376 0.0022269671982267838 0.0020257473031952225 0.001817085164706998 0.001602276001259848 0.0013824345497174398 0.0011584996060350558 0.00093124784161439217 0.00070131236537727037 0.00046920286412221427 0.00023532529861305728 0 0 0 0 0 0 0 0 0 0 0 0 0 0 0 0 0.0035102805690331402 0.0031851701665480516 0.0029210736988136564 0.0025960739772202192 0.0022225209680743286 0.0020216372567552366 0.0018133425209133907 0.0015989285239972717 0.0013795070292635628 0.001156014328390258 0.00092922502097576127 0.00069977052709749136 0.0004681591739432217 0.00023479583935954998 0 0 0 0 0 0 0 0 0 0 0 0 0 0 0 0 0.0035055068609603363 0.0031799907229749149 0.0029160265707168977 0.0025913649972345862 0.002218323919940297 0.0020177507029903083 0.0018097976398359396 0.0015957531417229891 0.001376726086816619 0.0011536503370624461 0.00092729848192702261 0.0006983003029152569 0.00046716280807575239 0.00023428982457310684 0 0 0 0 0 0 0 0 0 0 0 0 0 0 0 0 0.0035012178528206275 0.0031752131264968734 0.0029113346670733924 0.0025869617170567885 0.0022143811672813338 0.0020140923770675221 0.001806454840366191 0.0015927537231511715 0.0013740951105266086 0.0011514105122109076 0.00092547057165924681 0.00069690348407226222 0.00046621498043813731 0.00023380787075479956 0 0 0 0 0 0 0 0 0 0 0 0 0 0 0 0 0.0034974187701097607 0.0031708431978793028 0.0029070037042449974 0.0025828695014054495 0.0022106975137342203 0.0020106667360934929 0.0018033181951903794 0.0015899339226113232 0.0013716173058328709 0.0011492975827172059 0.00092374351719952689 0.00069558177237710414 0.00046531684581235149 0.00023335056509111646 0 0 0 0 0 0 0 0 0 0 0 0 0 0 0 0 0.0034941142414248155 0.0031668862612070883 0.0029030389588427866 0.0025790933360149825 0.0022072774472633801 0.0020074779536840685 0.0018003915258274891 0.0015872971755960456 0.0013692956915587477 0.0011473141228604572 0.00092211942269768978 0.00069433677813188948 0.00046446949843708936 0.00023291846473856619 0 0 0 0 0 0 0 0 0 0 0 0 0 0 0 0 0.0034913082928249707 0.0031633471373980443 0.002899445261298309 0.0025756378215612431 0.0022041251346929863 0.0020045299148794206 0.0017976783979733197 0.0015848466945754165 0.0013671330962336157 0.0011454625491809681 0.00092060026686271361 0.00069317001817032885 0.00046367397067460369 0.00023251209614486831 0 0 0 0 0 0 0 0 0 0 0 0 0 0 0 0 0.0034890043429263713 0.0031602301383293722 0.0028962269899784569 0.002572507168056311 0.0022012444166303303 0.0020018262114107209 0.0017951821171562359 0.0015825854650830925 0.0013651321546467555 0.0011437451175360545 0.00091918790055197481 0.00069208291400971005 0.0004629312317529316 0.00023213195440755806 0 0 0 0 0 0 0 0 0 0 0 0 0 0 0 0 0.0034872051987370738 0.0031575390615843015 0.0028933880658510961 0.0025697051897192419 0.0021986388027866307 0.001999370137324174 0.0017929057247098909 0.0015805162420788939 0.0013632953046372694 0.0011421639203516251 0.00091788404451626491 0.00069107679011899735 0.00046224218658503878 0.00023177850267078597 0 0 0 0 0 0 0 0 0 0 0 0 0 0 0 0 0.0034859130522371354 0.0031552771858253167 0.0028909319477079735 0.0025672353003290274 0.0021963114677009915 0.0019971646849677241 0.0017908519940678291 0.001578641546592312 0.0013616247841239492 0.0011407208840728848 0.00091669028730331998 0.00069015287230517002 0.00046160767466632319 0.00023145217156104816 0 0 0 0 0 0 0 0 0 0 0 0 0 0 0 0 0.0034851294777080255 0.0031534472667996143 0.00288886162795071 0.0025651005090654337 0.0021942652468727166 0.0019952125413453437 0.0017890234273844853 0.0015769636626510226 0.0013601226283787165 0.0011394177668172562 0.00091560808332241965 0.00068931228621976531 0.00046102846905181864 0.00023115335866253454 0 0 0 0 0 0 0 0 0 0 0 0 0 0 0 0 0.0034848554298146086 0.0031520515339816505 0.0028871796289450221 0.0025633034168427746 0.002192502633306689 0.0019935160848433323 0.0017874222524866933 0.0015754846344981496 0.0013587906675469571 0.0011382561562323858 0.00091463875107241374 0.00068855605598744623 0.00046050527541434665 0.00023088242803273319 0 0 0 0 0 0 0 0 0 0 0 0 0 0 0 0 0.0034864001516029357 0.0031504716187599688 0.0028846858120463092 0.0025603014684316993 0.0021893501166372902 0.0019904063652300481 0.0017844262681905349 0.0015726682815052297 0.0013562155021819965 0.0011359800800952169 0.00091271664218752521 0.00068704032769153025 0.00045944635683760397 0.00023032916790346867 0 0 0 0 0 0 0 0 0 0 0 0 0 0 0 0 0.0034911180469793181 0.0031516265674928264 0.0028846494867861422 0.0025594455377106746 0.0021880066077387896 0.0019889304162993521 0.0017828857122442632 0.0015711268052234881 0.0013547332236777587 0.0011346141121476427 0.00091152161124547762 0.00068606883345499281 0.00045874936736449624 0.00022995635166408001 0 0 0 0 0 0 0 0 0 0 0 0 0 0 0 0 0.0034989732099111981 0.0031555075903229876 0.002887070929621685 0.0025607421388293126 0.0021884823315251375 0.0019890994709138099 0.0017828123092088429 0.0015708719372181984 0.0013543551130686853 0.0011341686482305381 0.00091106275315331936 0.00068564896693557834 0.00045841961150576747 0.00022976681667126152 0 0 0 0 0 0 0 0 0 0 0 0 0 0 0 0 0.0035099058578655861 0.003162085150323291 0.0028919317119108522 0.0025641814038701908 0.0021907736674510697 0.0019909122424657285 0.0017842066177256955 0.0015719056171887738 0.0013550840480048207 0.0011346470785932906 0.00091134356009819786 0.00068578392357102167 0.00045845959890261477 0.00022976200540075292 0 0 0 0 0 0 0 0 0 0 0 0 0 0 0 0 0.0035238327867902377 0.0031713091882904936 0.0028991948401654029 0.0025697371579496641 0.0021948631770666439 0.0019943549346690143 0.0017870580262651006 0.0015742199782064858 0.001356914480851158 0.0011360457620919558 0.00091236189496970662 0.00068647267625983853 0.00045886902522680295 0.00022994195446922799 0 0 0 0 0 0 0 0 0 0 0 0 0 0 0 0 0.0035406480043467256 0.0031831095037260396 0.0029088050375937224 0.0025773671184245303 0.0022007197367343721 0.0019994013465572478 0.0017913448338863465 0.0015777974065865402 0.0013598324809084906 0.0011383540539005605 0.00091411000762458617 0.00068770998317818622 0.00045964477449678657 0.00023030529435561932 0 0 0 0 0 0 0 0 0 0 0 0 0 0 0 0 0.0038859366028070595 0.0035320792304968738 0.0032413954825557144 0.0028824397332598557 0.0024689691492553361 0.0022463582707801673 0.0020153846265483361 0.0017774871682611556 0.0015339043375478109 0.0012856791105852181 0.0010336743476836512 0.00077859341523400338 0.00052100256108337812 0.00026135279634133322 0 0 0 0 0 0 0 0 0 0 0 0 0 0 0 0 0.0038486577283779891 0.0035002550244865142 0.003212914170758962 0.0028576588047894446 0.0024481499180353866 0.002227585950064742 0.0019986877310568343 0.001762884153123321 0.00152140500005269 0.0012752859566636057 0.0010253838510828827 0.00077239713252645744 0.00051688809025062074 0.00025930458238440385 0 0 0 0 0 0 0 0 0 0 0 0 0 0 0 0 0.00381179502864061 0.0034685036195081192 0.0031843923346012507 0.0028327608251301336 0.0024271700718301037 0.002208642320178365 0.0019818156048081984 0.0017481083570581684 0.0015087413575953499 0.0012647427090957141 0.0010169629669349407 0.00076609546705364863 0.00051269838224595821 0.00025721629191731676 0 0 0 0 0 0 0 0 0 0 0 0 0 0 0 0 0.0037756290509982308 0.0034370666629255967 0.0031560470424776962 0.0028079352829409399 0.0024061892799370861 0.0021896715535829475 0.0019648966548708492 0.0017332722327956227 0.0014960097881414076 0.0012541296083617224 0.0010084757832528599 0.00075973637829487427 0.00050846532327712105 0.00025510381809147083 0 0 0 0 0 0 0 0 0 0 0 0 0 0 0 0 0.0037404350403783238 0.003406183408960694 0.0031280940191767141 0.0027833711155879964 0.0023853672188511887 0.0021708180292671431 0.0019480596446697506 0.0017184886921996188 0.0014833071866219394 0.0012435274265665812 0.00099998689262916244 0.00075336826275531157 0.00050422112947885278 0.00025298323810822723 0 0 0 0 0 0 0 0 0 0 0 0 0 0 0 0 0.0037064808444524319 0.0033760888978239018 0.0031007460040841229 0.0027592552712171082 0.0023648623570299795 0.0021522252339350638 0.0019314327140189981 0.0017038702469406378 0.0014707302275045486 0.0012330168527155242 0.00099156090064722721 0.00074703958563938997 0.00049999810172867277 0.0002508706908616997 0 0 0 0 0 0 0 0 0 0 0 0 0 0 0 0 0.0036740248751536537 0.0033470121669165339 0.0030742111321079586 0.0027357712859654828 0.002344830748853092 0.0021340346699858241 0.001915142403900459 0.0016895281522139596 0.0014583746290422941 0.0012226778786220162 0.00098326193419378941 0.0007407985120013212 0.00049582837981769349 0.00024878225411202522 0 0 0 0 0 0 0 0 0 0 0 0 0 0 0 0 0.0036615177476802111 0.0033357163214607784 0.0030638703427653081 0.0027265948402532447 0.0023369849137220315 0.0021269022071197892 0.0019087484127038852 0.0016838932322899064 0.0014535155072152256 0.0012186080201853581 0.00097999210615720331 0.0007383372818502938 0.00049418254430222419 0.0002479571996078734 0 0 0 0 0 0 0 0 0 0 0 0 0 0 0 0 0.0036493052449060293 0.0033246325954460524 0.003053704653013258 0.0027175593376156837 0.0023292488039234412 0.0021198649878016143 0.0019024359468404724 0.0016783268909449024 0.0014487127954648388 0.0012145831872940522 0.00097675670783728603 0.00073590067814689774 0.00049255232763008847 0.0002471395544806753 0 0 0 0 0 0 0 0 0 0 0 0 0 0 0 0 0.0036374022458845485 0.0033137744926851867 0.0030437264481788652 0.002708675786420952 0.0023216318447154554 0.0021129315857990392 0.001896212697077514 0.0016728359099084478 0.0014439723451555998 0.0012106082835869987 0.00097355968106851542 0.00073349166951741575 0.00049093971596918587 0.00024633031490506986 0 0 0 0 0 0 0 0 0 0 0 0 0 0 0 0 0.0036258232525865582 0.0033031552421038343 0.0030339478851676973 0.0026999550099077738 0.0023141433161895653 0.002106110448394395 0.0018900862454862279 0.0016674269790951139 0.0014392999317960006 0.0012066881518720781 0.00097040492093554507 0.00073111319096778339 0.00048934667403842142 0.0002455304668148261 0 0 0 0 0 0 0 0 0 0 0 0 0 0 0 0 0.0036145823722317861 0.0032927877816230572 0.0030243808776525098 0.0026914076329989972 0.0023067923419642609 0.0020994098860928935 0.0018840640562041713 0.0016621066884539152 0.0014347012480019894 0.0012028275682259345 0.00096729627102764334 0.00072876814030773676 0.00048777514271399847 0.00024474098470163487 0 0 0 0 0 0 0 0 0 0 0 0 0 0 0 0 0.0036036933001014188 0.0032826847423964678 0.003015037081558277 0.0026830440693567641 0.0022995878780693053 0.0020928380624975563 0.0018781534663413367 0.00165688151993947 0.0014301818965613967 0.0011990312361750636 0.00096423751875587252 0.00072645937462027799 0.00048622703666475987 0.00024396283042784069 0 0 0 0 0 0 0 0 0 0 0 0 0 0 0 0 0.003593169302852515 0.003272858433421108 0.0030059278808612371 0.0026748745086950638 0.002292538702034191 0.0020864029843631234 0.001872361677041015 0.001651757839614738 0.0014257473836077996 0.0011953037809652894 0.00096123239073871072 0.000724189706780759 0.00048470424201945924 0.00024319695205456064 0 0 0 0 0 0 0 0 0 0 0 0 0 0 0 0 0.0035830232023546242 0.0032633208265408389 0.0029970643737192754 0.0026669089043651383 0.0022856534021940753 0.0020801124918410525 0.0018666957447063127 0.001646741889894952 0.0014214031119121483 0.001191649743926614 0.00095828454826174265 0.00072196190202982672 0.0004832086140688034 0.00024244428268661812 0 0 0 0 0 0 0 0 0 0 0 0 0 0 0 0 0.0035732673600683161 0.003254083541860488 0.002988457358950525 0.0026591569612288567 0.0022789403672262135 0.0020739742489275068 0.0018611625724030091 0.0016418397819421978 0.0014171543743003196 0.0011880735769403087 0.00095539758281694583 0.00071977867460440317 0.00048174197500506632 0.00024170573933569812 0 0 0 0 0 0 0 0 0 0 0 0 0 0 0 0 0.0035639136619846448 0.0032451578335885439 0.0029801173228766733 0.0026516281238348344 0.002272407775929651 0.0020679957341259514 0.001855768901449236 0.0016370574882199041 0.001413006347204626 0.0011845796370149792 0.00095257501172701215 0.00071764268443080587 0.00048030611170202876 0.00024098222180310989 0 0 0 0 0 0 0 0 0 0 0 0 0 0 0 0 0.0035549735041438975 0.0032365545763256352 0.0029720544265469913 0.0026443315649117079 0.0022660635872606134 0.0020621842313357538 0.0018505213032022198 0.0016324008352163156 0.0014089640843571291 0.0011811721809782247 0.00094982027386003088 0.00071555653388403735 0.00047890277353794758 0.00024027461158351748 0 0 0 0 0 0 0 0 0 0 0 0 0 0 0 0 0.003546457778751279 0.0032282842518155065 0.0029642784933586637 0.0026372761741925771 0.0022599155306357471 0.0020565468209778701 0.0018454261710520933 0.0016278754963458147 0.0014050325106324453 0.0011778553602903475 0.00094713672543975797 0.00071352276461719179 0.00047753367026420827 0.00023958377079097448 0 0 0 0 0 0 0 0 0 0 0 0 0 0 0 0 0.0035423623409911059 0.0032242771043130697 0.0029605011124733895 0.002633841614896841 0.002256917402194439 0.002053795555325809 0.0018429377271133901 0.0016256637990913268 0.0014031097345000687 0.0011762322054747584 0.00094582267248556791 0.00071252629986305019 0.00047686247965939054 0.00023924490278211225 0 0 0 0 0 0 0 0 0 0 0 0 0 0 0 0 0.0035383768609064318 0.0032203569361746289 0.0029567989970884895 0.0026304705475842325 0.0022539710965150134 0.002051090371368444 0.0018404897126325366 0.0016234869850367403 0.0014012164160475461 0.0011746332159864388 0.00094452763595657464 0.00071154385446484288 0.00047620046992225554 0.00023891054110857077 0 0 0 0 0 0 0 0 0 0 0 0 0 0 0 0 0.0035345025525131014 0.0032165249415213753 0.0029531732749041753 0.0026271639991145108 0.0022510775110707211 0.0020484320931310148 0.0018380828732984583 0.0016213457172607037 0.0013993531319980187 0.0011730588788930758 0.00094325201033345013 0.00071057572768495534 0.00047554784270738211 0.00023858078762015479 0 0 0 0 0 0 0 0 0 0 0 0 0 0 0 0 0.0035307405959629813 0.0032127822876160009 0.0029496250503505466 0.0026239229766943707 0.0022482375272757189 0.0020458215303508238 0.0018357179422577312 0.001619240648014124 0.0013975204499258585 0.0011715096737529996 0.0009419961841841167 0.00070962221442418341 0.00047490479681134223 0.00023825574276297129 0 0 0 0 0 0 0 0 0 0 0 0 0 0 0 0 0.0035270921371844794 0.0032091301145071413 0.0029461554042511735 0.002620748467570638 0.002245452010216583 0.0020432594782305827 0.0018333956398912605 0.0016171724185214866 0.001395718928083778 0.0011699860724691028 0.00094076054004538462 0.00070868360513190291 0.00047427152811214512 0.00023793550554883252 0 0 0 0 0 0 0 0 0 0 0 0 0 0 0 0 0.0035235582875334836 0.0032055695346821051 0.0029427653934938716 0.0026176414387295444 0.0022427218083887934 0.0020407467171961861 0.0018311166735948436 0.0016151416587855299 0.0013939491152327821 0.0011684885391450965 0.0009395454543064287 0.00070776018571759689 0.00047364822950957098 0.00023762017352509614 0 0 0 0 0 0 0 0 0 0 0 0 0 0 0 0 0.0035201401234548299 0.0032021016327279991 0.0029394560507087554 0.0026146028366021731 0.0022400477534382742 0.002038284012658988 0.001828881737563691 0.0016131489873953422 0.0013922115504750099 0.0011670175299441376 0.00093835129709413578 0.00070685223746376437 0.00047303509086641239 0.00023730984274495127 0 0 0 0 0 0 0 0 0 0 0 0 0 0 0 0 0.0035168386861544102 0.0031987274650013527 0.0029362283839536965 0.0026116335867761675 0.0022374306599080686 0.0020358721147826458 0.0018266915125809682 0.0016111950113379318 0.0013905067630895183 0.0011655734929498791 0.00093717843216036066 0.000705960036940239 0.00047243229895063964 0.00023700460773815979 0 0 0 0 0 0 0 0 0 0 0 0 0 0 0 0 0.0035136549812820072 0.003195448059306342 0.0029330833764072547 0.0026087345937137888 0.0022348713249902173 0.0020335117582546179 0.0018245466658104222 0.0016092803258133353 0.0013888352723710601 0.0011641568680299779 0.00093602721677112403 0.00070508385591994301 0.00047184003737850953 0.00023670456148226163 0 0 0 0 0 0 0 0 0 0 0 0 0 0 0 0 0.0035105899786249664 0.0031922644145817103 0.0029300219860691969 0.0026059067404764066 0.0022323705282829296 0.0020312036620623677 0.0018224478505931569 0.0016074055140533107 0.0013871975874719003 0.001162768086702108 0.00093489800159778558 0.00070422396129610307 0.00047125848655863443 0.00023640979537425296 0 0 0 0 0 0 0 0 0 0 0 0 0 0 0 0 0.0035076446118127891 0.0031891775005964801 0.0029270451454686741 0.0026031508884555108 0.0022299290315531076 0.0020289485292743553 0.0018203957062486191 0.0016055711471436821 0.0013855942072467232 0.0011614075720025149 0.00093379113061022598 0.00070338061500095173 0.00047068782363702757 0.00023612039920274571 0 0 0 0 0 0 0 0 0 0 0 0 0 0 0 0 0.0035048197780327374 0.0031861882576545565 0.0029241537613801717 0.0026004678771103244 0.0022275475785043077 0.0020267470468258724 0.0018183908578798557 0.0016037777838503802 0.0013840256201006782 0.0011600757383571562 0.00093270694097207082 0.00070255407392593979 0.00047012822244314306 0.00023583646112061723 0 0 0 0 0 0 0 0 0 0 0 0 0 0 0 0 0.0034995351144783142 0.0031805063970811471 0.0029186308594144751 0.0025953236230951398 0.0022229676865935907 0.0020225076987723362 0.0018145254772617544 0.0016003162405595838 0.0013809947255294902 0.0011574997281267577 0.00093060791975308128 0.00070095240933028291 0.00046904288365688657 0.00023528530349672532 0 0 0 0 0 0 0 0 0 0 0 0 0 0 0 0 0.0034947424265101964 0.0031752257553333677 0.002913460008977414 0.0025904802459119592 0.0022186364324435926 0.0020184907828943405 0.0018108564181097194 0.0015970251015382112 0.0013781085964364975 0.0011550431944825741 0.00092860349527484345 0.00069942091889072509 0.00046800379251799224 0.00023475699400324259 0 0 0 0 0 0 0 0 0 0 0 0 0 0 0 0 0.0034904475532804174 0.0031703527660597672 0.0029086475099537367 0.002585943646469815 0.0022145590930203168 0.0020147011931851248 0.0018073881506071522 0.0015939083765321991 0.0013753707491254259 0.0011527091303324512 0.00092669610961982588 0.00069796146849245857 0.00046701221499895315 0.00023425217630390703 0 0 0 0 0 0 0 0 0 0 0 0 0 0 0 0 0.0034866557274304327 0.0031658933662471493 0.0029041992256321962 0.0025817193519163182 0.0022107406359337853 0.0020111435466760078 0.0018041249003037595 0.0015909698627908728 0.0013727845192414911 0.0011505003793740205 0.000924888086643639 0.0006965758362509828 0.00046606935918423536 0.00023377146544132407 0 0 0 0 0 0 0 0 0 0 0 0 0 0 0 0 0.0034833715687159544 0.0031618529889872668 0.002900120575562032 0.0025778125089036793 0.0022071857133857684 0.0020078221778112473 0.0018010706429673704 0.0015882131404405821 0.0013703530577074282 0.001148419632630093 0.00092318162914377464 0.00069526571034574352 0.00046517637379841343 0.00023331544708763194 0 0 0 0 0 0 0 0 0 0 0 0 0 0 0 0 0.0034805990783784903 0.00315823655685744 0.0028964165289500866 0.0025742278773183058 0.0022038986565017984 0.0020047411331671878 0.001798229099740077 0.0015856415681228708 0.0013680793268845783 0.0011464694251700619 0.0009215788161758367 0.00069403268696334713 0.00046433434680662606 0.00023288467683095032 0 0 0 0 0 0 0 0 0 0 0 0 0 0 0 0 0.0034783416342704476 0.0031550484759231496 0.0028930915986065918 0.0025709698244816147 0.0022008834700543555 0.0020019041665221295 0.0017956037326045957 0.0015832582789024876 0.0013659660969637083 0.0011446521330213105 0.0009200816005205325 0.00069287826835285205 0.00046354430408905849 0.00023247967949848198 0 0 0 0 0 0 0 0 0 0 0 0 0 0 0 0 0.0034766019867397387 0.0031522926303699274 0.0028901498354470057 0.0025680423198291224 0.0021981438275836718 0.0019993147342829282 0.0017931977401663742 0.00158106617645023 0.0013640159425899582 0.0011429699702743899 0.0009186918063045095 0.00069180386099551095 0.00046280720819106517 0.00023210094851709145 0 0 0 0 0 0 0 0 0 0 0 0 0 0 0 0 0.0034753822552789078 0.0031499723777710753 0.0028875948235565939 0.002565448930074302 0.0021956830669220889 0.0019969759912738952 0.0017910140537565839 0.0015790679315052687 0.0013622312397260342 0.0011414249863854898 0.00091741112677793833 0.00069081077389118869 0.00046212395715045708 0.00023174894531214054 0 0 0 0 0 0 0 0 0 0 0 0 0 0 0 0 0.0034746839259428551 0.0031480905449969773 0.0028854296758237755 0.0025631928148630865 0.0021935041861274214 0.0019948907868931323 0.0017890553338607443 0.001577265978621263 0.0013606141627574638 0.0011400190636794924 0.00091624112225154877 0.0006899002169635486 0.00046149538340338036 0.00023142409874531245 0 0 0 0 0 0 0 0 0 0 0 0 0 0 0 0 0.0034745078495383068 0.003146649424770994 0.0028836570301475476 0.0025612767229243345 0.0021916098398302867 0.0019930616616409755 0.0017873239668773299 0.0015756625132002321 0.0013591666818434415 0.0011387539150566489 0.0009151832181956308 0.00068907329958594655 0.00046092225277012141 0.00023112680459211018 0 0 0 0 0 0 0 0 0 0 0 0 0 0 0 0 0.0034748542405872397 0.0031456507728761345 0.0028822790462236106 0.0025597029887209216 0.0021900023359998464 0.00199149084402479 0.0017858220622103142 0.0015742594888177974 0.0013578905605164937 0.0011376310819056752 0.00091423870350331891 0.0006883310292298304 0.00046040526352207297 0.00023085742505966477 0 0 0 0 0 0 0 0 0 0 0 0 0 0 0 0 0.0034780016788516712 0.0031450965961991591 0.0028805705603981886 0.0025572780182412437 0.0021872504984494735 0.0019887056744979166 0.0017830825125503323 0.0015716394685931999 0.0013554596396343826 0.0011354551755482628 0.00091238070327747463 0.00068685136205462666 0.00045936237211009127 0.00023030817172159048 0 0 0 0 0 0 0 0 0 0 0 0 0 0 0 0 0.0034843862081529306 0.0031473181906439382 0.0028813508857612117 0.0025570220757331749 0.0021863236480321921 0.0019875672189370087 0.0017818086180320411 0.0015703021549672558 0.0013541273581833839 0.0011341933722209935 0.00091125233769242208 0.000685917367081399 0.00045868204897623238 0.00022993952206701399 0 0 0 0 0 0 0 0 0 0 0 0 0 0 0 0 0.0034939592383679526 0.003152298648535311 0.0028846140835654941 0.0025589371090737438 0.0021872288386393253 0.0019880841416763033 0.0017820100737619233 0.0015702577257041509 0.001353903855629793 0.0011338552750090852 0.00091086219429158946 0.00068553615257585521 0.00045836947179033496 0.0002297542817424034 0 0 0 0 0 0 0 0 0 0 0 0 0 0 0 0 0.003506647912956446 0.0031600000655814409 0.0028903353189053725 0.0025630085437029003 0.0021899591812237842 0.0019902525086216271 0.0017836853465402324 0.0015715065189374044 0.0013547908329629979 0.0011344434570364694 0.00091121324230183215 0.00068571061981056601 0.00045842701945352334 0.00022975386053848007 0 0 0 0 0 0 0 0 0 0 0 0 0 0 0 0 0.0035223556634431611 0.0031703638293483646 0.0028984710497253342 0.0025692053935447161 0.0021944938962298747 0.0019940558171912316 0.0017868216865295681 0.0015740390305964693 0.0013567815397499208 0.0011359534418827635 0.0009123028100358235 0.00068643944098452923 0.00045885425399333209 0.00022993826166086028 0 0 0 0 0 0 0 0 0 0 0 0 0 0 0 0 0.0035409629443622958 0.0031833110653360043 0.002908959358201351 0.0025774804968301357 0.0022007984717382647 0.0019994651219104008 0.0017913952242888374 0.0015778359867384475 0.0013598608255098918 0.0011383737376515334 0.00091412260522520888 0.00068771706932853663 0.00045964792389694228 0.00023030608170565822 0 0 0 0 0 0 0 0 0 0 0 0 0 0 0 0 0.0038618460433842605 0.003516661272466283 0.0032295911084385437 0.002873767131867648 0.0024629465093996368 0.0022414799324970503 0.0020115301370406883 0.0017745360747318628 0.0015317361871997591 0.0012841734506212935 0.0010327107253067396 0.00077805137764699048 0.00052076165548915017 0.00026129256994277623 0 0 0 0 0 0 0 0 0 0 0 0 0 0 0 0 0.0038234891505762986 0.003484147134693433 0.0032005815676361344 0.0028485981167808362 0.0024418577735849647 0.0022224893130598999 0.0019946607586085641 0.0017598010023426142 0.0015191398280505382 0.0012737129205510002 0.0010243771079708154 0.00077183083952591953 0.00051663640447260385 0.00025924166093989961 0 0 0 0 0 0 0 0 0 0 0 0 0 0 0 0 0.0037857399805343028 0.0034518283887200827 0.003171625361029161 0.0028233810078118629 0.0024206563098035272 0.0022033661729368376 0.0019776467971111891 0.0017449166136651456 0.0015063964032657824 0.0012631142685890701 0.0010159207650106885 0.00076550922847125672 0.00051243783176489516 0.000257151154297051 0 0 0 0 0 0 0 0 0 0 0 0 0 0 0 0 0.0037488858272358631 0.0034199509997176816 0.0031429428628341363 0.0027983077223864873 0.0023995034739964951 0.0021842560507710678 0.0019606177390688703 0.0017299961878847326 0.0014936028980027946 0.0012524581568765746 0.0010074060543023653 0.00075913465576022093 0.00050819789103949734 0.0002550369600320649 0 0 0 0 0 0 0 0 0 0 0 0 0 0 0 0 0.0037132071730407276 0.0033887575738646325 0.0031147523641812929 0.0027735690833464617 0.0023785602520167903 0.0021653043861312796 0.0019437031858957352 0.0017151532784507632 0.0014808566785615557 0.0012418256848579815 0.00099889777793565871 0.0007527556357402157 0.0005039488508054769 0.00025291516843988323 0 0 0 0 0 0 0 0 0 0 0 0 0 0 0 0 0.0036789755540506813 0.0033584855119667824 0.0030872684117872655 0.0027493533666724779 0.0023579860344295428 0.0021466554126287093 0.0019270318675547182 0.0017005008488664233 0.0014682547513683909 0.0012312977720654152 0.0009904606890311573 0.00074642071660535061 0.00049972304882465524 0.0002508019276356953 0 0 0 0 0 0 0 0 0 0 0 0 0 0 0 0 0.0036464514935558557 0.0033293652026939432 0.0030607001751250377 0.0027258448685902755 0.0023379374034536429 0.0021284510602122696 0.0019107306628448114 0.0016861504129682292 0.0014558930246984924 0.0012209545422721541 0.00098215899892987774 0.00074017811091537083 0.00049555264600171557 0.00024871332065803069 0 0 0 0 0 0 0 0 0 0 0 0 0 0 0 0 0.0036339759123010323 0.003318089546818104 0.0030503748434295114 0.0027166797795167403 0.002330099454877237 0.0021213249854555049 0.0019043417190432168 0.0016805193574559571 0.0014510367420310997 0.0012168866554741595 0.00097889043274203649 0.00073771759055426243 0.00049390712594843237 0.00024788834501942545 0 0 0 0 0 0 0 0 0 0 0 0 0 0 0 0 0.0036218285112293862 0.0033070474858930003 0.0030402410535117028 0.0027076677134920918 0.0023223796205042806 0.0021143009492320939 0.0018980396694522092 0.0016749609910695136 0.0014462398894339408 0.0012128658914392623 0.00097565763849022044 0.0007352824516391733 0.000492277560293322 0.00024707086264648371 0 0 0 0 0 0 0 0 0 0 0 0 0 0 0 0 0.003610024090077958 0.0032962524729689691 0.0030303111518336363 0.0026988196503305792 0.0023147873057638084 0.0021073875092482049 0.0018918321921484594 0.0016694820858221403 0.0014415083111330069 0.0012088971488490871 0.00097246455483625195 0.00073287566101176748 0.00049066593441112003 0.00024626186951555337 0 0 0 0 0 0 0 0 0 0 0 0 0 0 0 0 0.0035985770307155902 0.0032857176601064145 0.0030205972364509234 0.0026901463700342251 0.0023073317607218238 0.002100593088465524 0.0018857268499868733 0.00166408931691592 0.0014368477718276135 0.0012049852630051426 0.00096931507206070647 0.00073050015097568663 0.00048907421181971177 0.00024546235126014863 0 0 0 0 0 0 0 0 0 0 0 0 0 0 0 0 0.0035875012796208311 0.0032754558823520461 0.0030111111422731424 0.002681658439659053 0.002300022068811523 0.0020939259648391751 0.0018797310813864184 0.0016587892546090729 0.0014322639496670035 0.00120113499993775 0.00096621302732320538 0.00072815881572399022 0.00048750433178788892 0.00024467328197010747 0 0 0 0 0 0 0 0 0 0 0 0 0 0 0 0 0.003576810330890301 0.0032654796421013521 0.0030018644266448296 0.0026733662004407616 0.0022928671357665261 0.0020873942612323051 0.0018738521912675574 0.001653588356211108 0.0014277624293323962 0.001197351050599369 0.00096316219998742792 0.00072585450781302791 0.00048595820697264869 0.00024389562300481283 0 0 0 0 0 0 0 0 0 0 0 0 0 0 0 0 0.0035665172097982135 0.0032558010938663557 0.0029928683552646303 0.0026652797551955151 0.0022858756787706167 0.002081005935519627 0.0018680973421523269 0.0016484929582155858 0.0014233486952329128 0.0011936380251493957 0.00096016630701653886 0.00072359003468703729 0.00048443772108891628 0.00024313032182192486 0 0 0 0 0 0 0 0 0 0 0 0 0 0 0 0 0.0035566344569270859 0.0032464320294672147 0.0029841338884597822 0.0026574089560112246 0.0022790562158371912 0.002074768770891976 0.0018624735454379063 0.0016435092685800783 0.0014190281248236698 0.0011900004473373931 0.00095722899844464116 0.00072136815525770709 0.00048294472661452806 0.00024237831082304928 0 0 0 0 0 0 0 0 0 0 0 0 0 0 0 0 0.00354717411288897 0.003237383863665707 0.0029756716678326464 0.002649763392244292 0.0022724170554313775 0.002068690366373689 0.0018569876528543136 0.0016386433591627277 0.0014148059820541787 0.0011864427489915999 0.00095435385292977218 0.00071919157654286791 0.00048148104253327282 0.00024164050621774976 0 0 0 0 0 0 0 0 0 0 0 0 0 0 0 0 0.0035381477036558221 0.0032286676202580977 0.0029674920032955509 0.002642352378836458 0.0022659662863474461 0.0020627781275643652 0.0018516463481166247 0.001633901158324623 0.001410687410955032 0.001182969264619428 0.00095154437339385937 0.00071706295036840753 0.00048004845211874051 0.00024091780690728781 0 0 0 0 0 0 0 0 0 0 0 0 0 0 0 0 0.0035295662265168812 0.0032202939186443446 0.0029596048605097535 0.0026351849449659818 0.0022597117678538601 0.002057039257616283 0.0018464561387818972 0.001629288443707006 0.0014066774293706977 0.0011795842261265363 0.00094880398275495035 0.00071498487013742955 0.00047864870076167745 0.00024021109338944989 0 0 0 0 0 0 0 0 0 0 0 0 0 0 0 0 0.0035214401366801653 0.0032122729608899943 0.0029520198487438189 0.002628269823046976 0.0022536611201179691 0.0020514807484584693 0.0018414233483207152 0.0016248108351921034 0.0014027809228460452 0.0011762917576609031 0.00094613601975691354 0.00071295986767059183 0.00047728349384349713 0.00023952122668579671 0 0 0 0 0 0 0 0 0 0 0 0 0 0 0 0 0.0035175509778787601 0.0032083978319211691 0.0029483435445483409 0.0026249095241763971 0.0022507145614163535 0.002048771254295559 0.001838967909015415 0.0016226244071100644 0.0014008767118199579 0.0011746814952802373 0.00094483021796107412 0.0007119680441930225 0.00047661436602826709 0.0002391828743743314 0 0 0 0 0 0 0 0 0 0 0 0 0 0 0 0 0.0035137793345344126 0.0032046145192965369 0.0029447462091662011 0.0026216154380903052 0.0022478217149220089 0.0020461093722781098 0.0018365541084130136 0.0016204737880561679 0.0013990026386740643 0.0011730958705881878 0.000943543734901694 0.00071099041012147248 0.00047595449465853533 0.00023884904729264071 0 0 0 0 0 0 0 0 0 0 0 0 0 0 0 0 0.0035101263555262223 0.0032009241754497727 0.0029412289383806051 0.0026183885681992339 0.0022449834618240017 0.0020434959132411717 0.0018341826817805573 0.0016183596331298109 0.0013971592742691996 0.0011715353665813959 0.00094227696245397527 0.00071002726325275066 0.00047530408073751342 0.00023851984712768758 0 0 0 0 0 0 0 0 0 0 0 0 0 0 0 0 0.0035065931535869818 0.0031973279244953611 0.0029377928035863076 0.0026152298974390109 0.0022422006666817196 0.0020409316732696837 0.0018318543514775714 0.0016162825863230642 0.0013953471801120187 0.0011700004586044999 0.00094103028648907696 0.00070907889697072342 0.00047466332238758229 0.00023819537415703125 0 0 0 0 0 0 0 0 0 0 0 0 0 0 0 0 0.0035031808049642297 0.0031938268618861808 0.0029344388514632521 0.002612140387971348 0.0022394741771615211 0.0020384174334559819 0.0018295698267360204 0.0016142432803245058 0.0013935669081839557 0.0011684916142053374 0.00093980408675657483 0.00070814560015694734 0.00047403241478994256 0.00023787572721828187 0 0 0 0 0 0 0 0 0 0 0 0 0 0 0 0 0.0034998903490924111 0.0031904220540798188 0.0029311681036577469 0.0026091209808907583 0.0022368048237785257 0.0020359539596618691 0.0018273298034442718 0.0016122423363264984 0.0013918190007730857 0.0011670092929925294 0.00093859873676878608 0.00070722765710267278 0.00047341155012516029 0.00023756100367899343 0 0 0 0 0 0 0 0 0 0 0 0 0 0 0 0 0.003496722788276261 0.0031871145382137149 0.0029279815564712576 0.0026061725959378879 0.0022341934196436325 0.0020335420022853275 0.0018251349639351198 0.0016102803638359672 0.0013901039903089388 0.0011655539464954774 0.0009374146036869931 0.00070632534742224673 0.00047280091751462677 0.00023725129940700484 0 0 0 0 0 0 0 0 0 0 0 0 0 0 0 0 0.003493679087385489 0.0031839053217892432 0.0029248801805569257 0.0026032961312193554 0.0022316407602158386 0.0020311822960319388 0.0018229859767779407 0.001608357960488739 0.0013884223992003156 0.0011641260180268217 0.000936252048209604 0.00070543894596793839 0.00047220070296295042 0.00023694670874123747 0 0 0 0 0 0 0 0 0 0 0 0 0 0 0 0 0.0034907601735608704 0.0031807953823648149 0.0029218649206238984 0.0026004924629341791 0.0022291476230599338 0.0020288755596910876 0.0018208834965750403 0.0016064757118674959 0.0013867747396761579 0.001162725942547407 0.00093511142446227877 0.00070456872274621751 0.00047161108930129822 0.00023664732446295877 0 0 0 0 0 0 0 0 0 0 0 0 0 0 0 0 0.0034879669359318337 0.0031777856672581045 0.0029189366951495616 0.0025977624451068784 0.0022267147676096463 0.0020266224959170085 0.0018188281637622557 0.001604634191323402 0.0013851615136295185 0.0011613541465337871 0.00093399307989006043 0.00070371494283550772 0.00047103225613170311 0.00023635323776752007 0 0 0 0 0 0 0 0 0 0 0 0 0 0 0 0 0.0034853002253456178 0.0031748770932574911 0.002916096396099761 0.0025951069093273289 0.0022243429349363157 0.0020244237910147529 0.0018168206044138718 0.0016028339598014537 0.0013835832124646781 0.001160011047848317 0.00093289735515153939 0.00070287786630544033 0.00047046437977235584 0.00023606453823657778 0 0 0 0 0 0 0 0 0 0 0 0 0 0 0 0 0.0034827608541081021 0.0031720705463427891 0.0029133448886571006 0.0025925266644974553 0.0022220328475231494 0.0020222801147311334 0.0018148614300519141 0.0016010755656696125 0.0013820403169474611 0.0011586970556118667 0.00093182458401508547 0.00070205774813763546 0.00046990763320389669 0.00023578131381080561 0 0 0 0 0 0 0 0 0 0 0 0 0 0 0 0 0.0034780671847230607 0.0031667669220377848 0.0029081115738344016 0.0025875951683832486 0.002217600704154778 0.0020181604429968972 0.0018110906085009137 0.0015976864191645651 0.0013790626118515175 0.0011561579825170546 0.00092974920256287143 0.00070046938091078979 0.000468828204359334 0.00023523163367233718 0 0 0 0 0 0 0 0 0 0 0 0 0 0 0 0 0.0034738916462898517 0.0031618812559923467 0.0029032431266694456 0.0025829739650326347 0.002213423737388507 0.0020142684998997206 0.0018075202932744641 0.0015944708809612191 0.0013762320262166667 0.0011537400207188029 0.0009277694640660298 0.00069895177633576733 0.00046779528471578878 0.00023470486705269171 0 0 0 0 0 0 0 0 0 0 0 0 0 0 0 0 0.003470239326058863 0.0031574195006379719 0.0028987454786151756 0.0025786686846700556 0.0022095070362149289 0.0020106090271727597 0.0018041548342517034 0.0015914328686975588 0.001373552008675486 0.0011514461161311043 0.00092588778053096378 0.0006975067833799736 0.00046681013272673754 0.00023420165573585314 0 0 0 0 0 0 0 0 0 0 0 0 0 0 0 0 0.0034671146738196991 0.0031533870919362795 0.0028946241093629373 0.0025746845726164541 0.0022058553725311024 0.002007186483319834 0.0018009983317260421 0.0015885760837235578 0.0013710258244165252 0.00114927906352335 0.00092410644449920985 0.00069613616254474132 0.00046587394864812799 0.00023372261280729721 0 0 0 0 0 0 0 0 0 0 0 0 0 0 0 0 0.0034645214964797982 0.0031497889427561268 0.0028908840401663154 0.0025710264828986626 0.00220247319532673 0.0020040050381834257 0.0017980546314095853 0.0015859040065916527 0.001368656551206174 0.0011472415031153335 0.00092242762625432853 0.00069484158372043003 0.00046498787307605187 0.00023326832190704151 0 0 0 0 0 0 0 0 0 0 0 0 0 0 0 0 0.0034624629534263001 0.0031466294368880376 0.0028875298277235137 0.0025676988723355165 0.0021993646252637515 0.0020010685678643692 0.0017953273197477266 0.0015834198928162276 0.0013664470756388815 0.0011453359173605503 0.00092085337117774936 0.00069362462415192285 0.00046415298555710415 0.00023283933651856983 0 0 0 0 0 0 0 0 0 0 0 0 0 0 0 0 0.0034609415526768213 0.0031439124237032283 0.002884565558625716 0.0025647057951079088 0.0021965334496559493 0.0019983806499994203 0.0017928197195496156 0.0015811267689072686 0.0013644000896202819 0.0011435646279217091 0.00091938559725678764 0.00069248676651699546 0.00046337030327312222 0.00023243617929449793 0 0 0 0 0 0 0 0 0 0 0 0 0 0 0 0 0.0034599591478238216 0.0031416412134637399 0.0028819948443782068 0.0025620508978193924 0.0021939831178546931 0.0019959445594024544 0.0017905348859398275 0.0015790274286830303 0.0013625180870875256 0.0011419297928421453 0.00091802609274787292 0.00069142939711990274 0.00046264077980190605 0.00023205934141980165 0 0 0 0 0 0 0 0 0 0 0 0 0 0 0 0 0.003459516935776286 0.0031398185732893972 0.0028798208170003094 0.0025597374150533579 0.0021917167370464341 0.0019937632640746141 0.0017884756026361646 0.0015771244298661976 0.0013608033609707984 0.0011404334039165761 0.00091677651399783367 0.00069045380420237965 0.00046196530395543087 0.00023170928201338395 0 0 0 0 0 0 0 0 0 0 0 0 0 0 0 0 0.0034596154553014767 0.0031384467237864952 0.0028780461252095003 0.0025577681654321903 0.0021897370684670773 0.001991839421588253 0.0017866443785581236 0.001575420090967694 0.0013592580003997398 0.0011390772842644063 0.00091563838342589388 0.00068956117637411767 0.00046134469869696658 0.00023138642756870899 0 0 0 0 0 0 0 0 0 0 0 0 0 0 0 0 0.0034602545863685291 0.0031375273363423366 0.0028766729311943571 0.0025561455481832142 0.002188046524037843 0.0019901753758490956 0.0017850434447701654 0.0015739164884619344 0.0013578838881581616 0.0011378630861085381 0.00091461308766883985 0.00068875260116462659 0.00046077972013842364 0.00023109117143418572 0 0 0 0 0 0 0 0 0 0 0 0 0 0 0 0 0.0034614335502946882 0.0031370615310889012 0.0028757029079802608 0.0025548715402156025 0.0021866471634267087 0.0019887731542405484 0.0017836747517635059 0.0015726154542569596 0.0013566826983901642 0.0011367922887623909 0.0009137018758916171 0.00068802906369824811 0.00046027105661914747 0.00023082387333393336 0 0 0 0 0 0 0 0 0 0 0 0 0 0 0 0 0.0034667316889372001 0.0031378838026538979 0.0028750482653400987 0.0025532208218720341 0.0021844330009708566 0.0019864235015402362 0.001781279314164017 0.001570258894828677 0.0013544453405420803 0.0011347508011786088 0.00091192990368089586 0.0006865977872815512 0.00045924967221094664 0.00023027999674680427 0 0 0 0 0 0 0 0 0 0 0 0 0 0 0 0 0.0034753526900447962 0.0031415367390547322 0.0028769244618882263 0.0025537700092142465 0.0021840652685051593 0.0019857379315201111 0.0017803632551347396 0.0015691955489990092 0.0013533143415536517 0.0011336287773392355 0.00091089099696809687 0.000685714112923966 0.00045859171379515097 0.00022991693827174365 0 0 0 0 0 0 0 0 0 0 0 0 0 0 0 0 0.0034872309425935436 0.0031479925392396894 0.0028813172186360351 0.0025565149225949568 0.0021855467646957239 0.0019867216617819854 0.001780933546438018 0.0015694335094717858 0.0013532983090100965 0.001133434756523185 0.0009105930624606133 0.00068538476592093099 0.00045830218883259095 0.00022973746100296734 0 0 0 0 0 0 0 0 0 0 0 0 0 0 0 0 0.0035022760459092628 0.003157202070671244 0.0028881931040522536 0.0025614346715659144 0.0021888662144619892 0.0019893672055445728 0.0017829858478126833 0.0015709709652241245 0.0013543973649287515 0.0011341702153460206 0.00091103836761994509 0.00068561225280200442 0.00045838330078305149 0.00022974293087086209 0 0 0 0 0 0 0 0 0 0 0 0 0 0 0 0 0.0035203734976712387 0.0031690952432543345 0.0028974997884970931 0.0025684918138668238 0.0021939983547868947 0.0019936544286224172 0.0017865045400060604 0.0015737962152894088 0.0013566031448304478 0.0011358295565220187 0.00091222352340494675 0.00068639484225466109 0.00045883443233561293 0.00022993330624643043 0 0 0 0 0 0 0 0 0 0 0 0 0 0 0 0 0.0035413855653440227 0.0031835815427643092 0.0029091664424823974 0.0025776326403835572 0.0022009041269836966 0.0019995507026592 0.0017914628436459137 0.0015778877578087093 0.0013598988613982474 0.0011384001514628918 0.00091413951006447819 0.00068772657830062543 0.00045965215010675955 0.00023030713825811252 0 0 0 0 0 0 0 0 0 0 0 0 0 0 0 0 
end_dependent_variable

end_regular_table
