# ****************************************************************************
# CUI
#
# The Advanced Framework for Simulation, Integration, and Modeling (AFSIM)
#
# The use, dissemination or disclosure of data in this file is subject to
# limitation or restriction. See accompanying README and LICENSE for details.
# ****************************************************************************

# ##################################################################################################
# 
# This file was auto-generated by AFSIM Mover Creator 2.5.0.200401
# 
# Creation Date:  01 Apr 2020
# 
# ##################################################################################################

regular_table

independent_variable mach precision double
0.10000000000000001 0.5 0.70000000000000007 0.75 0.80000000000000004 0.84999999999999998 0.90000000000000002 0.92000000000000004 0.94000000000000006 0.95999999999999996 0.97999999999999998 1 1.02 1.04 1.0600000000000001 1.0800000000000001 1.1000000000000001 1.2 1.3 
end_independent_variable

independent_variable surface_angle units deg
-20 -16 -14 -12 -10 -9 -8 -7 -6 -5 -4 -3 -2 -1 0 1 2 3 4 5 6 7 8 9 10 12 14 16 18 20 
end_independent_variable

dependent_variable precision double
0.052603956338961817 0.034037140187789396 0.026062161462762183 0.019074064573889805 0.013102887695360202 0.010475118655951764 0.0081498835510409422 0.0062245183813448412 0.0045710802625087091 0.0031739137283967002 0.0020314205905292721 0.001143079313247274 0.00050852884036825747 0.00012754076945733269 0 0.00012705887714780598 0.00050693712551010866 0.001139781969658893 0.002025869320602584 0.0031656208802040347 0.0045596289542729641 0.0062086884102124738 0.0081299839876678107 0.010451290457136993 0.013075008472656698 0.019037869963915287 0.026016258432510223 0.033979664239401366 0.042860467987754836 0.052497833391320345 0.052603956338961817 0.034037140187789403 0.02606216146276219 0.019074064573889805 0.013102887695360202 0.010475118655951764 0.0081498835510409422 0.0062245183813448412 0.0045710802625087109 0.0031739137283967006 0.0020314205905292717 0.0011430793132472749 0.00050852884036825747 0.00012754076945733269 0 0.00012705887714780555 0.00050693712551010909 0.0011397819696588934 0.0020258693206025844 0.0031656208802040352 0.0045596289542729641 0.006208688410212472 0.0081299839876678107 0.010451290457136992 0.013075008472656696 0.019037869963915287 0.026016258432510223 0.033979664239401373 0.042860467987754836 0.052497833391320345 0.052603956338961817 0.034037140187789403 0.026062161462762183 0.019074064573889805 0.013102887695360204 0.010475118655951765 0.0081498835510409439 0.0062245183813448429 0.00457108026250871 0.003173913728396701 0.002031420590529273 0.0011430793132472747 0.00050852884036825682 0.00012754076945733247 0 0.0001270588771478049 0.00050693712551010801 0.0011397819696588932 0.002025869320602584 0.0031656208802040339 0.0045596289542729641 0.0062086884102124755 0.0081299839876678107 0.010451290457136993 0.013075008472656699 0.019037869963915283 0.026016258432510219 0.033979664239401366 0.042860467987754836 0.052497833391320352 0.052603956338961824 0.034037140187789403 0.026062161462762183 0.019074064573889805 0.013102887695360202 0.010475118655951764 0.0081498835510409422 0.0062245183813448429 0.0045710802625087109 0.003173913728396701 0.002031420590529273 0.0011430793132472751 0.00050852884036825725 0.00012754076945733247 0 0.00012705887714780533 0.00050693712551010887 0.0011397819696588928 0.002025869320602584 0.0031656208802040347 0.0045596289542729649 0.0062086884102124755 0.008129983987667809 0.010451290457136992 0.013075008472656698 0.019037869963915283 0.026016258432510216 0.033979664239401366 0.042860467987754843 0.052497833391320359 0.052603956338961817 0.034037140187789396 0.026062161462762183 0.019074064573889802 0.013102887695360199 0.010475118655951762 0.0081498835510409404 0.0062245183813448429 0.0045710802625087109 0.0031739137283967006 0.0020314205905292717 0.0011430793132472744 0.00050852884036825747 0.00012754076945733269 0 0.00012705887714780555 0.00050693712551010866 0.001139781969658893 0.0020258693206025844 0.0031656208802040343 0.0045596289542729658 0.006208688410212472 0.0081299839876678073 0.010451290457136992 0.013075008472656696 0.019037869963915287 0.026016258432510219 0.033979664239401366 0.042860467987754836 0.052497833391320352 0.052603956338961817 0.034037140187789403 0.02606216146276218 0.019074064573889805 0.013102887695360204 0.010475118655951767 0.0081498835510409456 0.0062245183813448421 0.0045710802625087109 0.003173913728396701 0.002031420590529273 0.0011430793132472753 0.00050852884036825747 0.00012754076945733269 0 0.00012705887714780598 0.00050693712551010909 0.0011397819696588934 0.0020258693206025849 0.0031656208802040347 0.0045596289542729658 0.0062086884102124746 0.008129983987667809 0.010451290457136993 0.013075008472656698 0.019037869963915287 0.026016258432510219 0.033979664239401366 0.042860467987754836 0.052497833391320352 0.05260395633896181 0.034037140187789396 0.026062161462762187 0.019074064573889809 0.013102887695360201 0.010475118655951762 0.0081498835510409404 0.0062245183813448421 0.0045710802625087109 0.0031739137283967002 0.0020314205905292712 0.0011430793132472742 0.00050852884036825682 0.00012754076945733247 0 0.00012705887714780533 0.00050693712551010844 0.0011397819696588932 0.0020258693206025831 0.0031656208802040339 0.0045596289542729641 0.0062086884102124729 0.0081299839876678107 0.010451290457136992 0.013075008472656698 0.019037869963915287 0.026016258432510219 0.033979664239401366 0.042860467987754829 0.052497833391320345 0.052603956338961817 0.034037140187789403 0.02606216146276219 0.019074064573889805 0.013102887695360202 0.010475118655951765 0.0081498835510409422 0.0062245183813448412 0.0045710802625087109 0.0031739137283967006 0.0020314205905292717 0.001143079313247274 0.00050852884036825747 0.00012754076945733226 0 0.00012705887714780555 0.00050693712551010866 0.001139781969658893 0.0020258693206025836 0.0031656208802040343 0.0045596289542729641 0.0062086884102124738 0.008129983987667809 0.010451290457136992 0.013075008472656698 0.019037869963915287 0.026016258432510219 0.033979664239401366 0.042860467987754836 0.052497833391320352 0.052983368956108771 0.034224097283126503 0.026188825242550534 0.019156083227366692 0.013152808080456747 0.010512912191309393 0.0081777899493039007 0.0062445036095348004 0.0045848469716787705 0.0031829270553353477 0.0020368959362466448 0.0011460295394968678 0.00050980002730701226 0.00012785437264758201 0 0.00012736946004627083 0.00050819684207680156 0.001142703275156964 0.002031283815774363 0.0031745199454273872 0.0045731984547235953 0.0062283365979405028 0.0081573732356326253 0.010488337881733195 0.013123889967671647 0.019118040763568316 0.026139830119148867 0.034161667169813746 0.043120457604657943 0.052863292934705777 0.05366975401638896 0.034679410343452982 0.026554106281437909 0.019438907865482795 0.013359775871161309 0.010684702242079434 0.0083166335327904076 0.0063529795603122722 0.0046659284962806153 0.0032402928652592311 0.002074279450273441 0.0011674666700903407 0.00051957682531319702 0.00013044535834762531 0 0.00012980283670706695 0.00051745302753438424 0.0011630618464236442 0.0020668513332771357 0.0032291725557481608 0.0046505328279078358 0.0063316316228104273 0.008289702556669061 0.010652325661164726 0.013321726456159621 0.01938900267503545 0.026490054350181539 0.034598109190226878 0.043654330827696416 0.053514749530279238 0.054356139076669155 0.035134723403779468 0.026919387320325283 0.019721732503598884 0.013566743661865869 0.010856492292849473 0.0084554771162769146 0.0064614555110897448 0.0047470100208824619 0.003297658675183114 0.0021116629643002376 0.0011889038006838134 0.00052935362331938286 0.00013303634404766753 0 0.00013223621336786243 0.00052670921299196715 0.0011834204176903239 0.0021024188507799088 0.003283825166068934 0.0047278672010920755 0.0064349266476803509 0.0084220318777054968 0.010816313440596257 0.013519562944647597 0.019659964586502592 0.026840278581214197 0.035034551210640003 0.044188204050734904 0.054166206125852698 0.05504252413694935 0.035590036464105947 0.027284668359212665 0.020004557141714986 0.01377371145257043 0.011028282343619512 0.0085943206997634216 0.0065699314618672174 0.0048280915454843084 0.0033550244851069957 0.0021490464783270337 0.0012103409312772865 0.00053913042132556913 0.00013562732974771148 0 0.00013466959002865877 0.00053596539844955049 0.0012037789889570044 0.0021379863682826823 0.0033384777763897085 0.0048052015742763143 0.0065382216725502727 0.0085543611987419325 0.010980301220027791 0.013717399433135571 0.019930926497969733 0.027190502812246872 0.035470993231053127 0.044722077273773371 0.054817662721426165 0.055728909197229545 0.036045349524432439 0.027649949398100036 0.020287381779831085 0.013980679243274988 0.011200072394389549 0.0087331642832499234 0.0066784074126446883 0.0049091730700861549 0.0034123902950308808 0.0021864299923538316 0.00123177806187076 0.00054890721933175454 0.0001382183154477537 0 0.00013710296668945467 0.0005452215839071334 0.001224137560223684 0.0021735538857854549 0.0033931303867104812 0.0048825359474605548 0.0066415166974201963 0.0086866905197783648 0.01114428899945932 0.013915235921623548 0.020201888409436871 0.027540727043279534 0.035907435251466252 0.045255950496811845 0.055469119316999625 0.055795665154127136 0.036111748743434494 0.027710920774181143 0.020339795974968593 0.014022261573201448 0.011235739084722 0.0087628207610031279 0.0067021463592198544 0.0049272821250552438 0.0034254280893784989 0.0021950494774002523 0.0012367791964760831 0.00055121087422050057 0.0001388359065169183 0 0.00013767812775998881 0.00054738553709175568 0.0012288508378491868 0.002181692394086253 0.0034054566899960571 0.0048996744205827732 0.0066639334412333558 0.0087147132967054525 0.011178038219400279 0.013954625771558283 0.020251611003135529 0.027598520463474135 0.035970201767092494 0.045320123675545075 0.055530752999770061 0.055770647646442691 0.036095478489887076 0.027697987212425543 0.020329864993858231 0.014015046864147897 0.011229769729793577 0.0087580101014286624 0.0066983974575662714 0.0049244861549977634 0.0034234537656990826 0.0021937649846228264 0.0012360436263788373 0.00055087579962005652 0.00013874723151309932 0 0.00013759476080900997 0.00054706800399753142 0.0012281516363102682 0.0021804692009428843 0.0034035740760795046 0.004897005319380093 0.0066603602949965642 0.0087101241199955149 0.011172334810550879 0.013947723184911181 0.020242088127782804 0.02758610878647005 0.0359545911798081 0.045300839184029884 0.055506980779776262 0.055746125518600947 0.036079530408945543 0.027685309752351586 0.020320130659349237 0.014007975015905314 0.011223918576012241 0.008753294699296036 0.0066947227891390694 0.0049217455488568184 0.0034215185362478449 0.0021925059265065217 0.0012353226215453946 0.00055054735994124367 0.00013866031239200168 0 0.0001375130446342643 0.00054675675847984514 0.0012274662798894484 0.0021792702286465597 0.0034017287404161517 0.0048943890699223074 0.0066568579017957331 0.0087056258150728649 0.01116674433676337 0.013940957278637305 0.020232753817996007 0.027573942877137134 0.035939289702862399 0.045281936551031306 0.055483679281276781 0.055722088961423812 0.036063898121164853 0.027672883322806187 0.020310589077577976 0.014001043199640106 0.011218183282838462 0.0087486726683815332 0.0066911208840218835 0.0049190592103534048 0.0034196216269071957 0.0021912717994113052 0.0012346158935642058 0.00055022542380381073 0.00013857511438481731 0 0.00013743294654819079 0.00054645167603633703 0.0012267944944350188 0.00217809499759237 0.0033999199448471263 0.0048918246256747459 0.0066534248606268751 0.0087012165825555519 0.011161264561773703 0.013934325346283935 0.020223604339926746 0.027562017868949441 0.035924291215460598 0.045263408215244098 0.055460839183361518 0.055608859797443962 0.035990259002906137 0.027614346061487476 0.020265641487162159 0.013968389448323418 0.011191166000518837 0.0087268996377231935 0.0066741533664964646 0.004906404658344697 0.0034106858439161255 0.0021854581889925286 0.001231286705532764 0.00054870887717743807 0.0001381737715862104 0 0.0001370556279806554 0.0005450145222139725 0.0012236299103883736 0.0021725588291316156 0.0033913992399648941 0.0048797442817184707 0.0066372528115853568 0.0086804459826710194 0.011135450950601949 0.01390308426003314 0.020180503834933465 0.027505842656434812 0.035853637744709614 0.045176126665076012 0.05535324618769645 0.055506405813062064 0.035923627573274469 0.027561379357096957 0.020224971225503364 0.013938843112292838 0.011166719752542402 0.0087071985848794931 0.0066588005217482864 0.0048949543461787402 0.0034026004131063547 0.002180197816751737 0.0012282743316302373 0.00054733664904370186 0.00013781062160457156 0 0.00013671421602223007 0.00054371413166002603 0.0012207664763304511 0.0021675494967557771 0.0033836893873594102 0.0048688135344840885 0.0066226197364862797 0.0086616519667004344 0.011112093829319117 0.013874816156213329 0.020141504885279299 0.027455013222185451 0.035789707840660004 0.045097151052579741 0.055255892019300125 
end_dependent_variable

end_regular_table
