# ****************************************************************************
# CUI
#
# The Advanced Framework for Simulation, Integration, and Modeling (AFSIM)
#
# The use, dissemination or disclosure of data in this file is subject to
# limitation or restriction. See accompanying README and LICENSE for details.
# ****************************************************************************

# ##################################################################################################
# 
# This file was auto-generated by AFSIM Mover Creator 2.5.0.200401
# 
# Creation Date:  01 Apr 2020
# 
# ##################################################################################################

regular_table

independent_variable mach precision double
0.10000000000000001 0.5 0.70000000000000007 0.75 0.80000000000000004 0.84999999999999998 0.90000000000000002 0.92000000000000004 0.94000000000000006 0.95999999999999996 0.97999999999999998 1 1.02 1.04 1.0600000000000001 1.0800000000000001 1.1000000000000001 1.2 1.3 
end_independent_variable

independent_variable surface_angle units deg
-20 -16 -14 -12 -10 -9 -8 -7 -6 -5 -4 -3 -2 -1 0 1 2 3 4 5 6 7 8 9 10 12 14 16 18 20 
end_independent_variable

dependent_variable precision double
-0.00093202556700746405 -0.0016308115750583402 -0.0015876332294564885 -0.0015462108219620062 -0.0019213711968814533 -0.0017881641973510666 -0.0014515907539974905 -0.00032568647134447143 -0.00023898346986066688 -0.00016587958982760509 -0.00010616856263930252 -5.9746811520412894e-05 -2.6578517443510588e-05 -6.6604402210537585e-06 0 -6.6447095364277059e-06 -2.6523948137588468e-05 -5.9631513480449335e-05 -0.00010597237966164313 -0.00016558458382232496 -0.00023857428114436877 -0.00032511822608553549 -0.0014508769410246927 -0.001787306636118561 -0.001920366202954804 -0.0015449018530157097 -0.0015859683582910152 -0.0016287201649488911 -0.0016009304299481563 -0.00092812814029458331 -0.00093194171767020889 -0.0016307608046140848 -0.0015875957582711911 -0.0015461845998913208 -0.0019213545081288347 -0.0017881514213978168 -0.0014515818076238055 -0.00032567958710857464 -0.00023897903718228777 -0.00016587714720397813 -0.00010616761711547157 -5.9746868856410152e-05 -2.6579073853567207e-05 -6.6609920417829537e-06 0 -6.6436927250441366e-06 -2.6521409872378031e-05 -5.962694789514809e-05 -0.00010596528529574145 -0.00016557445230072659 -0.00023856060617247251 -0.00032510050332685322 -0.0014508537579454351 -0.0017872788054580191 -0.0019203328504155078 -0.0015448563139151869 -0.001585908662767554 -0.0016286447624217332 -0.0016008376995892387 -0.00092801779621940297 -0.00093192502377754353 -0.0016307502312932333 -0.0015875877273153491 -0.001546178767406887 -0.00192135055763579 -0.0017881482756892286 -0.0014515793962076051 -0.00032567773816034293 -0.00023897771924983428 -0.00016587627645558861 -0.0001061671045793851 -5.9746623113224471e-05 -2.6579002076486329e-05 -6.6610034539104757e-06 0 -6.6435926165153091e-06 -2.6521118297109168e-05 -5.962637129205081e-05 -0.00010596433401995345 -0.00016557303425974429 -0.00023855863153786049 -0.00032509787492725222 -0.0014508503285552215 -0.0017872745705490563 -0.0019203277054735128 -0.0015448491058563472 -0.0015858990454953909 -0.0016286324326734909 -0.0016008223332972097 -0.00092799921030001925 -0.00093192166904038922 -0.0016307480940128572 -0.0015875861029382057 -0.0015461775837275582 -0.0019213497529737152 -0.0017881476306133661 -0.0014515789028855025 -0.00032567735791926824 -0.0002389774483571343 -0.00016587609777777432 -0.00010616699663840413 -5.9746568408441599e-05 -2.6578985126570381e-05 -6.6610039740342486e-06 0 -6.6435741674190732e-06 -2.6521062307314617e-05 -5.9626263320474327e-05 -0.00010596414928422697 -0.0001655727606746389 -0.00023855824725817768 -0.00032509736606262763 -0.0014508496661011056 -0.0017872737529144825 -0.0019203267019405831 -0.0015448476939344678 -0.0015858971515105593 -0.001628630001920924 -0.0016008193018934699 -0.00092799554348860008 -0.0009319185482977425 -0.0016307461094652981 -0.0015875845928659111 -0.0015461764881633162 -0.0019213490009359286 -0.0017881470283712265 -0.0014515784399141524 -0.00032567699982934736 -0.00023897719141598975 -0.00016587592191474754 -0.00010616689334794163 -5.9746516151300025e-05 -2.6578967136406891e-05 -6.6610036680790879e-06 0 -6.6435576152448394e-06 -2.6521012375432272e-05 -5.9626161712765216e-05 -0.00010596398094769714 -0.00016557250642589976 -0.00023855789675594476 -0.00032509689905266926 -0.0014508490467254769 -0.0017872729913308949 -0.0019203257752635904 -0.0015448463889745135 -0.0015858954109928371 -0.0016286277522938131 -0.0016008165005680119 -0.00092799214395961028 -0.00093191563658366183 -0.0016307442531741424 -0.0015875831840035835 -0.0015461754541572525 -0.0019213482973614391 -0.0017881464649242009 -0.0014515780050906768 -0.00032567666125936563 -0.00023897694946664805 -0.00016587576349116491 -0.00010616679311703072 -5.9746466097035608e-05 -2.6578949023861329e-05 -6.6610025666405064e-06 0 -6.643543051779153e-06 -2.6520967185854924e-05 -5.9626069406093003e-05 -0.00010596382833726259 -0.00016557227647000038 -0.00023855756950630404 -0.00032509646630968887 -0.0014508484878065879 -0.0017872722887354619 -0.0019203249247082411 -0.0015448451855916722 -0.0015858937866156937 -0.0016286256766939976 -0.0016008139053339501 -0.0009279889933557396 -0.00093191292214946954 -0.001630742508984958 -0.0015875818495495514 -0.0015461744886851451 -0.0019213476327044465 -0.0017881459310936355 -0.0014515775859321057 -0.00032567634790008927 -0.00023897672452841338 -0.00016587561057477524 -0.00010616670328859533 -5.9746418429221461e-05 -2.6578932808237776e-05 -6.6610024136629265e-06 0 -6.6435300180892758e-06 -2.652092499463816e-05 -5.9625982728995767e-05 -0.00010596368723074215 -0.00016557206401473628 -0.00023855726587640181 -0.00032509606269363986 -0.0014508479577698664 -0.0017872716355823834 -0.0019203241186999641 -0.0015448440566171266 -0.0015858922868234925 -0.0016286237332668121 -0.0016008114882881748 -0.00092798605569666148 -0.00092815758218843492 -0.0016268079584070793 -0.0015844851583072237 -0.0015438460965262097 -0.0019196811017934134 -0.0017867742970475572 -0.0014504935479754907 -0.00032484486312808877 -0.0002383576656977824 -0.00016544227688066826 -0.00010588831045277076 -5.9589610081824592e-05 -2.6509232807999417e-05 -6.643581332888955e-06 0 -6.6261040359136185e-06 -2.6451214971308713e-05 -5.9469159695751153e-05 -0.00010568527532779191 -0.00016513869529488244 -0.00023793816215602958 -0.00032426451137027262 -0.0014497638199494865 -0.0017858998844411458 -0.0019186574378953782 -0.0015425154136239118 -0.0015827952071894445 -0.0016246885945696839 -0.0015959841168832584 -0.0009242291792043297 -0.00093848255478069873 -0.0016297876081423131 -0.0015860657425950848 -0.001544542284229878 -0.0019198533094637582 -0.0017867939983081248 -0.0014504363834110306 -0.00032474846647175681 -0.00023824477886596983 -0.00016534024196023902 -0.0001058111218817625 -5.9541191710706512e-05 -2.6486229826187988e-05 -6.6376796169212302e-06 0 -6.6200855307416648e-06 -2.6427779013991003e-05 -5.9419663787269055e-05 -0.00010560583108399854 -0.00016503243173145214 -0.00023781799285708206 -0.00032415567093009053 -0.0014496875476285194 -0.0017858920293238542 -0.0019187912589136297 -0.0015431432817358389 -0.0015842613283645012 -0.0016274846303813899 -0.0016007882792639196 -0.00093403542229651053 -0.000960316297172256 -0.0016427581726659161 -0.0015965060280233032 -0.0015526776497917138 -0.0019258330715580933 -0.0017917650675023848 -0.0014544757685214476 -0.00032791786947574113 -0.00024061496205231818 -0.00016702103855691778 -0.0001069100191749421 -6.0173966450034328e-05 -2.6776553469200818e-05 -6.7156443227448572e-06 0 -6.6922644531273438e-06 -2.6698987520858216e-05 -6.0012828629053408e-05 -0.00010663802200133611 -0.00016661354505250183 -0.00024005045686270504 -0.0003271345886247669 -0.0014534873240276745 -0.0017905759837817876 -0.0019244348002724137 -0.0015508413172906782 -0.0015941457232724436 -0.0016397572923838356 -0.0016158275376318611 -0.00095457230260779775 -0.00098219374376556597 -0.0016557492596826933 -0.0016069596748316164 -0.0015608212380086584 -0.0019318175414456895 -0.0017967396029972902 -0.0014585176234977401 -0.00033108897322327709 -0.00024298628525207459 -0.00016870255666929655 -0.00010800933758480598 -6.0806963692193794e-05 -2.7066969755436551e-05 -6.7936308370523953e-06 0 -6.7644645843248181e-06 -2.6970289417478919e-05 -6.0606215055803917e-05 -0.0001076706367767162 -0.00016819537318271438 -0.00024228405121355301 -0.00033011519925501919 -0.0014572895357809628 -0.0017952633493705315 -0.0019300829970449352 -0.0015585474348591573 -0.0016040432222644283 -0.0016520501078730546 -0.0016308965060572347 -0.00097515178930476548 -0.001004115659105862 -0.0016687612752073816 -0.00161742694090351 -0.0015689732405310237 -0.0019378068504180249 -0.0018017176837537478 -0.0014625620109016181 -0.00033426183560108098 -0.00024535877749426471 -0.00017038481641698668 -0.00010910909329026301 -6.1440188711851844e-05 -2.7357483139602319e-05 -6.8716403347116605e-06 0 -6.8366892408880345e-06 -2.7241686453916627e-05 -6.1199833396566799e-05 -0.00010870368434402946 -0.00016977793966839897 -0.00024451880819401447 -0.00033309754281530591 -0.0014610942534294053 -0.0017999542047083233 -0.001935735945178732 -0.001566261821832693 -0.001613954105056901 -0.0016643634512402581 -0.0016459957782399117 -0.00099577468501794563 -0.0010260829008466523 -0.0016817946113521153 -0.0016279080939619881 -0.0015771338033361362 -0.0019438011090595322 -0.0018066993923062217 -0.0014666089875673128 -0.00033743650022612071 -0.00024773245926564609 -0.00017206783556986387 -0.00011020929620426039 -6.2073647163059877e-05 -2.7648094025558932e-05 -6.9496738620893052e-06 0 -6.9089366238006414e-06 -2.7513182448491749e-05 -6.1793680971174844e-05 -0.00010973718276686863 -0.00017136125699252611 -0.00024675474807055929 -0.00033608166101343459 -0.0014649015194151019 -0.0018046486324764853 -0.0019413937631885948 -0.0015739846469516755 -0.0016238786434849034 -0.0016766977145975805 -0.0016611258878635985 -0.0010164417883637385 -0.0010249968509778481 -0.0016804077267874415 -0.0016271232995875449 -0.0015767760313637766 -0.0019436883473021899 -0.0018066572482799818 -0.0014666281583261068 -0.0003374866167585287 -0.00024778499042066467 -0.0001721174518533447 -0.00011024988837696881 -6.2101776705080183e-05 -2.7663529035116959e-05 -6.9550623627501071e-06 0 -6.9127636455803534e-06 -2.7523480678938507e-05 -6.1811227976974167e-05 -0.00010976008314355711 -0.00017138469961966633 -0.0002467715496349651 -0.00033608307090377139 -0.0014648604490711907 -0.0018045357232732314 -0.0019411999707977087 -0.0015735271065257699 -0.0016229756057625395 -0.0016751750343066141 -0.0016588091682612188 -0.0010151614227004344 -0.0010204847662199498 -0.0016759479952165636 -0.0016235967859883549 -0.0015741094219282892 -0.00194177117141217 -0.0018050765107697766 -0.0014653743880477382 -0.00033652208327253352 -0.00024706620249455969 -0.00017161339997693673 -0.00010992533848462447 -6.1918458909433944e-05 -2.7581728789721933e-05 -6.9344333665847265e-06 0 -6.8923249596444994e-06 -2.7442313993253608e-05 -6.1629231210047638e-05 -0.00010943775414301514 -0.00017088397712284887 -0.0002460573623933375 -0.00033512489585137075 -0.0014636146659848378 -0.0018029645386622231 -0.0019392939689776188 -0.0015708749758186261 -0.0016194674346403303 -0.001670738177412191 -0.0016533826967046741 -0.0010106913546424762 -0.0010160067753429414 -0.0016715068663069347 -0.0016200837697602076 -0.0015714522913263722 -0.0019398603850407875 -0.0018035008858926999 -0.0014641246081100135 -0.00033556057952588165 -0.00024634963609664366 -0.00017111088605145782 -0.00010960176750193823 -6.1735698123516398e-05 -2.7500178350597109e-05 -6.9138702976375313e-06 0 -6.8719487742290219e-06 -2.7361388498141566e-05 -6.1447766658243505e-05 -0.00010911637012782295 -0.00017038472830190014 -0.00024534529196980435 -0.00033416962252667387 -0.0014623727048414079 -0.0018013982546207022 -0.0019373941389339972 -0.001568232032088305 -0.0016159723577136905 -0.0016663194712465291 -0.0016479808678048409 -0.0010062544231439457 -0.0010115624398274101 -0.0016670841646116293 -0.0016165840596444152 -0.0015688045011194361 -0.0019379558789742908 -0.0018019302557703495 -0.0014628787589373454 -0.0003346020559048846 -0.00024563523294857771 -0.00017060988046044853 -0.0001092791573653175 -6.1553485988632609e-05 -2.7418876591827528e-05 -6.8933723298295932e-06 0 -6.8516339878953489e-06 -2.7280694941518332e-05 -6.1266818179367538e-05 -0.0001087959002087476 -0.00016988691037205059 -0.00024463531126897695 -0.00033321719967607257 -0.00146113451639436 -0.0017998368163215056 -0.0019355003567672444 -0.0015655981451202919 -0.0016124902114312311 -0.0016619186717308405 -0.0016426034090902927 -0.0010018502603733111 -0.00098983432715809378 -0.0016452387580344493 -0.0015992787601359889 -0.0015557009770983629 -0.0019285239940998707 -0.0017941495122623418 -0.0014567059214152106 -0.00032985226760627622 -0.00024209445841216564 -0.00016812644437305598 -0.00010767996204527313 -6.0650239653801209e-05 -2.7015896807193853e-05 -6.7918080663443225e-06 0 -6.7509344148873735e-06 -2.6880591686121594e-05 -6.036955124863847e-05 -0.00010720678403077798 -0.00016741854245397748 -0.00024111532210241326 -0.00032849613824186534 -0.0014549977370342049 -0.0017920992004978201 -0.0019261188781280556 -0.00155255982699752 -0.0015952672767656168 -0.0016401759118865069 -0.0016160725410424355 -0.00098030947401402265 -0.00096889850618430871 -0.0016238207120744272 -0.0015822801160591889 -0.0015428112006960046 -0.0019192345817745178 -0.0017864821799688175 -0.0014506214403170058 -0.00032516938521522809 -0.00023860237688446285 -0.00016567669052224154 -0.0001061023087833825 -5.9759162195988331e-05 -2.661840175835747e-05 -6.6916880641986874e-06 0 -6.6515964953254416e-06 -2.6485700805237427e-05 -5.948388197664148e-05 -0.00010563824125692093 -0.00016498240373022968 -0.00023764203429883988 -0.00032383920011421592 -0.0014489457863125863 -0.0017844707969599824 -0.0019168748883955 -0.0015397287024443761 -0.001578342533588042 -0.0016188497043649157 -0.0015901124458102946 -0.00095954021649871689 
end_dependent_variable

end_regular_table
