# ****************************************************************************
# CUI
#
# The Advanced Framework for Simulation, Integration, and Modeling (AFSIM)
#
# The use, dissemination or disclosure of data in this file is subject to
# limitation or restriction. See accompanying README and LICENSE for details.
# ****************************************************************************

# ##################################################################################################
# 
# This file was auto-generated by AFSIM Mover Creator 2.5.0.200401
# 
# Creation Date:  01 Apr 2020
# 
# ##################################################################################################

regular_table

independent_variable mach precision double
0.10000000000000001 0.5 0.70000000000000007 0.75 0.80000000000000004 0.84999999999999998 0.90000000000000002 0.92000000000000004 0.94000000000000006 0.95999999999999996 0.97999999999999998 1 1.02 1.04 1.0600000000000001 1.0800000000000001 1.1000000000000001 1.2 1.3 
end_independent_variable

independent_variable surface_angle units deg
-20 -16 -14 -12 -10 -9 -8 -7 -6 -5 -4 -3 -2 -1 0 1 2 3 4 5 6 7 8 9 10 12 14 16 18 20 
end_independent_variable

dependent_variable precision double
-0.0082310928470183502 -0.013590547726038682 -0.012985222804792914 -0.012419688328902848 -0.015034514945346392 -0.013934756995891842 -0.011302367983614827 -0.0027258043066507262 -0.0020030604454153757 -0.0013914539543440827 -0.00089083712097730262 -0.00050130479649394182 -0.0002229430501195246 -5.5824907262581908e-05 0 -5.5811259612481569e-05 -0.00022273891132861093 -0.00050074510231462219 -0.00088977002047813775 -0.0013897444651255043 -0.0020005932742715123 -0.0027222432600148443 -0.011297987120578034 -0.013929290097525233 -0.015028057969468694 -0.012411141543673105 -0.012974217009956813 -0.01357651551649016 -0.013670249951713724 -0.0082037524837833796 -0.0082320778880179551 -0.013591413994755084 -0.012985993607421725 -0.012420345102532515 -0.015035067477360147 -0.01393524835963637 -0.011302850971041327 -0.0027261582118393731 -0.0020033602617700865 -0.0013917018580627289 -0.00089103405746133373 -0.00050145169505156489 -0.00022304082928932548 -5.5874481269178515e-05 0 -5.5764937236149838e-05 -0.00022264719441557009 -0.00050060890974000874 -0.00088959026239736577 -0.0013895220425765244 -0.0020003290630203788 -0.0027219381196731786 -0.011297565470797539 -0.013928875653845466 -0.015027599868190264 -0.012410619327654861 -0.012973628719617138 -0.013575885585653012 -0.013669579845292415 -0.0082031386466772521 -0.0082321682436752915 -0.013591488725159941 -0.012986058521071656 -0.012420399260512317 -0.015035111988696091 -0.013935287541233401 -0.011302888695312733 -0.0027261859663782711 -0.0020033834938021698 -0.0013917208280170314 -0.00089104893079840631 -0.00050146264157652231 -0.00022304801587011281 -5.5878073182773958e-05 0 -5.5761679609163789e-05 -0.00022264084492810447 -0.00050059963630025609 -0.00088957823321947392 -0.001389507415961694 -0.0020003120109154103 -0.0027219187972585298 -0.011297538586884648 -0.013928850127883963 -0.015027572184388199 -0.012410589275759847 -0.012973596551491462 -0.013575853439800872 -0.013669548215892589 -0.0082031148149730518 -0.0082321843897858338 -0.01359150186385363 -0.012986069869193357 -0.012420408679403153 -0.015035119675146419 -0.013935294295744308 -0.011302895161981024 -0.0027261907244705598 -0.0020033874639375357 -0.0013917240566394679 -0.0008910514540718137 -0.00050146449147321496 -0.00022304922424002294 -5.5878674537643789e-05 0 -5.5761138879309193e-05 -0.00022263979749060923 -0.00050059811503000223 -0.00088957626984401182 -0.0013895050461553953 -0.0020003092698631184 -0.0027219157099873776 -0.011297534276833096 -0.013928846094293495 -0.015027567845087332 -0.012410584658651694 -0.01297359171739991 -0.013575848776799446 -0.013669543806222036 -0.0082031119000770363 -0.0082321988411495489 -0.013591513590258295 -0.012986079959227436 -0.012420417039199603 -0.01503512648901263 -0.013935300268968118 -0.011302900865719527 -0.0027261949286616245 -0.002003390969510585 -0.0013917269057551226 -0.00089105367604057838 -0.00050146611765549364 -0.00022305028575145562 -5.5879201055881137e-05 0 -5.5760667417703157e-05 -0.00022263888522410435 -0.00050059679134559177 -0.00088957456934522458 -0.0013895029945424648 -0.0020003068915512667 -0.0027219130504415414 -0.011297530560579324 -0.013928842637367317 -0.015027564127242595 -0.012410580734470796 -0.01297358765627348 -0.013575844914666253 -0.013669540231686695 -0.008203109709193317 -0.0082322118922176796 -0.013591524119032073 -0.012986089012685427 -0.012420424527880515 -0.015035132571278857 -0.013935305599196557 -0.011302905953386715 -0.0027261986757556775 -0.0020033940882951185 -0.0013917294376564655 -0.00089105564596348081 -0.00050146755882668611 -0.00022305122500320575 -5.5879666750232375e-05 0 -5.5760251272790303e-05 -0.0002226380834074127 -0.00050059562853240511 -0.00088957307579450831 -0.0013895012045211971 -0.0020003048277001294 -0.0027219107399905438 -0.011297527330549492 -0.013928839643045343 -0.015027560921444411 -0.012410577386464653 -0.012973584219785105 -0.013575841671541539 -0.013669537325846953 -0.0082031080668260089 -0.0082322237566693126 -0.013591533646231039 -0.012986097195517412 -0.012420431273212769 -0.015035138052649149 -0.013935310389230566 -0.011302910512363385 -0.0027262020366119353 -0.0020033968854595865 -0.0013917317004396488 -0.00089105740844878391 -0.0005014688450009939 -0.00022305206218831405 -5.5880081258285115e-05 0 -5.575988291807368e-05 -0.00022263737111320134 -0.00050059460346023224 -0.00088957176275733746 -0.001389499627444722 -0.0020003030138755506 -0.0027219087215431528 -0.011297524504135712 -0.013928837038632628 -0.015027558148389211 -0.012410574503755123 -0.012973581293385177 -0.013575838983541874 -0.013669534949187259 -0.0082031068576912131 -0.008232552445033554 -0.013597925675170885 -0.012992967808528121 -0.012427681281980735 -0.015045028798109282 -0.013944670754760738 -0.011310547940648383 -0.0027275774910344472 -0.0020044106761111327 -0.0013924378456376194 -0.00089151057474389016 -0.0005017244220873276 -0.00022316600205660132 -5.590874795354418e-05 0 -5.5788173435342634e-05 -0.00022275043302479551 -0.00050084867527164809 -0.00089002267920504493 -0.0013902026735616714 -0.0020013127840559871 -0.0027232789660143176 -0.011305155174874725 -0.01393818982817452 -0.015037440185092676 -0.012417813650380565 -0.012980438592695846 -0.013582215035650049 -0.013674930919804519 -0.0082034098648155872 -0.0083379200662088114 -0.01365611801811187 -0.013034945033056362 -0.012457670475621237 -0.015068763017651865 -0.013964512753870326 -0.011325925597222522 -0.0027344965663391972 -0.0020092434119380383 -0.0013956444474533783 -0.00089348275278071886 -0.00050279848808408025 -0.0002236326061471626 -5.6024406928811703e-05 0 -5.5902660431006908e-05 -0.00022321306070179086 -0.00050191334357413799 -0.00089197591719774769 -0.0013933747355607728 -0.0020060871129446664 -0.0027300997496743709 -0.011320383170177325 -0.013957817959045632 -0.015060878352287803 -0.012447280692620553 -0.013021546854584728 -0.013639020509887075 -0.013752337160336092 -0.0083048920666228959 -0.0085283112263091279 -0.013788685203327473 -0.013143076305741968 -0.012543347117350409 -0.015136060425534481 -0.014021527893109341 -0.011372082236321565 -0.0027659690025279723 -0.0020327551977459201 -0.0014122690673909774 -0.00090430998046039457 -0.00050900310913401373 -0.00022645970340801004 -5.6772009791570608e-05 0 -5.6606430089079314e-05 -0.00022589522993982805 -0.00050781767455286531 -0.00090229753997261592 -0.0014092439907061446 -0.0020285557314123144 -0.0027601300410478899 -0.011364726297261008 -0.014012661482886298 -0.015125634465220639 -0.012529656629366476 -0.013125489916121492 -0.013766340561440325 -0.013905620337888835 -0.0084855812179040185 -0.0087189678154845039 -0.013921432755719391 -0.013251353810113097 -0.012629138063878951 -0.015203442164058544 -0.014078613262715754 -0.011418295811375377 -0.0027974860374824404 -0.0020563004009800695 -0.0014289173832621146 -0.00091515267270489745 -0.00051521661209899907 -0.00022929086191767069 -5.7520691231941109e-05 0 -5.731121136953578e-05 -0.00022858123811965816 -0.00051373044049510654 -0.00091263387111353421 -0.0014251358113174474 -0.0020510562167499486 -0.0027902027845567359 -0.011409123680034342 -0.014067572022949722 -0.015190471126650642 -0.012612142034421531 -0.013229573126367732 -0.013893833340689794 -0.014059112359651548 -0.0086665220033538843 -0.0089098898586029759 -0.014054360663049409 -0.013359777564478096 -0.012715043314472567 -0.015270908208845536 -0.014135768859948199 -0.01146456631788029 -0.002829047688287136 -0.0020798790277840652 -0.0014455893943080204 -0.00092601082948975044 -0.00052143900105435859 -0.00023212607602209306 -5.8270450405486917e-05 0 -5.8017003880753666e-05 -0.00023127108615914654 -0.00051965163670138984 -0.00092298491580950143 -0.0014410501945798931 -0.002073588567635841 -0.002820317981033106 -0.011453575299699431 -0.014122549562983562 -0.01525538835669742 -0.012694736881938619 -0.013333796473868483 -0.014021498900308718 -0.014212813206140996 -0.0088477144094615077 -0.0091010773450907276 -0.014187468940884521 -0.013468347564578067 -0.012801062852095667 -0.015338458582511661 -0.01419299469508677 -0.011510893758186041 -0.002860653941577937 -0.0021034910731647185 -0.001462285102511284 -0.00093688445764387258 -0.00052767027298949358 -0.00023496534942945367 -5.9021289037795139e-05 0 -5.8723808301953419e-05 -0.00023396477504958785 -0.00052558126845862047 -0.00093335067347308372 -0.0014569871413012035 -0.0020961527754053415 -0.0028504756431802576 -0.011498081167270663 -0.014177594114736491 -0.015320386144640298 -0.012777441189540757 -0.013438159959358032 -0.014149337225611245 -0.014366722920533571 -0.0090291584327022844 -0.0091205082160954395 -0.014212691606930006 -0.013492473282387131 -0.012823125949441683 -0.015360090372467891 -0.014212422356793174 -0.011526899653787668 -0.0028687265527255609 -0.0021096127838170727 -0.0014666681463230387 -0.00093976815790683865 -0.00052933590119818034 -0.00023572870925838701 -5.922401074842571e-05 0 -5.8914306779571505e-05 -0.00023468809221352096 -0.00052716457256548471 -0.00093609696374137238 -0.0014611670641002464 -0.0021019974683067493 -0.0028581710095822686 -0.011513620594332103 -0.01419647441609938 -0.015341391861388911 -0.012798734992102902 -0.013461376112172843 -0.014173518195202052 -0.014390386026306068 -0.0090471105111908801 -0.0091145056524112207 -0.014214971066872252 -0.01349607652420496 -0.012827868344370533 -0.015368160108983203 -0.014220276318161631 -0.011533323241390512 -0.0028691562388956631 -0.0021099212800218085 -0.0014668763024520812 -0.00093989734747376198 -0.00052940595708546258 -0.00023575813168125225 -5.9230307752342945e-05 0 -5.89216031431899e-05 -0.0002347211419061601 -0.00052724241216012388 -0.00093623952829727534 -0.0014613954593100773 -0.0021023341947249917 -0.0028586401034625055 -0.011520093733992319 -0.014204388320252023 -0.015349532132513428 -0.012803570080871862 -0.013465098456411731 -0.014175949017183867 -0.014390905222228681 -0.0090413977860271701 -0.009108631057875495 -0.014217333659090751 -0.013499745816308372 -0.012832661428775656 -0.015376266682206229 -0.014228160733376747 -0.011539771350247049 -0.0028696050411932037 -0.0021102440361357552 -0.0014670945125614448 -0.00094003308203349843 -0.00052947975282177965 -0.00023578925842122507 -5.9237053200859376e-05 0 -5.8929328884281833e-05 -0.00023475581979426265 -0.00052732383747582556 -0.0009363883596470821 -0.0014616334884360311 -0.0021026845732541595 -0.0028591274762789533 -0.011526590342224665 -0.014212331390302474 -0.015357707707338962 -0.012808453887395176 -0.013468884313515431 -0.01417845972724026 -0.014391523143077439 -0.0090358067885266576 -0.0091028819956166015 -0.01421977782013017 -0.013503479905456093 -0.012837504259678783 -0.015384409358725747 -0.01423607502283708 -0.011546243541642074 -0.0028700725993253884 -0.0021105807731522843 -0.0014673225969697844 -0.00094017522978056569 -0.00052955722148861927 -0.00023582205530923336 -5.9244238129488862e-05 0 -5.8937475888916505e-05 -0.00023479209648165703 -0.00052740877619702868 -0.00093654333102745162 -0.0014618809696428378 -0.0021030483489724141 -0.0028596327757670812 -0.011533109990691929 -0.014220303089580926 -0.015365917926373065 -0.012813385484604244 -0.013472732471314086 -0.014181048817428404 -0.014392237910826155 -0.0090303352177107318 -0.0090759375129050805 -0.014233168670314822 -0.013523080128370149 -0.012862431986319305 -0.015425640953489944 -0.014276075130942945 -0.011578949748211937 -0.0028726794897890109 -0.0021124650962868839 -0.0014686046463900093 -0.00094097808035586441 -0.00052999725911312726 -0.00023601000007702444 -5.9286472179975683e-05 0 -5.8984256157742861e-05 -0.00023499640709698932 -0.00052788387089822825 -0.00093740630448438096 -0.0014632539414717405 -0.0021050593874757371 -0.0028624165009710992 -0.011566038620545064 -0.014260572100943896 -0.01540746588929906 -0.012838729013365451 -0.013492866939669041 -0.014195118602186977 -0.014397201077761551 -0.0090046903972790231 -0.0090517912158175669 -0.014248377843353798 -0.013544125187330018 -0.01288846874387958 -0.01546767790766177 -0.014316741459350045 -0.011612192707831207 -0.0028757046395604135 -0.0021146612878395325 -0.0014701068353217999 -0.00094192408979884806 -0.00053051921953642985 -0.00023623521073419973 -5.9338527666504783e-05 0 -5.9040418663977222e-05 -0.00023523632061302132 -0.00052843726919342665 -0.00093840618051547196 -0.0014648375451943754 -0.0021073689926905102 -0.0028655998698246718 -0.011599480612318839 -0.014301479034448077 -0.015449785904129988 -0.012865137768834037 -0.013514390020280759 -0.014210935246996138 -0.014404322783816466 -0.0089817070710062237 
end_dependent_variable

end_regular_table
