# ****************************************************************************
# CUI
#
# The Advanced Framework for Simulation, Integration, and Modeling (AFSIM)
#
# The use, dissemination or disclosure of data in this file is subject to
# limitation or restriction. See accompanying README and LICENSE for details.
# ****************************************************************************

# ##################################################################################################
# 
# This file was auto-generated by AFSIM Mover Creator 2.5.0.200401
# 
# Creation Date:  01 Apr 2020
# 
# ##################################################################################################

regular_table

independent_variable mach precision double
0.10000000000000001 0.5 0.70000000000000007 0.75 0.80000000000000004 0.84999999999999998 0.90000000000000002 0.92000000000000004 0.94000000000000006 0.95999999999999996 0.97999999999999998 1 1.02 1.04 1.0600000000000001 1.0800000000000001 1.1000000000000001 1.2 1.3 
end_independent_variable

independent_variable surface_angle units deg
-20 -16 -14 -12 -10 -9 -8 -7 -6 -5 -4 -3 -2 -1 0 1 2 3 4 5 6 7 8 9 10 12 14 16 18 20 
end_independent_variable

dependent_variable precision double
-0.05931278659135545 -0.10122005344489989 -0.096662587065760947 -0.091957521983655102 -0.11258271343555007 -0.11157254385194465 -0.090930284646821014 -0.026060049700551202 -0.017695428831650751 -0.011177646318831915 -0.0061877252601496681 -0.0031652557798128008 -0.0013946481690633636 -0.00031416560405361744 0 -0.00031402337235245407 -0.0013929811030979442 -0.0031607728033841982 -0.0061792391135195761 -0.011164110757730232 -0.017675927260429422 -0.026028514916746195 -0.090895706710598143 -0.11152947869408762 -0.11253123642774578 -0.091889916543150998 -0.096572230020122302 -0.10110990812602486 -0.099934696089359204 -0.059061699045534724 -0.059321581185824888 -0.1012274530639795 -0.096669063651895912 -0.09196297158062447 -0.11258718668994745 -0.11157652894093038 -0.090934147858935332 -0.02606288562195053 -0.017697810858532732 -0.011179602436548027 -0.0061892630456182908 -0.00316639267443625 -0.0013953980411771979 -0.0003145422495432126 0 -0.00031367819422883225 -0.0013923046900840823 -0.0031597790399700873 -0.0061779417500644647 -0.011162520000408778 -0.017674063044790418 -0.026026385959329806 -0.090892748875123247 -0.11152663382215362 -0.11252816640218465 -0.091886475466918735 -0.096568480417726171 -0.10110605148533788 -0.099930787480352321 -0.059058442809298464 -0.059322510991882522 -0.10122817554502916 -0.096669674964994345 -0.091963470221940846 -0.11258758226990055 -0.1115768752293041 -0.090934472523866813 -0.026063125520168803 -0.017698008426263453 -0.011179761201331823 -0.0061893850830549773 -0.0031664807435070916 -0.0013954546556098012 -0.00031456991474320344 0 -0.00031365430794223146 -0.0013922594209583939 -0.0031597149137263599 -0.0061778612833674742 -0.011162425427465495 -0.017673957338995485 -0.026026271220759449 -0.09089258636544828 -0.11152649224470698 -0.11252802320537851 -0.091886339092178415 -0.096568361258715638 -0.10110596985160551 -0.099930753135049705 -0.059058511887610049 -0.059322682164249546 -0.10122830629215261 -0.096669784829821345 -0.091963559205450476 -0.11258765227048337 -0.11157693627739412 -0.090934529284668358 -0.026063167524141003 -0.0176980428312885 -0.011179788682469187 -0.0061894060759848067 -0.0031664957960115063 -0.0013954642547694184 -0.00031457456697500641 0 -0.00031365036087588458 -0.0013922520413198994 -0.0031597046010793058 -0.0061778485267505899 -0.011162410669167563 -0.017673941203654557 -0.026026254095102858 -0.090892561875328556 -0.1115264719008916 -0.11252800340885574 -0.09188632224946916 -0.096568349341639714 -0.10110596665988127 -0.099930760566088656 -0.059058539540082299 -0.059322837029451243 -0.10122842408048403 -0.096669883365006357 -0.091963638878132636 -0.11258771482044612 -0.11157699068160665 -0.090934579705099924 -0.026063204855076457 -0.017698073409181631 -0.011179813067829848 -0.0061894246682680587 -0.00316650907838174 -0.001395472703537629 -0.00031457865013020909 0 -0.00031364693099614264 -0.0013922456431855633 -0.0031596956791820341 -0.0061778375970531667 -0.01116239810395623 -0.017673927502248138 -0.026026239753883004 -0.090892541289686254 -0.11152645523049631 -0.11252798739149114 -0.0918863092818656 -0.096568341481774012 -0.10110596716899066 -0.099930771200600552 -0.059058568903945355 -0.059322978140866976 -0.10122853076827264 -0.096669972639295762 -0.091963710859346778 -0.11258777111130053 -0.11157703964618115 -0.090934624966882677 -0.026063238387272623 -0.017698100804651552 -0.011179834865054606 -0.0061894412094279068 -0.0031665208955938954 -0.0013954802072715365 -0.00031458226615307125 0 -0.0003136439066905627 -0.0013922400400451184 -0.0031596879130609793 -0.0061778280855191072 -0.011162387292235114 -0.017673915831404929 -0.026026227619456534 -0.090892523801778743 -0.11152644140621829 -0.11252797433675153 -0.091886299548085706 -0.096568336758805357 -0.10110597033330131 -0.09993078420247109 -0.059058599242948685 -0.059323107425280006 -0.10122862825293001 -0.096670053906860995 -0.09196377624172003 -0.1125878221798675 -0.11157708391128439 -0.090934665801371883 -0.0260632686905404 -0.017698125497925488 -0.011179854472129937 -0.0061894561165424297 -0.0031665314914330472 -0.001395486916501081 -0.00031458548369993117 0 -0.00031364123582438533 -0.0013922350953201811 -0.0031596811029886139 -0.0061778198144496546 -0.011162377937350098 -0.017673905841601764 -0.026026217371671975 -0.090892508988653642 -0.11152642993167591 -0.11252796383930756 -0.091886292293276925 -0.096568334485436141 -0.10110597582385027 -0.099930798978392035 -0.059058630134139901 -0.059389089967212073 -0.1013722798590035 -0.096810811839732613 -0.092100567052467858 -0.11275778679061237 -0.11174035518335532 -0.091067337272554658 -0.026097072510860349 -0.017721857673785497 -0.011195525791174575 -0.0061987734236075747 -0.0031715470811663838 -0.0013977169536703636 -0.00031512334714628307 0 -0.00031417476376371744 -0.0013944534620378797 -0.0031646748563349315 -0.0061871024589978839 -0.011177999366024384 -0.017697571083871391 -0.02605985657969518 -0.091025065793912077 -0.11168956780612158 -0.11269776217257636 -0.092022877422656857 -0.096708762903913531 -0.10124932579827589 -0.10006824651792874 -0.059123284892156021 -0.060350593046930495 -0.10195058043663199 -0.097245374297937559 -0.092427109513977312 -0.11304301937968414 -0.1119907525495506 -0.091264224119986775 -0.026176714689726453 -0.017777030716279285 -0.011231726908133564 -0.0062205298248421657 -0.0031832499997331357 -0.0014028239102306069 -0.00031637097457930252 0 -0.00031541178742722768 -0.0013995241275185978 -0.003176292492323594 -0.0062086887080423344 -0.011213893522135067 -0.017752229961716107 -0.026138488600552085 -0.091220653680460451 -0.11193811789083098 -0.11298041542903096 -0.09234492663782648 -0.09713557354273028 -0.10181585944260843 -0.10081252232983204 -0.060046067581345411 -0.061970925577622266 -0.10310838234361346 -0.0982001021256311 -0.093194766321413089 -0.11367642365245006 -0.11253932709976922 -0.091708991181267949 -0.026454855834009569 -0.017982772428116744 -0.01137637333059645 -0.0063140503747916681 -0.0032366693030315384 -0.0014272198454843405 -0.0003228444800639823 0 -0.00032153938284563375 -0.0014227763403066407 -0.0032273420086108675 -0.0062982192658910616 -0.011352579136793016 -0.017949740060665992 -0.026403971030470243 -0.091651109485323054 -0.11246955630542273 -0.11359356571408964 -0.093086396363315463 -0.098055823695462604 -0.10293227740212779 -0.10214346126010865 -0.061575965657099233 -0.063600124881179637 -0.10427147993361396 -0.099159120550238886 -0.09396579802399363 -0.11431242326031617 -0.11309009500562991 -0.092155560111085957 -0.026734376171291475 -0.018189519902195462 -0.011521739839140959 -0.0064080465067310396 -0.003290366213105766 -0.0014517461499457182 -0.00032935507646840862 0 -0.00032770253842892262 -0.0014461538428592138 -0.0032786586896445934 -0.0063882078179583928 -0.011491958548298625 -0.01814821980230831 -0.026670733535663554 -0.092083304495189186 -0.1130031130544719 -0.11420921588955329 -0.093831122028974062 -0.098980166378059606 -0.10405381238799953 -0.1034807473683545 -0.063113872849077102 -0.065238205168803742 -0.10543988106806566 -0.10012243638364444 -0.094740209605116546 -0.11495102223190415 -0.11364305949136155 -0.092603933682520415 -0.027015278112009291 -0.018397274803498939 -0.011667827516799402 -0.0065025190119337543 -0.0033443412091060764 -0.0014764030209925331 -0.00033590282121424603 0 -0.00033390131150085311 -0.0014696568565409948 -0.0033302429617059776 -0.0064786551946800627 -0.011632032838509337 -0.018347670738643448 -0.026938778199564271 -0.092517241302208841 -0.1135387911863688 -0.11482736986107414 -0.094579108400849349 -0.09990860765988839 -0.10518047244650167 -0.10482439017883133 -0.064659801567016131 -0.06688518070338989 -0.10661359402273747 -0.10109005615693799 -0.095518006371659775 -0.11559222459113626 -0.11419822404279691 -0.093054114701155655 -0.02729756378796068 -0.018606038696951113 -0.011814637524928617 -0.0065974686969465677 -0.0033985947427691457 -0.0015011906733318791 -0.00034248778919931797 0 -0.00034013575786764666 -0.0014932856025208505 -0.0033820953264635787 -0.0065695620674930278 -0.011772803165844824 -0.018548094345305379 -0.027208107125773224 -0.092952922628550733 -0.11407659407180919 -0.1154480314011527 -0.095330360739999398 -0.10084115401212089 -0.10631226541870201 -0.10617439977660448 -0.066213764177574991 -0.067109249354189701 -0.10691161274372228 -0.10137334223871243 -0.095777946788918419 -0.11586092778078619 -0.11444650504831276 -0.093257730603635056 -0.027388058701596649 -0.01867279814274744 -0.011861365328710752 -0.0066273765331934147 -0.0034156012392708326 -0.0015089772111411166 -0.00034453765069574762 0 -0.0003420855711451307 -0.0015007442250288734 -0.003398427559176269 -0.00659834476376687 -0.011817868224042134 -0.018612587292497065 -0.027295009532113876 -0.093152726079471601 -0.11432040523043595 -0.11571155013761125 -0.095583987352975769 -0.10111655597538328 -0.10660187828939788 -0.10646116530109473 -0.066422055130531787 -0.067139052122790671 -0.10703136432468238 -0.10149525531759876 -0.095900450278046542 -0.11602097297391133 -0.11460169054364282 -0.093383922429327096 -0.027416465536898891 -0.018692470794108677 -0.011874178889087896 -0.0066348415512902286 -0.0034195616444794869 -0.0015107309141114116 -0.00034495247699080361 0 -0.00034250474029013034 -0.0015025146678095843 -0.0034024246362195283 -0.0066058734320901327 -0.011830778730008124 -0.018632395774634818 -0.027323469833496677 -0.093279157213598266 -0.1144758816101147 -0.11587191703186797 -0.095706928263016272 -0.10123889935430815 -0.10672237837316338 -0.10657035878592377 -0.06645179856595812 -0.067169718270422688 -0.10715176768471317 -0.10161770815739184 -0.096023391149316351 -0.11618138985683561 -0.11475719621003487 -0.093510372342149317 -0.027445019339158071 -0.018712253086876223 -0.011887069592852581 -0.0066423566344210733 -0.0034235505815489588 -0.0015124975357324426 -0.00034537065283401407 0 -0.00034292714306299296 -0.0015042975034876818 -0.0034064491403562307 -0.0066134502582453321 -0.011843763484487346 -0.018652309828045128 -0.027352071887381414 -0.093405839335520491 -0.11463166947388276 -0.11603264508440872 -0.095830293260394231 -0.10136176565123471 -0.10684350774119704 -0.10668029607173712 -0.066482368572589934 -0.067201234569640667 -0.10727281363478194 -0.10174069345237209 -0.096146763955649139 -0.11634217399286667 -0.11491301887456271 -0.093637077896418647 -0.027473718100916745 -0.018732143509974267 -0.011900036445479215 -0.0066499210361532684 -0.0034275676363383452 -0.0015142768511149298 -0.0003457921276571104 0 -0.00034335271680410186 -0.0015060925848130679 -0.0034105007153077149 -0.0066210745398573301 -0.011856821518409676 -0.018672327997262598 -0.027380813657917998 -0.093532769974883009 -0.11478776574045364 -0.11619373058930889 -0.095954076770753557 -0.1014851479058545 -0.10696525800964221 -0.10679096654477901 -0.066513752581691385 -0.067371115827429912 -0.1078873734804312 -0.10236336363380753 -0.096769919521975722 -0.11715147164357884 -0.11569677533356969 -0.094274349865769366 -0.027619316620791846 -0.018833165707070419 -0.011965975771660826 -0.0066884596319436761 -0.0034480614206377882 -0.001523358258232803 -0.00034794751715180931 0 -0.00034552681362119263 -0.0015152455962083426 -0.0034311512367649079 -0.0066598850020193933 -0.011923174937524057 -0.018773930410664094 -0.027526551759922566 -0.094171064486524625 -0.11557276509800173 -0.11700438843736528 -0.096579093355120577 -0.10210956121517709 -0.10758302387767711 -0.10735495360201862 -0.066682440878696222 -0.067560365552728013 -0.10851671577929481 -0.10299832900474847 -0.09740309305892593 -0.11796939360733487 -0.11648799283570407 -0.094917640446030196 -0.027768251270852147 -0.018936675289278424 -0.012033666052307374 -0.0067281335602728627 -0.0034692026927053664 -0.0015327326994137504 -0.00035017917392533447 0 -0.00034777416026492532 -0.0015246801162133775 -0.0034524241209523778 -0.0066997873550035357 -0.011991213189542469 -0.018877927731415115 -0.027675504624350301 -0.094815214968207787 -0.1163650285360034 -0.1178234400913574 -0.097213824287062364 -0.10274588820896854 -0.10821507554313659 -0.10793575975367094 -0.066869646102930225 
end_dependent_variable

end_regular_table
