# ****************************************************************************
# CUI
#
# The Advanced Framework for Simulation, Integration, and Modeling (AFSIM)
#
# The use, dissemination or disclosure of data in this file is subject to
# limitation or restriction. See accompanying README and LICENSE for details.
# ****************************************************************************

# ##################################################################################################
# 
# This file was auto-generated by AFSIM Mover Creator 0.4.0 (Beta)
# 
# Creation Date:  09 Mar 2020
# 
# ##################################################################################################

regular_table

independent_variable mach precision double
0.10000000000000001 0.5 0.70000000000000007 0.75 0.80000000000000004 0.84999999999999998 0.90000000000000002 0.92000000000000004 0.94000000000000006 0.95999999999999996 0.97999999999999998 1 1.02 1.04 1.0600000000000001 1.0800000000000001 1.1000000000000001 1.2 1.3 1.4000000000000001 1.5 1.75 2 2.5 3 
end_independent_variable

independent_variable beta units rad
-0.52359877559829882 -0.48869219055841229 -0.4537856055185257 -0.41887902047863912 -0.38397243543875248 -0.3490658503988659 -0.31415926535897931 -0.27925268031909273 -0.24434609527920614 -0.20943951023931956 -0.17453292519943295 -0.13962634015954636 -0.10471975511965978 -0.087266462599716474 -0.069813170079773182 -0.05235987755982989 -0.034906585039886591 -0.017453292519943295 0 0.017453292519943295 0.034906585039886591 0.05235987755982989 0.069813170079773182 0.087266462599716474 0.10471975511965978 0.13962634015954636 0.17453292519943295 0.20943951023931956 0.24434609527920614 0.27925268031909273 0.31415926535897931 0.3490658503988659 0.38397243543875248 0.41887902047863912 0.4537856055185257 0.48869219055841229 0.52359877559829882 
end_independent_variable

dependent_variable precision double
-0.30753356836027362 -0.30108202837028497 -0.046605800551429821 -0.32695374575212321 -0.405520116296952 -0.44978354611390714 -0.45702205111774563 -0.46032832851503075 -0.45378505441534867 -0.44279527910203514 -0.43413386806642623 -0.42522287262204828 -0.41601178233149538 -0.41369950225713953 -0.4115497728254609 -0.40893643224534909 -0.40717767152678963 -0.40600039054337794 -0.40561718810825803 -0.40600039054337794 -0.40717767152678963 -0.40893643224534909 -0.4115497728254609 -0.41369950225713953 -0.41601178233149538 -0.42522287262204828 -0.43413386806642623 -0.44279527910203514 -0.45378505441534867 -0.46032832851503075 -0.45702205111774563 -0.44978354611390714 -0.405520116296952 -0.32695374575212321 -0.046605800551429821 -0.30108202837028497 -0.30753356836027362 -0.30717077035030499 -0.30071136315846442 -0.046222860172875468 -0.32657567068597471 -0.40513452553286744 -0.44939137771979526 -0.45662504219903294 -0.45992704084069103 -0.45338026454043384 -0.44238756820797825 -0.43372380017292106 -0.42481093096968808 -0.41559861696096384 -0.41328594113759881 -0.41113589355264435 -0.40852239322165762 -0.40676356813987691 -0.40558639560137322 -0.4052034299428155 -0.40558639560137322 -0.40676356813987691 -0.40852239322165762 -0.41113589355264435 -0.41328594113759881 -0.41559861696096384 -0.42481093096968808 -0.43372380017292106 -0.44238756820797825 -0.45338026454043384 -0.45992704084069103 -0.45662504219903294 -0.44939137771979526 -0.40513452553286744 -0.32657567068597471 -0.046222860172875468 -0.30071136315846442 -0.30717077035030499 -0.30708365353584294 -0.30062248850907436 -0.04613198886079211 -0.32648410440022263 -0.40504145858785451 -0.44929695693171301 -0.45652947263072574 -0.45983044444016263 -0.45328277954352136 -0.44228931967700574 -0.43362491260856306 -0.42471152369977638 -0.41549882168095381 -0.41318599937967498 -0.41103583230560775 -0.40842224527192256 -0.40666336179779511 -0.40548616472751348 -0.40510320522267695 -0.40548616472751348 -0.40666336179779511 -0.40842224527192256 -0.41103583230560775 -0.41318599937967498 -0.41549882168095381 -0.42471152369977638 -0.43362491260856306 -0.44228931967700574 -0.45328277954352136 -0.45983044444016263 -0.45652947263072574 -0.44929695693171301 -0.40504145858785451 -0.32648410440022263 -0.04613198886079211 -0.30062248850907436 -0.30708365353584294 -0.30705771957951966 -0.30059603852677402 -0.046104997246453533 -0.32645680253073883 -0.40501372686487458 -0.44926883468718576 -0.45650100909502722 -0.45980167530070376 -0.45325374322124529 -0.4422600526327507 -0.4335954512722508 -0.42468190379488707 -0.41546908102710506 -0.41315621225912613 -0.41100600723005282 -0.40839239170360864 -0.40663348845819747 -0.40545628127664807 -0.40507332079116082 -0.40545628127664807 -0.40663348845819747 -0.40839239170360864 -0.41100600723005282 -0.41315621225912613 -0.41546908102710506 -0.42468190379488707 -0.4335954512722508 -0.4422600526327507 -0.45325374322124529 -0.45980167530070376 -0.45650100909502722 -0.44926883468718576 -0.40501372686487458 -0.32645680253073883 -0.046104997246453533 -0.30059603852677402 -0.30705771957951966 -0.30695237756979732 -0.30048863004597171 -0.045995602542423394 -0.32634572852995153 -0.40490097512449025 -0.44915454750855899 -0.45638533880572779 -0.45968476358118027 -0.45313573562011356 -0.44214109374845989 -0.43347568676986886 -0.42456147941574246 -0.41534814504458623 -0.41303507598855604 -0.4108847070440288 -0.40827096489745635 -0.40651197171335718 -0.40533471208434629 -0.40495173620625341 -0.40533471208434629 -0.40651197171335718 -0.40827096489745635 -0.4108847070440288 -0.41303507598855604 -0.41534814504458623 -0.42456147941574246 -0.43347568676986886 -0.44214109374845989 -0.45313573562011356 -0.45968476358118027 -0.45638533880572779 -0.44915454750855899 -0.40490097512449025 -0.32634572852995153 -0.045995602542423394 -0.30048863004597171 -0.30695237756979732 -0.30616573243745476 -0.2996866067049021 -0.045179133400758097 -0.32551596165786684 -0.40405880343534167 -0.44830100128793898 -0.45552146963140999 -0.45881162464632463 -0.45225439327232797 -0.44125262265343196 -0.43258117003168223 -0.42366200666546566 -0.41444481352827489 -0.41213022780430042 -0.40997861739425279 -0.40736391007039652 -0.40560422771867954 -0.40442655586436432 -0.40404344441201689 -0.40442655586436432 -0.40560422771867954 -0.40736391007039652 -0.40997861739425279 -0.41213022780430042 -0.41444481352827489 -0.42366200666546566 -0.43258117003168223 -0.44125262265343196 -0.45225439327232797 -0.45881162464632463 -0.45552146963140999 -0.44830100128793898 -0.40405880343534167 -0.32551596165786684 -0.045179133400758097 -0.2996866067049021 -0.30616573243745476 -0.30362133718723427 -0.29708218633327277 -0.042515467965609191 -0.32274575353636337 -0.40119535207479828 -0.44539890752220435 -0.45258427944601221 -0.45584291728313653 -0.44925778796832982 -0.43823177104865402 -0.42953975303195457 -0.42060372969544996 -0.4113734038440493 -0.40905365443050751 -0.40689781708266087 -0.40427982152888531 -0.40251779013349709 -0.40133870978594838 -0.4009551304452178 -0.40133870978594838 -0.40251779013349709 -0.40427982152888531 -0.40689781708266087 -0.40905365443050751 -0.4113734038440493 -0.42060372969544996 -0.42953975303195457 -0.43823177104865402 -0.44925778796832982 -0.45584291728313653 -0.45258427944601221 -0.44539890752220435 -0.40119535207479828 -0.32274575353636337 -0.042515467965609191 -0.29708218633327277 -0.30362133718723427 -0.30394529211085725 -0.29738717293884315 -0.042219056868807774 -0.32312668382375331 -0.40174305043497027 -0.44595035540945166 -0.45307005308911896 -0.4563162117659631 -0.44969117037095813 -0.43859992025261063 -0.42985309908594144 -0.420876435951408 -0.41159897776039711 -0.4092631527425139 -0.40709839125453573 -0.40446702281216601 -0.40269547714270165 -0.40151045043958183 -0.4011249240051093 -0.40151045043958183 -0.40269547714270165 -0.40446702281216601 -0.40709839125453573 -0.4092631527425139 -0.41159897776039711 -0.420876435951408 -0.42985309908594144 -0.43859992025261063 -0.44969117037095813 -0.4563162117659631 -0.45307005308911896 -0.44595035540945166 -0.40174305043497027 -0.32312668382375331 -0.042219056868807774 -0.29738717293884315 -0.30394529211085725 -0.30468593519060522 -0.2981074378602997 -0.0423452535849239 -0.3238957350471689 -0.4026632314146546 -0.44697083693505357 -0.45412985094584568 -0.45731829572331217 -0.45059411062707588 -0.43942265804374164 -0.43062412893372565 -0.42160936360656054 -0.41228674997135528 -0.40993562673274425 -0.40776257749249667 -0.40511833132465525 -0.40333762514317051 -0.40214686439245995 -0.40175946161905385 -0.40214686439245995 -0.40333762514317051 -0.40511833132465525 -0.40776257749249667 -0.40993562673274425 -0.41228674997135528 -0.42160936360656054 -0.43062412893372565 -0.43942265804374164 -0.45059411062707588 -0.45731829572331217 -0.45412985094584568 -0.44697083693505357 -0.4026632314146546 -0.3238957350471689 -0.0423452535849239 -0.2981074378602997 -0.30468593519060522 -0.30575946304561863 -0.29916079793832545 -0.042789188188821881 -0.32496928447323031 -0.40387837206040039 -0.44826421466686295 -0.45544027417888749 -0.45864654668601895 -0.45191667254191781 -0.44065753786324141 -0.43174769909958938 -0.42265214634203307 -0.41328570824317012 -0.41091981016720974 -0.408738901632825 -0.40608211108885717 -0.40429248259932593 -0.4030961307221001 -0.40270689924071318 -0.4030961307221001 -0.40429248259932593 -0.40608211108885717 -0.408738901632825 -0.41091981016720974 -0.41328570824317012 -0.42265214634203307 -0.43174769909958938 -0.44065753786324141 -0.45191667254191781 -0.45864654668601895 -0.45544027417888749 -0.44826421466686295 -0.40387837206040039 -0.32496928447323031 -0.042789188188821881 -0.29916079793832545 -0.30575946304561863 -0.3069749348532656 -0.30036897890196396 -0.04340730692353123 -0.32623380813151132 -0.40529503446423876 -0.44974412303971073 -0.45692475723374842 -0.46012584367306086 -0.45336657625116128 -0.44206179149043912 -0.43312273260952699 -0.42398666513605249 -0.41451913218531555 -0.41210906996573865 -0.4098909286981644 -0.40720342937677467 -0.40540499865554253 -0.4042031277024189 -0.40381209151654979 -0.4042031277024189 -0.40540499865554253 -0.40720342937677467 -0.4098909286981644 -0.41210906996573865 -0.41451913218531555 -0.42398666513605249 -0.43312273260952699 -0.44206179149043912 -0.45336657625116128 -0.46012584367306086 -0.45692475723374842 -0.44974412303971073 -0.40529503446423876 -0.32623380813151132 -0.04340730692353123 -0.30036897890196396 -0.3069749348532656 -0.31104042957037803 -0.30271688011593251 -0.044263654694173107 -0.3275720087748803 -0.40678803371851324 -0.45131413582439517 -0.45851056873810725 -0.46171513492541477 -0.45492753530907215 -0.44356374030746853 -0.43457790023965093 -0.42540924341116626 -0.41590425162237987 -0.41348180559549852 -0.41125856171198716 -0.40854847098471059 -0.40671829261124709 -0.4055107511209356 -0.40511786027047941 -0.4055107511209356 -0.40671829261124709 -0.40854847098471059 -0.41125856171198716 -0.41348180559549852 -0.41590425162237987 -0.42540924341116626 -0.43457790023965093 -0.44356374030746853 -0.45492753530907215 -0.46171513492541477 -0.45851056873810725 -0.45131413582439517 -0.40678803371851324 -0.3275720087748803 -0.044263654694173107 -0.30271688011593251 -0.31104042957037803 -0.3198244791560993 -0.30881241639445961 -0.047130731915244028 -0.33033054967074138 -0.40933149013636355 -0.4536479086834686 -0.46064382594160186 -0.46370175319596252 -0.45678978896559352 -0.44530548284916921 -0.43622480186877793 -0.42700145150172325 -0.4174887010875038 -0.4150773541297913 -0.41287319826104946 -0.41018149848337371 -0.40836958812844049 -0.40715917777590432 -0.4067653070146916 -0.40715917777590432 -0.40836958812844049 -0.41018149848337371 -0.41287319826104946 -0.4150773541297913 -0.4174887010875038 -0.42700145150172325 -0.43622480186877793 -0.44530548284916921 -0.45678978896559352 -0.46370175319596252 -0.46064382594160186 -0.4536479086834686 -0.40933149013636355 -0.33033054967074138 -0.047130731915244028 -0.30881241639445961 -0.3198244791560993 -0.32876957264169759 -0.3150658954889145 -0.050082955585643588 -0.33317123592000802 -0.41206991128193127 -0.45627747153174669 -0.46314274444097397 -0.46609636272091648 -0.45910213360289109 -0.44753703100063791 -0.43838542198305297 -0.42911553021176518 -0.41950302712920812 -0.41707013629636336 -0.41486020702758686 -0.41215665819675812 -0.41033339115264189 -0.40911541321231926 -0.40871881538540139 -0.40911541321231926 -0.41033339115264189 -0.41215665819675812 -0.41486020702758686 -0.41707013629636336 -0.41950302712920812 -0.42911553021176518 -0.43838542198305297 -0.44753703100063791 -0.45910213360289109 -0.46609636272091648 -0.46314274444097397 -0.45627747153174669 -0.41206991128193127 -0.33317123592000802 -0.050082955585643588 -0.3150658954889145 -0.32876957264169759 -0.33783951306936411 -0.3214234432992073 -0.05313937037724261 -0.3361516995368688 -0.41497922386904917 -0.45908176622950531 -0.46579452941434862 -0.46864640439753918 -0.46156422227870081 -0.44990410007278908 -0.44066538798940491 -0.431308918046997 -0.42159879022193542 -0.41914720199299765 -0.41693506364262173 -0.41421637229306602 -0.41238179448310969 -0.41115627400701271 -0.41075695630296027 -0.41115627400701271 -0.41238179448310969 -0.41421637229306602 -0.41693506364262173 -0.41914720199299765 -0.42159879022193542 -0.431308918046997 -0.44066538798940491 -0.44990410007278908 -0.46156422227870081 -0.46864640439753918 -0.46579452941434862 -0.45908176622950531 -0.41497922386904917 -0.3361516995368688 -0.05313937037724261 -0.3214234432992073 -0.33783951306936411 -0.34121523654472563 -0.32443955713319933 -0.054955764394235572 -0.33847104956196467 -0.41740738710613456 -0.46153928801095784 -0.46820188866476625 -0.47097628425747867 -0.46379872319868409 -0.4520259504475998 -0.4426812086741258 -0.4332304906941184 -0.42341710801622068 -0.42093211549615989 -0.41869909888381313 -0.41596682023166498 -0.41412221547238381 -0.41289011950860433 -0.41248851336061054 -0.41289011950860433 -0.41412221547238381 -0.41596682023166498 -0.41869909888381313 -0.42093211549615989 -0.42341710801622068 -0.4332304906941184 -0.4426812086741258 -0.4520259504475998 -0.46379872319868409 -0.47097628425747867 -0.46820188866476625 -0.46153928801095784 -0.41740738710613456 -0.33847104956196467 -0.054955764394235572 -0.32443955713319933 -0.34121523654472563 -0.34263635209479326 -0.32592350547719173 -0.055902094521327196 -0.34006305558713323 -0.41913867501815949 -0.46332855034257264 -0.46999745122497238 -0.47277123576309754 -0.46556133497834962 -0.45372619333660152 -0.44432536704471259 -0.43483164956182979 -0.42496977481630005 -0.42246967897904519 -0.42022874521298276 -0.41748384917615644 -0.41563026987563789 -0.41439255973058725 -0.4139891108398559 -0.41439255973058725 -0.41563026987563789 -0.41748384917615644 -0.42022874521298276 -0.42246967897904519 -0.42496977481630005 -0.43483164956182979 -0.44432536704471259 -0.45372619333660152 -0.46556133497834962 -0.47277123576309754 -0.46999745122497238 -0.46332855034257264 -0.41913867501815949 -0.34006305558713323 -0.055902094521327196 -0.32592350547719173 -0.34263635209479326 -0.34843617388092896 -0.33195667685884617 -0.05921202703210935 -0.34664643350588464 -0.42648650600590149 -0.47105067136572387 -0.4777843060002972 -0.48055972848644551 -0.47320496826582736 -0.46109070460855117 -0.45145795965703805 -0.44179911539445671 -0.43173238334504233 -0.42916286944839166 -0.4268857503264456 -0.42408045784992082 -0.42218396110513168 -0.42091934568085687 -0.42050712008340396 -0.42091934568085687 -0.42218396110513168 -0.42408045784992082 -0.4268857503264456 -0.42916286944839166 -0.43173238334504233 -0.44179911539445671 -0.45145795965703805 -0.46109070460855117 -0.47320496826582736 -0.48055972848644551 -0.4777843060002972 -0.47105067136572387 -0.42648650600590149 -0.34664643350588464 -0.05921202703210935 -0.33195667685884617 -0.34843617388092896 -0.35388475079411702 -0.33760483466859248 -0.062108460834969126 -0.35280749967867164 -0.43340751164014646 -0.47834170769736306 -0.48513589073645125 -0.48790895471854911 -0.48040551510600182 -0.46800831136922738 -0.45813884319708742 -0.44830776590291294 -0.43803049739172573 -0.43538944791942569 -0.43307446426747409 -0.43020747734463699 -0.42826713140867229 -0.42697504746856829 -0.42655385531930406 -0.42697504746856829 -0.42826713140867229 -0.43020747734463699 -0.43307446426747409 -0.43538944791942569 -0.43803049739172573 -0.44830776590291294 -0.45813884319708742 -0.46800831136922738 -0.48040551510600182 -0.48790895471854911 -0.48513589073645125 -0.47834170769736306 -0.43340751164014646 -0.35280749967867164 -0.062108460834969126 -0.33760483466859248 -0.35388475079411702 -0.35938439314142923 -0.34327827641046704 -0.065005879010383752 -0.35896309276841426 -0.44032080094497339 -0.48562325433015441 -0.49247649752231154 -0.49524609800611741 -0.48759324423227612 -0.47491256793112174 -0.46480585738156888 -0.45480207935228628 -0.44431380149214766 -0.44160114232502334 -0.43924828545141248 -0.43631960658340646 -0.43433541006322096 -0.4330158533458372 -0.43258569138924668 -0.4330158533458372 -0.43433541006322096 -0.43631960658340646 -0.43924828545141248 -0.44160114232502334 -0.44431380149214766 -0.45480207935228628 -0.46480585738156888 -0.47491256793112174 -0.48759324423227612 -0.49524609800611741 -0.49247649752231154 -0.48562325433015441 -0.44032080094497339 -0.35896309276841426 -0.065005879010383752 -0.34327827641046704 -0.35938439314142923 -0.36494262638422681 -0.3489868537514324 -0.067916324406271794 -0.36512596400002545 -0.44723947050713692 -0.49290870087727257 -0.49981977136593037 -0.50258501350890028 -0.49478217657857876 -0.48181763022498314 -0.4714732782146655 -0.46129643373096013 -0.45059676197390247 -0.44781244442313162 -0.44542172228318766 -0.442431366102011 -0.44040332653865005 -0.43905629843561461 -0.43861716546356805 -0.43905629843561461 -0.44040332653865005 -0.442431366102011 -0.44542172228318766 -0.44781244442313162 -0.45059676197390247 -0.46129643373096013 -0.4714732782146655 -0.48181763022498314 -0.49478217657857876 -0.50258501350890028 -0.49981977136593037 -0.49290870087727257 -0.44723947050713692 -0.36512596400002545 -0.067916324406271794 -0.3489868537514324 -0.36494262638422681 -0.3790688611042542 -0.36339861509910482 -0.075247605421748964 -0.3805661361902809 -0.46456178124859132 -0.51114220531321952 -0.51819305103767688 -0.52094390831592263 -0.51276388261255867 -0.49908809464122478 -0.4881480719873908 -0.47753712816581362 -0.46630747174558612 -0.46334381319584927 -0.46085845175888523 -0.4577139537024511 -0.45557633194192376 -0.45416062856463169 -0.45369906274592237 -0.45416062856463169 -0.45557633194192376 -0.4577139537024511 -0.46085845175888523 -0.46334381319584927 -0.46630747174558612 -0.47753712816581362 -0.4881480719873908 -0.49908809464122478 -0.51276388261255867 -0.52094390831592263 -0.51819305103767688 -0.51114220531321952 -0.46456178124859132 -0.3805661361902809 -0.075247605421748964 -0.36339861509910482 -0.3790688611042542 -0.38713134773650199 -0.37176298797023605 -0.079486807037079513 -0.38970405824284926 -0.47484122664959072 -0.52197823683344868 -0.52912136885555539 -0.53187003407017941 -0.52346820033112551 -0.50936908280303539 -0.49807489629244678 -0.48720636004829554 -0.47566149742208524 -0.47259076942903455 -0.47004880194299892 -0.46681191085748913 -0.46460862303777956 -0.46315178248932942 -0.46267678936240852 -0.46315178248932942 -0.46460862303777956 -0.46681191085748913 -0.47004880194299892 -0.47259076942903455 -0.47566149742208524 -0.48720636004829554 -0.49807489629244678 -0.50936908280303539 -0.52346820033112551 -0.53187003407017941 -0.52912136885555539 -0.52197823683344868 -0.47484122664959072 -0.38970405824284926 -0.079486807037079513 -0.37176298797023605 -0.38713134773650199 -0.38505607614580667 -0.37037697132345571 -0.078750642638101886 -0.38914210347129996 -0.47434146826606954 -0.52152823379295776 -0.52871358004577973 -0.53149414280007001 -0.52311417349106804 -0.5090313624906162 -0.49775281539953786 -0.48689822443410596 -0.47536713896793659 -0.47229885712304176 -0.46975750970441782 -0.46652085594284415 -0.46431782816102385 -0.46286123792078837 -0.46238637881890704 -0.46286123792078837 -0.46431782816102385 -0.46652085594284415 -0.46975750970441782 -0.47229885712304176 -0.47536713896793659 -0.48689822443410596 -0.49775281539953786 -0.5090313624906162 -0.52311417349106804 -0.53149414280007001 -0.52871358004577973 -0.52152823379295776 -0.47434146826606954 -0.38914210347129996 -0.078750642638101886 -0.37037697132345571 -0.38505607614580667 -0.38378038669775383 -0.36951900359962619 -0.07828651376921078 -0.3887833582246859 -0.47402017811114872 -0.52123687557989129 -0.52844760303840077 -0.53124731256088598 -0.52288042775132437 -0.50880735391761189 -0.49753816243492915 -0.48669192313211301 -0.47516911122321931 -0.47210228055678582 -0.46956128266316538 -0.4663247522519155 -0.46412186759859453 -0.46266542056414955 -0.46219064011741495 -0.46266542056414955 -0.46412186759859453 -0.4663247522519155 -0.46956128266316538 -0.47210228055678582 -0.47516911122321931 -0.48669192313211301 -0.49753816243492915 -0.50880735391761189 -0.52288042775132437 -0.53124731256088598 -0.52844760303840077 -0.52123687557989129 -0.47402017811114872 -0.3887833582246859 -0.07828651376921078 -0.36951900359962619 -0.38378038669775383 
end_dependent_variable

end_regular_table
