# ****************************************************************************
# CUI
#
# The Advanced Framework for Simulation, Integration, and Modeling (AFSIM)
#
# The use, dissemination or disclosure of data in this file is subject to
# limitation or restriction. See accompanying README and LICENSE for details.
# ****************************************************************************

# ##################################################################################################
# 
# This file was auto-generated by AFSIM Mover Creator 2.5.0.200324
# 
# Creation Date:  24 Mar 2020
# 
# ##################################################################################################

regular_table

independent_variable mach precision double
0.10000000000000001 0.5 0.70000000000000007 0.75 0.80000000000000004 0.84999999999999998 0.90000000000000002 0.92000000000000004 0.94000000000000006 0.95999999999999996 0.97999999999999998 1 1.02 1.04 1.0600000000000001 1.0800000000000001 1.1000000000000001 1.2 1.3 1.4000000000000001 1.5 1.75 2 
end_independent_variable

independent_variable surface_angle units deg
-20 -16 -14 -12 -10 -9 -8 -7 -6 -5 -4 -3 -2 -1 0 1 2 3 4 5 6 7 8 9 10 12 14 16 18 20 
end_independent_variable

dependent_variable precision double
-0.21466698363231046 -0.19970001775581672 -0.18532866248537727 -0.15919233228298726 -0.18325557553946073 -0.1684871888035927 -0.047578282474640486 -0.036458348560087443 -0.02680880954221853 -0.018632407236428953 -0.011934197958514511 -0.0067186133595943335 -0.0029893822081356203 -0.00074924307285502 0 -0.00074709804163318255 -0.0029820501288146889 -0.0067032116560531967 -0.011908073024544597 -0.018593197611075547 -0.026754495084402238 -0.036387280719928083 -0.047486466367662315 -0.16837347404506472 -0.18312172255478287 -0.15901908043531895 -0.18511372856895025 -0.19943125632754105 -0.2109087167925677 -0.21418752024473825 -0.21466836044728854 -0.19970118008534793 -0.18532969770139593 -0.1591932286267492 -0.18325634644421482 -0.16848788122989303 -0.04757886367661731 -0.036458856381547063 -0.026809245992566583 -0.01863277162725795 -0.011934490661936609 -0.0067188341151310218 -0.0029895307832168028 -0.00074931924886480412 0 -0.00074702564256178417 -0.0029819055539391862 -0.0067029950681726574 -0.011907784358539394 -0.018592837015790543 -0.026754063062188842 -0.036386777140547041 -0.047485891826493078 -0.16837278731208036 -0.18312095585489616 -0.15901818855690286 -0.1851126986369242 -0.19943010196120994 -0.21090744893202895 -0.21418614886259763 -0.21466846024776881 -0.19970126038715122 -0.18532977123075797 -0.15919329196023818 -0.18325640162844756 -0.16848793046033128 -0.047578905018277863 -0.036458892253158917 -0.026809277547677427 -0.018632798270488332 -0.011934511611851004 -0.0067188500043200922 -0.0029895412860824122 -0.00074932468170228511 0 -0.00074702045624860654 -0.0029818952650380657 -0.0067029794394620947 -0.011907764115638092 -0.018592811042362035 -0.026754031879190145 -0.036386741789892194 -0.047485851415112905 -0.16837273826769816 -0.18312090201026712 -0.15901812537225871 -0.18511262540525183 -0.19943001942673366 -0.21090735947626657 -0.21418605092267809 -0.21466847319727186 -0.19970127292733089 -0.18532978272902362 -0.15919330118861966 -0.18325640988933742 -0.16848793872122114 -0.047578912237253697 -0.03645889880233287 -0.026809282180473775 -0.018632802419538876 -0.011934514988768822 -0.0067188524416547163 -0.0029895431326889873 -0.00074932557477146004 0 -0.00074701967713877932 -0.0029818935068081274 -0.0067029768811910206 -0.011907760589875412 -0.01859280757241618 -0.026754026874281644 -0.036386735463985541 -0.047485844382193151 -0.16837273084406063 -0.18312089306096976 -0.15901811562292023 -0.18511261230690393 -0.19943000651444184 -0.21090734418245694 -0.21418603443810957 -0.21466848852829273 -0.19970128918863214 -0.18532979497151358 -0.15919331227756192 -0.18325641967588716 -0.16848794579135215 -0.047578917595668756 -0.036458903974691849 -0.026809287073748633 -0.018632806084843617 -0.011934518458714681 -0.0067188548603837328 -0.0029895447467254655 -0.000749326491097645 0 -0.00074701891198315827 -0.0029818917392753857 -0.0067029746020040642 -0.011907757492041713 -0.018592803134978717 -0.0267540224647526 -0.036386730291626576 -0.047485838353976233 -0.16837272289946612 -0.18312088452099581 -0.15901810639453878 -0.18511260114353928 -0.19942999382541735 -0.21090732888864736 -0.21418602040948131 -0.21995331415716363 -0.20327280227717351 -0.18820687938700092 -0.1614278008246304 -0.1848937395460919 -0.16984733682238329 -0.048677444013759091 -0.037317349527554271 -0.02745285372696633 -0.019088203193133486 -0.012231262451358228 -0.006888941763923977 -0.0030670194511918862 -0.00076977767752511536 0 -0.00076617511322140124 -0.0030550888703123752 -0.0068641994033677642 -0.012189581210549062 -0.01902591040881452 -0.027366807479449164 -0.037204986243166531 -0.048532546907734522 -0.1696679745954198 -0.18468276771245404 -0.1611550909886873 -0.18786883432193263 -0.20285057584187027 -0.21506084656272867 -0.21920255745299347 -0.23052295990764554 -0.21041582290978519 -0.19396104256187091 -0.16589677040210182 -0.18816837586306961 -0.17256611432607172 -0.050874491770608855 -0.039034234791118283 -0.028739984707700762 -0.019998994637477667 -0.012824748194669583 -0.0072291137662605096 -0.0032219676647144268 -0.00081067963640528266 0 -0.00080448786222733304 -0.0032014832812312178 -0.0071866506712970658 -0.012753231438404934 -0.019892127914777773 -0.028592382141638648 -0.038841503318605426 -0.050625970490002649 -0.17225848369924879 -0.18780653984450338 -0.16542907186130612 -0.19338130626040176 -0.20969174564251458 -0.22336789374405791 -0.22923564288943862 -0.23480672081056847 -0.21331136271884929 -0.19629292708979609 -0.16770748213089479 -0.18949548339231145 -0.1736675444729987 -0.051763841907848843 -0.039728715931986326 -0.029260265338169375 -0.020367001976146906 -0.013064501433749537 -0.0073665192312715498 -0.0032845470591189316 -0.00082719168168830001 0 -0.00081964070367033951 -0.0032593479476359828 -0.0073140585617952093 -0.012975879738461094 -0.020234229820995819 -0.029076417120548589 -0.039488026763853247 -0.05145323667598687 -0.1732822659765266 -0.18904103650962376 -0.16711609865939742 -0.19555468523933783 -0.21238627132807841 -0.22663676235238289 -0.23318072420164443 -0.23909156185088956 -0.21620737637553319 -0.19862509988556645 -0.1695183582886074 -0.19082267772043487 -0.17476903420252413 -0.05265322968795455 -0.040423222190424921 -0.029780561597348553 -0.020735018290161351 -0.013304259755881547 -0.0075039269996568375 -0.0033471272684490591 -0.00084370396140197594 0 -0.00083479361488437531 -0.0033172130066190728 -0.0074414680895868402 -0.013198532388508358 -0.020576339705298492 -0.029560466812773186 -0.040134574359180004 -0.052280541710480209 -0.17430610718148548 -0.19027561541153068 -0.16880328774304229 -0.19772835078928769 -0.21508125968301287 -0.22990635674314186 -0.23712687797085349 -0.24337753688067998 -0.21910388741220951 -0.20095757983759499 -0.17132940767197091 -0.19214996409422119 -0.17587058583662785 -0.053542660290727191 -0.041117755732126796 -0.030300874021079789 -0.021103043311600247 -0.013544022401956807 -0.00764133688163917 -0.0034097084601552776 -0.00086021624111565144 0 -0.0008499469726329982 -0.0033750794349748964 -0.0075688803933351544 -0.013421190203472348 -0.020918459666398354 -0.030044535304103906 -0.040781150458297916 -0.05310789028209581 -0.17533001035056056 -0.19151028650794535 -0.17049065496421853 -0.19990232072698128 -0.21777675089543069 -0.23317671929246714 -0.24107415929943385 -0.2432106558908162 -0.21899089064408697 -0.20086561516111734 -0.17125745883395493 -0.1920974465511229 -0.17582654127988487 -0.053506325376904473 -0.041088841858478206 -0.030278824046400511 -0.021087284789712491 -0.013533704572837766 -0.0076354066753289247 -0.0034069979505557718 -0.00085949357233010347 0 -0.0008489556146833553 -0.003371257381711245 -0.0075604174130757106 -0.013406337041624089 -0.020895576175373586 -0.030012175217911705 -0.040738141355725378 -0.05305313257172125 -0.17526236373933463 -0.19142872142851194 -0.17037717775464886 -0.19975368335422389 -0.21758991052396159 -0.23294730271138134 -0.2407946703093439 -0.24304932297412613 -0.2188813804180236 -0.20077637285717476 -0.17118756292382045 -0.19204640138140444 -0.17578370622161008 -0.053470958073763883 -0.041060679785345604 -0.030257333237216178 -0.021071919367106593 -0.013523642139176039 -0.0076296218755648538 -0.0034043540192632608 -0.00085878834258075768 0 -0.00084798081014298278 -0.0033674981707485403 -0.0075520934241488655 -0.013391727263452741 -0.020873066537989954 -0.02998034969315868 -0.040695850608228223 -0.052999299589823919 -0.1751958702292585 -0.19134856308187403 -0.17026567291812111 -0.19960766755626069 -0.21740643574321636 -0.23272212704788678 -0.24052049490223126 -0.2428934444029997 -0.21877530761521466 -0.20068980237805187 -0.1711196824326621 -0.19199679699274369 -0.17574205608007437 -0.053436542707941369 -0.041033254911047957 -0.030236392015359877 -0.021056940412743919 -0.013513829999313961 -0.0076239805510848625 -0.0034017753769091225 -0.00085810023929340279 0 -0.00084702190037336397 -0.0033638003899211476 -0.0075439050105650246 -0.013377355521706616 -0.020850924357639484 -0.02994904618222291 -0.040654263770412535 -0.052946374769970619 -0.17513050854295897 -0.19126978369358016 -0.17015609932879971 -0.19946421894517888 -0.21722626488676838 -0.23250111438169785 -0.24025154613781166 -0.24274293502329114 -0.21867259989705695 -0.20060585591477886 -0.171053781459099 -0.19194860866945124 -0.17570156740476967 -0.053403056788978213 -0.041006552008755845 -0.030215988480684849 -0.021042340075057966 -0.01350426448050455 -0.0076184797584817948 -0.0033992596996529406 -0.00085742893873046264 0 -0.00084607905282496892 -0.0033601629768488608 -0.0075358497833641425 -0.013363217555701525 -0.020829143431212529 -0.029918256870749109 -0.040613365741967014 -0.052894337318534046 -0.17506625746260096 -0.19119235763254505 -0.17004842764936229 -0.19932329641002738 -0.21704934015815758 -0.23228420060533231 -0.23998773874286336 -0.24259769832399167 -0.21857320757913551 -0.20052448725102601 -0.17098982253887934 -0.1919018066872081 -0.17566222014629301 -0.053370484293724992 -0.040980557377299678 -0.030196112690354292 -0.021028111886739476 -0.013494939565694244 -0.0076131167999425216 -0.0033968071009889242 -0.00085677426227810259 0 -0.00084515128233086446 -0.003356584590067358 -0.0075279252977693565 -0.013349308587517384 -0.020807716595550092 -0.02988797032745185 -0.040573144213421536 -0.052843172358470213 -0.17500309580756054 -0.19111626034680868 -0.16994261806380817 -0.19918485367493857 -0.21687560572567607 -0.23207131251688681 -0.23972899006383433 -0.24245765553640009 -0.21847706778938042 -0.20044565258175026 -0.1709277714228003 -0.19185636737968115 -0.17562399193326164 -0.053338808365501027 -0.04095525733039436 -0.030176754418726151 -0.021014247274324365 -0.013485851090948015 -0.0076078882706408129 -0.0033944156105832064 -0.00085613545640920649 0 -0.00084423912194171453 -0.0033530642527822294 -0.0075201286847959431 -0.013335624910917122 -0.020786636873549244 -0.029858177219758263 -0.040533587172995711 -0.052792862497256954 -0.17494100339447438 -0.19104146417355339 -0.16983864141342883 -0.19904884800655245 -0.21670500510269858 -0.23186238751221225 -0.23947521851885542 -0.24232271809782302 -0.21838412508308025 -0.20036929756369223 -0.17086758978330965 -0.1918122651753229 -0.17558686272371471 -0.053308010755926144 -0.040930640540945827 -0.030157903901577434 -0.021000739186287261 -0.013476993303411922 -0.0076027919565093346 -0.0033920842721075436 -0.00085551260670956952 0 -0.0008433413762472166 -0.0033496009063343885 -0.0075124581769111546 -0.01332216059815408 -0.020765896450854689 -0.029828869309105183 -0.04049468085998198 -0.052743392552718246 -0.17487995880456669 -0.19096794689768332 -0.16973645739103538 -0.19891523195312669 -0.21653748151979443 -0.23165735475603844 -0.2392263447884993 -0.24172181538710508 -0.21796548588338555 -0.20002329212653278 -0.17059357100564576 -0.19161093638634108 -0.17541695947612915 -0.053166628602723802 -0.040817317616518356 -0.030070923801392965 -0.020938319381483762 -0.013436026806329656 -0.0075792070415123007 -0.0033812891682157868 -0.00085262525359865214 0 -0.0008390662866664283 -0.0033330984857322921 -0.0074759023810336165 -0.013257996815307935 -0.020667068374037992 -0.029689259079568424 -0.040309472490565455 -0.052508074034682703 -0.17458977871221151 -0.19061871420621526 -0.16925135144357079 -0.19828156967893235 -0.21574426298584215 -0.23068839315795422 -0.23805273356091736 -0.24123691804571534 -0.21761894058590989 -0.19973312062996845 -0.17036145317311091 -0.19143944879682795 -0.175271537896626 -0.053044826767915491 -0.040719166560558732 -0.029995232728170843 -0.020883837715070068 -0.013400206936663515 -0.0075585613101981476 -0.0033718280957069527 -0.00085008940228192061 0 -0.00083512103730093055 -0.00331785826956416 -0.0074421350634156832 -0.013198727535286454 -0.02057580096503981 -0.02956041491056963 -0.040138751414882948 -0.052291457017761792 -0.17432298542234143 -0.19029803509452167 -0.16880648034626691 -0.19770166495950131 -0.21502053676917976 -0.22980763494155698 -0.23699044935979052 -0.2408592649162023 -0.21733861502815474 -0.19949405963113273 -0.1701675750741998 -0.19129512971122126 -0.17514837948974085 -0.052940813457046453 -0.040634785514940729 -0.029929781437264106 -0.020836553516404774 -0.013369051939410416 -0.0075405762180123185 -0.0033635763132834635 -0.00084787174406998893 0 -0.00083147442654642244 -0.0033037615912633661 -0.0074108938663815932 -0.013143892492563579 -0.020491386671200651 -0.029441337867025366 -0.039981180336267332 -0.052091827516152642 -0.17407746377503786 -0.19000335322651149 -0.16839833002076499 -0.19717098933873689 -0.2143606684219598 -0.22900821895406495 -0.23603118009261745 -0.2405809690814146 -0.21711919455545994 -0.19930183601729071 -0.17000862900395566 -0.19117555344200818 -0.17504547272879084 -0.052852969089167909 -0.040562907772673309 -0.029873619926337889 -0.020795795309101965 -0.013342123317605455 -0.0075250033800905274 -0.0033564178335862217 -0.00084594219369502565 0 -0.00082809804363977548 -0.0032907005010933861 -0.0073819417916990418 -0.01309307814029448 -0.020413190520337115 -0.029331123381495044 -0.039835552606629597 -0.051907639738747041 -0.17385130081612807 -0.18973236258594145 -0.1680237425744624 -0.19668544809447197 -0.21375956767315232 -0.22828394908154226 -0.23516741594070589 -0.24027482720090637 -0.21680677495681985 -0.19900182375427611 -0.1697451758300112 -0.19097103753101377 -0.17486534132739481 -0.052694811561794071 -0.040430675206196622 -0.029768440006647839 -0.020718612363823045 -0.013290793515577534 -0.0074951893355064596 -0.0033426612890532408 -0.00084220752492444471 0 -0.0008206784063284812 -0.0032619600000800687 -0.0073182153522701257 -0.01298125192538184 -0.020241239911667954 -0.029089188244181375 -0.039516830637427329 -0.051505900384740136 -0.17335963748964067 -0.18914531630861345 -0.16721601676435335 -0.19564569230750814 -0.21248485692172961 -0.22676667869557965 -0.23338307898570565 -0.23990198421639225 -0.2164733339982495 -0.198697756585095 -0.16948655341607902 -0.19077219186505617 -0.1746932114536944 -0.052547582224224669 -0.040310063702359296 -0.029674152367939147 -0.020650102515653714 -0.013245458719470747 -0.0074689365903136806 -0.0033305865054103836 -0.00083895616007378937 0 -0.00081528015202090806 -0.0032411078581528487 -0.0072720542811204082 -0.01290035855676502 -0.020116975940961054 -0.028914377488451323 -0.039286318413029812 -0.051215092501966195 -0.17300376719176888 -0.18872068842890433 -0.16663565483071593 -0.1949037442050893 -0.21158147465834515 -0.22569911366478754 -0.23213646046940606 
end_dependent_variable

end_regular_table
