# ****************************************************************************
# CUI
#
# The Advanced Framework for Simulation, Integration, and Modeling (AFSIM)
#
# The use, dissemination or disclosure of data in this file is subject to
# limitation or restriction. See accompanying README and LICENSE for details.
# ****************************************************************************

# ##################################################################################################
# 
# This file was auto-generated by AFSIM Mover Creator 2.5.0.200324
# 
# Creation Date:  24 Mar 2020
# 
# ##################################################################################################

regular_table

independent_variable mach precision double
0.10000000000000001 0.5 0.70000000000000007 0.75 0.80000000000000004 0.84999999999999998 0.90000000000000002 0.92000000000000004 0.94000000000000006 0.95999999999999996 0.97999999999999998 1 1.02 1.04 1.0600000000000001 1.0800000000000001 1.1000000000000001 1.2 1.3 1.4000000000000001 1.5 1.75 2 
end_independent_variable

independent_variable surface_angle units deg
-20 -16 -14 -12 -10 -9 -8 -7 -6 -5 -4 -3 -2 -1 0 1 2 3 4 5 6 7 8 9 10 12 14 16 18 20 
end_independent_variable

dependent_variable precision double
-0.76232282794748929 -0.68293030561633516 -0.62542783904419164 -0.53425634627077856 -0.58497145574406251 -0.53773245270493508 -0.1908794316115871 -0.15457705628051635 -0.12180971740897073 -0.091747365229702338 -0.065046267458284901 -0.042336794478722607 -0.023884596303496704 -0.0097872821839645446 0 0.0055606563229543644 0.0070173400309259514 0.0044246859982059895 -0.0023002213594270145 -0.013402998838354954 -0.029489722792054425 -0.051189299026899455 -0.077648735963479182 -0.41379109512544854 -0.44992510455309603 -0.36458678102613012 -0.42095101858064521 -0.44448508311192519 -0.45926013072981237 -0.44905030254992756 -0.76233391971779763 -0.68293944379782312 -0.62543591484547367 -0.53426344579860741 -0.58497734657718548 -0.53773698532868774 -0.19088346940059445 -0.15458054605995122 -0.12181290365651973 -0.091750153168399309 -0.065048621458390882 -0.042338590887368063 -0.023885794467428577 -0.0097878935223746286 0 0.0055612179657859818 0.0070184569627741193 0.0044263440555517598 -0.0022979841095100567 -0.013400061459416033 -0.029486053952249982 -0.051184804991177335 -0.077643648036755705 -0.41378472516071318 -0.44991883721689335 -0.36457974773426499 -0.42094277525447044 -0.44447592907845929 -0.45925032259759818 -0.44903971945693683 -0.76233471350744919 -0.68294009596158811 -0.62543649191700545 -0.53426395306189878 -0.58497776617085284 -0.53773730947558696 -0.19088375860616225 -0.15458079451923792 -0.1218131317612715 -0.091750352211191669 -0.065048789429818205 -0.042338719359090005 -0.023885880025316098 -0.0097879371943875634 0 0.0055612581445960508 0.0070185366505923765 0.0044264623872174438 -0.0022978241943109128 -0.013399851439315049 -0.029485791389912537 -0.05118448370954163 -0.077643284297122972 -0.41378426991870115 -0.44991838975202542 -0.3645792457549662 -0.42094218575439246 -0.44447527557509042 -0.45924962391981355 -0.44903896429252688 -0.76233484534678619 -0.68294020476718253 -0.62543658743819597 -0.53426403838721614 -0.58497783636981115 -0.53773736385977855 -0.19088380672026403 -0.15458083667954522 -0.12181316943762731 -0.091750385040786656 -0.065048817328927117 -0.04233874052296889 -0.023885894333028505 -0.0097879444203404966 0 0.0055612647240041134 0.0070185499908131778 0.0044264824347598607 -0.0022977976348057612 -0.013399816702645263 -0.029485748541197745 -0.051184430646348152 -0.0776432236428415 -0.41378419387758203 -0.4499183155156502 -0.36457916314606753 -0.42094208833543001 -0.44447516829515576 -0.45924950748591986 -0.44903883885351903 -0.76233496170625759 -0.68294030173961062 -0.62543667127506486 -0.53426411143283259 -0.58497789860556937 -0.53773741076451598 -0.19088384873172651 -0.15458087284884683 -0.1218132026858485 -0.091750414149260093 -0.065048841934843463 -0.04233875949138606 -0.023885906696454903 -0.0097879508602065034 0 0.0055612707638495506 0.0070185616565292775 0.0044264995984330683 -0.0022977742568595456 -0.013399785984786769 -0.029485709711294245 -0.05118438402069498 -0.07764317180761815 -0.41378412706484446 -0.44991824946574255 -0.36457908738403255 -0.42094200059138359 -0.44447506935053349 -0.45924940444806389 -0.4490387278524629 -0.77726282681880909 -0.6930286396914066 -0.63356348251008776 -0.54057580243704051 -0.58960278853491999 -0.54157723552797532 -0.19398681759878031 -0.15700569507072137 -0.12363106744847729 -0.093036762624643957 -0.065887049507589723 -0.042819201040880571 -0.024104748702197223 -0.0098457191653775668 0 0.0055071629817762336 0.0068118095886973741 0.003971100397012318 -0.0030938227130628123 -0.014623154654480417 -0.031216603713753718 -0.053495657799569787 -0.080599743733390461 -0.41744273945969951 -0.45433000798995105 -0.37061531254082347 -0.42872737726612942 -0.45413700078233038 -0.47098162439351754 -0.46320868303723134 -0.80711861862847434 -0.71320534588492834 -0.6498171210553787 -0.55319918630601739 -0.59885256504461204 -0.54925688548282325 -0.20019275166758324 -0.16185533119776382 -0.12726678750348058 -0.095609447379435789 -0.067563450931446528 -0.043780073655609611 -0.024542424480700414 -0.0099612515057327065 0 0.0053989419568837094 0.0063982926849352082 0.0030602809233199707 -0.0046859500363353153 -0.017069932758754434 -0.034678445842385802 -0.058118274867870197 -0.086512969003074883 -0.42476006466387511 -0.46315363194619058 -0.38268789621940225 -0.44429829136807264 -0.47346105200909777 -0.49444629123562905 -0.49154885288057487 -0.81822150220029921 -0.72103949095372255 -0.6562802117548403 -0.55832554974440773 -0.60282433489558074 -0.55261717229115548 -0.20269987874646342 -0.1638262368079367 -0.12875394311311725 -0.096668853021392276 -0.068258937340746895 -0.04418254032887374 -0.024728549821916263 -0.010012194213438698 0 0.0053579444861158393 0.0062343083314503698 0.0026925426626720323 -0.0053359195378396311 -0.018077382348808534 -0.036114787572335813 -0.06005036616603885 -0.089001281644801034 -0.42813410315230416 -0.46719006508847943 -0.38802347943483284 -0.45119109630737469 -0.48202073982702526 -0.50486195989321847 -0.50413953840596726 -0.82929990385844765 -0.7288599475642753 -0.66273337779144492 -0.56344489273624454 -0.60679121542352599 -0.55597337353127951 -0.20520357771977754 -0.16579424391744876 -0.13023863782598882 -0.097726169320571682 -0.068952671622748402 -0.044583596991034334 -0.024913646293486278 -0.010062565728984863 0 0.0053162162587047056 0.006068689185071769 0.0023220659468016543 -0.0059899535348407534 -0.019090460831075486 -0.037558576784749775 -0.061991986400670829 -0.091501465691340766 -0.43152262187177848 -0.47124385479203224 -0.39338293921188405 -0.45811528595992723 -0.49062036647245089 -0.51532745030506366 -0.51679190044957335 -0.84035371500570777 -0.73666663694788503 -0.66917656634015055 -0.56855716946707913 -0.61075316976701743 -0.55932546089290225 -0.20770382581426156 -0.16775933292343151 -0.13172085632595892 -0.098781384064252978 -0.069644645538887884 -0.044983236865928998 -0.025097709580770001 -0.010112363909005178 0 0.0052737545926519408 0.0059014309367406348 0.001948844300957318 -0.0066480594509761961 -0.020109180027558488 -0.039009829912100481 -0.063943152428446795 -0.094013542085166213 -0.43492564772600689 -0.47531503195704211 -0.39876631636381704 -0.46507090980176241 -0.49926000839209583 -0.52584284896491384 -0.52950604725137684 -0.83884987585173754 -0.73598421634155509 -0.66878026872454754 -0.56835701221368329 -0.61082230357657152 -0.55944560782587593 -0.2075925216875886 -0.16768389534789471 -0.13167365638464917 -0.098754763112221033 -0.069632122290325726 -0.044979532876410273 -0.025098481345103164 -0.010114112427746411 0 0.0052777058758160513 0.0059102297147309909 0.0019624465222065832 -0.0066308026939137753 -0.02009070154070134 -0.038994188088306049 -0.063936060298207573 -0.09402101597270876 -0.43522963678140419 -0.47564941218623275 -0.39903701983055162 -0.46543194724531467 -0.49971476415764216 -0.52641849602170665 -0.53021388930992419 -0.83735779175055203 -0.73530987012248117 -0.66839055731549624 -0.56816203342189864 -0.61089529148568822 -0.55956898135824085 -0.20748385336527872 -0.16761054253815549 -0.13162804497524994 -0.098729291272296557 -0.069620369641385696 -0.04497629302238404 -0.025099485244162757 -0.010115936877833687 0 0.0052816470561351221 0.0059189324282470932 0.0019757929386751637 -0.0066140330986440609 -0.020073008098860212 -0.038979693530942765 -0.06393053364380967 -0.094030527442227493 -0.43553618309573061 -0.47598691375172797 -0.39931208352891928 -0.46579870878597496 -0.50017673687472952 -0.52700303527896797 -0.53093258058119208 -0.83587724912465777 -0.73464346834909788 -0.66800731829133009 -0.56797214753569802 -0.61097206698304052 -0.55969553192465782 -0.20737777786837774 -0.16753924102644652 -0.13158399584152744 -0.098704948539729984 -0.06960937710966833 -0.044973510471871092 -0.025100716779112804 -0.010117835900127353 0 0.0052855777791723209 0.0059275395796403512 0.0019888851690509383 -0.0065977468696230574 -0.020056093796615177 -0.038966337153031765 -0.063926562060997158 -0.094042062963724374 -0.43584526858433531 -0.47632751412585767 -0.39959147463862765 -0.46617114700177009 -0.50064587345039524 -0.52759639546977721 -0.53166205314726944 -0.83440797402508515 -0.73398481898176371 -0.66763040716834099 -0.56778724476711084 -0.61105255260231972 -0.55982518706744755 -0.20727423956611837 -0.16746994758077741 -0.1315414757315394 -0.098681710980267415 -0.069599126725877591 -0.044971174909922446 -0.025102170535721429 -0.01011980783779803 0 0.005289497828172317 0.0059360516191664728 0.0020017260078962003 -0.006581938082825237 -0.020039947950626233 -0.038954102157430309 -0.063924120112183028 -0.094055586978161743 -0.43615685191299985 -0.47667116392933867 -0.39987512759351479 -0.46654918624974079 -0.50112207310178292 -0.52819846037606588 -0.53240215567758464 -0.8329496909102253 -0.73333374486532354 -0.66725967782552775 -0.56760721068420694 -0.61113666211769735 -0.55995788183071238 -0.20717318263423495 -0.16740261663229364 -0.13150045162405311 -0.098659555206659866 -0.069589603006426692 -0.044969275444815313 -0.025103841298836777 -0.010121850567945874 0 0.0052934069714952944 0.0059444695217593102 0.0020143183316379183 -0.0065665988457517688 -0.020024559371480847 -0.038942970898579968 -0.063923186274400218 -0.094071074472160496 -0.43647089754501356 -0.47701782025019729 -0.40016297641065335 -0.46693273740158359 -0.50160523208402363 -0.52880910456626851 -0.53315274840681204 -0.83150213534229545 -0.73269007015445697 -0.66689498955984183 -0.56743193722561636 -0.61122431818938272 -0.56009354843050196 -0.20707455360021068 -0.16733720747936751 -0.13146088969407357 -0.098638455956213081 -0.069580789775600199 -0.044967804295684512 -0.02510572520035298 -0.010123962332340947 0 0.0052973048212143319 0.0059527943925919676 0.0020266660362903682 -0.0065517235655569439 -0.020009916996284616 -0.038932927189601951 -0.063923736792008662 -0.094088490638349551 -0.43678736535924373 -0.47736743571111384 -0.40045496353173499 -0.46732172686839857 -0.50209525189158732 -0.52942821466525347 -0.53391368630051761 -0.83006504676836335 -0.73205362388595452 -0.6665362058954285 -0.56726131964920889 -0.61131544298639706 -0.56023212358542263 -0.20697830026415215 -0.16727367777563559 -0.13142275951771082 -0.098618391932948288 -0.069572670388821339 -0.044966749499124187 -0.02510781560737084 -0.010126141300191432 0 0.0053011911959247498 0.0059610257925720974 0.0020387709489242357 -0.0065373056186443781 -0.019996009125831334 -0.038923955223171831 -0.063925747686100973 -0.094107808215792288 -0.43710621987851717 -0.47771996513023007 -0.40075102627818793 -0.46771607040399327 -0.50259204096999888 -0.53005567283254262 -0.53468484019112938 -0.82302787079659756 -0.72897396377086088 -0.6648261874035396 -0.56647444927421964 -0.61182045682258668 -0.56096641834549044 -0.20653088179866028 -0.16698281954608687 -0.13125251548981259 -0.098532814602564786 -0.069541973573266205 -0.04496741967311757 -0.025121211365911333 -0.010137988820986269 0 0.0053204447626343729 0.0060008264994800796 0.0020957772660787641 -0.0064718485972104388 -0.019937118283872748 -0.038894605323383041 -0.063956964100465447 -0.094231919825176813 -0.43873504867027352 -0.4795248155492785 -0.40229037143638385 -0.46976546723880619 -0.50517418199705266 -0.53331422460156686 -0.53868898460345305 -0.81621626147401138 -0.72605095282651599 -0.66324457209053334 -0.56578911840848478 -0.61240132568461469 -0.56176437074144958 -0.20613551036277192 -0.16673317002142299 -0.13111366139217734 -0.098469914103277878 -0.069526488665446945 -0.044977209106695885 -0.025139110574611507 -0.01015128117420995 0 0.0053393849969542388 0.0060384394659934943 0.0021471867745305523 -0.006416884450174961 -0.019895034929364747 -0.038889712011317287 -0.064021527941090783 -0.094399407469488911 -0.44041834400208452 -0.48139621733440124 -0.40392293426199455 -0.47193766480629973 -0.50791180941878933 -0.53676503295357025 -0.54292868977882613 -0.8096031708610365 -0.72326662078940296 -0.66177699173856519 -0.56519423610034258 -0.61304993391798668 -0.56261922838890144 -0.20578670102330396 -0.16652040395599574 -0.13100290890689148 -0.098427312322113783 -0.069524607284990603 -0.044995136112174115 -0.025161010435525828 -0.010165842671759306 0 0.0053579957259597523 0.0060739691626002 0.0021933551204729252 -0.0063716841167958272 -0.019868549474532256 -0.03890749052543957 -0.064116988254048629 -0.094607077198457901 -0.44215211932478649 -0.48332934195825872 -0.40564207299956545 -0.47422415051994266 -0.51079443823098214 -0.54039550777143586 -0.547388899389605 -0.80316421482018718 -0.72060474863023549 -0.66041048523469925 -0.56467978479285752 -0.61375895277378589 -0.5635248956441925 -0.2054795064002945 -0.16634062198652003 -0.13091729661657092 -0.098402866116319918 -0.06953488422270479 -0.045020321239682227 -0.025186460925515363 -0.010181518017277338 0 0.0053762669444853165 0.0061075200783936735 0.0022346184328166144 -0.0063355725484104085 -0.019856544689837389 -0.038946286231835985 -0.064241079099574841 -0.094851992377369201 -0.44393270021689291 -0.48531972999155953 -0.40744168887970089 -0.47661708680465564 -0.51381242663555116 -0.54419404719351194 -0.55205571727942726 -0.78768957543586693 -0.71439332060452987 -0.65736241837195086 -0.56368840358620487 -0.61575397395693843 -0.56597656728379964 -0.20486534672887036 -0.16601323966504952 -0.13079636742198023 -0.098408988570654568 -0.069605551437613947 -0.045110053434860221 -0.025263093982055403 -0.01022470887756745 0 0.0054204254242952044 0.0061833918864900844 0.0023183365513254669 -0.0062810237901749395 -0.019883254202701952 -0.039125492934523776 -0.064663270947053181 -0.095609965303740441 -0.44856739452012501 -0.49052014398719324 -0.41225705628660048 -0.48301925375391114 -0.52189307691105791 -0.55435766615093407 -0.56454528931933079 -0.77761086261152668 -0.71014047179520789 -0.65511572927198214 -0.56277415825264332 -0.61672141132781388 -0.56725923946783319 -0.204346827695955 -0.16570163322449888 -0.13063948214606858 -0.098354978258709189 -0.069612302994062736 -0.045145299479673037 -0.025302248506901274 -0.010250047680418992 0 0.0054524942127189757 0.0062454777764501812 0.0024013844958409333 -0.0061941889997874852 -0.019819172721761969 -0.039122570458676717 -0.064771915323945856 -0.095882457826184306 -0.45112549665535123 -0.49337483253486769 -0.41478978874529471 -0.48640835787278747 -0.52618894393225812 -0.55979444039258475 -0.57124929839312921 
end_dependent_variable

end_regular_table
