# ****************************************************************************
# CUI
#
# The Advanced Framework for Simulation, Integration, and Modeling (AFSIM)
#
# The use, dissemination or disclosure of data in this file is subject to
# limitation or restriction. See accompanying README and LICENSE for details.
# ****************************************************************************

# ##################################################################################################
# 
# This file was auto-generated by AFSIM Mover Creator 2.5.0.200324
# 
# Creation Date:  24 Mar 2020
# 
# ##################################################################################################

regular_table

independent_variable mach precision double
0.10000000000000001 0.5 0.70000000000000007 0.75 0.80000000000000004 0.84999999999999998 0.90000000000000002 0.92000000000000004 0.94000000000000006 0.95999999999999996 0.97999999999999998 1 1.02 1.04 1.0600000000000001 1.0800000000000001 1.1000000000000001 1.2 1.3 1.4000000000000001 1.5 1.75 2 
end_independent_variable

independent_variable surface_angle units deg
-20 -16 -14 -12 -10 -9 -8 -7 -6 -5 -4 -3 -2 -1 0 1 2 3 4 5 6 7 8 9 10 12 14 16 18 20 
end_independent_variable

dependent_variable precision double
-2.022568820078595 -1.3806011115114376 -1.0903547096631114 -0.74083469298437288 -0.85573423146304428 -0.90387577102904759 0.00021934813409163218 0.072444801451946539 0.17614320295710612 0.2346533014691447 0.26165050875407087 0.23713149196065028 0.1796840418731171 0.10114964839016916 0 -0.12726928416208447 -0.27011735032833245 -0.43355109646989731 -0.6292800223407673 -0.87583106549394518 -1.1530649685451448 -1.474650220225342 -1.7672581285004838 -3.0357620706652222 -3.2252609323893777 -3.4711650684199058 -4.236119567085316 -4.8943733052213609 -5.5191331098426417 -6.1529543887520965 -2.0225039335423074 -1.3805470501643098 -1.0903068267173812 -0.74079351133204185 -0.85569901834085449 -0.90384410220072353 0.00024575663613020978 0.072467805723134979 0.17616286208885482 0.23466963816029521 0.2616635373681524 0.23714124077818674 0.17969052896015364 0.10115288453795832 0 -0.1272726643823977 -0.27012392586642853 -0.43356084525022254 -0.6292929127896052 -0.87584705039026312 -1.1530840121289647 -1.4746722782897395 -1.7672832081900123 -3.0357917899235374 -3.2252941378920621 -3.4712035312719784 -4.2361637110480999 -4.894422475228617 -5.519186794612267 -6.1530120717924186 -2.0224992997040481 -1.380543190914715 -1.0903034041786128 -0.74079056985986913 -0.85569650286267818 -0.90384184080072749 0.00024764160746885549 0.072469448375037465 0.17616426599359786 0.23467080659246575 0.26166446749969813 0.23714193651628521 0.17969099237002739 0.10115311592659985 0 -0.1272729058831871 -0.27012439584408182 -0.43356154173254535 -0.62929383324623478 -0.87584819247689294 -1.1530853728686976 -1.4746738523985825 -1.7672850021427173 -3.0357939142374146 -3.2252965058649794 -3.4712062792458291 -4.2361668677499429 -4.8944259846927842 -5.5191906285582339 -6.1530161965812473 -2.022498531218023 -1.3805425490956678 -1.0903028358145053 -0.74079008008584901 -0.85569608312016598 -0.90384146020441414 0.00024795619108574019 0.072469720240178823 0.1761644990102301 0.23467099897445054 0.26166462319142431 0.23714205328507984 0.17969106940654653 0.1011531541332155 0 -0.12727294609455697 -0.27012447422020469 -0.43356165785014367 -0.62929398707740014 -0.87584838162150191 -1.1530856004897034 -1.4746741154074547 -1.7672853002045545 -3.0357942670741611 -3.2252969026853826 -3.4712067351576432 -4.2361673897488759 -4.8944265706950079 -5.5191912726099543 -6.1530168846910467 -2.0224978496573978 -1.3805419808059831 -1.0903023377051733 -0.74078964821248061 -0.85569571725949412 -0.90384113125726817 0.00024823095870190736 0.072469962336347685 0.17616470530920955 0.23467117089026676 0.2616647579704473 0.23714215516938827 0.17969113704723377 0.10115318829311146 0 -0.12727298123589875 -0.27012454282838355 -0.43356176016238113 -0.62929412074008684 -0.87584854896033881 -1.1530857972998232 -1.4746743445541206 -1.7672855626180473 -3.0357945785320362 -3.2252972475589297 -3.471207138527221 -4.2361678504237261 -4.8944270852516985 -5.5191918356900702 -6.1530174897454133 -2.1838227397394778 -1.4873598703345425 -1.1731475130971338 -0.7993710969233826 -0.89220758529698718 -0.93046398024255739 -0.017442063111278164 0.060207377707047358 0.17009588833710218 0.23342890348141004 0.26379052833217692 0.24110804239602809 0.18392424326935325 0.10406175201089889 0 -0.13544534677133799 -0.2841044308171638 -0.45462845414453368 -0.65862471114534038 -0.91450359059857411 -1.2019992838316345 -1.5346488312912061 -1.8389928892766498 -3.1197835431903087 -3.3235709408940051 -3.5956429141608814 -4.388268860025291 -5.0765634366204742 -5.7358923078415565 -6.4186599157528876 -2.2615833566927792 -1.5354983850752504 -1.2055191714564342 -0.81299203094876082 -0.88936096466181713 -0.92071804114248013 -0.0019189736823015772 0.075460964348699408 0.18777996880387496 0.25204663813085681 0.28179264818421818 0.25692133364870978 0.19598049875024146 0.11082656630415769 0 -0.15090245437515251 -0.30867243214783924 -0.48929099662037495 -0.70422667979870945 -0.97174425576542356 -1.2714308567888699 -1.6166812284458341 -1.9339048455558028 -3.227741700539001 -3.4477433113561902 -3.7454901272830829 -4.5647517128183503 -5.2823321577053459 -5.9768262933252663 -6.7174871585811982 -2.2980369232693159 -1.5588501371553163 -1.2219026435053137 -0.82107847451935223 -0.89087804844841789 -0.91928196251070915 0.0036577486295124384 0.081166174874465799 0.19469909978516173 0.25951469786120107 0.28913468372311724 0.26343345509617427 0.20097673986275083 0.11364456661751701 0 -0.15726533170982551 -0.31889027291831401 -0.50380486473657238 -0.72343211103240956 -0.99599442579036657 -1.3010006841796824 -1.6517997671528635 -1.9746810551684282 -3.2759662854168261 -3.5029381483405539 -3.8113930569355583 -4.642619198269327 -5.3730527758430027 -6.082715239447321 -6.847658929802579 -2.3347438860189729 -1.5823647679059696 -1.2384131519353569 -0.82925832836261049 -0.89245755788942527 -0.91789358056020742 0.0092018492974996358 0.086849238713603519 0.20160607902722091 0.26697863524377158 0.29647842652747364 0.26995073263386704 0.20597905603366951 0.1164669381174912 0 -0.16364098266872498 -0.3291306091263726 -0.51835318973886679 -0.74268602036802278 -1.02030893396247 -1.3306523056477495 -1.6870188970487594 -2.0155777310011418 -3.3243335102018268 -3.5583007554246833 -3.8775062501099034 -4.7207421286536491 -5.4640780804263329 -6.1889673379793484 -6.9782900093584699 -2.371704743452963 -1.6060426145501299 -1.2550509465380117 -0.83753180788682013 -0.89409965391590429 -0.91655303907511199 0.014713213205043355 0.092510065844739697 0.20850083789768631 0.27443839990946678 0.30382384766184595 0.27647314942743406 0.21098744183760221 0.11929367819185287 0 -0.1700294106343504 -0.33939345276146848 -0.5329359969457691 -0.76198844741316651 -1.0446878436449913 -1.360385808669196 -1.7223387212383574 -2.0565950030848148 -3.3728435348426897 -3.6138313229216181 -3.9438299653496429 -4.7991208524469071 -5.5554084542247839 -6.2955830833244413 -7.1093810263267967 -2.2471934181561415 -1.5224113167286137 -1.1879282553557307 -0.78560064969230714 -0.85703649246079217 -0.88619424862496599 0.040444626200727689 0.11264725018476103 0.22360398838385992 0.28512174379994776 0.31078275054855981 0.28044516578037954 0.21277656451215937 0.11975160283475278 0 -0.16940734997249299 -0.33745825842002891 -0.52888296446812755 -0.75505975014279814 -1.0341901437705125 -1.3456648427157603 -1.7028174371132077 -2.0316997965822425 -3.3438046047175267 -3.5783885314121693 -3.8941481674770966 -4.7349587173729279 -5.4754195785368269 -6.197913371883522 -6.9903869043745104 -2.2513961624580654 -1.5258070928035672 -1.1909252117728464 -0.78813308996109421 -0.85988031016858779 -0.88896481807909611 0.039410767602562485 0.11187364581652454 0.22303784269001969 0.28472543198454492 0.31053065612051134 0.28029277802315983 0.21269520038817485 0.11972202359107877 0 -0.16927087944299565 -0.33734643714676577 -0.52882459386873248 -0.7550962180867169 -1.0343814529559421 -1.3460543132938243 -1.7034621004516515 -2.0325915160320038 -3.3466698015785332 -3.5814126189433626 -3.8970889253134735 -4.7386688102454659 -5.4796706805698241 -6.20254835946323 -6.9949772952351319 -2.2556226041719327 -1.5292184032809777 -1.1939325615504064 -0.79066927537500431 -0.86272273022312451 -0.8917315567725379 0.038384177753950338 0.11110690239268682 0.22247925450476572 0.28433681771097497 0.31028583382823649 0.2801466654313825 0.21261855380535793 0.11969506147359807 0 -0.1691402600292303 -0.33724387121450305 -0.52877922096089869 -0.75514971005759202 -1.0345940510648264 -1.3464695262782829 -1.7041370995935994 -2.0335182598389006 -3.3495762631473038 -3.5844838837467923 -3.900085518132359 -4.7424444063483255 -5.4839976997341777 -6.2072715894815165 -6.9996757412144399 -2.2598724789492679 -1.5326451097351226 -1.1969502468175282 -0.7932092255517903 -0.86556387170029214 -0.89449461221055016 0.037364677534983709 0.11034686118508652 0.22192805899729726 0.28395573998863455 0.31004813218487642 0.2800067051187291 0.21254653360367259 0.11967066748072137 0 -0.16901538239162145 -0.33715039057170637 -0.52874661016042002 -0.75521992150395034 -1.0348275614898945 -1.3469100293742515 -1.7048419082236177 -2.0344794238416348 -3.352523300897273 -3.5876015661778182 -3.9031370355985739 -4.7462844348320257 -5.4883993806723161 -6.2120816005795199 -7.0044804706418038 -2.2641455575094458 -1.5360870737998189 -1.1999781955630677 -0.7957529798460341 -0.86840385302106371 -0.89725414181145968 0.03635208961189345 0.1095933589109095 0.22138408952090635 0.28358204034239881 0.30981741113485795 0.27987277374490444 0.21247905165579692 0.11964879277458881 0 -0.16889614024377403 -0.3370658307559663 -0.52872652799668751 -0.75530655504119926 -1.0350816152298483 -1.3473753827153938 -1.7055760035241276 -2.0354744209960698 -3.3555102474080787 -3.590764887628966 -3.906242554754896 -4.7501878330930971 -5.4928744930921471 -6.2169769772426005 -7.0093897129182814 -2.2684416071186395 -1.5395441550845921 -1.2030163423250544 -0.79830057237297836 -0.87124278814106593 -0.90001028971663155 0.035346245819753909 0.10884624446285138 0.22084718907403209 0.28321556592347841 0.30959352731825174 0.27974475291126255 0.21241602058607553 0.11962938890061595 0 -0.16878243009013402 -0.33699002970871761 -0.52871875421651615 -0.75540931901527286 -1.035355850011177 -1.3478651486978137 -1.7063388837242133 -2.0365026636626893 -3.3585364494889269 -3.5939730994403467 -3.9094011932489812 -4.7541535736554525 -5.4974218463538467 -6.2219563161018581 -7.0144017585308589 -2.2727603924828887 -1.5430162062627966 -1.206064621939207 -0.80085202903162866 -0.87408078580635495 -0.90276320093073026 0.034346965952090039 0.10810536752248544 0.22031720055092197 0.28285615819721011 0.30937634471318004 0.27962252689092287 0.21235735254254937 0.11961241043879292 0 -0.16867414842584452 -0.33692282403551232 -0.52872306124355306 -0.75552792262796298 -1.0356499091718203 -1.3483789004642139 -1.7071300471869177 -2.0375635792353051 -3.3616012631178638 -3.5972254803692922 -3.9126120740571277 -4.7581806135631393 -5.5020402540447817 -6.2270182363532678 -7.0195149078498149 -2.2946874216034328 -1.5605965715549597 -1.221455674290828 -0.81366822899142266 -0.88826046722145191 -0.91648400018392684 0.029443511895086982 0.10448941765610391 0.21776572149111978 0.28116011006084779 0.30838626917366113 0.27909441605319535 0.21212661100403554 0.11956232371463413 0 -0.16821072323965666 -0.33671037154899913 -0.52891836799266556 -0.7563488586428857 -1.0374055539724789 -1.3512930466550832 -1.7114932679224233 -2.043339000135747 -3.3774826984138593 -3.6141248926208163 -3.9294204606795269 -4.7792010170163222 -5.5261581932112422 -6.2535202153470104 -7.0465399937774853 -2.3171495486000291 -1.5785319575943366 -1.2370903036688357 -0.82658484192812931 -0.90243201396712402 -0.93014365545605915 0.024680998219734379 0.10100833924537188 0.21536539334726801 0.27961975878580381 0.30754441725539311 0.27869498048275898 0.21199305623003972 0.11956635519634044 0 -0.16786871903148526 -0.3366905196073367 -0.52938474962854032 -0.75752561518567962 -1.0396069880199763 -1.3547471310825101 -1.7164937548383568 -2.049851271425335 -3.3942391032007055 -3.6320251673478898 -3.9474120401198425 -4.8016110526275462 -5.5518869020083503 -6.281894206650291 -7.07585527999119 -2.3401206988296641 -1.5968070257690017 -1.252960708667451 -0.83960435310441739 -0.91660670580474024 -0.94375691012844631 0.020041962521186653 0.097646381080405409 0.21309994305939473 0.27821923907260704 0.30683628071472752 0.27841199577432407 0.21194767990621627 0.119619587142683 0 -0.16763731978473528 -0.33684636429020898 -0.53009872665555402 -0.75902774347214674 -1.0422164696900198 -1.358695879976781 -1.7220785510164693 -2.0570396940202973 -3.4118020077997389 -3.650848057848211 -3.9664935941152777 -4.8253020316455419 -5.579100600275809 -6.3119938243177405 -7.1072803159103248 -2.3635763334306188 -1.615407339615742 -1.2690593821471903 -0.85272870673188117 -0.93079450893975935 -0.95733693116647023 0.015510708215624469 0.094389373055872527 0.2109546807559082 0.27694418947585486 0.30624870274494509 0.27823437972086495 0.21198230643080296 0.11971755247746546 0 -0.1675066824537696 -0.3371625208065725 -0.53103891609518328 -0.76082748244698339 -1.0451995738451227 -1.3630980067499374 -1.7281993541406313 -2.0648488672674343 -3.4301088929033661 -3.6705221212669912 -3.9865799676269322 -4.8501746045899399 -5.6076843071434821 -6.3436852490780442 -7.140650066816705 -2.4241873099733287 -1.6632435897357645 -1.3102581981513994 -0.88600677203101674 -0.96637699933074539 -0.99121599815815731 0.0045649431819375832 0.086625224077247584 0.20603336036631401 0.27422328176031124 0.30523170431414842 0.27818757647716164 0.21237177440966348 0.1201324166458491 0 -0.16756410559235593 -0.33856537684454779 -0.53425545403885588 -0.76646835350831244 -1.0540927935286202 -1.3758477365385298 -1.7455665475790612 -2.0867665434233542 -3.4787685892697064 -3.7230167843051407 -4.0406977809137006 -4.9169487783993935 -5.6844697086329568 -6.4291004204260815 -7.2316236791272779 -2.4582769704908305 -1.690618984279993 -1.3341088566726995 -0.90561780902775646 -0.98787298087405562 -1.0118776949443753 -0.0023875876934240483 0.081579428078157615 0.20262142921326934 0.27210038172291001 0.30414246235483477 0.27773534382925408 0.2122800091797199 0.12019776312206425 0 -0.16717298180742821 -0.33872971422455644 -0.5352282023804813 -0.76859194902333383 -1.0578443836343661 -1.3815745738804739 -1.7537142292081127 -2.0972879164034115 -3.5050861642144588 -3.7511866081618557 -4.0690856937513926 -4.9521994009359496 -5.7249049843547697 -6.4737102237208513 -7.2778592873187886 
end_dependent_variable

end_regular_table
