# ****************************************************************************
# CUI
#
# The Advanced Framework for Simulation, Integration, and Modeling (AFSIM)
#
# The use, dissemination or disclosure of data in this file is subject to
# limitation or restriction. See accompanying README and LICENSE for details.
# ****************************************************************************

# ##################################################################################################
# 
# This file was auto-generated by AFSIM Mover Creator 2.8.0.201104
# 
# Creation Date:  05 Nov 2020
# 
# ##################################################################################################

regular_table

independent_variable mach precision double
0.10000000000000001 0.5 0.70000000000000007 0.75 0.80000000000000004 0.84999999999999998 0.90000000000000002 0.92000000000000004 0.94000000000000006 0.95999999999999996 0.97999999999999998 1 1.02 1.04 1.0600000000000001 1.0800000000000001 1.1000000000000001 1.2 1.3 1.4000000000000001 1.5 1.75 2 2.5 3 3.5 4 
end_independent_variable

independent_variable surface_angle units deg
-40 -30 -28 -26 -24 -22 -20 -18 -16 -14 -12 -10 -9 -8 -7 -6 -5 -4 -3 -2 -1 0 1 2 3 4 5 6 7 8 9 10 12 14 16 18 20 22 24 26 28 30 35 40 
end_independent_variable

dependent_variable precision double
0.93456346662021672 0.51010376197884622 0.61328646170900203 0.70693880897099426 0.43601085155532965 0.51630872618438639 0.28873842933415583 0.42143198618967465 0.48302855137696926 0.30179946657548956 0.33589478350668894 0.20375901153979828 0.21067533610788119 0.21352339957647032 0.21192869052758492 0.20538740107906805 0.11580979592314671 0.10018080129846324 0.080633835770181739 0.057354759403311743 0.030454971599165295 0 -0.033993163447865488 -0.071453751182186831 -0.11230016369839467 -0.15641575484568757 -0.12496625392634876 -0.17339025124242241 -0.2239404053167017 -0.27605050512225554 -0.33013685416566518 -0.2307036286464311 -0.34483652373228874 -0.4706707813460021 -0.36633637891846643 -0.49028502743287106 -0.14444299525272661 -0.23971908754536542 -0.336167321641275 -0.0628967355288437 -0.13448638045885414 0.20474685200035234 0.52617544838303487 1.1459532860243595 0.93384196348876336 0.50941631317326597 0.61261911130010338 0.70629580631365096 0.4353960043206897 0.51572631027940874 0.28819207090563637 0.42092577400343306 0.48256606651784906 0.30138410554028028 0.33553001759757384 0.20344788033226704 0.21039226228458466 0.21326911593666506 0.21170394327422437 0.20519287124760799 0.11564612842288842 0.10004866315480791 0.08053384620201165 0.057287524050287697 0.030421073482209623 0 -0.033958728153822171 -0.071384364471986414 -0.11219533581052722 -0.15627502298560475 -0.12478918004847113 -0.17317642525745255 -0.22368944190026785 -0.27576204314046748 -0.32981051461303684 -0.23033910783348754 -0.34439462975996987 -0.47015060059279773 -0.36573712248107448 -0.48960602448817625 -0.14368398857740322 -0.23887956754362338 -0.33524723469832679 -0.061896202916232587 -0.13340559595574067 0.20590751870724269 0.52753344303884964 1.147503057456122 0.93391806406286071 0.5094886959448115 0.6126893877764249 0.70636354144904401 0.43546073753859871 0.51578764891534212 0.28824957531833661 0.42097907603802576 0.48261477248860879 0.30142784346270496 0.33556843016740101 0.20348062607436188 0.21042206023459992 0.21329588522562962 0.21172760935205268 0.20521335994717735 0.11566336876843249 0.10006258525562151 0.080544380773747343 0.057294608861495691 0.030424646086023552 0 -0.033962357356341857 -0.071391677640701603 -0.11220638533953163 -0.15628985784626231 -0.12480784973871961 -0.17319897665831749 -0.22371591426543297 -0.27579248012768831 -0.32984494705081624 -0.23037757350748519 -0.344441248583644 -0.47020549051868082 -0.36580037644146496 -0.48967770311884568 -0.14376415315239446 -0.2389682441044047 -0.33534443115946205 -0.062001918511796233 -0.13351980770796665 0.20578484934993976 0.5273899371879569 1.1473392818965362 0.93393322287810632 0.50950311615253197 0.61270339246954209 0.70637703909945637 0.43547363853301851 0.51579986657652954 0.28826103484089771 0.42098968602151315 0.48262447887144511 0.30143655197222213 0.33557608769942848 0.20348714997276898 0.21042799590219538 0.21330121954593861 0.21173232448539298 0.2052174427770741 0.11566680346575796 0.10006535865603057 0.080546479744808386 0.057296020238863585 0.03042535749920304 0 -0.033963080605464394 -0.071393134877860975 -0.11220858624251609 -0.15629281391991171 -0.12481156948799875 -0.17320346673720444 -0.22372118839676025 -0.27579854172620727 -0.32985180629695382 -0.23038523984765638 -0.34445053562224931 -0.4702164239142258 -0.36581297240604005 -0.48969197154565575 -0.14378012372105406 -0.23898590481541374 -0.33536379324639504 -0.06202297444305211 -0.13354255046256128 0.205760424622868 0.5273613555276927 1.147306669680793 0.9339472682929314 0.50951647478745965 0.61271636443972843 0.70638954155728917 0.43548559284347593 0.51581118989199959 0.28827165133475224 0.42099953084539021 0.48263346681612873 0.30144462897613494 0.33558317704236268 0.20349319401882784 0.21043349856655455 0.21330616101027486 0.21173669329273678 0.20522122568329643 0.11566998508852096 0.10006792873512342 0.080548424956318115 0.057297327498228946 0.030426016614029532 0 -0.033963750455215977 -0.071394485188624165 -0.11221062674792792 -0.1562955530132395 -0.12481501599334294 -0.17320762925527056 -0.22372607445914938 -0.27580416055593943 -0.32985816245766864 -0.23039233953058524 -0.34445914392317561 -0.47022655257734108 -0.36582464594096142 -0.48970520214336472 -0.1437949214024096 -0.23900226983572445 -0.33538172330788429 -0.06204248269410826 -0.13356363703083862 0.20573778680007182 0.52733486637599314 1.1472764392381587 0.93396034608849554 0.50952891456705252 0.61272844283012251 0.70640117954049997 0.43549672046497134 0.51582173336761961 0.28828153585910271 0.42100868850640699 0.48264183538236205 0.30145214404601267 0.33558977995875416 0.20349882255028334 0.21043861884258977 0.21331076221219161 0.21174076278276374 0.20522474635576329 0.1156729477523213 0.10007032088014013 0.080550235253235986 0.057298545303874383 0.030426630934179744 0 -0.033964374293586647 -0.071395741482027791 -0.11221252598794866 -0.1562981028591327 -0.12481822528516587 -0.17321150397681642 -0.22373062204627864 -0.27580938968914143 -0.32986408140255652 -0.23039894851055392 -0.3444671537171225 -0.47023598482266249 -0.36583551736036507 -0.48971751822598347 -0.1438086892968819 -0.23901749937142794 -0.33539842508012224 -0.062060642533258256 -0.1335832550645549 0.20571671797573604 0.52731021787101051 1.1472483019423596 0.9339725680899279 0.50954054501866242 0.6127397356362253 0.70641207100162196 0.43550711790412255 0.51583158853149136 0.28829077419760946 0.4210172535963676 0.48264965963084799 0.30145917224255819 0.33559595255264879 0.20350408228859332 0.21044340670694248 0.21331506106500314 0.2117445669434197 0.20522803916538326 0.11567571836029354 0.10007255773375447 0.080551928108238371 0.057299683995794694 0.030427204229443443 0 -0.033964957601731051 -0.07139691701815773 -0.11221430086081052 -0.15630048547795061 -0.12482122311771379 -0.17321512766626795 -0.2237348776881245 -0.27581427804930719 -0.32986961061900094 -0.23040512499790336 -0.34447464408590184 -0.47024480471051811 -0.36584567608605756 -0.48972903008678959 -0.14382157178143465 -0.23903174928837095 -0.3354140387274821 -0.062077631272263741 -0.13360160370434956 0.20569700330774798 0.52728716300175993 1.1472219862727937 0.93826198837525077 0.51203853308097869 0.6160488891880026 0.71046305463371395 0.43798191134130876 0.51894397443440465 0.29002963610021876 0.4237052774858886 0.48580774501701451 0.30346984276121136 0.33785989733613958 0.20489994933248559 0.21188663113097234 0.21477616086343895 0.21319201094058535 0.20662742243299162 0.11646925276729832 0.10075583921508578 0.08109906554685499 0.057686670591893606 0.030631438812956685 0 -0.034189854277589568 -0.071866165743346699 -0.11294605108661489 -0.15731131162553122 -0.12559799759320156 -0.17428743217374787 -0.22510936589932032 -0.27749296470581053 -0.33185643338228865 -0.23166699949667699 -0.34634572283739795 -0.47275420764193671 -0.3674300746283401 -0.4918422183342393 -0.14335746129642613 -0.23882732151609803 -0.33541489993415474 -0.059901838569278054 -0.13140298999471028 0.21051150726540874 0.53533618581645326 1.1600907811320462 0.9425096049554359 0.51451086789719436 0.61933606935738617 0.71449544552554312 0.44044130666258102 0.52204396924505825 0.29175869083695666 0.42638590345384247 0.48896042120726818 0.30547674850054657 0.34012136309950969 0.20629428074673989 0.21332869727134499 0.21623640712722289 0.21463884708648026 0.20802638398199988 0.11726250988372823 0.10143894944184996 0.081646100772708827 0.058073601575415898 0.03083564959214254 0 -0.034414727276774949 -0.072335358986804668 -0.11367769973792775 -0.15832196152088054 -0.12637449585041019 -0.17535931999220536 -0.22648324701240549 -0.27917079528734234 -0.33384210031288086 -0.23292734873133822 -0.3482143263218086 -0.47525985641487151 -0.36900909634782914 -0.49394803020816042 -0.14288357663140591 -0.23861052915258898 -0.33540040938893922 -0.057707496528476454 -0.12918245866205627 0.21535158139178029 0.54341954507292545 1.1730011475699373 0.94671544754839387 0.51695755819886047 0.62260130218584409 0.71850923555829849 0.44288531382497115 0.52513157189115645 0.29347794989670606 0.42905914712511012 0.49210768996323767 0.30747988118856806 0.34238035175757298 0.20768708403742647 0.21476960604717099 0.21769579820961499 0.21608507335140165 0.20942492434855586 0.11805548641610343 0.10212187774853392 0.082193030530616343 0.058460477003805973 0.031039837151019226 0 -0.034639576876935196 -0.07280449668151312 -0.11440924367445442 -0.15933243811281192 -0.12715071367674924 -0.17643078484105101 -0.22785652225286082 -0.28084777775952807 -0.3358266137085541 -0.23418616642129766 -0.35008046219838901 -0.4777617367831074 -0.370582722632534 -0.49604646509581229 -0.14239991732681867 -0.23838136729592033 -0.33537055468384169 -0.055494586920831167 -0.12694002042934505 0.22021725080922022 0.5515372334182912 1.1859530950839434 0.9508794756111334 0.51937859045462609 0.6258445633169446 0.72250441584724412 0.44531392843717288 0.52820677992173748 0.29518741174761609 0.43172498388795111 0.49524956826293909 0.30947924723351949 0.34463686213591027 0.20907835427709104 0.21620936371350899 0.21915433910189677 0.2175306897864113 0.21082304335394367 0.11884818401116387 0.10280463533041589 0.082739858382131312 0.058847296794088573 0.031244000225809615 0 -0.034864402699894596 -0.073273578821089369 -0.11514068571097123 -0.16034273930141288 -0.12792665338276074 -0.17750183169880082 -0.22922919113560017 -0.28252391687110617 -0.33780997864994788 -0.23544345856630536 -0.35194412661198077 -0.48025986840540003 -0.37215096188210489 -0.49813752503966324 -0.14190648404646658 -0.23813985167309648 -0.33532534929915175 -0.053263124554235909 -0.12467569178950647 0.22510850055664974 0.5596892677029125 1.198946608100246 0.95147613134836784 0.52177398299564215 0.62906587629013233 0.72648100150664374 0.44772715907755217 0.53126959588988654 0.2968870758790696 0.4343834392732166 0.49838603953684996 0.31147484768216571 0.34689089341753443 0.21046808955091978 0.2176479597771791 0.22061202522128034 0.21897569616173154 0.2122207397216207 0.11964059987328131 0.10348721595796821 0.083286582578390417 0.05923406132922647 0.031448139933488446 0 -0.035089204645125417 -0.073742607390557088 -0.11587202475603431 -0.16135286562921394 -0.12870231467483992 -0.17857245842086331 -0.2306012471247256 -0.2841991970482573 -0.33979218193761207 -0.23669922136226448 -0.3538053168307827 -0.48275423846526194 -0.37371381631772582 -0.50022122903466648 -0.14140328572614755 -0.23788597830130465 -0.33526479609432464 -0.051013096765388476 -0.12238944470966592 0.23002533303396885 0.56787562566388705 1.2103285450597561 0.94093210589591247 0.52243616213063016 0.63203419154866269 0.73043897813709746 0.45012498138967699 0.53432001688508657 0.29857693830825388 0.43703450301750435 0.50151709758097351 0.31346667770917591 0.34914243970481867 0.21185629315239252 0.21908539952306752 0.2220688618143557 0.22042009377943578 0.2136180154046971 0.12043273787037972 0.10416962482033638 0.083833205895873703 0.059620770609219657 0.031652256197463161 0 -0.035313983828006705 -0.07421157983363981 -0.11660326086708808 -0.16236281776640002 -0.12947769498713624 -0.17964266362857248 -0.23197269910497337 -0.28587363862630455 -0.34177323934961268 -0.23795345756650699 -0.35566404105019811 -0.48524485829839109 -0.3752712822629542 -0.50229755517535168 -0.1408903065877955 -0.23761973875536388 -0.33518888587825402 -0.04874451397087616 -0.12021847713331024 0.2339908054712731 0.57228348801029461 1.2166375596366215 0.93007937558590048 0.51633960028531045 0.62748725576243902 0.72823305484263623 0.44785096573215272 0.53392751303374697 0.29782205363991843 0.43803883114857822 0.50362329818763496 0.31490412128469197 0.3511825022074222 0.21324296694526129 0.22052168078105186 0.22352484376218709 0.22186388271611654 0.21501487322433188 0.12122459599828728 0.10485185569437538 0.084379723681583557 0.060007424404290466 0.031856348519882158 0 -0.03553873898316566 -0.074680497359861583 -0.11733439456113223 -0.16337259648527927 -0.13025280150658425 -0.18071245334720917 -0.23334354600404766 -0.28754722241881314 -0.34375313980556033 -0.23920617340856049 -0.35768583275657229 -0.48815114454124064 -0.37757113281858534 -0.50552535017635047 -0.14202675881417381 -0.23959668952994898 -0.33805024443548209 -0.050217295027315749 -0.12244040336955039 0.23417546797341085 0.57501269893277351 1.223009247347012 0.92080437998516851 0.51195580158314602 0.62467054116648302 0.72684189550898926 0.44550864044402166 0.53281376774217903 0.29589331634597338 0.43759234537607855 0.50414857597103446 0.31474947877438236 0.351707027571106 0.21330578095802386 0.22088769604237035 0.22413436107420703 0.2226544750882487 0.21592204334373244 0.12166576421786443 0.10529948338525666 0.084781410220556866 0.060316698781736088 0.032031076886438421 0 -0.035758365615824399 -0.075155383268273299 -0.11809864905185803 -0.16446300236625996 -0.13117448348946112 -0.18201093820578917 -0.23504345475935196 -0.28967160718276042 -0.34632270539637522 -0.24120523356838369 -0.36050133953901975 -0.49180100697038021 -0.38050114470273905 -0.50919071598510357 -0.1433168996161375 -0.24134486222762069 -0.34019403712700569 -0.050373020147839641 -0.12276478799937139 0.23626524443031025 0.57966823336040152 1.2313333626834848 0.92259307254359479 0.51143617165805655 0.62504530868443231 0.72808397111349688 0.4453357838159725 0.53348039797682711 0.29542062841407235 0.43833364967404381 0.50564321718054284 0.31538957367202075 0.35289005721011785 0.21389461731039955 0.22165127465487239 0.22503668612738287 0.22365384625137708 0.21697172598519818 0.12219845139894871 0.10580081900020304 0.085209885490237905 0.060635403521603008 0.032206546943370183 0 -0.035971938487935444 -0.075610427907588554 -0.11882128779557263 -0.16548190063497806 -0.13198551767375444 -0.18314915651603386 -0.23652187939768393 -0.29150015943795593 -0.34850741597462342 -0.24271429889183274 -0.36272607784533456 -0.49476344852469101 -0.38262508337888879 -0.51190815243644106 -0.14349307290600449 -0.24178746450234437 -0.34081391669666394 -0.048756433610437591 -0.12103428724628328 0.24073432914515494 0.58779614492239007 1.2449647703997311 0.9264426589154513 0.51367669354507661 0.6281344161189002 0.73194881829634961 0.44765647895847327 0.53646843673701994 0.29706083298024072 0.44094668174327339 0.50874586204248928 0.31736086823970755 0.35512732715602807 0.21527320688689011 0.2230809835058323 0.22648735645821466 0.22509337868454574 0.21836520193722131 0.12298766497746183 0.10648102844995015 0.085754927228933769 0.061021080493541484 0.032410143052952291 0 -0.03619612657257136 -0.07607813129822473 -0.11955044673572088 -0.16648877627906364 -0.13275660184589216 -0.18421359567035747 -0.23788579352176911 -0.29316493314645586 -0.35047630995296447 -0.24395345083091496 -0.36456257209730158 -0.49722262417851942 -0.38413971138972802 -0.51392795209815034 -0.14290722468445327 -0.24143018638339264 -0.34062598022029167 -0.046352587447157277 -0.11856538020214968 0.2458663755155768 0.59629059397925821 1.2584282931616437 0.94502391999709445 0.52447889242846801 0.64323735020343431 0.75098283430206625 0.45901981710137774 0.55121496626620703 0.30510853590098869 0.45389587024031391 0.52417403261922557 0.32715772756182393 0.36627423555010308 0.22214162064257389 0.23021088819678795 0.23372691302754481 0.23228110066878305 0.22532568875047579 0.12692913540199763 0.10987918298941765 0.088478436142167313 0.06294855907184338 0.033427746095314292 0 -0.037316721802685936 -0.07841586116717672 -0.12319480111349171 -0.17152073570664891 -0.13660815095299642 -0.18952994206865714 -0.24469687079392646 -0.30147686703725352 -0.36030448631074252 -0.25012758538474283 -0.3737098314624705 -0.50946465941433217 -0.3916354270951925 -0.5239206521971087 -0.13983671933453981 -0.23946486639231845 -0.33946388072203187 -0.03406437277361947 -0.10590340254753398 0.27189709167685289 0.639257389722938 1.3263363911357804 0.96249341514300202 0.53461342508633181 0.65776895643166733 0.76953299931756536 0.469982625974115 0.56563860405656652 0.31290055934646932 0.46665168347481301 0.5394603622118761 0.33685517357899558 0.37735536625914673 0.22896908099811925 0.23730969005592362 0.24094344332217785 0.2394522574708364 0.2322746488312035 0.13086291963612551 0.11327250003894053 0.091199087355312555 0.064874511990304737 0.034444708353203152 0 -0.038436738447863612 -0.080752270436893647 -0.12683673235817522 -0.17654861383618858 -0.14045320507538261 -0.1948364816202211 -0.25149370529777926 -0.30976881639896608 -0.37010544052608302 -0.25626555229648973 -0.38279822013143738 -0.52161674524877732 -0.39900172474580231 -0.5337357790985674 -0.13653019173293188 -0.23720065059884224 -0.33793018453541862 -0.021326824054760461 -0.092711116178697303 0.29854691029973851 0.68305101561407955 1.3952330541360289 0.97885053365521235 0.54407998285067649 0.67172897489953343 0.78759907692716391 0.48054470464888577 0.57973917803016073 0.32043676264169224 0.47921399634559936 0.55460477652566342 0.3464531470596473 0.38837065877504129 0.2357555262965203 0.24437736138226554 0.24813690534386332 0.24660681526232775 0.23921205645707166 0.13478898678751539 0.11666095320600126 0.093916868709301479 0.066798927153684726 0.035461023755063277 0 -0.039556168473864596 -0.083087341762353398 -0.1304762105986754 -0.18157237020128333 -0.14429170210925504 -0.20013313230718974 -0.25827620601584278 -0.31804066506622031 -0.37987901647783062 -0.26236715102131919 -0.39182749364630171 -0.53367853178153868 -0.40623814950944287 -0.54337273231690564 -0.13298688029433803 -0.23463658568098 -0.33602369656130704 -0.0081384709688596037 -0.078986741850619407 0.32581796448685107 0.72767494767807339 1.4651241141747275 0.9940949676316605 0.55287839645195891 0.68511724016711717 0.80518094688055319 0.49070594972574283 0.59351660929665973 0.32771709140594463 0.49158277362009856 0.56960721735024689 0.35595161315416751 0.39932008054595169 0.24250094007037809 0.25141386234768598 0.25530728109335127 0.25374474034253364 0.24613788290587274 0.13870731368691983 0.12004452650190432 0.096631758279515687 0.068721792690137576 0.036476684617704161 0 -0.040675002163008685 -0.085421057479398349 -0.13411320232575008 -0.18659195951658594 -0.14812358595056829 -0.20541981274997487 -0.2650442569103984 -0.32629228512945174 -0.38962505638532502 -0.26843219735413992 -0.40079738623090266 -0.54564967166538592 -0.41334421923598952 -0.55283091672798235 -0.12920604666654162 -0.23177173261402473 -0.33374326331584003 0.0055020643841223408 -0.064728562358248642 0.35371232070528685 0.7731325123295224 1.5360151640401409 1.0273383570780519 0.57195111544093524 0.71608647861694186 0.84701710045366241 0.51435538080079624 0.62654641019499724 0.34479843208526112 0.52165789804486362 0.60649218539643945 0.37926232578807983 0.42640538400392503 0.25918484486128573 0.26886866959489791 0.27313207058554112 0.27151670841840464 0.26340168587686685 0.14846916708451188 0.12848200153993192 0.10340625483637632 0.073522108359138791 0.039012940179561875 0 -0.043469428544475094 -0.0912492958406005 -0.14319463588023298 -0.19912241839003963 -0.15767396268020437 -0.21859241346025318 -0.28190057808173991 -0.34683203985891609 -0.41386873429797488 -0.2834337655342295 -0.42296067411686222 -0.57517868543854256 -0.43053623136822322 -0.57569048773230846 -0.11870997545446317 -0.22328774076403038 -0.32639892270787935 0.041590630398103269 -0.026737095837712541 0.42618802071952144 0.89044411327860451 1.7176516533147077 1.0451119144494099 0.58187848055982194 0.73336992725879868 0.87102170715654026 0.52764440650087741 0.64564889943301529 0.35449102315576841 0.53929564532980634 0.6283366590119891 0.39305968605406283 0.44254233339118509 0.26913311304545678 0.27929928098104223 0.2837999041095593 0.28216413864355072 0.27375221464205229 0.1543236389139174 0.1335447327120676 0.10747240088037276 0.076403753274366409 0.04053547063589507 0 -0.045146154232146525 -0.09474536953183843 -0.14864009996292324 -0.20663243467523004 -0.16338821700043807 -0.22646915353575323 -0.2919728478549431 -0.35909517388590129 -0.42833010509072955 -0.29232026784844439 -0.43606927201497081 -0.59260526258531132 -0.44043267320100093 -0.58883238488136591 -0.11165158995401114 -0.21723541568843702 -0.32079881666379279 0.064685122891474489 -0.0022418538315272588 0.47165817565493134 0.96349940318789729 1.8298878021056917 1.0494785031622127 0.58371543168637141 0.73494101414292001 0.87236203982480365 0.52878348202221659 0.64660862200121749 0.35529081025971354 0.53995220180543457 0.62886580696606043 0.393476187424741 0.44286057672793511 0.26936702415106567 0.27949612129070878 0.28396267828533411 0.28229620303495967 0.27385701846709254 0.15440395003599455 0.13360320522273178 0.10751240182019377 0.076428075878033339 0.040546491027815539 0 -0.045153955782110004 -0.094759124517274154 -0.14865803012015316 -0.20665214529019554 -0.16340772225161923 -0.22648695747483755 -0.29198724182971408 -0.35910413329985869 -0.42833241180313553 -0.29231472765373401 -0.43604346287749285 -0.59255514424786337 -0.44035447475686068 -0.58872319964312425 -0.11150919035490087 -0.21705766734929788 -0.32058397965711549 0.064939417828681373 -0.0019450678986683032 0.47200173921335892 0.96399734542081827 1.8306393129231031 1.0521475506849003 0.58484870659831778 0.73591239154469468 0.8731927333006686 0.52949124700263905 0.64720666431898033 0.35579080900269844 0.54036418038582246 0.62919929541233299 0.39374000664598791 0.44306340146912282 0.2695172170425047 0.27962305685324723 0.28406817463471301 0.28238228444854357 0.27392574273148812 0.15445699357071882 0.1336421686525871 0.10753930479507787 0.076444603114989795 0.040554068744019497 0 -0.045159590241510054 -0.094769282524911402 -0.14867164301044514 -0.20666776490539182 -0.16342415869448609 -0.22650329849614803 -0.29200247002504787 -0.3591170263797146 -0.42834222075616646 -0.29232074655190438 -0.43603911752661856 -0.59253802070596351 -0.4403222688646144 -0.58867413700637328 -0.11144192039161666 -0.21697088032681383 -0.32047657136611724 0.065068874562775839 -0.0017916913100845945 0.47218168065261612 0.96426655675783857 1.8310582588727833 1.0537854594658671 0.58555382147638579 0.73651871224095933 0.87371302013455965 0.52993622676128804 0.64758418263296125 0.35610789962151673 0.54062681880520158 0.62941313926889875 0.39391040848269432 0.44319550702902927 0.26961604632922842 0.27970707314010473 0.28413846042979524 0.28244004002099249 0.27397223217757377 0.15449319727512728 0.1336690507240868 0.10755807507688009 0.076456273107505482 0.040559493212168431 0 -0.045163845436565986 -0.094777127916133422 -0.14868244000741759 -0.20668064633679695 -0.16343840012242106 -0.22651836457057678 -0.29201773875060799 -0.35913177587158845 -0.42835600167137294 -0.29233311880239587 -0.43604701613370855 -0.5925399623271973 -0.44031684866490467 -0.5886602980084803 -0.11141886475644054 -0.21693774383504141 -0.3204327272353516 0.065124399057965493 -0.0017234116016354444 0.47226441720555723 0.96439938611737652 1.8312780667361894 1.0547963535191291 0.58599768936646501 0.7369021154161417 0.87404362550946058 0.53022042853759055 0.64782665040334975 0.35631283831718386 0.54079774785398516 0.62955344406166802 0.39402325356845552 0.44328393823833057 0.2696830348148781 0.27976442755905417 0.2841868279891222 0.28248013909502273 0.2740047977356862 0.15451883376022404 0.13368831055996078 0.10757169482858833 0.076464849558694814 0.040563537977161737 0 -0.045167190217424907 -0.094783422308145043 -0.14869130719117496 -0.20669155710562506 -0.16345094247220868 -0.22653219686662127 -0.29203250707148459 -0.35914703598048631 -0.4283714701758437 -0.29234855347848882 -0.43606138808812028 -0.59255235755545477 -0.44032644443532815 -0.58866648030409841 -0.11142104636767558 -0.21693541797449709 -0.32042555051307925 0.065137024063883872 -0.0017045825988754801 0.47229048803426005 0.96445210732510445 1.8313801620570527 
end_dependent_variable

end_regular_table
