# ****************************************************************************
# CUI
#
# The Advanced Framework for Simulation, Integration, and Modeling (AFSIM)
#
# The use, dissemination or disclosure of data in this file is subject to
# limitation or restriction. See accompanying README and LICENSE for details.
# ****************************************************************************

# ##################################################################################################
# 
# This file was auto-generated by AFSIM Mover Creator 2.8.0.201104
# 
# Creation Date:  05 Nov 2020
# 
# ##################################################################################################

regular_table

independent_variable mach precision double
0.10000000000000001 0.5 0.70000000000000007 0.75 0.80000000000000004 0.84999999999999998 0.90000000000000002 0.92000000000000004 0.94000000000000006 0.95999999999999996 0.97999999999999998 1 1.02 1.04 1.0600000000000001 1.0800000000000001 1.1000000000000001 1.2 1.3 1.4000000000000001 1.5 1.75 2 2.5 3 3.5 4 
end_independent_variable

independent_variable surface_angle units deg
-40 -30 -28 -26 -24 -22 -20 -18 -16 -14 -12 -10 -9 -8 -7 -6 -5 -4 -3 -2 -1 0 1 2 3 4 5 6 7 8 9 10 12 14 16 18 20 22 24 26 28 30 35 40 
end_independent_variable

dependent_variable precision double
0.27423161496663495 0.084870689175389535 0.17501751563707982 0.34155185794325477 0.37535079462682075 0.48362566003150387 0.40201519315290096 0.46262415952914815 0.50470044250198443 0.43854922854342987 0.45365010822419521 0.24470102766329177 0.24825865322891938 0.24013082613575215 0.26892605120420388 0.27571468481568845 0.21373429289638995 0.18904919240667512 0.15199360694765141 0.10616416799175545 0.055198460770590041 0 -0.054905415099453486 -0.11677338357499832 -0.18426965241996754 -0.25664382839804778 -0.27633710450079418 -0.37615415541166247 -0.49168768537681229 -0.63132289525579111 -0.73789621208412826 -0.69801039099885909 -0.78591842886301722 -1.0227933439691705 -1.0094584310319563 -1.2558588478721997 -0.89933877895483638 -1.0743011727182501 -1.3352605441792229 -1.1067600123833095 -1.3900222097038955 -0.98306788560695324 -0.42326907288504384 0.53852573289608452 0.27546217914436072 0.085589704708356029 0.17564785856654694 0.34209861158935062 0.375818992652168 0.48402101292159039 0.40234318799826668 0.46289086922571365 0.5049118502047284 0.43871143395566697 0.45376949073971462 0.24478391676306877 0.24832578494264426 0.24018383692715975 0.26896660657837218 0.27574443467196269 0.21375489973997319 0.18906232515739671 0.15200093414237795 0.10616736987963155 0.055199219579401257 0 -0.054904489877362767 -0.11676984721701468 -0.18426182287383 -0.25663002938785051 -0.27631570198823324 -0.37612345283976201 -0.49164602630394644 -0.63126863185699633 -0.73782767674803129 -0.69792605608697844 -0.78579736105600984 -1.022629205616189 -1.0092451343015318 -1.2555900720915005 -0.89900908196762097 -1.0739041850877609 -1.3347906417142492 -1.1062120181931534 -1.3893906252091341 -0.98234787705152915 -0.42230691518425423 0.53975624741630457 0.27533204839579462 0.085513508521221068 0.17558103743562686 0.34204063574948307 0.37576928931870618 0.48397902756444638 0.40230829906886795 0.46286248159991877 0.50488932369644346 0.43869411401769431 0.45375671586769972 0.24477500841081384 0.24831855447793022 0.24017811316562926 0.26896221533579295 0.27574120160453458 0.21375265015284683 0.18906087915381187 0.15200011546372066 0.10616700221941749 0.055199124764202613 0 -0.054904572605299053 -0.11677019065483367 -0.18426260475614803 -0.25663142697855879 -0.27631789543940055 -0.37612661892061933 -0.49165033814557851 -0.63127426670733755 -0.7378348064935375 -0.69793485720965842 -0.7858100104438912 -1.0226463885173178 -1.0092675304748215 -1.2556183127872469 -0.8990438465617745 -1.0739460546624948 -1.3348402216060458 -1.1062698989306003 -1.389457351875905 -0.98242400392240314 -0.42240866788109466 0.53962611309341935 0.27530612628430001 0.085498326919690643 0.17556773094746281 0.34202909267721138 0.37575939630534755 0.48397066672129535 0.40230135091154096 0.46285682734613059 0.5048848388832945 0.43869066508691923 0.45375417717559707 0.2447732362506049 0.24831711769736534 0.24017697551089975 0.26896134275512606 0.27574055829091143 0.21375220224597608 0.18906059257000715 0.15199995351834014 0.10616692947244834 0.055199105987059391 0 -0.054904589367898542 -0.11677025969982938 -0.18426276105282768 -0.25663170636585475 -0.27631833397964023 -0.37612724784122503 -0.49165119805656049 -0.63127539067114802 -0.73783622511528435 -0.69793661724271294 -0.78581253116865724 -1.0226498147575487 -1.0092719898847733 -1.255623933659447 -0.89905077193281668 -1.0739543985276296 -1.3348501011518801 -1.1062814308331246 -1.3894706446412364 -0.98243916260999453 -0.42242892329251114 0.53960019647105772 0.27528211285924115 0.085484267909687522 0.17555540548225618 0.34201839761216241 0.37575022798520036 0.48396291849091905 0.40229491847740834 0.46285159243657353 0.50488068494997729 0.43868747561341964 0.45375182109290774 0.24477159270205895 0.2483157869974873 0.24017592153353515 0.26896053419306859 0.27573996323059718 0.21375178772069334 0.18906032631514272 0.15199980347671901 0.10616686165612486 0.055199088470501964 0 -0.054904605037458476 -0.11677032354291418 -0.18426290653080923 -0.25663196571143265 -0.27631873971273618 -0.37612783387000087 -0.49165199592757414 -0.63127643236179065 -0.73783754589004413 -0.69793824157929352 -0.78581487177326825 -1.0226529853063053 -1.00927612339341 -1.2556291491017304 -0.89905718694214354 -1.0739621245461657 -1.3348592459198174 -1.1062921028565806 -1.3894829657023715 -0.98245320176976114 -0.42244770812689864 0.53957618649266381 0.27525975466309266 0.085471179199684194 0.17554392598180396 0.34200844089932997 0.3757416897026335 0.48395570774878738 0.40228892881206246 0.46284671821411655 0.50487681677071183 0.43868449890765099 0.45374962987568984 0.24477006566993506 0.2483145454960205 0.24017493901064021 0.26895978313925334 0.27573940948239134 0.21375140175805027 0.18906007895310811 0.15199966339212981 0.10616679894597157 0.055199072709190528 0 -0.054904619454410997 -0.11677038255907238 -0.18426304166879592 -0.25663220807899439 -0.27631911833525941 -0.37612837892176032 -0.49165273839664048 -0.63127740250222253 -0.7378387747218258 -0.69793975747358339 -0.78581705006549241 -1.0226559429915894 -1.0092799761265101 -1.2556340081333304 -0.89906316409737208 -1.0739693182464538 -1.3348677706710328 -1.1063020579737344 -1.3894944268844376 -0.98246628288433591 -0.42246517480343843 0.53955383116873601 0.27523886308669138 0.08545894781566421 0.17553319938615372 0.34199913790394265 0.37573370850323989 0.48394896843382335 0.4022833292581231 0.46284216465915085 0.50487320351699583 0.4386817220446203 0.45374758092914041 0.24476863801664955 0.2483133858209319 0.24017402171907021 0.26895907925368584 0.27573889173268584 0.21375104234749254 0.18905984751594201 0.15199953278586917 0.10616674067180373 0.055199057338820273 0 -0.054904633312876171 -0.11677043916575654 -0.1842631684773425 -0.25663243289409604 -0.27631947066100598 -0.37612888816650114 -0.49165343235708969 -0.63127830817725539 -0.73783991974858865 -0.69794117047854309 -0.78581908193828531 -1.0226587063870962 -1.0092835773807263 -1.255638547518674 -0.899068750885886 -1.0739760462640164 -1.3348757309351287 -1.106311360522332 -1.3895051446081172 -0.98247852199143848 -0.42248152782424908 0.53953291986975227 0.28524915118479471 0.088962719599473827 0.17995451135944257 0.34781876859770278 0.37984373207554673 0.48921305791568964 0.40561407031900909 0.4674350354507299 0.51018558268909298 0.44262477488407886 0.45812417285922058 0.2471327333339445 0.25079308603241024 0.24266470909406618 0.27167921407345191 0.2785168503369525 0.21567948209213228 0.19078109751614705 0.15340086137668468 0.10716185838235669 0.055725006127242398 0 -0.055456705079956065 -0.11794939363412689 -0.18613469838451022 -0.25925599773513636 -0.27895073039209189 -0.37974070556794742 -0.49637435881347652 -0.63729603191572326 -0.74495774349606503 -0.70435017239601161 -0.79364739828020292 -1.0329797071144253 -1.0191408661851646 -1.2680676251915115 -0.90730718616652106 -1.084081732174788 -1.3474117450377725 -1.1157252231714787 -1.4012507480672278 -0.98943041626906736 -0.42352199528369011 0.54938726307776453 0.29535945641800465 0.092504289987200949 0.18441806777695349 0.3536850651940267 0.38397601877987758 0.49450503860148021 0.40895440010380368 0.47204847101104952 0.51552413208149672 0.44658161763836907 0.46251881004599066 0.24950655399073282 0.25328370202314626 0.24516715858327168 0.27441158717056785 0.28130719677829535 0.21761451551099548 0.19250837730981321 0.15480726475394141 0.10816073519161321 0.056253022876315451 0 -0.056011220425548118 -0.11913361067792304 -0.1880146845308544 -0.26189157309280298 -0.28159235259782822 -0.3833670459515558 -0.50111429243966843 -0.64333761397932909 -0.7521046314113623 -0.71078243662089657 -0.80151012742667538 -1.0433474457413185 -1.029040180225937 -1.2805514426943583 -0.91557642707433751 -1.0942279455034458 -1.3599982702955413 -1.1251689012082122 -1.413033504684807 -0.99639197765031817 -0.42454253785411428 0.55932277049571599 0.30556978422439257 0.096083655072625299 0.18892386794935342 0.35959801099573752 0.38813058278585483 0.49982491301874915 0.41230431769339615 0.47668247417403403 0.52088883829051003 0.45055225172445285 0.46693148843004512 0.25189010381664212 0.25578523773765643 0.2476813766970537 0.27715619743444159 0.28410992814619729 0.21955614095734222 0.19424168251201682 0.15621874247723205 0.10916337188464693 0.056783108122187287 0 -0.056568179076791361 -0.12032308969397862 -0.189903125805783 -0.26453915785650378 -0.28424433367836499 -0.38700790506643934 -0.50587323335055423 -0.64940306057206953 -0.75928058540929422 -0.71723795112816724 -0.80940727941132695 -1.0537619100129669 -1.0389815030356437 -1.2930899772026327 -0.92387646472459883 -1.1044146772120684 -1.3726353122230983 -1.1346423708888405 -1.4248534339153627 -1.0033632095052627 -0.42554317391773439 0.5693394408981256 0.31588013496139039 0.099700818047103318 0.19347191065116159 0.36555761100688228 0.39230742016172748 0.50517268195895315 0.41566382753015474 0.48133704328017823 0.52627972023449388 0.45453667448712198 0.47136220462854639 0.25428337651831767 0.2582976923206573 0.25020735831647667 0.27991304480124601 0.2869250442427943 0.2215043589673204 0.19598101979907548 0.15763529413168037 0.11016976754234727 0.057315260942555929 0 -0.057127581038472833 -0.12151783001849151 -0.19180002294969076 -0.26719875447081787 -0.28690667313585061 -0.39066328928254562 -0.51065118311628122 -0.65549237674905314 -0.76648560836208179 -0.72371672625781835 -0.81733884463455786 -1.0642231105246744 -1.0489648434734906 -1.3056832498558799 -0.93220731269971813 -1.1146419423638583 -1.3853228629058802 -1.1441456423746428 -1.4367105282528254 -1.0103440878859633 -0.42652387018232057 0.57943728316972976 0.32477147710800558 0.10335576877488707 0.19806219195062688 0.37156386206163533 0.39650652712892953 0.51054833707350367 0.41903292690780913 0.48601217166592997 0.53169676149711076 0.4585348930494838 0.4758109651901577 0.25668637757212698 0.26082106573385255 0.25274510475637946 0.28268213089219013 0.28975254908281267 0.22345916989836193 0.19772638434565828 0.15905692022152063 0.11117992327530621 0.05784948194058772 0 -0.057689426002626644 -0.1227178336875471 -0.19370537676679944 -0.26987035913803115 -0.28957937555307289 -0.39433319618720913 -0.51544813889015961 -0.66160554931083004 -0.77371968744047226 -0.730218757695136 -0.82530482590476173 -1.0747310489359461 -1.0589902017692552 -1.3183312581010147 -0.94056896364681031 -1.1249097311039069 -1.3980609354667441 -1.1536787112232507 -1.4486047700809073 -1.0173346342893963 -0.42748465095324312 0.44604991491414159 0.34790217311430388 0.098392230694530652 0.19376916144975923 0.37761676959806806 0.4007279085893844 0.51595188471958264 0.42241161444769337 0.49070786745009987 0.53713996675050657 0.46254689845020958 0.48027776203436462 0.25909910437392325 0.26335535644539115 0.25529461448491086 0.28546345229890535 0.29259243833877319 0.22542057162502346 0.19947777777935705 0.16048362114886375 0.11219383776230223 0.058385771149791918 0 -0.058253715027187437 -0.12392309896823886 -0.19561918543803594 -0.27255397482610494 -0.29226243499410892 -0.39801762195080215 -0.52026409860419043 -0.66774259196746721 -0.78098283842253147 -0.73674404207004796 -0.83330522161349474 -1.085285720727821 -1.0690575696509417 -1.3310339978020393 -0.94896141710631987 -1.1352180472618418 -1.4108495276079138 -1.1632415863194006 -1.5249026194313864 -1.1001951839367758 -0.54486362404007582 0.40873036974397947 0.37068734275033438 0.1001561330262192 0.19668296241782013 0.37301642396046714 0.39402482014148515 0.51052935881738759 0.41491136880330037 0.48459571411819918 0.53176185725310687 0.45578039948674037 0.47400631436894231 0.26152155615778094 0.26590056721260491 0.25785589143382198 0.28825701408926563 0.29544471401484751 0.22738856679613076 0.20123520060440597 0.16191539647330253 0.11321151189053236 0.058924128450492635 0 -0.058820446955288513 -0.12513362668074537 -0.19754145008037494 -0.27524960189885395 -0.29495585793102941 -0.40171657290497581 -0.52509907213881291 -0.67390349366410596 -0.78827505022787003 -0.74329259041188167 -0.8654860301813323 -1.1246779621388372 -1.1134745646684834 -1.3843244472093272 -1.0050279811329985 -1.2010357771271336 -1.4878320906438838 -1.2470909690668288 -1.5579210140645183 -1.13101260197999 -0.57796651486347539 0.37058486763252846 0.4084156752976697 0.11702669541486616 0.21472782447728123 0.39279758008058557 0.41196208140733004 0.53016350242420096 0.43279930671134181 0.50433647366604373 0.55246905388089551 0.47538267847219551 0.49389833798061883 0.26873606105169195 0.27298374228875771 0.26463593784562883 0.29548514719836205 0.30227359670687859 0.23279052775725209 0.2058086245657742 0.16612056277316053 0.11617760448421888 0.060483315467100958 0 -0.059860968372587871 -0.12809840397284841 -0.20261641070576 -0.28196285394883819 -0.30338410522266218 -0.41300813806795034 -0.53886557793709633 -0.69121749602023519 -0.80908543485865736 -0.76585712845712306 -0.87039437188899871 -1.1332288423935446 -1.1229450940120407 -1.3973940333285311 -1.014924450500799 -1.2137687108893298 -1.5040078303809761 -1.2615337038317622 -1.5761001196628963 -1.1470134814788926 -0.59637446976984154 0.34690530042580486 0.42376154334593547 0.12239448322315027 0.22125190407685585 0.40102693763729896 0.41839209299415209 0.53822968577499752 0.43909967095073438 0.51245889915872644 0.56158266866482254 0.48336473621302978 0.50222221062082029 0.27504506355246455 0.27914550771962349 0.2704639240593576 0.30173774204074028 0.30813610527804458 0.23723818770301633 0.20946421667321913 0.16957857552938926 0.11857252992554687 0.06171362542935438 0 -0.060331331160404143 -0.1298976659366653 -0.20579968565947315 -0.2858106538504438 -0.30785265844901205 -0.4190690062642069 -0.54590944526795193 -0.70009074394198811 -0.81951686972964188 -0.77586306152815976 -0.88183381420585072 -1.1469719785271824 -1.135991931223715 -1.4123090815899022 -1.0246379098252754 -1.2241526661256958 -1.5154109310374653 -1.2682508935049273 -1.5832857970855081 -1.1476076593448949 -0.58363849370035481 0.38552031775027834 0.4335828714358419 0.12602309055486374 0.2258728525496963 0.4071139074907611 0.42257743957295196 0.54363729116691195 0.44242657880962116 0.51715973915410451 0.56706726568307186 0.48737914130952142 0.50672060933563012 0.27746451797609506 0.28169662746192781 0.27303875430317126 0.30454786647296489 0.31100984401309345 0.23921439785952164 0.21123192880149899 0.17101814053992406 0.11959701516787741 0.062256224299614873 0 -0.060906264146823937 -0.13112383741974468 -0.20774669264543819 -0.28854343461780896 -0.310578768930452 -0.42281417662465298 -0.55080680767560275 -0.70633066773355768 -0.82690633190450791 -0.78249460844606034 -0.88999348686159563 -1.1577451670362562 -1.1462705494870402 -1.4252871472668094 -1.0332247018774039 -1.2347101563958889 -1.5285058245618592 -1.2780566112154228 -1.5955100637679962 -1.1548160981340916 -0.58474893866984978 0.39572579267800101 0.48431192063126904 0.14474804679866149 0.24962427733282533 0.43826036745061037 0.4438484039124464 0.571103642834353 0.45921443265267065 0.54098210306679784 0.59489202160978016 0.50766739063449451 0.52949179923495038 0.28971603064683604 0.29462367707283171 0.28609631022146248 0.31878922132587617 0.32557057360242564 0.24919955209201297 0.22016501690884915 0.17829623975876824 0.12477868093270503 0.065001694659569245 0 -0.06381783697207781 -0.13733549681974672 -0.21761211318555179 -0.30239158011898687 -0.32437068001920905 -0.44176573902308708 -0.57558745900352504 -0.73789907983698899 -0.86430259730805659 -0.81601637212431322 -0.93132697320715208 -1.2123350754189861 -1.1983220066507201 -1.4910313125885151 -1.0766592434950562 -1.2881497121526504 -1.5947885795293726 -1.3275907167490637 -1.6572556586611489 -1.1910825045259299 -0.5901223597327967 0.44777350574235242 0.537723925535884 0.16443917483132869 0.27445050461297754 0.47059032023017416 0.46569101077598357 0.59928214721430395 0.47625641905671362 0.56533348408795037 0.62338543486966014 0.52831521570184237 0.55272769907090025 0.30222415837088684 0.30783611085758444 0.29945921339677278 0.33334818577598369 0.34045115401472659 0.25935806412316276 0.22925554978635404 0.1857080240674556 0.13005902642133876 0.067801264438448069 0 -0.066790942036901141 -0.14368184176790974 -0.22769486011798912 -0.316546821963886 -0.33843157751818764 -0.46109356948971897 -0.60085795622083593 -0.77008231300593821 -0.90244735629302197 -0.85014513842786676 -0.97355273037796641 -1.2681321301891419 -1.2514713887097755 -1.5581995607062187 -1.1209292929411849 -1.3426775592487041 -1.6624200433268119 -1.3779692699940376 -1.7200439330066915 -1.2277249461446038 -0.59520113485883264 0.50151728635608739 0.59379122423833663 0.18509156264474858 0.30034743758211485 0.50410034367415713 0.48810248278991525 0.62817044500080499 0.49355056729534552 0.59021221020211634 0.6525461347113104 0.54932147885683513 0.57642744800700374 0.31498820364539243 0.32133336362696729 0.31312700561415002 0.34822433301128219 0.3556512517532523 0.26968968400593751 0.23850336189835697 0.1932533399617431 0.13543795558990765 0.070654892842738085 0 -0.069825597739463521 -0.15016286760485328 -0.23799491678386953 -0.33100917786453415 -0.35276148708589294 -0.48079770389539422 -0.62661840055735984 -0.80288050395811261 -0.94134077404401051 -0.88488111798624247 -1.0166711464429758 -1.325136899408162 -1.3057194552070284 -1.6267928398357321 -1.166036062931221 -1.3982951687716954 -1.7314019492436632 -1.4291942679735237 -1.7838771687521024 -1.2647460659438279 -0.59998884704761435 0.55695233574041381 0.6524875753638385 0.20670051588131111 0.32731118342370064 0.53878717417385058 0.51108016066078066 0.65776625948020073 0.51109497366064682 0.61561663620124474 0.68237277195689949 0.57068503925338709 0.6005901479955702 0.32800744994701397 0.33511481766203566 0.32709918193718468 0.36341718796645806 0.37117048653597418 0.28019412806066696 0.24790825707218012 0.20093199366247025 0.14091535206560057 0.073562524893346956 0 -0.072921816573925269 -0.15677854905503472 -0.2485122262174814 -0.3457786275239047 -0.36736037176641795 -0.50087809953976448 -0.65286878129013959 -0.83629366169313757 -0.98098289306988984 -0.92022438700903153 -1.0606823948843147 -1.3833496817870057 -1.3610666388904076 -1.6968117864611765 -1.2119803936854781 -1.4550035379566724 -1.8017355082081998 -1.4812671743712222 -1.848757009573583 -1.3021477366115384 -0.60448797177047442 0.61407562083020939 0.8105718365348541 0.26487937197150069 0.3993640197791381 0.63063258527154398 0.57098498367167516 0.73483681412251056 0.55603865978568334 0.68141702581877184 0.7598439394829144 0.62564949958432425 0.66301629000312556 0.36166710524198098 0.37080761782441185 0.36335779171768395 0.40278157601027159 0.41136212458209725 0.30720928773891792 0.27210625494651131 0.2207105466218954 0.15503871824385695 0.081067445021178089 0 -0.080931768054216341 -0.17390659635223987 -0.27575543767099081 -0.38404531997130054 -0.40503367856374178 -0.55272444382354502 -0.72063762570430545 -0.92251636077368504 -1.0833630890858787 -1.011238821557547 -1.1746164403825163 -1.5341670125291702 -1.5042441438886212 -1.878097993095551 -1.3305077527057496 -1.6015497915386447 -1.9834870082229807 -1.6151637745510701 -2.0155411808328187 -1.3973231666299917 -0.61448081331034854 0.76426247039334749 0.91273154556679503 0.30268456540168193 0.44579633228768323 0.68924201597586432 0.60858510405008481 0.78312760313738727 0.58365869575229223 0.72234704608034761 0.80818020022032078 0.65953351840395824 0.70169340444682526 0.38245172716314313 0.39290799067203064 0.38587041281530654 0.42718472600222912 0.43628680124990721 0.32381054820708433 0.28699481312749769 0.23287412477008848 0.16373598804314335 0.085695057606264807 0 -0.085913531163559959 -0.18453494457984737 -0.29265447945607731 -0.4078101436323614 -0.42827495972868018 -0.58473596618904644 -0.76251574657148136 -0.97577958432379652 -1.1466578854345415 -1.0672242485008159 -1.2450947604222453 -1.6275932345739355 -1.5926015588175846 -1.9901499948778141 -1.4029638086447995 -1.6914008876405189 -2.0950524021937134 -1.6962643718213428 -2.1167222176605258 -1.4531792348138075 -0.61604882883307033 0.86515925693613471 0.91136617223967509 0.30292496006695308 0.44590970075589409 0.68923177172182049 0.60850816044728107 0.78291851631667164 0.58335407759255653 0.72192183103015517 0.80768381536932332 0.65894809087977324 0.70109720290343391 0.38181589982387554 0.3923017235905536 0.3853062639790541 0.42658303149620203 0.43574867569114722 0.32334926763821548 0.28662324828888103 0.23249470424812543 0.16347124221156561 0.085557791383707837 0 -0.085879976763666974 -0.18434057844901389 -0.2922891377624407 -0.40737773430743635 -0.42764521064681205 -0.58390006761089308 -0.76157473109622498 -0.97460644809387165 -1.1452456355498046 -1.0655666637311008 -1.2430043370901691 -1.6250241007608763 -1.5894394301360448 -1.9864236777872022 -1.3985764225006099 -1.6863528690203069 -2.0892856326678078 -1.6895962828258977 -2.1091237359387369 -1.4442284502841702 -0.6027201952087089 0.88654468935760145 0.91050621274907928 0.30305200285906653 0.44596198155643874 0.68921124619399809 0.60844917779829633 0.78278134735070071 0.58316068330953064 0.72165690504650848 0.80737716559210315 0.65858872372445287 0.70073240916569091 0.38142804087688731 0.39193219834781207 0.38496267425150404 0.42621700334180362 0.43542147517438934 0.32306892293525791 0.28639752843774402 0.23226437208915132 0.16331057672453211 0.085474513816072989 0 -0.085859646546856447 -0.18422277806438644 -0.29206774028441179 -0.40711581426238291 -0.42726379377185281 -0.58339385402045463 -0.76100505419241626 -0.97389631640354279 -1.1443908390355926 -1.0645634831862574 -1.2417395725501013 -1.6234701233766864 -1.5875270800231889 -1.9841705801688061 -1.3959239904558827 -1.683301518702123 -2.0858001672447024 -1.6855661613714314 -2.1045315425827633 -1.4388182484557503 -0.5946609556622291 0.89948381665680099 0.90995509741236436 0.30311164803363988 0.44597839151104751 0.6891854957774779 0.60840205805932168 0.78268851909055159 0.58303537853011256 0.7214897054168139 0.80718598674869024 0.65836678658805681 0.70050823744154367 0.3811907603371914 0.39170642966892222 0.38475297596690194 0.42599398880348693 0.43522228219678477 0.32289837748751354 0.28626029692118787 0.23212448648104514 0.16321304879316439 0.085423984671272338 0 -0.085847335969327379 -0.18415140936229385 -0.29193364507335778 -0.40695728778197654 -0.42703297413318869 -0.58308757699366209 -0.76066052620608471 -0.97346691557029597 -1.143874038439433 -1.0639570693023859 -1.2409754092811067 -1.6225315722668421 -1.5863723298357557 -1.9828105415130444 -1.3943232137449011 -1.681460371580179 -2.0836975586756199 -1.6831350652115546 -2.1017615065016115 -1.4355541827446241 -0.58979588601554556 0.90730224666167769 0.90959390607772583 0.30313196293193967 0.44597442018714334 0.68915778969775565 0.60836307244953935 0.78262341733480556 0.58295207838363117 0.72138230925296998 0.80706529603235522 0.65822852171029833 0.70036958130349047 0.38104496194351506 0.39156796948015204 0.38462458131621741 0.42585780469010126 0.43510078981172212 0.32279446628485842 0.28617675359334882 0.23203946954438839 0.16315381314940108 0.085393314060806289 0 -0.085839887582841515 -0.18410819289154814 -0.29185247372116302 -0.40686142166967015 -0.42689343558509096 -0.58290245662123896 -0.7604524874268106 -0.97320766254178603 -1.1435620884575037 -1.0635911139109133 -1.2405145716725061 -1.6219659081745708 -1.5856766320121527 -1.9819915756336779 -1.3933595517663588 -1.6803524628454423 -2.082432609675152 -1.6816726120992893 -2.1000953325152811 -1.4335903420110683 -0.58686625913662782 0.91201747829575386 
end_dependent_variable

end_regular_table
