# ****************************************************************************
# CUI
#
# The Advanced Framework for Simulation, Integration, and Modeling (AFSIM)
#
# The use, dissemination or disclosure of data in this file is subject to
# limitation or restriction. See accompanying README and LICENSE for details.
# ****************************************************************************

# ##################################################################################################
# 
# This file was auto-generated by AFSIM Mover Creator 2.8.0.201104
# 
# Creation Date:  05 Nov 2020
# 
# ##################################################################################################

regular_table

independent_variable mach precision double
0.10000000000000001 0.5 0.70000000000000007 0.75 0.80000000000000004 0.84999999999999998 0.90000000000000002 0.92000000000000004 0.94000000000000006 0.95999999999999996 0.97999999999999998 1 1.02 1.04 1.0600000000000001 1.0800000000000001 1.1000000000000001 1.2 1.3 1.4000000000000001 1.5 1.75 2 2.5 3 3.5 4 
end_independent_variable

independent_variable surface_angle units deg
-40 -30 -28 -26 -24 -22 -20 -18 -16 -14 -12 -10 -9 -8 -7 -6 -5 -4 -3 -2 -1 0 1 2 3 4 5 6 7 8 9 10 12 14 16 18 20 22 24 26 28 30 35 40 
end_independent_variable

dependent_variable precision double
-0.33319086479854382 -1.6122302503877171 -1.397524507518108 -1.1133551326741744 -1.3408285958566653 -1.0795091929276237 -1.2889631978348071 -1.2607220568304478 -1.0133040567262739 -1.027774070924875 -0.78941161251774805 -0.86160986838902998 -0.74111873744084689 -0.63441884650299707 -0.49689364352316173 -0.37910334651802752 -0.35003189458569478 -0.25934697725528849 -0.18696215449738154 -0.1193530513853493 -0.057378805563708904 0 0.052729116507438313 0.10361030633496428 0.14936581102544411 0.1864322513407318 0.2633759589168162 0.27299241459552798 0.26424435881107783 0.23739589529413588 0.24550308988521438 0.32898484484276241 0.45091553985683885 0.43480830952926386 0.50205363056353203 0.45938423285486868 0.51091946041987613 0.48053332235714957 0.37223880138839888 0.33798995136449794 0.17121717235403047 0.17962908384541179 0.31251605694048845 0.31059695034317131 -0.33195860192563337 -1.6115096446656834 -1.396892699883707 -1.112807118314646 -1.3403593211953226 -1.0791129050977659 -1.2886343783429473 -1.2604549668518532 -1.0130923169948096 -1.0276116865413707 -0.78929207694477543 -0.86152680401995929 -0.74105144775498 -0.63436568941981197 -0.49685299011052469 -0.37907353056876208 -0.35001128155088002 -0.25933384897246581 -0.1869548323769116 -0.11934985294413807 -0.057378048151116086 0 0.052730040405116099 0.10361383940585077 0.14937363530584349 0.18644604559580796 0.26339740866145178 0.27302318357955496 0.26428611573093075 0.23745030517618923 0.24557178127863907 0.32906943442488357 0.45103676065747178 0.43497262813005472 0.5022672580461337 0.45965338942821321 0.5112500352854098 0.48093124377852109 0.37270977027702684 0.33853920626808587 0.17185021849002263 0.18035061582672679 0.31347961883809383 0.31182869889708426 -0.33208861063673079 -1.6115857363039827 -1.3969594242527013 -1.1128650056901142 -1.3404089501063532 -1.0791548277766705 -1.2886692111044735 -1.2604833293297599 -1.0131148168233552 -1.0276289947989792 -0.78930483764716797 -0.86153569986209722 -0.7410586672414281 -0.63437140175628659 -0.4968573745874284 -0.37907675830662507 -0.35001353286133885 -0.25933529555049478 -0.18695565140661813 -0.11935022101922847 -0.057378143213644858 0 0.052729957270281881 0.10361349576059363 0.14937285304056275 0.18644464730300134 0.26339521702935764 0.27302002394523761 0.26428181059114719 0.2374446793893002 0.24556466219226336 0.32906064759948034 0.4510241193756358 0.43495545480299513 0.50224488689307833 0.4596251760504777 0.51121533336949609 0.48088943700968118 0.37266026876494379 0.33848141182491609 0.17178359139357166 0.18027459388765127 0.31337796481799335 0.31169865316625261 -0.33211452266353914 -1.6116008912896007 -1.3969727071886548 -1.1128765322311596 -1.3404188316946557 -1.0791631727906936 -1.2886761461772391 -1.2604889758604654 -1.0131193008705783 -1.027632438974633 -0.7893073785413065 -0.86153746921391239 -0.74106010287310453 -0.63437253886848544 -0.49685824515754073 -0.37907740104580401 -0.35001398080012314 -0.25933558291618181 -0.18695581339986897 -0.11935029398959254 -0.057378162162323477 0 0.052729940555552732 0.10361342624487284 0.14937269680771018 0.1864443671019094 0.26339478073902417 0.27301939312577478 0.26428095227584336 0.23744355864875963 0.24556324440026908 0.32905889576821168 0.45102159900191885 0.43495203749856198 0.50224042831287896 0.45961955211457534 0.51120841584919052 0.48088110980342663 0.37265040402700289 0.338469897985469 0.17177031618070035 0.18025945090153328 0.31335771764027637 0.31167275422400548 -0.33213851068540112 -1.611614939257511 -1.3969850184204124 -1.1128872221262116 -1.3404279902492529 -1.0791709083832988 -1.2886825798240875 -1.2604942059829882 -1.0131234500806885 -1.0276356311607859 -0.78930973076245481 -0.86153911091147184 -0.74106143216878606 -0.63437358962258028 -0.49685905285793214 -0.3790779952125386 -0.35001439289997516 -0.25933584854873182 -0.18695596403189108 -0.11935036158252112 -0.057378179746697254 0 0.052729924854079256 0.10361336217041474 0.14937255148929651 0.1864441095275344 0.26339437511762581 0.27301880800653572 0.26428015625581658 0.23744251916015308 0.2455619267530387 0.32905727191033474 0.45101926276946636 0.4349488649073377 0.50223629435745276 0.45961434075722851 0.51120201341380811 0.48087339342278718 0.37264126576943296 0.33845922640880316 0.17175801203375446 0.18024541978398512 0.31333895316674287 0.31164874750079508 -0.33216083690415837 -1.61162800760666 -1.3969964790918614 -1.1128971661374452 -1.3404365172982446 -1.0791781088492625 -1.2886885522561085 -1.2604990773970512 -1.013127315515387 -1.0276386003349531 -0.78931192360726421 -0.86154063752871912 -0.7410626694257485 -0.63437456748609466 -0.49685980212458758 -0.37907854904052818 -0.35001477908601303 -0.25933609616607484 -0.18695610410052343 -0.1193504240692794 -0.057378195101110717 0 0.052729910345375212 0.10361330291490475 0.14937241588856306 0.18644386706423186 0.26339399710146016 0.27301826431110254 0.2642794140739721 0.23744155163663325 0.24556070254872361 0.32905576019672156 0.45101708776433891 0.43494590814754658 0.50223245107076731 0.45960949136352436 0.5111960405349969 0.48086620438187905 0.37263275940043006 0.33844929050361444 0.17174656559575455 0.1802323559665617 0.31332148719230124 0.31162640462315727 -0.33218173339524859 -1.6116402280762414 -1.397007203708871 -1.1129064596225906 -1.3404444867534469 -1.0791848461855857 -1.2886941481080745 -1.2605036345263363 -1.0131309297265101 -1.027641375219343 -0.78931396799017417 -0.86154206074601936 -0.74106383130287323 -0.63437548873494665 -0.49686050607398236 -0.37907906501903099 -0.35001514069860673 -0.25933632715645111 -0.18695623475465448 -0.11935048255088544 -0.057378210439567423 0 0.052729896969602702 0.10361324665926983 0.149372289191714 0.18644364129172336 0.2633936440097881 0.27301775438022019 0.26427872084753495 0.23744064640839041 0.24555955685177605 0.32905434511738024 0.45101505407247311 0.43494314701790293 0.50222885556099284 0.45960495472274754 0.51119046580981031 0.48085948600221301 0.37262480066818554 0.33844000601809426 0.1717358569993544 0.18022014322006311 0.31330515848962648 0.31160551151490495 -0.33119735874774486 -1.6253305852513655 -1.408819383917594 -1.1223778989878082 -1.3530282543218541 -1.0893345050557981 -1.3012955532565396 -1.2729725421652671 -1.0230188581310047 -1.0380018017593906 -0.79716887532635694 -0.86990129366619429 -0.74820526554751476 -0.64041553288390329 -0.50161949268509176 -0.38271167304789289 -0.35356102147270735 -0.26197844050555469 -0.18884614800442631 -0.12054689714394104 -0.057946933253871 0 0.053239262252667993 0.1045913083793639 0.1507562323898371 0.18814767219443526 0.26607526813828319 0.27577838819565254 0.26697058423240988 0.23991449131062742 0.24802272696045985 0.332839867320049 0.45537648653627089 0.43886744334945355 0.50752848049000288 0.46418382513592327 0.51706409930896691 0.48611278277628983 0.37672558814870055 0.3442511521461985 0.17615091769266525 0.18716589477489332 0.32386962562658872 0.32571878147018396 -0.33017601665318458 -1.6390656322922321 -1.4206689617682167 -1.1318793096319899 -1.3656626726991421 -1.0995248176194867 -1.3139514319482355 -1.2854962734775224 -1.0329488721778268 -1.0484090388598051 -0.80505824400124271 -0.87829516352626669 -0.755375788124928 -0.6464794688800054 -0.5063975247239868 -0.38635881410530687 -0.35712286316480585 -0.26463256909449201 -0.19074452309739645 -0.12174857518047139 -0.05851809928127643 0 0.05375069618093016 0.10557313029917949 0.15214525336151097 0.18985773694363092 0.26876908325460896 0.27855142099237751 0.26967472452281255 0.24240012726629381 0.25049684453218773 0.33664650047295797 0.45975600675286032 0.4428056089584867 0.5128543393132623 0.46878335664574106 0.52297098582270074 0.49139409621289371 0.38084879186975429 0.35010913497826107 0.18060846049689197 0.19418447647837461 0.33453954485519938 0.33997626394478608 -0.32911768321469076 -1.6528453705775072 -1.4325559291419276 -1.1414107188220843 -1.3783477686927041 -1.1097557811193197 -1.3266617703965025 -1.2980748509813125 -1.0429209754668265 -1.0588630917288797 -0.81298206221957792 -0.8867236706326066 -0.76257540650288669 -0.65256728400888897 -0.51119460824147911 -0.39002048934016098 -0.36070066650253141 -0.26729871158289337 -0.19265135516993775 -0.12295551693812445 -0.059091709249412976 0 0.054264198318769032 0.10655871327080874 0.15353935235566138 0.19157383519464383 0.27147509090976463 0.2813368521576548 0.27239114305911255 0.24489754435665384 0.25298190799681219 0.34047424066988685 0.46415360518646848 0.44675764706188942 0.51820642735862543 0.47340355553279023 0.52891112642330762 0.49670342455039584 0.38499442163519348 0.35601396355220311 0.18510846320019397 0.2012758841179165 0.3453149090523509 0.35437795641115705 -0.32802239580942982 -1.6666697916820101 -1.4444802867535915 -1.1509721255368583 -1.3910835141164812 -1.1200273976488271 -1.3394265735032642 -1.310708258643263 -1.0529351468073973 -1.0693639592432571 -0.82094034721468756 -0.89518682501883873 -0.76980411520502334 -0.65867898317247764 -0.51601073495280758 -0.39369669993963996 -0.36429442945618146 -0.26997687054299208 -0.19456664910482549 -0.12416772223818431 -0.059667762737021596 0 0.05477976889596229 0.10754805686341855 0.15493852884890588 0.19329596648791875 0.27419329229093481 0.2841346820170027 0.27511984222844454 0.24740674905377832 0.25547791255453334 0.34432309463821503 0.46856928971336298 0.4507235582724024 0.52358474577498049 0.47804441674196246 0.53488451779177704 0.50204077289496662 0.38916246054359477 0.36196563362990347 0.18965094433796931 0.20844012062956693 0.35619571992861049 0.36892385332910227 -0.49109934695262752 -1.6805389172048406 -1.4564420418539696 -1.1605635137429369 -1.4038699215316519 -1.130339663174134 -1.3522458485192825 -1.3233964998334464 -1.0629914044285671 -1.0799116403306417 -0.82893308282554246 -0.90368462078733658 -0.77706191202291952 -0.66481456540059902 -0.52084591740638553 -0.39738744808663162 -0.36790415304699003 -0.27266704559820804 -0.19649040201069079 -0.125385191546589 -0.060246260168552689 0 0.055297408161435732 0.10854116204398991 0.15634278425820672 0.19502413299357796 0.27692368697686043 0.28694491116401355 0.27786081857137818 0.24992773766845927 0.25798486198391707 0.34819305491016855 0.47300305664433584 0.45470334034331061 0.52898929770262237 0.48270593920096183 0.54089116013235561 0.50740613649786759 0.39335291936897732 0.36796414480286843 0.1942358947701732 0.2156771708224694 0.36718197143316622 0.37982852921958266 -0.56400317610841066 -1.7740365412790335 -1.5356919773178583 -1.1701848849721708 -1.4167069933891778 -1.1406925732528728 -1.36511959222767 -1.3361395604588329 -1.0730897420497463 -1.0905061366760693 -0.83696028490680141 -0.9122170577849148 -0.78434880365842341 -0.67097403218680784 -0.52570014507073681 -0.40109272807499063 -0.37152983681540186 -0.27536923169343275 -0.19842261134083125 -0.12660792388678346 -0.060827200380756848 0 0.055817115267884229 0.10953802775937521 0.15775211657300936 0.19675833235640044 0.27966627121450638 0.28976753929231713 0.28061407649198528 0.25246051303462114 0.26050275578711185 0.35208413148107565 0.47745490659212741 0.45869699549579812 0.53442008122673701 0.48738813233067252 0.5469310575044487 0.51279951551228387 0.39756579466467618 0.37400949370102571 0.19030240661732675 0.2147538934677628 0.37146321492724449 0.39616993550981688 -0.63826485071771422 -1.8128470216258745 -1.570556506218346 -1.2576584069225749 -1.4964709337188962 -1.2087373661106044 -1.4273325059147166 -1.3908746713962339 -1.1185577011787677 -1.1307642656370831 -0.86970378112921565 -0.92078413708386908 -0.79166478169911947 -0.67715738732243536 -0.53057342109892158 -0.4048125433896782 -0.37517148081247842 -0.27808343393483637 -0.20036328422473701 -0.12783592018426104 -0.061410585446420043 0 0.056338891142396805 0.11053865502442577 0.15916652878680609 0.19849856479978115 0.28242105194826411 0.29260256420626013 0.28337960844589927 0.25500507502460967 0.26303159448750002 0.35599631295141115 0.47139383146832198 0.45212794243378585 0.52932283049598361 0.48150614799645863 0.54245752707695372 0.50760323007357799 0.39106924247992708 0.36946205827604417 0.19278937658549916 0.2203377093479944 0.38156535105399603 0.41228422052219543 -0.69928831370561073 -1.8375894994420949 -1.5913080430924009 -1.2743390303225357 -1.5145105972119668 -1.2232010910137903 -1.4430710386586842 -1.4055455005729471 -1.1292632526164483 -1.1409498232329207 -0.87571440661448241 -0.94676812951520362 -0.81375556014221528 -0.69562810622662663 -0.54612347534654615 -0.41711246343510872 -0.38545255362460368 -0.28563881496509858 -0.20626281586830164 -0.13156961348883403 -0.063176904365724013 0 0.057177965219100381 0.11276985226908809 0.16263162904774756 0.20234295529236934 0.28791013039682467 0.29872199929435495 0.2893028399765219 0.26111148973602444 0.26946506462384523 0.36410462535974775 0.49048421909563666 0.47058917162270947 0.54926559445323608 0.50028526561776965 0.56235261796509339 0.52633540741226748 0.40810446910602854 0.3881988177897836 0.20972265888019115 0.24038164382208727 0.40610270461632286 0.44277074880235717 -0.67399085666259317 -1.8456235296218535 -1.5996923770263654 -1.2822569016652323 -1.5270053436041635 -1.234705758502523 -1.4582241535801908 -1.4216733089453057 -1.1432968728008199 -1.1560918373403255 -0.8881528689941971 -0.9597850892227302 -0.82516527797407635 -0.7054588997264305 -0.55482285436753043 -0.42410787871228522 -0.3917670752954307 -0.29036240914651007 -0.21032169210135102 -0.13421254660165613 -0.064458697399523937 0 0.057597334530929543 0.11432400721077367 0.1652211425117282 0.20513206770001949 0.29228255513031037 0.30367321879006914 0.29401851065188078 0.26601653722349139 0.2746914646844793 0.370997871659555 0.49786800161351791 0.47733201655891222 0.55745624009089201 0.50732421769809044 0.57050888694988 0.53337612119791367 0.41351600239386938 0.39532640341140146 0.21511840118337966 0.24869679098752082 0.41835431616805069 0.45895171774286159 -0.67317697499693452 -1.8598921925412821 -1.6119917761530731 -1.2921262560946394 -1.5401520784920912 -1.245310030942776 -1.4713875044566964 -1.4346921486170601 -1.153606083483188 -1.1669039031573107 -0.89633788959812388 -0.96846735590985822 -0.83257645828665128 -0.71171907712949156 -0.5597552007304083 -0.42787152977085374 -0.39545573684425001 -0.29311129563647836 -0.21228459231664468 -0.13545369866272627 -0.065047852611487239 0 0.058125796566769722 0.11533401861783076 0.16664607440639165 0.20688535270171818 0.29506527587659714 0.30653286858019185 0.29680716131493878 0.26857811108343654 0.27722992021824322 0.37494507908336766 0.50235584537659017 0.48133572394791169 0.56293384385156575 0.51201974691898711 0.57659792298959878 0.53878362308775729 0.41770459859047165 0.40142184263966296 0.2197546308153048 0.25609449316801913 0.42952015933920218 0.47371545394240011 -0.66883717657222164 -1.9319906576339836 -1.6741231741214211 -1.3419869305756067 -1.6067006456190964 -1.2989893201157625 -1.5380628996613563 -1.5006450689860702 -1.2058140267654733 -1.2216924964537064 -0.93780087301651982 -1.0124154652796369 -0.87008357960351712 -0.74339082031081161 -0.58471426522083503 -0.44691731588193645 -0.41414594336561505 -0.30704149604878389 -0.222230984238561 -0.14174166173474684 -0.068031849839530839 0 0.06079927914936023 0.12044199427196363 0.17384967590989048 0.21574501459163431 0.30916559942445465 0.32102194558032282 0.31093924897557601 0.28156828253257593 0.29009264465806744 0.39500473123027352 0.52507349497464884 0.50156966136547287 0.59072329571723481 0.53581522454759023 0.60755011908563039 0.56624953000777034 0.43899207296551157 0.43261100945851122 0.24358303813578575 0.29418920121698333 0.48695717467718114 0.54975386526782122 -0.66405286917775608 -2.0053501614219842 -1.7373141195202382 -1.3927059594225553 -1.6746090435807355 -1.3537666957944128 -1.6061705526405685 -1.5680301151351317 -1.2591258354615915 -1.2776954644321197 -0.98016074949312892 -1.0572584595785277 -0.90834293151631684 -0.7756807994366518 -0.61016892119105859 -0.46634237159573833 -0.43324767746488191 -0.3212813064447656 -0.23239716264179552 -0.14816660015314539 -0.071079538179964596 0 0.0635247240829971 0.12564647705424942 0.18118479337020099 0.22475999548920711 0.32357699973530335 0.33582888652875514 0.32538588004200747 0.29486201854704935 0.30323912012701637 0.41560331564701042 0.54825467006932282 0.52216191432259351 0.61918089059707804 0.56013931538658657 0.63934597960647965 0.59442785018263 0.4608517704361505 0.46498444817099838 0.26848745556255166 0.33412409413010991 0.54706764748177594 0.629479525098806 -0.6588300397981437 -2.0799734362169771 -1.8015670426312487 -1.4442854616961338 -1.7438790324738889 -1.4096436285557545 -1.6757116832584014 -1.6368482610662163 -1.313542267327205 -1.3349133164330311 -1.0234178543756809 -1.1029965106291584 -0.94735463574338286 -0.80858908931240514 -0.63611919200180733 -0.48614667967893438 -0.45276089982453932 -0.33583069762351209 -0.24278306133761635 -0.1547284589627646 -0.074190882575738373 0 0.06630213956946622 0.13094742337075954 0.18865132629150994 0.23393019164343984 0.33829929400824826 0.35095343024488063 0.34014676218598661 0.30845893495137316 0.31666885298608177 0.43674023567758541 0.57189857652348497 0.54311149783903412 0.64830536586284893 0.58499050162687172 0.67198366837332757 0.62331641770257395 0.48328117302218843 0.49853913196705985 0.29446425120436476 0.37589452095223558 0.60984333077743158 0.71287629053344859 -0.65317238938557476 -2.1558624627023995 -1.8668835871306533 -1.4967268604859885 -1.8145118661186594 -1.4666211003163259 -1.7466870957366687 -1.7071001003716153 -1.3690637248561837 -1.3933463082755702 -1.0675723163396664 -1.1496296414092955 -0.98711867275361431 -0.84211564934401884 -0.66256498306127787 -0.50633014515675834 -0.47268551700167205 -0.35068957595062678 -0.25338856246923169 -0.16142714811948367 -0.077365837047384881 0 0.069131533531309866 0.13634478214383494 0.19624915365758275 0.24325547007051138 0.35333227132654516 0.36639527016700374 0.35522157027212359 0.32235860263576593 0.33038131359775569 0.45841485847602464 0.59600444266715802 0.56441743229603425 0.67809547037518481 0.61036732149956041 0.70546140192856388 0.65291317146198524 0.50627786690929877 0.53327208905561629 0.32150997724742486 0.41949604505969318 0.67527637612518099 0.79992897633207283 -0.63713162237404031 -2.3511285656147676 -2.0348336310926474 -1.6316055354942638 -1.9970598910328734 -1.613882457083627 -1.9304024441442607 -1.8890031872623108 -1.5127022519233977 -1.5447447097021625 -1.1818836612248 -1.2701272727036754 -1.0898190467066029 -0.92863576720339935 -0.73084593821380572 -0.55844628543405184 -0.52429575340966583 -0.38918985039500265 -0.28086200994210359 -0.17877175771052795 -0.085581113277737597 0 0.07643246088151083 0.15025955249155759 0.21581720147772399 0.26724619341564237 0.39227241193942652 0.40638591610835173 0.39427977862551472 0.35842940428348197 0.36589579959350299 0.51494952200449584 0.65828478947239355 0.61923489460242431 0.75547486151211996 0.67609960278447701 0.79281972124887623 0.72999036795523486 0.56623656320758164 0.62524154243213592 0.39377976264920522 0.53648398183404422 0.85043767921844227 1.0334640342039565 -0.61799831356899626 -2.4695335201603172 -2.1365733225174286 -1.7131786986079072 -2.1090083824468451 -1.7040789875170503 -2.0436741734068034 -2.0013556641854313 -1.6012824158698256 -1.6384561802881294 -1.2525445300419649 -1.3446138550022084 -1.1532681981137216 -0.98204197022207895 -0.77297415850149731 -0.59058690454864593 -0.5562876459015188 -0.41306560871609982 -0.29787023576867316 -0.18950248868053471 -0.090659755495746841 0 0.080963911954364448 0.15885871720267133 0.22788219296206366 0.28203793645471298 0.41647605045641078 0.43121834773639461 0.41854970959331789 0.38085760251544171 0.38791752369659338 0.55033886438432322 0.69690229001681259 0.6530711927506736 0.80378276640964119 0.71702354446951777 0.84768176042146137 0.77831864264238593 0.60390306252256865 0.68396660682943977 0.44038744785118533 0.61220617531279542 0.96356354689845203 1.1845880013196441 -0.58733983600170614 -2.4599820840599245 -2.1282597982460829 -1.705919866565057 -2.1027643774848843 -1.6986111051130572 -2.0389626590646626 -1.9972819360371161 -1.5978554582218736 -1.6355735761309522 -1.250242250430089 -1.3427642520623473 -1.1516768697324979 -0.9807020473239777 -0.77176128222513718 -0.58959885358622377 -0.55551559328036804 -0.41249974165356162 -0.29737300520822962 -0.18918333812094421 -0.090507418012806984 0 0.080944892746763059 0.15871549886107664 0.22762655095332038 0.28178899757095222 0.4161382836777483 0.43080377905115241 0.41816192915369726 0.38041423375350342 0.38743039250261324 0.54981999068304621 0.69641782232888405 0.65264152065213277 0.80338525297127195 0.71672291039911185 0.84746131875467456 0.77821984399268374 0.60393278936916339 0.68408212882494945 0.44063152917136977 0.61246813588807514 0.96400367707191581 1.1851671457013491 -0.56877633366954028 -2.4542076003873281 -2.1232338816837544 -1.7015314425917654 -2.0989894739078956 -1.6953050730652708 -2.0361135896805358 -1.9948181093260007 -1.5957824552278419 -1.6338294921990999 -1.2488490006048147 -1.3416446170076539 -1.1507134509353132 -0.97989076367773709 -0.77102672644600789 -0.58900036766992114 -0.55504788053267473 -0.41215688721452609 -0.29707162755178229 -0.18898985025139192 -0.090415042286995304 0 0.080933334611289182 0.158628545728492 0.22747130295334367 0.28163765164244581 0.41593287329960515 0.43055154253882344 0.4179256449554693 0.38014389203804599 0.38713313871690597 0.5495030966517821 0.6961208327874866 0.65237663487957676 0.80313858729067467 0.71653355254366058 0.84731898745059109 0.77814956968648441 0.60393858104275799 0.68413791628790632 0.44076312411425211 0.61260829132536487 0.96424570060549331 1.185486638773265 -0.5575465198359435 -2.4507225906899177 -2.1202007757118384 -1.6988829882536556 -2.0967112526553766 -1.6933094808886204 -2.0343935341092902 -1.9933302632291319 -1.5945302933541978 -1.6327756067455024 -1.2480068769668673 -1.3409675598967836 -1.1501307679776323 -0.97940000391153015 -0.77058218613713514 -0.58863810595434607 -0.55476470764967567 -0.41194925900325291 -0.29688900968148019 -0.18887257731819354 -0.090359035139042101 0 0.08092630353454458 0.15857572207822368 0.22737695401186989 0.28154553313996 0.41580776670341957 0.43039780915659426 0.4177813247980775 0.37997861041354775 0.38695117778731886 0.54930883559635812 0.69593775552143078 0.65221198322883189 0.80298380714354634 0.71641218845112531 0.84722465669984881 0.77809728824766844 0.60393068307393927 0.68415846607003716 0.44082765461720258 0.61267588042428911 0.96436927247838622 1.1856508863982897 -0.55076224504285709 -2.4486247436245834 -2.1183750747548702 -1.6972887410578683 -2.095339843835033 -1.6921078981842883 -2.0333576364169055 -1.9924338061102032 -1.5937755694791633 -1.6321400391826455 -1.2474987964329349 -1.3405587847999498 -1.1497788813617134 -0.97910354285875267 -0.7703135004165137 -0.5884190659312899 -0.55459342244551768 -0.41182363109899928 -0.29677842295907542 -0.18880152926763522 -0.090325082737114079 0 0.080922021412419026 0.15854361160753386 0.22731956193491495 0.28148936718213391 0.41573142147994069 0.43030389775008288 0.41769288273816446 0.37987718846888469 0.38683932904302565 0.54918916164617215 0.69582404813117016 0.65210850605064719 0.80288521146411107 0.71633261836200424 0.84716014470676548 0.7780568109979048 0.60391549604710293 0.68415878775876227 0.44085283952536874 0.61270098873990164 0.96442306342877937 1.1857235318822941 
end_dependent_variable

end_regular_table
