# ****************************************************************************
# CUI
#
# The Advanced Framework for Simulation, Integration, and Modeling (AFSIM)
#
# The use, dissemination or disclosure of data in this file is subject to
# limitation or restriction. See accompanying README and LICENSE for details.
# ****************************************************************************

# ##################################################################################################
# 
# This file was auto-generated by AFSIM Mover Creator 2.5.0.200324
# 
# Creation Date:  24 Mar 2020
# 
# ##################################################################################################

regular_table

independent_variable mach precision double
0.10000000000000001 0.5 0.70000000000000007 0.75 0.80000000000000004 0.84999999999999998 0.90000000000000002 0.92000000000000004 0.94000000000000006 0.95999999999999996 0.97999999999999998 1 1.02 1.04 1.0600000000000001 1.0800000000000001 1.1000000000000001 1.2 1.3 1.4000000000000001 1.5 1.75 2 2.5 3 3.5 4 5 
end_independent_variable

independent_variable alpha units rad
-0.69813170079773179 -0.6108652381980153 -0.52359877559829882 -0.48869219055841229 -0.4537856055185257 -0.41887902047863912 -0.38397243543875248 -0.3490658503988659 -0.31415926535897931 -0.27925268031909273 -0.24434609527920614 -0.20943951023931956 -0.17453292519943295 -0.13962634015954636 -0.10471975511965978 -0.087266462599716474 -0.069813170079773182 -0.05235987755982989 -0.034906585039886591 -0.017453292519943295 0 0.017453292519943295 0.034906585039886591 0.05235987755982989 0.069813170079773182 0.087266462599716474 0.10471975511965978 0.13962634015954636 0.17453292519943295 0.20943951023931956 0.24434609527920614 0.27925268031909273 0.31415926535897931 0.3490658503988659 0.38397243543875248 0.41887902047863912 0.4537856055185257 0.48869219055841229 0.52359877559829882 0.6108652381980153 0.69813170079773179 
end_independent_variable

dependent_variable precision double
111.27019476428774 111.69139195522823 109.78628941396367 104.66672972141045 107.59728111992641 102.24372267917869 98.115539035460216 100.53715247667726 95.503340197184727 90.972480539119957 91.503893892957862 87.783504007026508 84.940624072701013 82.301133125165379 82.817172837699303 81.945060157667143 81.242163223051719 80.710878495448185 80.389086958012854 80.131154487076216 80.044470227012354 80.131154487076216 80.389086958012854 80.710878495448185 81.242163223051719 81.945060157667143 82.817172837699303 82.301133125165379 84.940624072701013 87.783504007026508 91.503893892957862 90.972480539119957 95.503340197184727 100.53715247667726 98.115539035460216 102.24372267917869 107.59728111992641 104.66672972141045 109.78628941396367 111.69139195522823 111.27019476428774 111.29755958724009 111.72072549467667 109.81736603575219 104.69840123352182 107.62956513460075 102.2765181357922 98.148819444207192 100.57091581143565 95.537483885066919 91.006961551595097 91.538688279284642 87.818542868979023 84.97586653106822 82.336530580954729 82.852709958973975 81.980634211474054 81.277763155713401 80.746493255806072 80.424709540053783 80.166769811098149 80.080067057709655 80.166769811098149 80.424709540053783 80.746493255806072 81.277763155713401 81.980634211474054 82.852709958973975 82.336530580954729 84.97586653106822 87.818542868979023 91.538688279284642 91.006961551595097 95.537483885066919 100.57091581143565 98.148819444207192 102.2765181357922 107.62956513460075 104.69840123352182 109.81736603575219 111.72072549467667 111.29755958724009 111.28175312202137 111.70382839506212 109.79950669486219 104.68019203850733 107.61103228765337 102.25767980972468 98.129699554038098 100.5515404054739 95.517872185825027 90.987137327536686 91.518676987003047 87.79836701381744 84.955550775475416 82.316099319916688 82.832190048683742 81.960078142873869 81.257177196316917 80.725883652975654 80.404082848115706 80.14613200897881 80.059424405019058 80.14613200897881 80.404082848115706 80.725883652975654 81.257177196316917 81.960078142873869 82.832190048683742 82.316099319916688 84.955550775475416 87.79836701381744 91.518676987003047 90.987137327536686 95.517872185825027 100.5515404054739 98.129699554038098 102.25767980972468 107.61103228765337 104.68019203850733 109.79950669486219 111.70382839506212 111.28175312202137 111.27905769910815 111.70094691607078 109.79646109998343 104.6770867866077 107.60787178820466 102.25446721365812 98.126438972677789 100.54823621440082 95.514527706798503 90.983756621502579 91.515264391529627 87.794926337043265 84.952086291537967 82.31261512044675 82.828690734132508 81.956572682060269 81.253666639742207 80.722369070719893 80.400565357087842 80.142612631828925 80.055904206296262 80.142612631828925 80.400565357087842 80.722369070719893 81.253666639742207 81.956572682060269 82.828690734132508 82.31261512044675 84.952086291537967 87.794926337043265 91.515264391529627 90.983756621502579 95.514527706798503 100.54823621440082 98.126438972677789 102.25446721365812 107.60787178820466 104.6770867866077 109.79646109998343 111.70094691607078 111.27905769910815 111.28087096935764 111.70288665132722 109.79851249361791 104.67917814760665 107.61000113258059 102.25663130987456 98.128635352657938 100.55046256166061 95.516780690418926 90.986033493120473 91.517562531017447 87.79724271208768 84.95441806652984 82.314959396346126 82.831044958135536 81.958930624551442 81.256027584090774 80.724732293997789 80.402930181249488 80.144978291897587 80.058269978594382 80.144978291897587 80.402930181249488 80.724732293997789 81.256027584090774 81.958930624551442 82.831044958135536 82.314959396346126 84.95441806652984 87.79724271208768 91.517562531017447 90.986033493120473 95.516780690418926 100.55046256166061 98.128635352657938 102.25663130987456 107.61000113258059 104.67917814760665 109.79851249361791 111.70288665132722 111.28087096935764 111.32089686423055 111.75887640318231 109.84376363639304 104.72531342062129 107.65696478725094 102.3043656172932 98.177082218446031 100.59956335147596 95.566475021335719 91.036260790775486 91.56826176260526 87.848351866090681 85.005874905873185 82.366701175592553 82.883008884904342 82.010981743381237 81.308150041858752 80.776910212849998 80.455147698674409 80.197219462832095 80.110518887870057 80.197219462832095 80.455147698674409 80.776910212849998 81.308150041858752 82.010981743381237 82.883008884904342 82.366701175592553 85.005874905873185 87.848351866090681 91.56826176260526 91.036260790775486 95.566475021335719 100.59956335147596 98.177082218446031 102.3043656172932 107.65696478725094 104.72531342062129 109.84376363639304 111.75887640318231 111.32089686423055 111.6157126962808 112.11522769202507 110.18124340538999 105.03505339577232 107.94216450199748 102.56801884377072 98.421985378821674 100.82830397720495 95.781402340042476 91.250866166288375 91.784883947076324 88.066726691947864 85.225736354143365 82.587781337659791 83.105038618572337 82.233384747790993 81.530858568324646 80.999856419028674 80.678263711194091 80.420437278539694 80.333770510206321 80.420437278539694 80.678263711194091 80.999856419028674 81.530858568324646 82.233384747790993 83.105038618572337 82.587781337659791 85.225736354143365 88.066726691947864 91.784883947076324 91.250866166288375 95.781402340042476 100.82830397720495 98.421985378821674 102.56801884377072 107.94216450199748 105.03505339577232 110.18124340538999 112.11522769202507 111.6157126962808 113.73386348677255 114.09939826602907 111.9931912588445 106.72967545202594 109.60723560967629 104.11494305673989 99.872053673221473 102.24966904187741 97.098479408621117 92.463541526794032 92.952315840988277 89.149568767231798 86.253791456450458 83.56374379248156 84.065291775658793 83.177720146568916 82.462425538649498 81.921818848470451 81.594539295710149 81.332021727344554 81.243783622128305 81.332021727344554 81.594539295710149 81.921818848470451 82.462425538649498 83.177720146568916 84.065291775658793 83.56374379248156 86.253791456450458 89.149568767231798 92.952315840988277 92.463541526794032 97.098479408621117 102.24966904187741 99.872053673221473 104.11494305673989 109.60723560967629 106.72967545202594 111.9931912588445 114.09939826602907 113.73386348677255 115.86560286390052 116.06142596236734 113.7731448880383 108.39167082506951 111.2390875678409 105.62809659438005 101.28784124885364 103.63628551992467 98.380382720400036 93.652073002870765 94.107238459641891 90.228366356634538 87.264743451624724 84.511221072551649 84.98870791951741 84.085156568643939 83.357042830169675 82.806792124854638 82.473797533936533 82.206571910790174 82.116756828532843 82.206571910790174 82.473797533936533 82.806792124854638 83.357042830169675 84.085156568643939 84.98870791951741 84.511221072551649 87.264743451624724 90.228366356634538 94.107238459641891 93.652073002870765 98.380382720400036 103.63628551992467 101.28784124885364 105.62809659438005 111.2390875678409 108.39167082506951 113.7731448880383 116.06142596236734 115.86560286390052 117.97984830081118 118.04380101410847 115.53818040761503 110.02959797761889 112.84643255152569 107.11633456676005 102.67833550104027 104.99726199807944 99.636331054207801 94.814366541854909 95.235672572555487 91.281208966966943 88.260410521887692 85.452803338744232 85.911293938449262 84.98663634948096 84.240808620422428 83.676299964239632 83.333140412318699 83.056932621991621 82.962383298972398 83.056932621991621 83.333140412318699 83.676299964239632 84.240808620422428 84.98663634948096 85.911293938449262 85.452803338744232 88.260410521887692 91.281208966966943 95.235672572555487 94.814366541854909 99.636331054207801 104.99726199807944 102.67833550104027 107.11633456676005 112.84643255152569 110.02959797761889 115.53818040761503 118.04380101410847 117.97984830081118 120.08661707690185 120.01748027529128 117.33166308916394 111.69331644034379 114.46090787204821 108.59450991784223 104.05566077665392 106.34488650163516 100.87876100687538 95.962992158333989 96.350306372008021 92.320136122948483 89.242064417529463 86.380292270349997 86.822877907183667 85.885603314449739 85.130306737117991 84.559697885834495 84.214391209034176 83.937341950862958 83.844131449430193 83.937341950862958 84.214391209034176 84.559697885834495 85.130306737117991 85.885603314449739 86.822877907183667 86.380292270349997 89.242064417529463 92.320136122948483 96.350306372008021 95.962992158333989 100.87876100687538 106.34488650163516 104.05566077665392 108.59450991784223 114.46090787204821 111.69331644034379 117.33166308916394 120.01748027529128 120.08661707690185 122.18790454576198 121.91921646823455 119.0820638982763 113.34724975863827 116.09736371520668 110.10952267052284 105.45806188488233 107.70158821414424 102.11584603304351 97.105014266351461 97.458270627174215 93.359330736935263 90.231533090713668 87.322776395991355 87.753565308333592 86.799368500040416 86.030359008202922 85.449531875404716 85.097971921234063 84.816014905282586 84.721050509093729 84.816014905282586 85.097971921234063 85.449531875404716 86.030359008202922 86.799368500040416 87.753565308333592 87.322776395991355 90.231533090713668 93.359330736935263 97.458270627174215 97.105014266351461 102.11584603304351 107.70158821414424 105.45806188488233 110.10952267052284 116.09736371520668 113.34724975863827 119.0820638982763 121.91921646823455 122.18790454576198 124.21696016390054 123.81614627096238 120.80574180900294 114.95417924221002 117.68019650925413 111.5915128881349 106.85884275733613 109.09251215717575 103.40727593391068 98.296212480509098 98.608875286960171 94.421612000276738 91.23177693083322 88.267480410307812 88.679840142531333 87.708712471204592 86.925982839015745 86.334931964706897 85.977114657472995 85.690247596591107 85.593528400551321 85.690247596591107 85.977114657472995 86.334931964706897 86.925982839015745 87.708712471204592 88.679840142531333 88.267480410307812 91.23177693083322 94.421612000276738 98.608875286960171 98.296212480509098 103.40727593391068 109.09251215717575 106.85884275733613 111.5915128881349 117.68019650925413 114.95417924221002 120.80574180900294 123.81614627096238 124.21696016390054 126.23968966104643 125.71145931548115 122.54204451050882 116.58132897701496 119.28550420118735 113.08585815043193 108.26139169901474 110.46480096487207 104.68477231093543 99.488073560468976 99.773096411429705 95.513284258099574 92.2554916514582 89.224797524349441 89.608922461229611 88.61628223423223 87.816094380150645 87.214813128964551 86.85073357267899 86.558953686513348 86.460478624270337 86.558953686513348 86.85073357267899 87.214813128964551 87.816094380150645 88.61628223423223 89.608922461229611 89.224797524349441 92.2554916514582 95.513284258099574 99.773096411429705 99.488073560468976 104.68477231093543 110.46480096487207 108.26139169901474 113.08585815043193 119.28550420118735 116.58132897701496 122.54204451050882 125.71145931548115 126.23968966104643 128.24063796383317 127.62871286544271 124.3106765898401 118.23001517628052 120.90194630404713 114.58141530741619 109.65734513889458 111.82933790703207 105.94239155188885 100.65020888789793 100.89965682582759 96.56449583650442 93.255321163263034 90.175432435513258 90.546598460803835 89.539564930748483 88.730018382293622 88.120312632523323 87.750870816112922 87.453922901857283 87.353532563053477 87.453922901857283 87.750870816112922 88.120312632523323 88.730018382293622 89.539564930748483 90.546598460803835 90.175432435513258 93.255321163263034 96.56449583650442 100.89965682582759 100.65020888789793 105.94239155188885 111.82933790703207 109.65734513889458 114.58141530741619 120.90194630404713 118.23001517628052 124.3106765898401 127.62871286544271 128.24063796383317 130.25884587427902 129.50922254956623 126.01818997158215 119.82937963995886 122.47952130803399 116.04728368749814 111.03158926008805 113.17903674355128 107.19010729613694 101.80798250284785 102.02760409476666 97.61922628588934 94.253982807866606 91.121402135035154 91.477017160063454 90.454562321343005 89.630075788572142 89.008028015706628 88.631046543964203 88.329362566629712 88.227214976948062 88.329362566629712 88.631046543964203 89.008028015706628 89.630075788572142 90.454562321343005 91.477017160063454 91.121402135035154 94.253982807866606 97.61922628588934 102.02760409476666 101.80798250284785 107.19010729613694 113.17903674355128 111.03158926008805 116.04728368749814 122.47952130803399 119.82937963995886 126.01818997158215 129.50922254956623 130.25884587427902 132.34447411947187 131.4305650864506 127.7481743092484 121.43811068019316 124.05586649073312 117.50355764278919 112.38982523118251 114.50797780066807 108.41556029011994 102.94010304648684 103.1254183919655 98.64235317464383 95.221977043496096 92.037149495079021 92.377263821348038 91.339259090687037 90.502370872304283 89.8705671696368 89.487306831229787 89.180724190570487 89.076802264825758 89.180724190570487 89.487306831229787 89.8705671696368 90.502370872304283 91.339259090687037 92.377263821348038 92.037149495079021 95.221977043496096 98.64235317464383 103.1254183919655 102.94010304648684 108.41556029011994 114.50797780066807 112.38982523118251 117.50355764278919 124.05586649073312 121.43811068019316 127.7481743092484 131.4305650864506 132.34447411947187 142.22110110844898 140.65721869124792 136.11748566090299 129.2274447972606 131.70369646615774 124.56658437153649 118.9742187332819 120.95420497464924 114.3453665003364 108.4095951879904 108.43274304638281 103.57793734348132 99.87689517103955 96.425748433064911 96.682293671600533 95.562483647423306 94.659721253506532 93.97888707442074 93.566803001325425 93.236527152616162 93.124672998675365 93.236527152616162 93.566803001325425 93.97888707442074 94.659721253506532 95.562483647423306 96.682293671600533 96.425748433064911 99.87689517103955 103.57793734348132 108.43274304638281 108.4095951879904 114.3453665003364 120.95420497464924 118.9742187332819 124.56658437153649 131.70369646615774 129.2274447972606 136.11748566090299 140.65721869124792 142.22110110844898 152.08275599696861 149.87747044278655 144.49085176827631 137.02543587991767 139.36494434886816 131.64787854722368 125.58174225620539 127.42835914351495 120.30775590614876 113.91611970412275 113.78129077642738 108.55864391298964 104.58053234804049 100.86637176570154 101.04239572985796 99.842222160141375 98.874987195208021 98.145637941145424 97.704771111497394 97.350827835126339 97.231048981032259 97.350827835126339 97.704771111497394 98.145637941145424 98.874987195208021 99.842222160141375 101.04239572985796 100.86637176570154 104.58053234804049 108.55864391298964 113.78129077642738 113.91611970412275 120.30775590614876 127.42835914351495 125.58174225620539 131.64787854722368 139.36494434886816 137.02543587991767 144.49085176827631 149.87747044278655 152.08275599696861 161.94526105436796 159.0989211236631 152.86559805681151 144.82484576829145 147.02764024203125 138.73064093596224 132.19074614708072 133.90399872731831 126.27162982009006 119.42412335714543 119.13130888853647 113.5408101843711 109.28561770678022 105.30843227196891 105.40392522591814 104.12338462677647 103.09167299873779 102.31380662571493 101.84415429573089 101.46654314825486 101.33883836391698 101.46654314825486 101.84415429573089 102.31380662571493 103.09167299873779 104.12338462677647 105.40392522591814 105.30843227196891 109.28561770678022 113.5408101843711 119.13130888853647 119.42412335714543 126.27162982009006 133.90399872731831 132.19074614708072 138.73064093596224 147.02764024203125 144.82484576829145 152.86559805681151 159.0989211236631 161.94526105436796 171.80809827304648 168.32094694841612 161.24102089791495 152.62494480563072 154.69103025237234 145.81409588106868 138.80043520612293 140.38031104135388 132.23616031757285 124.93276474124833 124.48194446592527 118.52357344455903 113.99128061747727 109.75105279855875 109.7660000973403 108.40508714447827 107.30889320524423 106.48250645882543 105.98406504042823 105.58278507347644 105.44715296656588 105.58278507347644 105.98406504042823 106.48250645882543 107.30889320524423 108.40508714447827 109.7660000973403 109.75105279855875 113.99128061747727 118.52357344455903 124.48194446592527 124.93276474124833 132.23616031757285 140.38031104135388 138.80043520612293 145.81409588106868 154.69103025237234 152.62494480563072 161.24102089791495 168.32094694841612 171.80809827304648 196.46733743824771 191.37890418425556 182.18271182162712 172.12832121874504 173.85260502057486 163.52578146754274 155.3276349547813 156.57398246465991 147.15027975649036 138.70705759001905 137.86111732415122 130.98296296941211 125.75782410979268 120.85990666490885 120.67342086709134 119.11155162325542 117.85412591829244 116.90642285812964 116.33599234461973 115.87553559428073 115.72007903772378 115.87553559428073 116.33599234461973 116.90642285812964 117.85412591829244 119.11155162325542 120.67342086709134 120.85990666490885 125.75782410979268 130.98296296941211 137.86111732415122 138.70705759001905 147.15027975649036 156.57398246465991 155.3276349547813 163.52578146754274 173.85260502057486 172.12832121874504 182.18271182162712 191.37890418425556 196.46733743824771 211.23454971830807 205.18839427919409 194.72532222883223 183.8090769452416 185.32937507328666 174.13367113304412 165.22583966425947 166.27302273658438 156.08247830170509 146.95617882880541 145.87390705943608 138.44453777869879 132.80425524938357 127.5121915204067 127.20521367448249 125.52290606114961 124.16887081376288 123.14845983941674 122.53491406860955 122.0389789830167 121.87165389182044 122.0389789830167 122.53491406860955 123.14845983941674 124.16887081376288 125.52290606114961 127.20521367448249 127.5121915204067 132.80425524938357 138.44453777869879 145.87390705943608 146.95617882880541 156.08247830170509 166.27302273658438 165.22583966425947 174.13367113304412 185.32937507328666 183.8090769452416 194.72532222883223 205.18839427919409 211.23454971830807 211.12001633536312 205.08394089932941 194.63136690001861 183.71946310505788 185.24400812051809 174.05243710290429 165.14860095081795 166.19960515013346 156.01266404328234 146.88971123948957 145.81049093177651 138.38384029100311 132.74591249657226 127.45581105582536 127.15038358485867 125.46864637824274 124.11516089737034 123.0950949099217 122.4818825372945 121.98606316169406 121.81885108401248 121.98606316169406 122.4818825372945 123.0950949099217 124.11516089737034 125.46864637824274 127.15038358485867 127.45581105582536 132.74591249657226 138.38384029100311 145.81049093177651 146.88971123948957 156.01266404328234 166.19960515013346 165.14860095081795 174.05243710290429 185.24400812051809 183.71946310505788 194.63136690001861 205.08394089932941 211.12001633536312 211.04809497410872 205.01796352255346 194.57160675940955 183.66228216654554 185.18935258011953 174.00024084602151 165.09878427904181 166.15206610702307 155.96727402687651 146.84631834101157 145.7689198257178 138.34389294041912 132.70737191771238 127.41844311801083 127.11394230706969 125.43254566551386 124.07938919361546 123.05952898876905 122.44651634247562 121.95076562986898 121.78362156495561 121.95076562986898 122.44651634247562 123.05952898876905 124.07938919361546 125.43254566551386 127.11394230706969 127.41844311801083 132.70737191771238 138.34389294041912 145.7689198257178 146.84631834101157 155.96727402687651 166.15206610702307 165.09878427904181 174.00024084602151 185.18935258011953 183.66228216654554 194.57160675940955 205.01796352255346 211.04809497410872 211.00219573423917 204.97551174037201 194.53278692010861 183.62497623063095 185.1535311266868 173.96586752028543 165.06581373598752 166.12043979795143 155.9369174469191 146.8171425221592 145.74082220699049 138.31675670378891 132.68106901766885 127.39283512196211 127.08888363100074 125.40768854485306 124.05472749366454 123.03498886530183 122.42209505903654 121.92638457318519 121.75928124495327 121.92638457318519 122.42209505903654 123.03498886530183 124.05472749366454 125.40768854485306 127.08888363100074 127.39283512196211 132.68106901766885 138.31675670378891 145.74082220699049 146.8171425221592 155.9369174469191 166.12043979795143 165.06581373598752 173.96586752028543 185.1535311266868 183.62497623063095 194.53278692010861 204.97551174037201 211.00219573423917 210.9722781092309 204.94754141835099 194.50689227404388 183.59995396201538 185.12936645179067 173.94254066335131 165.04330059330741 166.09870820071563 155.91592500411076 146.79683870896224 145.72114767781326 138.29764383726541 132.6624435493724 127.37461613753553 127.07098628429256 125.38990879360098 124.0370624914968 123.01739466062044 122.40457082632501 121.908883428888 121.74180432811569 121.908883428888 122.40457082632501 123.01739466062044 124.0370624914968 125.38990879360098 127.07098628429256 127.37461613753553 132.6624435493724 138.29764383726541 145.72114767781326 146.79683870896224 155.91592500411076 166.09870820071563 165.04330059330741 173.94254066335131 185.12936645179067 183.59995396201538 194.50689227404388 204.94754141835099 210.9722781092309 210.93835562313376 204.91518604424365 194.47626826337711 183.5700743405354 185.1002241665409 173.91412331211987 165.01559089177081 166.07168224209909 155.8895484121208 146.77106922081757 145.69593516256421 138.27292957217884 132.63816246405429 127.35069692842694 127.04735373206978 125.36638031141612 124.01363717712103 122.99403156110728 122.381271055721 121.88560319703458 121.71854662673796 121.88560319703458 122.381271055721 122.99403156110728 124.01363717712103 125.36638031141612 127.04735373206978 127.35069692842694 132.63816246405429 138.27292957217884 145.69593516256421 146.77106922081757 155.8895484121208 166.07168224209909 165.01559089177081 173.91412331211987 185.1002241665409 183.5700743405354 194.47626826337711 204.91518604424365 210.93835562313376 
end_dependent_variable

end_regular_table
