# ****************************************************************************
# CUI
#
# The Advanced Framework for Simulation, Integration, and Modeling (AFSIM)
#
# The use, dissemination or disclosure of data in this file is subject to
# limitation or restriction. See accompanying README and LICENSE for details.
# ****************************************************************************

# ##################################################################################################
# 
# This file was auto-generated by AFSIM Mover Creator 2.5.0.200324
# 
# Creation Date:  24 Mar 2020
# 
# ##################################################################################################

regular_table

independent_variable mach precision double
0.10000000000000001 0.5 0.70000000000000007 0.75 0.80000000000000004 0.84999999999999998 0.90000000000000002 0.92000000000000004 0.94000000000000006 0.95999999999999996 0.97999999999999998 1 1.02 1.04 1.0600000000000001 1.0800000000000001 1.1000000000000001 1.2 1.3 1.4000000000000001 1.5 1.75 2 2.5 3 3.5 4 5 
end_independent_variable

independent_variable beta units rad
-0.69813170079773179 -0.6108652381980153 -0.52359877559829882 -0.48869219055841229 -0.4537856055185257 -0.41887902047863912 -0.38397243543875248 -0.3490658503988659 -0.31415926535897931 -0.27925268031909273 -0.24434609527920614 -0.20943951023931956 -0.17453292519943295 -0.13962634015954636 -0.10471975511965978 -0.087266462599716474 -0.069813170079773182 -0.05235987755982989 -0.034906585039886591 -0.017453292519943295 0 0.017453292519943295 0.034906585039886591 0.05235987755982989 0.069813170079773182 0.087266462599716474 0.10471975511965978 0.13962634015954636 0.17453292519943295 0.20943951023931956 0.24434609527920614 0.27925268031909273 0.31415926535897931 0.3490658503988659 0.38397243543875248 0.41887902047863912 0.4537856055185257 0.48869219055841229 0.52359877559829882 0.6108652381980153 0.69813170079773179 
end_independent_variable

dependent_variable precision double
111.27043399324656 111.69182679473137 109.78691056510011 104.66733211901018 107.59800453710106 102.24441192706873 98.116227040381162 100.53793459002198 95.50406191340609 90.973137367224993 91.504530203371075 87.784052790248808 84.941089142366735 82.301499781813931 82.817510126569502 81.945340910220736 81.242386815514251 80.711044353965434 80.389204630066814 80.131213364951492 80.044470227012354 80.131213364951492 80.389204630066814 80.711044353965434 81.242386815514251 81.945340910220736 82.817510126569502 82.301499781813931 84.941089142366735 87.784052790248808 91.504530203371075 90.973137367224993 95.50406191340609 100.53793459002198 98.116227040381162 102.24441192706873 107.59800453710106 104.66733211901018 109.78691056510011 111.69182679473137 111.27043399324656 111.29760719927671 111.72081230100048 109.81749005787145 104.6985215184901 107.62970962861343 102.27665581500008 98.148956926481887 100.57107210312111 95.537628122608439 91.00709278238557 91.538815429435957 87.818652533293857 84.975959462930589 82.336603851555722 82.852777376537006 81.980690325987226 81.277807840086084 80.74652640470191 80.424733059831979 80.166781579001977 80.08006705770967 80.166781579001977 80.424733059831979 80.74652640470191 81.277807840086084 81.980690325987226 82.852777376537006 82.336603851555722 84.975959462930589 87.818652533293857 91.538815429435957 91.00709278238557 95.537628122608439 100.57107210312111 98.148956926481887 102.27665581500008 107.62970962861343 104.6985215184901 109.81749005787145 111.72081230100048 111.29760719927671 111.28178725833114 111.70389051237409 109.79959526717303 104.68027796916536 107.61113551729032 102.25777815358626 98.129797763252327 100.55165206659983 95.517975203873263 90.987231086976493 91.518767822671776 87.798445333694161 84.955617182267332 82.316151646442592 82.83223820114172 81.960118230917189 81.257209115754193 80.725907333277306 80.404099648578821 80.14614041522141 80.059424405019058 80.14614041522141 80.404099648578821 80.725907333277306 81.257209115754193 81.960118230917189 82.83223820114172 82.316151646442592 84.955617182267332 87.798445333694161 91.518767822671776 90.987231086976493 95.517975203873263 100.55165206659983 98.129797763252327 102.25777815358626 107.61113551729032 104.68027796916536 109.79959526717303 111.70389051237409 111.28178725833114 111.27908951984983 111.70100486939046 109.79654379818903 104.67716695674056 107.60796818471745 102.25455900742978 98.126530629054201 100.54834042183401 95.514623876609122 90.983844121672433 91.515349164403617 87.794999465669179 84.952148246494545 82.312663974765499 82.828735686425944 81.956610094788942 81.253696433903841 80.722391177616856 80.400581039897787 80.142620477098134 80.05590420629629 80.142620477098134 80.400581039897787 80.722391177616856 81.253696433903841 81.956610094788942 82.828735686425944 82.312663974765499 84.952148246494545 87.794999465669179 91.515349164403617 90.983844121672433 95.514623876609122 100.54834042183401 98.126530629054201 102.25455900742978 107.60796818471745 104.67716695674056 109.79654379818903 111.70100486939046 111.27908951984983 111.28090082259924 111.70294102321053 109.79859007980396 104.67925328632518 107.61009148370205 102.25671739624723 98.128721285147904 100.55056027716788 95.516870858346707 90.98611553457674 91.517642022417732 87.797311255833833 84.954476146253157 82.315005194765362 82.831087103672843 81.958965709804446 81.256055511966807 80.724753018698465 80.402944883458034 80.144985647123718 80.058269978594396 80.144985647123718 80.402944883458034 80.724753018698465 81.256055511966807 81.958965709804446 82.831087103672843 82.315005194765362 84.954476146253157 87.797311255833833 91.517642022417732 90.98611553457674 95.516870858346707 100.55056027716788 98.128721285147904 102.25671739624723 107.61009148370205 104.67925328632518 109.79859007980396 111.70294102321053 111.28090082259924 111.32092495514897 111.75892585814734 109.84383665098088 104.72538413063268 107.65704983857933 102.30444660446986 98.177163081050992 100.59965530096225 95.566559846877894 91.03633800187248 91.568336567911288 87.848416370874247 85.005929573385288 82.366744277400855 82.883048545419427 82.011014770453286 81.308176330380377 80.776929714160389 80.455161534892085 80.197226385807014 80.1105188878701 80.197226385807014 80.455161534892085 80.776929714160389 81.308176330380377 82.011014770453286 82.883048545419427 82.366744277400855 85.005929573385288 87.848416370874247 91.568336567911288 91.03633800187248 95.566559846877894 100.59965530096225 98.177163081050992 102.30444660446986 107.65704983857933 104.72538413063268 109.84383665098088 111.75892585814734 111.32092495514897 111.61573783961296 112.11527441740431 110.18131448270471 105.03512216484671 107.94224660940348 102.56809692824356 98.422063174764475 100.82839211901066 95.78148356537092 91.250939065464209 91.784954587474104 88.066787621248835 85.225787968045864 82.587822028639309 83.105076069771684 82.23341593170565 81.530883392212829 80.999874837549953 80.678276775422162 80.420443812714666 80.333770510206321 80.420443812714666 80.678276775422162 80.999874837549953 81.530883392212829 82.23341593170565 83.105076069771684 82.587822028639309 85.225787968045864 88.066787621248835 91.784954587474104 91.250939065464209 95.78148356537092 100.82839211901066 98.422063174764475 102.56809692824356 107.94224660940348 105.03512216484671 110.18131448270471 112.11527441740431 111.61573783961296 113.73388925626068 114.09944567581989 111.99326332577145 106.72974522683361 109.60731868214657 104.11502210114762 99.872132372125918 102.24975793734191 97.098561402447032 92.463616079659189 92.952387975330495 89.149630115130321 86.253843458906744 83.563784823102154 84.065329363887003 83.17775143146909 82.462450444379456 81.921837328682187 81.594552413247584 81.332028290853415 81.243783622128319 81.332028290853415 81.594552413247584 81.921837328682187 82.462450444379456 83.17775143146909 84.065329363887003 83.563784823102154 86.253843458906744 89.149630115130321 92.952387975330495 92.463616079659189 97.098561402447032 102.24975793734191 99.872132372125918 104.11502210114762 109.60731868214657 106.72974522683361 111.99326332577145 114.09944567581989 113.73388925626068 115.86562921081514 116.06147428226434 113.77321786726976 108.39174153123383 111.23917158522417 105.62817658223521 101.28792084925416 103.63637524580611 98.380465463488093 93.652148220728961 94.107311206400567 90.228429141504265 87.264796761076312 84.511263231920083 84.988745661903096 84.085187997671738 83.35706782960321 82.806810673168627 82.473810711698889 82.20657850182387 82.116756828532843 82.20657850182387 82.473810711698889 82.806810673168627 83.35706782960321 84.085187997671738 84.988745661903096 84.511263231920083 87.264796761076312 90.228429141504265 94.107311206400567 93.652148220728961 98.380465463488093 103.63637524580611 101.28792084925416 105.62817658223521 111.23917158522417 108.39174153123383 113.77321786726976 116.06147428226434 115.86562921081514 117.97987515553866 118.04385018622246 115.53825458786424 110.02966959022552 112.84651752994299 107.11641553543416 102.67841599487636 104.99735256024002 99.636414599317774 94.814442480763418 95.235745978994601 91.281272340254759 88.260464358845468 85.452845964248965 85.911332628953829 84.986668625275726 84.240834426549313 83.676319252335489 83.333154298033023 83.056939874262909 82.962383298972441 83.056939874262909 83.333154298033023 83.676319252335489 84.240834426549313 84.986668625275726 85.911332628953829 85.452845964248965 88.260464358845468 91.281272340254759 95.235745978994601 94.814442480763418 99.636414599317774 104.99735256024002 102.67841599487636 107.11641553543416 112.84651752994299 110.02966959022552 115.53825458786424 118.04385018622246 117.97987515553866 120.08664447314985 120.01753016662364 117.33173834805751 111.69338925763203 114.46099406430682 108.59459203477429 104.05574217546678 106.34497790025806 100.87884534100051 95.963068835513013 96.350380463957876 92.320200116346896 89.242118788130412 86.380335335061588 86.822916250261429 85.885635216895807 85.13033212712044 84.559716709534385 84.214404596347208 83.937348650690808 83.844131449430222 83.937348650690808 84.214404596347208 84.559716709534385 85.13033212712044 85.885635216895807 86.822916250261429 86.380335335061588 89.242118788130412 92.320200116346896 96.350380463957876 95.963068835513013 100.87884534100051 106.34497790025806 104.05574217546678 108.59459203477429 114.46099406430682 111.69338925763203 117.33173834805751 120.01753016662364 120.08664447314985 122.18793396666649 121.9192686601131 119.08213851306091 113.34732217509875 116.09745095203563 110.10960580381342 105.45814445027251 107.70168071779139 102.11593132801949 97.105091647360595 97.458345415992824 93.359394744805982 90.2315874763365 87.322819405286864 87.75360398051879 86.799400675719852 86.030384611809197 85.449550861139414 85.097985427187893 84.816021662266863 84.721050509093757 84.816021662266863 85.097985427187893 85.449550861139414 86.030384611809197 86.799400675719852 87.75360398051879 87.322819405286864 90.2315874763365 93.359394744805982 97.458345415992824 97.105091647360595 102.11593132801949 107.70168071779139 105.45814445027251 110.10960580381342 116.09745095203563 113.34732217509875 119.08213851306091 121.9192686601131 122.18793396666649 124.21698994899408 123.81619913296339 120.80581726208182 114.9542524903698 117.68028347275811 111.5915958155158 106.85892470371488 109.09260502537833 103.40736154269743 98.29629035339326 98.608950478438473 94.421676933275521 91.231831974396144 88.267523971474262 88.679879144373558 87.708744914346781 86.926008653386347 86.334951101255783 85.977128277052699 85.690254409884531 85.593528400551321 85.690254409884531 85.977128277052699 86.334951101255783 86.926008653386347 87.708744914346781 88.679879144373558 88.267523971474262 91.231831974396144 94.421676933275521 98.608950478438473 98.29629035339326 103.40736154269743 109.09260502537833 106.85892470371488 111.5915958155158 117.68028347275811 114.9542524903698 120.80581726208182 123.81619913296339 124.21698994899408 126.23971987774428 125.71151283294914 122.54212029993127 116.58140257544105 119.28559159336454 113.08594146545065 108.26147456630811 110.46489389169662 104.68485808368051 99.488151607570316 99.773171876965748 95.513349978464774 92.255547531391855 89.224841811054446 89.608961946794736 88.616315089651792 87.816120412521713 87.214832421640253 86.85074731284594 86.558960560169098 86.460478624270351 86.558960560169098 86.85074731284594 87.214832421640253 87.816120412521713 88.616315089651792 89.608961946794736 89.224841811054446 92.255547531391855 95.513349978464774 99.773171876965748 99.488151607570316 104.68485808368051 110.46489389169662 108.26147456630811 113.08594146545065 119.28559159336454 116.58140257544105 122.54212029993127 125.71151283294914 126.23971987774428 128.24066845092486 127.62876673244425 124.31075331245115 118.23008978227183 120.90203477486868 114.58149971976503 109.65742902694312 111.82943172765857 105.94247818765935 100.65028776596579 100.8997330338476 96.564561704157342 93.255377176012104 90.175476811708364 90.546637894983135 89.539597714081339 88.730044313312803 88.120331779193648 87.750884687011464 87.453929841554341 87.353532563053491 87.453929841554341 87.750884687011464 88.120331779193648 88.730044313312803 89.539597714081339 90.546637894983135 90.175476811708364 93.255377176012104 96.564561704157342 100.8997330338476 100.65028776596579 105.94247818765935 111.82943172765857 109.65742902694312 114.58149971976503 120.90203477486868 118.23008978227183 124.31075331245115 127.62876673244425 128.24066845092486 130.25887697616869 129.50927741314138 126.01826778566112 119.82945513920254 122.47961075564423 116.0473690000607 111.03167392964082 113.17913146384193 107.19019475536301 101.80806202832217 102.02768096906208 97.619292911597711 94.254039555955103 91.121447111097964 91.477056996994051 90.454595466025381 89.63010214950107 89.008047548366036 88.631060466363067 88.329369530302259 88.22721497694809 88.329369530302259 88.631060466363067 89.008047548366036 89.63010214950107 90.454595466025381 91.477056996994051 91.121447111097964 94.254039555955103 97.619292911597711 102.02768096906208 101.80806202832217 107.19019475536301 113.17913146384193 111.03167392964082 116.0473690000607 122.47961075564423 119.82945513920254 126.01826778566112 129.50927741314138 130.25887697616869 132.34450622049988 131.43062096601787 127.74825328221058 121.43818725515011 124.05595705069537 117.50364401128012 112.38991101528561 114.50807350928861 108.41564863343871 102.94018341996468 103.12549605509288 98.642420308714634 95.222034253049458 92.037194870778848 92.377303867027834 91.339292393236576 90.502397353637249 89.870586819677555 89.487320843943124 89.180731205113631 89.076802264825773 89.180731205113631 89.487320843943124 89.870586819677555 90.502397353637249 91.339292393236576 92.377303867027834 92.037194870778848 95.222034253049458 98.642420308714634 103.12549605509288 102.94018341996468 108.41564863343871 114.50807350928861 112.38991101528561 117.50364401128012 124.05595705069537 121.43818725515011 127.74825328221058 131.43062096601787 132.34450622049988 142.22113595188634 140.65727846368083 136.11756910928668 129.22752582748777 131.70379180747497 124.56667529422222 118.97430880961285 120.95430483352253 114.3454586870585 108.40967904306407 108.43282396669377 103.57800732712978 99.876954910497588 96.425795905874352 96.682334983606609 95.562518004481447 94.659748559440047 93.978907285263148 93.566817460802341 93.236534380980672 93.124672998675379 93.236534380980672 93.566817460802341 93.978907285263148 94.659748559440047 95.562518004481447 96.682334983606609 96.425795905874352 99.876954910497588 103.57800732712978 108.43282396669377 108.40967904306407 114.3454586870585 120.95430483352253 118.97430880961285 124.56667529422222 131.70379180747497 129.22752582748777 136.11756910928668 140.65727846368083 142.22113595188634 152.0827934820588 149.87753421983322 144.49094000351079 137.02552147166739 139.36504468221307 131.64797416516333 125.58183689772277 127.42846346590218 120.3078520837451 113.91620720108672 113.78137511788026 108.55871687078744 104.58059472594546 100.86642142034768 101.04243841856452 99.842257641779696 98.875015377494293 98.145658797287552 97.704786061475389 97.350835310115343 97.231048981032288 97.350835310115343 97.704786061475389 98.145658797287552 98.875015377494293 99.842257641779696 101.04243841856452 100.86642142034768 104.58059472594546 108.55871687078744 113.78137511788026 113.91620720108672 120.3078520837451 127.42846346590218 125.58183689772277 131.64797416516333 139.36504468221307 137.02552147166739 144.49094000351079 149.87753421983322 152.0827934820588 161.94530132033813 159.09898906287012 152.86569118148523 144.82493612307678 147.02774583120274 138.73074149829924 132.19084552965046 133.90410776602675 126.27173029266216 119.42421475063891 119.13139687096368 113.54088627936062 109.28568294662841 105.30848422019987 105.40396940948511 104.1234213310036 103.09170215309551 102.31382818532077 101.84416977216171 101.4665508912791 101.33883836391698 101.4665508912791 101.84416977216171 102.31382818532077 103.09170215309551 104.1234213310036 105.40396940948511 105.30848422019987 109.28568294662841 113.54088627936062 119.13139687096368 119.42421475063891 126.27173029266216 133.90410776602675 132.19084552965046 138.73074149829924 147.02774583120274 144.82493612307678 152.86569118148523 159.09898906287012 161.94530132033813 171.80814094801352 168.32101894353116 161.24111905308706 152.62504007550243 154.69114129521961 145.81420170289616 138.80053953034209 140.38042501072013 132.23626530128925 124.93286014851527 124.48203631465503 118.52365287275749 113.99134876552509 109.75110714525292 109.76604589804944 108.40512517205072 107.30892340815676 106.48252877868504 105.98408109162921 105.58279309650078 105.44715296656591 105.58279309650078 105.98408109162921 106.48252877868504 107.30892340815676 108.40512517205072 109.76604589804944 109.75110714525292 113.99134876552509 118.52365287275749 124.48203631465503 124.93286014851527 132.23626530128925 140.38042501072013 138.80053953034209 145.81420170289616 154.69114129521961 152.62504007550243 161.24111905308706 168.32101894353116 171.80814094801352 196.46738741806263 191.37898708855406 182.18282332245857 172.12842951368717 173.85273037084829 163.52590063044974 155.32775208194857 156.5741095140547 147.15039664321591 138.70716372098585 137.86121923937355 130.98305114739856 125.75789996914934 120.8599672562175 120.67347100720072 119.11159323970649 117.85415894296005 116.90644723491076 116.33600992892278 115.8755443874341 115.72007903772379 115.8755443874341 116.33600992892278 116.90644723491076 117.85415894296005 119.11159323970649 120.67347100720072 120.8599672562175 125.75789996914934 130.98305114739856 137.86121923937355 138.70716372098585 147.15039664321591 156.5741095140547 155.32775208194857 163.52590063044974 173.85273037084829 172.12842951368717 182.18282332245857 191.37898708855406 196.46738741806263 211.23460137892496 205.18847939097637 194.72543599210559 183.80918700800268 185.32950231961465 174.13379218742583 165.22595861191391 166.27315115535188 156.08259635171049 146.9562859421483 145.87400988604693 138.44462671922892 132.80433183350021 127.51225278037226 127.20526394282744 125.52294776977001 124.16890389396109 123.14848424081451 122.53493169871103 122.03898780150232 121.87165389182046 122.03898780150232 122.53493169871103 123.14848424081451 124.16890389396109 125.52294776977001 127.20526394282744 127.51225278037226 132.80433183350021 138.44462671922892 145.87400988604693 146.9562859421483 156.08259635171049 166.27315115535188 165.22595861191391 174.13379218742583 185.32950231961465 183.80918700800268 194.72543599210559 205.18847939097637 211.23460137892496 211.120057508142 205.0840089557804 194.63145758088868 183.71955117541805 185.24411002200088 174.05253401235936 165.14869614283234 166.19970776149177 156.01275850252199 146.88979695123115 145.81057313993904 138.38391141594815 132.74597368326033 127.45586001433553 127.15042381876997 125.46867973094155 124.11518734595745 123.09511442577309 122.48189662889561 121.98607020606342 121.81885108401248 121.98607020606342 122.48189662889561 123.09511442577309 124.11518734595745 125.46867973094155 127.15042381876997 127.45586001433553 132.74597368326033 138.38391141594815 145.81057313993904 146.88979695123115 156.01275850252199 166.19970776149177 165.14869614283234 174.05253401235936 185.24411002200088 183.71955117541805 194.63145758088868 205.0840089557804 211.120057508142 211.04812910309073 205.01802029427392 194.57168265654991 183.66235542569694 185.18943738047258 174.00032146955871 165.0988635561055 166.15215156687336 155.96735275435915 146.84638967662934 145.7689883309933 138.34395218525424 132.7074229050925 127.41848388318378 127.11397581777304 125.43257344683497 124.07941123181479 123.05954525636756 122.44652809320503 121.95077149149417 121.78362156495564 121.95077149149417 122.44652809320503 123.05954525636756 124.07941123181479 125.43257344683497 127.11397581777304 127.41848388318378 132.7074229050925 138.34395218525424 145.7689883309933 146.84638967662934 155.96735275435915 166.15215156687336 165.0988635561055 174.00032146955871 185.18943738047258 183.66235542569694 194.57168265654991 205.01802029427392 211.04812910309073 211.00222522842114 204.97556059812567 194.53285219201567 183.62503938665105 185.15360415684609 173.96593663925972 165.06588166878277 166.12051308458189 155.93698486677206 146.81720372258681 145.74088090682443 138.31680745301725 132.68111279408788 127.39287005012653 127.08891238782817 125.40771234056673 124.05474636833806 123.0350028189352 122.42210512953645 121.92638960042041 121.75928124495329 121.92638960042041 122.42210512953645 123.0350028189352 124.05474636833806 125.40771234056673 127.08891238782817 127.39287005012653 132.68111279408788 138.31680745301725 145.74088090682443 146.81720372258681 155.93698486677206 166.12051308458189 165.06588166878277 173.96593663925972 185.15360415684609 183.62503938665105 194.53285219201567 204.97556059812567 211.00222522842114 210.97230390290062 204.94758413911643 194.50694913736118 183.60000892011846 185.12943020319022 173.94260119054218 165.04336002133618 166.09877242841875 155.91598410239092 146.79689205496095 145.7211989720428 138.29768824341269 132.66248181853152 127.37464673087956 127.07101141846503 125.38992963188173 124.03707901556645 123.01740687047901 122.40457963336104 121.90888783240601 121.74180432811569 121.90888783240601 122.40457963336104 123.01740687047901 124.03707901556645 125.38992963188173 127.07101141846503 127.37464673087956 132.66248181853152 138.29768824341269 145.7211989720428 146.79689205496095 155.91598410239092 166.09877242841875 165.04336002133618 173.94260119054218 185.12943020319022 183.60000892011846 194.50694913736118 204.94758413911643 210.97230390290062 210.93837632401926 204.91522002667074 194.47631369540898 183.57011839861468 185.10027527757677 173.91417167525057 165.01563875111893 166.07173371952231 155.88959576768627 146.77111190494429 145.69597628954469 138.27296506595374 132.63819294290226 127.35072140768202 127.04737383757582 125.36639699349033 124.01365041286418 122.994041361969 122.38127810867756 121.88560671206326 121.71854662673798 121.88560671206326 122.38127810867756 122.994041361969 124.01365041286418 125.36639699349033 127.04737383757582 127.35072140768202 132.63819294290226 138.27296506595374 145.69597628954469 146.77111190494429 155.88959576768627 166.07173371952231 165.01563875111893 173.91417167525057 185.10027527757677 183.57011839861468 194.47631369540898 204.91522002667074 210.93837632401926 
end_dependent_variable

end_regular_table
