# ****************************************************************************
# CUI
#
# The Advanced Framework for Simulation, Integration, and Modeling (AFSIM)
#
# The use, dissemination or disclosure of data in this file is subject to
# limitation or restriction. See accompanying README and LICENSE for details.
# ****************************************************************************

# ##################################################################################################
# 
# This file was auto-generated by AFSIM Mover Creator 2.5.0.200324
# 
# Creation Date:  24 Mar 2020
# 
# ##################################################################################################

regular_table

independent_variable mach precision double
0.10000000000000001 0.5 0.70000000000000007 0.75 0.80000000000000004 0.84999999999999998 0.90000000000000002 0.92000000000000004 0.94000000000000006 0.95999999999999996 0.97999999999999998 1 1.02 1.04 1.0600000000000001 1.0800000000000001 1.1000000000000001 1.2 1.3 1.4000000000000001 1.5 
end_independent_variable

independent_variable surface_angle units deg
-20 -16 -14 -12 -10 -9 -8 -7 -6 -5 -4 -3 -2 -1 0 1 2 3 4 5 6 7 8 9 10 12 14 16 18 20 
end_independent_variable

dependent_variable precision double
0.0058746156317698662 0.05068360709072741 -0.0026201791503113747 0.017853547561699965 -0.016193759968824842 -0.0081713707478559029 -0.0010106766607874019 0.005285771017015055 0.010718074876872943 -0.010720987125837581 -0.0068558914506142918 -0.0038564143668387879 -0.0017158732425364216 -0.00043061334405440811 0 -0.0004303380771877647 -0.0017139379616342523 -0.0038514744105142408 -0.0068493006869291516 0.015322600980877203 0.010735678783567789 0.0053088135661406317 -0.00098247011280987585 -0.0081347205781336744 0.035380001864854252 0.017913918566586161 -0.0025411996103309161 0.050781099880282655 0.031421428515049019 0.1044992505461802 0.0058893005170588299 0.050693053629155604 -0.0026129817321779172 0.017858819894804329 -0.016190151398785969 -0.0081684666357437485 -0.0010084032291651191 0.0052874897906609857 0.010719315188708381 -0.010720153681433774 -0.0068553808879284533 -0.0038561496834620544 -0.0017157753522318534 -0.00043060378387292734 0 -0.0004302697046799903 -0.001713721603222876 -0.0038510314978184076 -0.0068485538082166241 0.015323726508516178 0.010737263584433734 0.0053109346550461499 -0.00097973434423720461 -0.0081312956082326936 0.035384172349056518 0.017919826814558063 -0.0025332599276756693 0.050791304262328245 0.031434178119435809 0.10451475283783902 0.0058920138100572641 0.050694810072955482 -0.0026116341156003577 0.017859811623315663 -0.016189464355708165 -0.008167910923449621 -0.0010079650050824546 0.0052878240962221509 0.010719559182649226 -0.01071998610692608 -0.0068552751460573885 -0.0038560918138198898 -0.0017157510160968354 -0.00043059884718498788 0 -0.00043026048560131948 -0.0017136886774989182 -0.0038509609081423687 -0.0068484308995714182 0.015323915020534528 0.010737532373447923 0.0053112975512246523 -0.00097926374639694725 -0.0081307026103005098 0.035384899505824761 0.017920863965559933 -0.0025318597936691261 0.050793114662390781 0.031436448698198227 0.10451752492455814 0.0058925548859399138 0.050695159907997306 -0.0026113647808216718 0.017860009661405211 -0.016189326364116897 -0.0081677993146102267 -0.0010078771245948894 0.0052878906794906408 0.010719608289050112 -0.010719952492794633 -0.006855253687589713 -0.0038560800364701451 -0.0017157460794088959 -0.00043059760526066641 0 -0.00043025868085736174 -0.0017136824849324514 -0.0038509470748729607 -0.0068484068239149098 0.015323952287566975 0.010737585492458228 0.0053113690029605197 -0.00097916997413357502 -0.0081305853081451249 0.035385043587651661 0.017921069731178598 -0.0025315820739631864 0.050793474544460822 0.031436900491970857 0.10451807579939423 0.0058930574606181315 0.05069548570459384 -0.0026111155649069001 0.0178601929390459 -0.016189199387045449 -0.0081676963139653801 -0.0010077958180887514 0.0052879533803889675 0.010719653885192991 -0.010719920912876308 -0.0068552338168005704 -0.0038560691273820985 -0.0017157414280069433 -0.0004305967013382203 0 -0.00043025708697695924 -0.0017136764536145859 -0.003850934227700767 -0.0068483845716079675 0.015323986627317128 0.010737634543042289 0.0053114356420458338 -0.00097908404103296074 -0.008130476366109517 0.035385177721680247 0.017921260612311012 -0.002531324795618363 0.050793807460803274 0.031437317406430715 0.10451858579150812 0.0058935250319461837 0.050695788107739469 -0.0026108823870260619 0.017860364743228434 -0.016189080658460132 -0.0081676001229729917 -0.0010077196715378462 0.0052880115663264645 0.010719696492034879 -0.010719892067982328 -0.0068552152980189268 -0.0038560590400417293 -0.0017157370742947149 -0.000430595767956895 0 -0.00043025564504235373 -0.0017136710858967319 -0.0038509222456893353 -0.0068483639193832949 0.015324018616558825 0.010737680201203859 0.0053114972328095599 -0.00097900321827262544 -0.0081303755361189136 0.035385301238108638 0.017921438419902999 -0.002531084870103758 0.050794116946483614 0.031437705643447049 0.10451906187180079 0.0058939622885372427 0.050696072624694132 -0.0026106646890109234 0.017860525483276192 -0.016188968131744086 -0.0081675101090423977 -0.0010076483872524494 0.0052880658698937983 0.010719736146786996 -0.010719864078946312 -0.0068551979823999239 -0.0038560492627948244 -0.0017157329066385652 -0.00043059480976809271 0 -0.0004302541876030752 -0.0017136661771172043 -0.0038509112683807268 -0.0068483444579175243 0.015324048273897679 0.01073772289487192 0.0053115551520666786 -0.00097892862218903814 -0.0081302816274144186 0.03538541681614437 0.017921603153954566 -0.0025308615904062761 0.050794406685412206 0.03143806892414145 0.10451950604967797 0.0061152342970530816 0.050940618497174864 -0.0024125198032715314 0.01801188816081243 -0.016077637304783551 -0.0080746921099295373 -0.00093215621293932954 0.0053474341937675331 0.010764228600047951 -0.010688484942416653 -0.0068349882462166184 -0.0038446405633226631 -0.0017106528860580362 -0.00042932388550593454 0 -0.00042898313992371847 -0.0017085855896858239 -0.0038395019921347237 -0.0068281340792205629 0.015355429211450175 0.010782218163781523 0.0053709277229804899 -0.00090343019639169359 -0.008037453844232597 0.035496761813135817 0.018072991169847896 -0.0023326741896126596 0.051039018654934869 0.031637166501346244 0.10474091587861349 0.006333870669896745 0.051184002640465298 -0.0022150831412338754 0.018162854072521703 -0.015966509636175834 -0.0079820113308954124 -0.00085675323142931248 0.0054067478394810298 0.010808688694435797 -0.010657123520906378 -0.0068147871554390758 -0.0038332354733384174 -0.0017055741455433242 -0.00042805320993873406 0 -0.00042771213999875517 -0.0017035064472899833 -0.0038280960760614909 -0.0068079319440482343 0.015386792292580664 0.010826680957222876 0.0054302456082918199 -0.00082802022413463463 -0.0079447640799302725 0.035607904142962485 0.018223981874149763 -0.0021351937820699163 0.051282471202362616 0.031834476322753574 0.10495969376322942 0.0065498703056162504 0.051426226260208832 -0.0020183537205218627 0.018313422250912401 -0.015855583711894744 -0.0078894681142832046 -0.00078143838592387453 0.0054660058321004384 0.010853116623448856 -0.010625779434861088 -0.0067945947175095389 -0.0038218338663239537 -0.0017004967074211591 -0.00042678275515807952 0 -0.00042644160273323935 -0.0016984284782878085 -0.0038166936578425265 -0.0067877380896117561 0.015418138425242811 0.010871111729172808 0.0054895076023572823 -0.00075270013432854137 -0.007852210220910396 0.035718843210244926 0.018374576293889722 -0.001938419742629623 0.051524762273636338 0.032030002645326509 0.10517583699454926 0.0067632323905263518 0.051667286131433461 -0.0018223309209485677 0.01846359410504923 -0.015744861749728733 -0.007797061140335136 -0.0007062134327923932 0.0055252092755584915 0.010897512699661344 -0.010594452309687882 -0.0067744106173730509 -0.003810435861355163 -0.0016954201995793847 -0.00042551244426079218 0 -0.00042517120438959532 -0.0016933516094972427 -0.0038052951095899879 -0.0067675526349870192 0.015449466964442212 0.010915510740109836 0.005548715898157852 -0.0006774677191079537 -0.0077597940632343123 0.035829580637392153 0.018524773560806073 -0.0017423524880573957 0.051765891903486523 0.03222374082510536 0.10538934573134089 0.0068007614593926452 0.051907184149430421 -0.0016270162458471001 0.018613369327319471 -0.015634342107422816 -0.007704791818115903 -0.00063107666528044526 0.005584356713656282 0.010941876213579414 -0.010563142941706771 -0.0067542342918998797 -0.0037990413517598929 -0.0016903450834370747 -0.00042424265059940201 0 -0.00042390114466801343 -0.0016882762638857696 -0.0037938998780971348 -0.0067473763888977753 0.015480778366636446 0.010959877511249647 0.0056078681240987202 -0.0006023250474164601 -0.0076675143665281631 0.035940114732534216 0.018674574086702939 -0.0015469930304982985 0.052005860851021955 0.032381118467418417 0.10543271482761711 0.0060248415761297259 0.051465808083304282 -0.0019326391291273081 0.018408789431639806 -0.015761632819802963 -0.0078022621866733607 -0.00070353140713807377 0.0055320063828765099 0.010904921906668901 -0.010587879231253153 -0.0067694450708955193 -0.0038076975152856228 -0.0016945784980068317 -0.0004256248705065568 0 -0.00042521454057131095 -0.0016920960857168576 -0.0038015205837313051 -0.0067611848285021592 0.015458509289838827 0.010926748561958731 0.0055606441418629285 -0.00066832773659705551 -0.0077563510334900153 0.035823948967982244 0.0184858053208873 -0.0018301804433091052 0.051594661741163061 0.031747611641836981 0.10470182246016535 0.0054903672905910949 0.051201728039298407 -0.0021333202817086735 0.018260555770802954 -0.015862669362420954 -0.0078831708850706454 -0.00076619091666962999 0.0054848516854434622 0.010870099594030831 -0.010612115635251836 -0.0067847081341298587 -0.0038167641904613683 -0.0016993416018272567 -0.00042736452026463954 0 -0.00042684123630455417 -0.0016961842252200708 -0.0038089142215662433 -0.006774216139156462 0.015438128240661033 0.010897773852934089 0.0055211253967394668 -0.00072164837711244671 -0.0078251505424443823 0.035737993133796053 0.018357464374041874 -0.002004831462453852 0.051362705226690168 0.031357247126336391 0.10421248271981701 0.0049501275489186453 0.050934791568112828 -0.0023358949542852869 0.01811112923746909 -0.015964414272624048 -0.0079646077991544582 -0.00082923780984031745 0.0054374239221871758 0.010835090771337808 -0.010636473042681484 -0.0068000442132114935 -0.0038258700292011835 -0.0017041214680599461 -0.00042910845303364048 0 -0.00042847186154216718 -0.0017002892313269524 -0.0038163473541450704 -0.0067873204036393688 0.015417626917392097 0.010868613211868713 0.0054813366718429145 -0.00077535114704332302 -0.0078944731468220085 0.035651338954245493 0.018227948361506485 -0.0021813464360426606 0.051127940664579374 0.030962830884987816 0.10371747830122972 0.0050238763380878217 0.051052954453645855 -0.0022457088002621039 0.018175625696025158 -0.015918150352155099 -0.0079262594385500363 -0.00079790952863867826 0.0054621464634297609 0.010853347377639187 -0.010623742641762701 -0.006791819475279336 -0.0038214776731257593 -0.0017025038282962124 -0.00042894983216461356 0 -0.00042826291684531739 -0.0016983722223720289 -0.0038112168441468098 -0.0067781157306704837 0.015432037484080233 0.010889394373402134 0.0055093228872512374 -0.00074008231718299968 -0.0078510883771817693 0.035703771596234238 0.018300265913054354 -0.0020814160439432965 0.05125742701729518 0.03103426224895486 0.10380473384875526 0.0052376642086115772 0.051298344608917114 -0.0020449558250730891 0.018330231370694981 -0.015803770998835318 -0.0078306721013865141 -0.00072002382474522348 0.0055234891250975828 0.010899393297441782 -0.010591224236732507 -0.0067708583032499627 -0.0038096228322646222 -0.0016972042392167724 -0.00042761009816289733 0 -0.00042692588003654698 -0.0016930884244921256 -0.0037994014819047019 -0.0067572079145628199 0.01546446484566953 0.010935304191943209 0.0055704868160081746 -0.00066241374321345827 -0.0077557798413301886 0.035817808363256994 0.018454429905479207 -0.001881224293269817 0.051502146988650063 0.031230141482696778 0.10401765748631539 0.0062605274432859064 0.052503640095073807 -0.0010550555503797663 0.01909489927696258 -0.015236598419327174 -0.0073561607823895304 -0.0003330162669664426 0.0058285455668498241 0.011128532161302395 -0.010429323298278113 -0.0066664535800075257 -0.0037505584620038421 -0.0016707989869576923 -0.00042093833186321268 0 -0.00042026618567539767 -0.0016667579977857961 -0.0037405235646416745 -0.0066530499512949242 0.015625939219555483 0.011163798867642679 0.0058747077171247952 -0.0002764174126229962 -0.007282568607784673 0.036383379496082058 0.019217041966506015 -0.00089392652138227759 0.052704355010631483 0.032177736648844449 0.10503659726964422 0.0072073164656583106 0.053673322537702683 -8.7896934922485417e-05 0.019845905060606382 -0.014677107921632258 -0.0068871976804495529 5.0090587923344099e-05 0.006130938194116674 0.0113559148294379 -0.010268522149705228 -0.0065626832583765256 -0.0036918271941415899 -0.0016445402166489166 -0.00041430776148015854 0 -0.00041364656159160622 -0.0016405671317436647 -0.0036819607147413366 -0.0065495032814735623 0.015786355430506483 0.011390601499752779 0.0061763509601239341 0.00010578230725231036 -0.0068147667438469327 0.036941443042887719 0.019966231346677826 7.0951641936706352e-05 0.053871364522027142 0.033072897540671414 0.10598010059129201 0.0080789285125599086 0.054807982627640521 0.00085697255929569516 0.020583590072511031 -0.014125060163211663 -0.006423586196310698 0.00042945091839420525 0.0064307880797900303 0.011581629740504092 -0.010108758871551044 -0.006459508266580552 -0.0036334064786811954 -0.0016184171432397818 -0.00040771502870152446 0 -0.00040706378901502079 -0.0016145053638122705 -0.0036236921931528435 -0.0064465300116774852 0.015945771949746002 0.011615795664663791 0.0064755266529926154 0.00048432957266178868 -0.0063521925099398564 0.03749222291596209 0.020702314440557344 0.0010138354960742399 0.055003731880125521 0.033916316286788241 0.1068490076308925 0.0088761654112649684 0.055908151294511869 0.0017799676140616886 0.021308259519067084 -0.013580242072644737 -0.0059651532233978869 0.00080520233152151822 0.0067282000850755249 0.01180575790331739 -0.0099499778330482107 -0.0063568931795423339 -0.0035752753657082642 -0.0015924201104198352 -0.000401157138024453 0 -0.00040051496547082306 -0.0015885639121447275 -0.0035656986872552895 -0.0063440971727696553 0.016104240686919843 0.011839454705681717 0.0067723355637027546 0.00085935655784333503 -0.0058946811348006651 0.038035918492998505 0.021425580528134834 0.0019351141959233181 0.056101949910266381 0.03470861848215203 0.10764407764608935 
end_dependent_variable

end_regular_table
