# ****************************************************************************
# CUI
#
# The Advanced Framework for Simulation, Integration, and Modeling (AFSIM)
#
# The use, dissemination or disclosure of data in this file is subject to
# limitation or restriction. See accompanying README and LICENSE for details.
# ****************************************************************************

# ##################################################################################################
# 
# This file was auto-generated by AFSIM Mover Creator 2.5.0.200324
# 
# Creation Date:  24 Mar 2020
# 
# ##################################################################################################

regular_table

independent_variable mach precision double
0.10000000000000001 0.5 0.70000000000000007 0.75 0.80000000000000004 0.84999999999999998 0.90000000000000002 0.92000000000000004 0.94000000000000006 0.95999999999999996 0.97999999999999998 1 1.02 1.04 1.0600000000000001 1.0800000000000001 1.1000000000000001 1.2 1.3 1.4000000000000001 1.5 
end_independent_variable

independent_variable surface_angle units deg
-20 -16 -14 -12 -10 -9 -8 -7 -6 -5 -4 -3 -2 -1 0 1 2 3 4 5 6 7 8 9 10 12 14 16 18 20 
end_independent_variable

dependent_variable precision double
2.9852504601142078 2.8243955362740181 1.5903055726728652 2.2069376469172894 2.393404555214957 1.1810848940402343 1.3062896786405775 1.4713489295394202 1.5541984339105543 1.5662408457432062 0.78423602692436756 0.66293295760615811 0.48735566904293748 0.264360909932498 0 -0.30919880294571106 -0.66363840780714911 -1.0655012100466978 -1.5145193886751342 -2.0359772013084259 -1.8350711110962703 -2.4676955418624353 -3.1835508075648429 -3.8629352867094959 -4.6048812861489186 -4.2426152553703123 -5.8734459663699736 -5.2462446945965633 -5.7996089814598148 -7.4998771457314639 2.9851003036307833 2.8243297992381864 1.5902770530049117 2.2069311432898675 2.3934150015443265 1.1811033704507055 1.3063120473442029 1.4713739654437517 1.5542245321206694 1.5662665917863765 0.78425926051587402 0.66295270475483536 0.48737021619711363 0.26436878728636709 0 -0.30920843433705469 -0.66365916042768003 -1.0655345829502376 -1.5145666401217279 -2.0360400870224562 -1.8351471681417979 -2.4677894377662732 -3.183664271011224 -3.863069889698628 -4.6050385456084095 -4.2428104493322296 -5.8736947067750247 -5.2465331724122448 -5.7999367983772734 -7.5002710009467561 2.9850594602035945 2.8243057441222685 1.5902601658606523 2.2069197534825293 2.3934081510091447 1.1810985339849733 1.3063087773218038 1.4713720262928829 1.5542236541840555 1.5662665269396314 0.78425970174166149 0.66295343007585028 0.48737095064728009 0.2643692739098375 0 -0.30920919834533012 -0.66366094735986925 -1.0655376520816873 -1.5145712347145581 -2.0360464820427433 -1.8351553414116573 -2.4677998734780426 -3.1836772437340595 -3.8630856611017981 -4.605057373888136 -4.2428353169426369 -5.8737273198751563 -5.2465731406316412 -5.7999846716480876 -7.5003292570397981 2.985051038462045 2.8243007020521667 1.5902565580596453 2.2069172674756361 2.393406603221035 1.1810973948256258 1.3063079719718678 1.4713715035497259 1.554223362448125 1.566266413668691 0.78425970977928405 0.66295351422281268 0.48737105667443714 0.26436935063316225 0 -0.30920933041413623 -0.66366126149695159 -1.0655382006246206 -1.5145720660131152 -2.0360476487135832 -1.8351568509962528 -2.4678018114877673 -3.1836796662834268 -3.8630886193438254 -4.6050609202162152 -4.2428400520946328 -5.8737335513149391 -5.2465808360102626 -5.799993959269818 -7.5003405745085336 2.9850431601034733 2.8242959542979729 1.5902531493138345 2.206914910070704 2.393405118245457 1.1810962987320586 1.306307184979465 1.4713709807073392 1.5542230593503703 1.5662662821394477 0.78425969702824094 0.66295357594381565 0.48737114439367618 0.2643694167760981 0 -0.30920944630846736 -0.66366154184625015 -1.0655386924576613 -1.5145728134623999 -2.0360487038003914 -1.8351582191782292 -2.4678035731659453 -3.1836818668554892 -3.8630913156188948 -4.6050641538708534 -4.2428443708779335 -5.8737392582254282 -5.2465879030651044 -5.8000024992934192 -7.500350993748139 2.9850357610253582 2.8242914803190957 1.5902499222579853 2.2069126693105288 2.3934036954374163 1.1810952375674186 1.3063064172872791 1.4713704673414083 1.5542227515143869 1.5662661387026151 0.78425966778022538 0.66295362079573417 0.48737121731525501 0.26436947404415889 0 -0.30920954969982994 -0.66366179339406761 -1.065539136511501 -1.5145734918724756 -2.0360496614682364 -1.8351594649104981 -2.4678051785570165 -3.1836838833560708 -3.8630937818294209 -4.6050671147424724 -4.2428483505926362 -5.8737445105637054 -5.2465944232639199 -5.8000103971010519 -7.5003606312545248 2.985028793597345 2.8242872607657041 1.5902468557561285 2.2069105307571597 2.3934023307781018 1.1810942131178452 1.3063056729141218 1.4713699597308123 1.5542224439264787 1.5662659872281601 0.78425962315157416 0.6629536522020002 0.48737127733694585 0.26436952409324393 0 -0.30920964345348773 -0.66366202149881948 -1.065539539335314 -1.5145741083134738 -2.0360505393552355 -1.8351606093290309 -2.4678066592160941 -3.183685739004972 -3.863096054144707 -4.6050698445076357 -4.2428520236869236 -5.8737493753099619 -5.2466004671591771 -5.800017734259705 -7.5003695936006158 2.9933333915414235 2.8310945229351594 1.5933034976532701 2.2116491067204609 2.3990822198307451 1.1834951589827609 1.3091239671117392 1.4745955769245709 1.5576947636009693 1.5698340169078269 0.78584666442046758 0.6643388004978642 0.48842043483522685 0.26495449852822955 0 -0.30992013776375543 -0.66520946206116593 -1.0680534848162504 -1.5181817986196677 -2.0409164914728293 -1.8394008956790928 -2.4735520212140907 -3.1911107855469525 -3.8722163601784692 -4.6160287970125653 -4.2531031395264502 -5.8880981796956258 -5.2590805020687084 -5.8136499924915288 -7.518121290383724 3.0016495762046702 2.8379100350791933 1.5963628085174097 2.216392579302664 2.4047687868577592 1.1858983528615579 1.3119451721591795 1.4778245904604017 1.561170847750569 1.5734060178478089 0.78743517045180667 0.66572529962039328 0.48947066654688037 0.26554009743687429 0 -0.31063143222679263 -0.66675867723630833 -1.0705703581847852 -1.5217937425944958 -2.0457882053552043 -1.8436459973787618 -2.4793039739633689 -3.1985443675678034 -3.8813473147721531 -4.6270006728833728 -4.2633665497928517 -5.9024644105599462 -5.2715752237985107 -5.8272980501093565 -7.5358937065304588 3.0099773533027268 2.8447337898150997 1.5994247671530395 2.2211409585656825 2.4104620280487148 1.1883038027918584 1.314769286270304 1.4810570157586327 1.5646506934876874 1.5769819883215055 0.78902514097767085 0.66711315096872903 0.49052197166814426 0.26612631931584496 0 -0.31134352559974476 -0.66830966837873507 -1.0730901588157695 -1.5254099374396748 -2.0506656801092911 -1.8478959143089624 -2.4850625177616172 -3.2059864935219129 -3.8904889249512373 -4.637985465749499 -4.2736422597254649 -5.9168480689746064 -5.2840846366353169 -5.8409619016356968 -7.5536868294187753 3.0183167233515906 2.8515657925806797 1.6024893973753374 2.2258942349239073 2.4161619504290912 1.190711505598306 1.3175963033127052 1.4842928438091885 1.5681343038586835 1.5805619282396104 0.79061657980848876 0.66850235743046216 0.4915743529228796 0.2667131676878034 0 -0.31205641795951516 -0.6698624325264334 -1.0756128851810631 -1.5290303834330488 -2.0555489098706023 -1.8521506439294093 -2.4908276473893447 -3.2134371529306036 -3.8996411767639971 -4.6489831866254656 -4.2839302689670662 -5.9312491514070231 -5.2966087336727261 -5.854641548261311 -7.5715006803632603 2.9902602181797056 2.8584060384144361 1.6055566906108389 2.2306524190346297 2.4218685526096686 1.1931214608839806 1.3204262311652373 1.4875320750089882 1.5716216769285736 1.584145837909736 0.79220948337198349 0.66989291375633009 0.49262780820245072 0.26730063936746956 0 -0.31277011105006924 -0.67141697376271414 -1.078138542639081 -1.53265508224168 -2.0604379021111505 -1.856410190606218 -2.4965993685820385 -3.2208963517079781 -3.9088040802326529 -4.6599938351341974 -4.2942305761284336 -5.9456676636125305 -5.3091475154664263 -5.9336730023529114 -7.6718252868504946 2.9769894091757081 2.8323999583075974 1.585702584238001 2.2201937434996988 2.4189170940184379 1.1892556831321364 1.3189925509203506 1.4887894756437057 1.5743273550833807 1.5877894735159213 0.79435031236100961 0.67262815828593248 0.49468181725828736 0.26818023614492403 0 -0.31507125961748084 -0.67649621969007956 -1.086502543059487 -1.5441729943891016 -2.0765195000090344 -1.8755870421775622 -2.5207638996833537 -3.251580383523621 -3.9465072711730649 -4.7053660538758528 -4.3517801379741794 -6.0226776524909109 -5.4028765996982653 -5.9840979720856824 -7.7336151824583528 2.9547099577720988 2.8205643435785817 1.5755993418001675 2.2161051318506586 2.4199620044022199 1.1883599161936444 1.3196251195370718 1.4916538206159489 1.5779906033420257 1.5918209794442462 0.79638467490218035 0.67533332172528215 0.49643750841419787 0.26859461272792734 0 -0.31723354554356203 -0.68112705310394261 -1.0939174495749786 -1.5535378082059434 -2.0894520605812281 -1.8903253097040082 -2.5384937870424449 -3.273845284925156 -3.9734059989460735 -4.7371108254485605 -4.3883480539217192 -6.0693367796071271 -5.4545992218842283 -6.0435643553319034 -7.8044924119264936 2.9321961123854323 2.8085671471932643 1.5653645993321266 2.2119222098342992 2.4209446651456066 1.1874114994137785 1.3202184074388927 1.4944903972295667 1.581635922820217 1.5958425054733856 0.79841243144043272 0.67803712477220346 0.49819338489684661 0.2690085071180755 0 -0.31940097335511008 -0.68577009465435168 -1.1013535333405866 -1.5629302513801551 -2.1024251563328233 -1.905115969212988 -2.5562866739620405 -3.2961908763372545 -4.0004042046227992 -4.7689747673582916 -4.4250669824686391 -6.1161867387766424 -5.5065506579982753 -6.1032977718580073 -7.8756826589254141 2.9386273727053185 2.8133662418304404 1.5668717610507328 2.2155663213471253 2.4262439928534683 1.1895584198291878 1.3228998819901476 1.4980605950033468 1.5854566820464802 1.5996915699020009 0.80012244688596357 0.67986023070850521 0.4993983152467098 0.26940579167682766 0 -0.32056401849026539 -0.68823555265614911 -1.1052597571038365 -1.5678786388532477 -2.1091300441469985 -1.9116342483476068 -2.5642380092648072 -3.3062132626536584 -4.0124210248537109 -4.7830198715443411 -4.4380641598007697 -6.1324877312928692 -5.5197141668445759 -6.1153636792788939 -7.8888921668277128 2.9476121282035526 2.8205720487412718 1.5701661878153583 2.2204857548725703 2.4320435747084477 1.1920182985748125 1.3257671739120542 1.501304718217781 1.5889454725759184 1.6032775413116236 0.80170906375846196 0.68122730416741384 0.50044169229025615 0.26999982724375821 0 -0.32125311012487251 -0.68973922980240943 -1.1077064063791608 -1.5714150192330361 -2.1138956468047438 -1.9157208489040947 -2.5698170298653351 -3.3134367784713121 -4.0213043299759548 -4.7937060880860916 -4.4479278916836291 -6.1463739066746772 -5.5315643100626213 -6.128230948387313 -7.9057603607546953 2.9925107759188991 2.8566097222512497 1.5866000399306108 2.2451053153162883 2.461116680407879 1.2043344278238963 1.3401363948712026 1.5175769370176422 1.6064491215390428 1.6212712429819878 0.80966790840361624 0.68809197663386468 0.50567953620423167 0.2729785472106474 0 -0.32471965477746595 -0.69730345111835801 -1.12001396742335 -1.5891968850439411 -2.1378605890316544 -1.9362918493308308 -2.5978869213900051 -3.3497765204244465 -4.0659935524736204 -4.8474635375664237 -4.4976018711721588 -6.216279749921461 -5.5912991649063999 -6.193119224968652 -7.9907846116615922 3.037386290959557 2.8926722427318152 1.6029769842888162 2.2697665749459253 2.4903170631507714 1.2166796615027837 1.3545609640901604 1.5339347321865975 1.624051661738821 1.6393707658081138 0.81766922811334208 0.69500451160468513 0.51095181865173267 0.275971626415074 0 -0.32822040415311332 -0.70494210292798487 -1.1324423384001845 -1.6071417931357066 -2.1620487639706867 -1.9570864250609468 -2.6262407909517043 -3.3864774585492956 -4.1111264541189332 -4.9017523362153321 -4.5478518646002239 -6.2869570257262106 -5.6518161727105207 -6.2588979863812355 -8.0769129445404495 3.0822625895195701 2.928773078658423 1.6193059132789778 2.2944752172537091 2.5196471830450107 1.229055608822897 1.3690418095670289 1.5503776025143792 1.6417523869559945 1.6575753686418153 0.82571246114712771 0.70196365436729846 0.51625790098906887 0.27897920960866657 0 -0.33175416893174814 -0.7126527067410614 -1.1449876306880153 -1.6252452004654385 -2.1864538639238704 -1.9780964013361326 -2.6548692513018732 -3.4235280404006994 -4.1566892197271308 -4.9565563391282685 -4.5986571946379815 -6.3583800206427759 -5.7130836896525912 -6.3255295462966323 -8.1641008813709934 3.1271617173092143 2.9649246722708211 1.6355950246807436 2.3192364982494249 2.5491093498651742 1.241463777582694 1.3835798490792315 1.5669051002756413 1.6595506407847203 1.6758843840627298 0.83379709815785408 0.7089682530113145 0.52159719155791207 0.28200142587713234 0 -0.33531986373663331 -0.72043298686848556 -1.1576462764754893 -1.6435029207713798 -2.2110700718851364 -1.9993142537509012 -2.6837637018866682 -3.4609176167241276 -4.2026691337793043 -5.0118606624143647 -4.6499987924724113 -6.4305249796264849 -5.7750724814108629 -6.3929790773985422 -8.2523073457342129 
end_dependent_variable

end_regular_table
