# ****************************************************************************
# CUI
#
# The Advanced Framework for Simulation, Integration, and Modeling (AFSIM)
#
# The use, dissemination or disclosure of data in this file is subject to
# limitation or restriction. See accompanying README and LICENSE for details.
# ****************************************************************************

# ##################################################################################################
# 
# This file was auto-generated by AFSIM Mover Creator 2.5.0.200324
# 
# Creation Date:  24 Mar 2020
# 
# ##################################################################################################

regular_table

independent_variable mach precision double
0.10000000000000001 0.5 0.70000000000000007 0.75 0.80000000000000004 0.84999999999999998 0.90000000000000002 0.92000000000000004 0.94000000000000006 0.95999999999999996 0.97999999999999998 1 1.02 1.04 1.0600000000000001 1.0800000000000001 1.1000000000000001 1.2 1.3 1.4000000000000001 1.5 
end_independent_variable

independent_variable surface_angle units deg
-20 -16 -14 -12 -10 -9 -8 -7 -6 -5 -4 -3 -2 -1 0 1 2 3 4 5 6 7 8 9 10 12 14 16 18 20 
end_independent_variable

dependent_variable precision double
-4.3755680388227614 -5.2495634055394271 -5.8776789652160302 -4.2435491443557565 -3.0474687080363756 -3.8622445547598505 -3.1822230725924872 -2.4694096414819939 -1.8329436649274451 -1.2675126671092802 -1.5114231131320777 -1.0622811434564756 -0.66006719165170458 -0.30535269759265432 0 0.2682918568943885 0.49126041922220254 0.66689342493241621 0.78831854842709081 0.84496376883827384 1.5586994853856508 1.4730360576760555 1.3113307887925325 1.1865249313457866 0.99967218551018944 2.2136027844110231 1.596286548030724 2.833012103841352 1.4254864874250053 0.4408685458292938 -4.3757474744798568 -5.2496266925888211 -5.8776999483724444 -4.2435525709629509 -3.0474593216808863 -3.8622219835279816 -3.1821982245303713 -2.4693834551061049 -1.8329175991158948 -1.2674879763265696 -1.511398237583278 -1.0622604668212468 -0.66005222867459745 -0.3053447146829702 0 0.26828233064953644 0.49124008277190701 0.66686098186273235 0.78827293913625007 0.84490341681110748 1.5586233971819317 1.472943315716821 1.3112198057961695 1.1863944267503279 0.99952081078118071 2.2134106742169659 1.596045353067902 2.8327260823628211 1.4251347189876522 0.44045430660777185 -4.3757904039181774 -5.2496505712739623 -5.8777162947137036 -4.2435637384952942 -3.0474662483254074 -3.8622265279600931 -3.1822013155420157 -2.4693853144761273 -1.8329184776975032 -1.2674881164392002 -1.5113976784723593 -1.0622596748673483 -0.66005146418257621 -0.30534422074129403 0 0.26828157455484614 0.49123832508773324 0.66685797861994167 0.78826846252778049 0.84489720278617308 1.5586152235647674 1.4729329614728064 1.311207012481008 1.186378947380778 0.99950239936629937 2.2133860255077367 1.5960132762061949 2.8326862949403169 1.4250851403516334 0.44039459858271063 -4.375799175742844 -5.2496555868496788 -5.8777198132077935 -4.2435661872909716 -3.0474678105514692 -3.862227617306027 -3.1822020922641236 -2.4693858222355685 -1.8329187705249625 -1.2674882420146492 -1.511397651258557 -1.0622595799539412 -0.66005135346680599 -0.30534414274658606 0 0.26828144387525876 0.49123801624704733 0.66685744071941611 0.78826765092636031 0.84489606511527404 1.5586137146995889 1.4729310375041138 1.3112046174183258 1.18637603870409 0.99949892413644981 2.2133813319330726 1.5960071346687086 2.8326786241707134 1.4250755670469972 0.44038303472611345 -4.3758073579433958 -5.2496603087048674 -5.8777231469357947 -4.2435685126446439 -3.0474693051027337 -3.8622286703338147 -3.1822028538040552 -2.4693863298957797 -1.8329190724815738 -1.2674883833180388 -1.511397647711088 -1.0622595079626427 -0.66005126148068105 -0.3053440751214036 0 0.26828132877476701 0.4912377403754985 0.66685696062031219 0.78826692024693046 0.84489503669650423 1.5586123455005063 1.4729292887754395 1.3112024408599017 1.1863733873305544 0.99949575542778724 2.213377042720285 1.5960015077375269 2.8326715872817645 1.4250667816278335 0.44037240382911447 -4.3758150286137694 -5.2496647551970588 -5.8777263044314765 -4.2435707269600478 -3.0474707365437763 -3.8622296958749169 -3.182203598425287 -2.4693868357202371 -1.8329193812354334 -1.2674885373972788 -1.5113976619505796 -1.0622594550234865 -0.66005118496201787 -0.30534401692926416 0 0.26828122599738941 0.49123749316898929 0.6668565255467791 0.78826625751518009 0.84489410386094344 1.5586111000163119 1.47292769132276 1.3112004499110208 1.1863709576862489 0.99949284511380565 2.2133730934195484 1.5959963235701959 2.8326650863335496 1.4250586573775486 0.44036257857974104 -4.3758222344912525 -5.2496689635374718 -5.8777293148684358 -4.2435728376794284 -3.0474721090422534 -3.862230680830987 -3.1822043221090088 -2.4693873336063024 -1.8329196888977644 -1.2674886989683771 -1.5113976903303334 -1.0622594172665065 -0.66005112045017378 -0.30534396629100163 0 0.26828113347790367 0.49123726841324694 0.66685612872637567 0.78826565193985709 0.84489324688664769 1.5586099543574052 1.47292622475433 1.311198614951556 1.186368718067218 0.99949016550936121 2.2133694383354903 1.5959915267964273 2.8326590608950561 1.4250511279113345 0.44035345210738219 -4.3853191280493498 -5.2621626004065325 -5.8920954973879462 -4.2538309282701361 -3.0543993106599059 -3.8713535138535944 -3.1896302279621493 -2.4751409199180232 -1.8371587778802143 -1.2703687153200431 -1.5150018111283419 -1.0647695126369228 -0.66159398551152415 -0.30604940682699955 0 0.26887120546987536 0.49229161001932081 0.66824680724395291 0.78985850704938765 0.84653675051914556 1.56208973435471 1.4761601062713119 1.3140261188357334 1.1887802484887655 1.001349047022819 2.218122558882913 1.5990681241456699 2.839486990312591 1.4282064724487655 0.44111738474979806 -4.3948259291977969 -5.2746709740680471 -5.906479173068611 -4.2641013603623863 -3.0613342405806621 -3.8804870170483983 -3.197064690330901 -2.4809011250035518 -1.84140269471524 -1.2732519371549755 -1.5186101919853907 -1.0672825440020208 -0.66313863032577969 -0.30675564949540368 0 0.26946190295261274 0.49334703085483911 0.6696388449532763 0.79145283291485036 0.84818167285156587 1.5655732909728646 1.4793974216194254 1.3168565541103245 1.1911940547879525 1.0032094194259575 2.2228806120696945 1.6021474330513874 2.8463232103492748 1.4313654035520034 0.44188209968111919 -4.4043426276960691 -5.2871940815451177 -5.9208803367901677 -4.2743841253827144 -3.0682769071398348 -3.8896312013108423 -3.2045077119540091 -2.4866679493987287 -1.8456514385693101 -1.2761383659616232 -1.5222228317107209 -1.0697985087421307 -0.66468505282399692 -0.30746269326174219 0 0.27005322771225404 0.49440353132168297 0.6710322428664911 0.79304863623426414 0.84982801296107024 1.5690606285879081 1.4826381740137198 1.3196899116660241 1.1936101388104552 1.0050712731331675 2.2276436081363618 1.6052294672073069 2.8531677236247766 1.4345279126475834 0.4426475960678144 -4.4138692229090948 -5.299731920456229 -5.9352989712469215 -4.284679227062167 -3.0752273015655014 -3.8987860588811492 -3.2119592984478875 -2.4924413914960306 -1.8499050163289812 -1.279028000330922 -1.5258397332018465 -1.0723174074228636 -0.66623325481216045 -0.30817053718085036 0 0.27064517848113739 0.49546110988178899 0.6724269997035317 0.7946459144375746 0.85147576786083878 1.5725517416032742 1.4858823563294878 1.3225262019616646 1.1960285028187159 1.0069346130860986 2.2324115358699355 1.6083142066880638 2.8600205254554458 1.4376940133895419 0.44341387125052217 -4.5087089201079236 -5.3122845042966462 -5.9497350935858009 -4.2949866623841535 -3.0821854259613346 -3.9079516000593819 -3.2194194425290603 -2.4982214511168435 -1.8541634210680047 -1.281920842703927 -1.5294608962999989 -1.0748392394786084 -0.66778323480182133 -0.3088791830512701 0 0.27123775541554973 0.4965197679442217 0.67382311472017353 0.79624466809039196 0.85312494291920937 1.5760466347423059 1.4891299742228339 1.3253654236675649 1.1984491464158147 1.0087994363276993 2.237184408348917 1.6114016755469869 2.8668816260818089 1.4127968383442022 0.40896192096833367 -4.5644933504959306 -5.4090341603142571 -6.0294967571942379 -4.3539123450352388 -3.1242982610400301 -3.9461306550308244 -3.2502844714439449 -2.5231534112263945 -1.8731647027214842 -1.2956304842187725 -1.5404390313255036 -1.0826163776695992 -0.6721678812690568 -0.31041292281117444 0 0.272901315823808 0.49936774197611156 0.67739282156390479 0.79925795125085963 0.85578050110907888 1.5798175968183688 1.4908904074222571 1.325211518377434 1.1960324882689082 1.0036265008897436 2.2286991203427795 1.593511323900054 2.8437901672091797 1.402868294843636 0.39100631875027175 -4.6288608119176127 -5.461798410001407 -6.0775028690316493 -4.3907340750130421 -3.1519126315182553 -3.9727532842169055 -3.2720682448464262 -2.5414199635994796 -1.8871696369140405 -1.305665755905923 -1.5487601814037482 -1.0889537315672759 -0.67561217241402527 -0.31130516255311397 0 0.2745994474210946 0.50239206940553049 0.68137898069426561 0.8026071706969603 0.85923224233633488 1.5849236440642493 1.4942830912848839 1.3274554186828478 1.1968757958874507 1.0026887774820274 2.2267456427195587 1.5853304353270039 2.834730073943331 1.3844851386555685 0.36455617881016766 -4.6935441050699662 -5.5148008448097992 -6.1257116700231808 -4.4277117614624117 -3.1796440844766942 -3.9994773500257099 -3.2939335415128577 -2.5597551391698179 -1.9012263873770481 -1.3157375496172923 -1.5571067761837774 -1.0953098665807037 -0.67906577194954354 -0.3121993029223909 0 0.27630042819185457 0.50542000069652904 0.68536745801389864 0.80595367851712485 0.86267582624990058 1.5900168014343445 1.4976536677162338 1.3296662716382051 1.197673620108137 1.001691754023095 2.2247076907150678 1.5770315188508648 2.8255223035922397 1.3659147066553481 0.33787877074549194 -4.6980301651088192 -5.5277474169526633 -6.1420767350530658 -4.4404796304236713 -3.1893486674236859 -4.011191211800571 -3.3036083099011302 -2.567832790950686 -1.9073400638240789 -1.3199868900316492 -1.5615588732385166 -1.0987117846297552 -0.6809890381737963 -0.3127884734503375 0 0.27727552345353196 0.50719077800859347 0.68775316911098849 0.80823690645333957 0.86515602784636225 1.5944376568058234 1.501420745626072 1.3329935155593462 1.2004989637572103 1.0038310688034122 2.2291301491655617 1.5791949989716818 2.8312304560019834 1.3677561806827534 0.33763819263547235 -4.7065114416268354 -5.5395934947213652 -6.1559603801119032 -4.4503480144824765 -3.1959597154882271 -4.02008454960239 -3.310843924484125 -2.5734143219289729 -1.9114412442508435 -1.3227622306185391 -1.5651130673218334 -1.1011765426687403 -0.68251209682636771 -0.31349802817989136 0 0.2778489309036975 0.50821403635691664 0.68910041764481755 0.80980341979294468 0.86676774022067515 1.5979060938521523 1.5046683925143971 1.3358394170456014 1.202936725545487 1.0057275225705922 2.2340245358118471 1.5824802066427519 2.8384054887016523 1.3713341442883888 0.33891921268742592 -4.7494515795123116 -5.5993156467476588 -6.225862146398673 -4.5000473803553751 -3.2292630450693278 -4.0648225649344303 -3.3472414637904357 -2.6014997100891968 -1.9320808209787783 -1.3367320276791692 -1.5829777626691248 -1.1135681846873047 -0.69016606281255444 -0.31705920716808944 0 0.28073230611085709 0.51335900142399948 0.69587378252035936 0.81766975700875333 0.8748600065229033 1.6153167935647641 1.5209608285150114 1.3501115869867464 1.2151529142016368 1.0152182124534335 2.2585319983119523 1.5988790028159896 2.8743066190793303 1.3891401948094717 0.34515822827734466 -4.7932453803915678 -5.6598320522262355 -6.2965490471076118 -4.5503262282531036 -3.2629672711207878 -4.1100022133926366 -3.3839960657473998 -2.6298737619227217 -1.9529372908680658 -1.3508526242330297 -1.6009957736824321 -1.1260705528456147 -0.69788331416122773 -0.32064262644400809 0 0.28364218028052052 0.51855042677761709 0.70270716958285229 0.82559107647485419 0.8830069793651234 1.6328401529615002 1.5373429896871873 1.3644545048756345 1.2274148812860066 1.0247236586174833 2.2831017400825044 1.6152383356516045 2.9102597334260061 1.406819224697178 0.35113688344148686 -4.8378468968478465 -5.7211102786553933 -6.3679944477405579 -4.6011637369624543 -3.2970563357626888 -4.1556099315385273 -3.4210966172998907 -2.6585268405185376 -1.9740031100641537 -1.3651184628098736 -1.6191634197259948 -1.138680656899997 -0.70566235646996767 -0.32424815612810082 0 0.28657762143298482 0.52378660754871398 0.70959825308170443 0.83356571038456218 0.89120678717203372 1.6504742576989682 1.553814135081198 1.3788678091184783 1.2397228067024193 1.0342448194251952 2.3077377396474463 1.6315657879022705 2.9462760758795095 1.424387363574646 0.35687626552767171 -4.8832136533204311 -5.7831203504659658 -6.4401738061612086 -4.6525406697734013 -3.3315154476856672 -4.2016332449818679 -3.4585328466639504 -2.6874500532891821 -1.9952713147113064 -1.3795244174903274 -1.6374773145791917 -1.1513957485789108 -0.71350181634722853 -0.32787567372104598 0 0.28953777746862364 0.5290659860013821 0.71654490974495277 0.84159214826021356 0.89945772894454623 1.6682173918935943 1.5703736157334443 1.393351201727864 1.2520769268165171 1.0437826403391366 2.3324437083045804 1.6478684237451622 2.9823660810600838 1.4418595548706916 0.36239591786634501 
end_dependent_variable

end_regular_table
