# ****************************************************************************
# CUI
#
# The Advanced Framework for Simulation, Integration, and Modeling (AFSIM)
#
# The use, dissemination or disclosure of data in this file is subject to
# limitation or restriction. See accompanying README and LICENSE for details.
# ****************************************************************************

# ##################################################################################################
# 
# This file was auto-generated by AFSIM Mover Creator 2.5.0.200324
# 
# Creation Date:  24 Mar 2020
# 
# ##################################################################################################

regular_table

independent_variable mach precision double
0.10000000000000001 0.5 0.70000000000000007 0.75 0.80000000000000004 0.84999999999999998 0.90000000000000002 0.92000000000000004 0.94000000000000006 0.95999999999999996 0.97999999999999998 1 
end_independent_variable

independent_variable surface_angle units deg
-20 -16 -14 -12 -10 -9 -8 -7 -6 -5 -4 -3 -2 -1 0 1 2 3 4 5 6 7 8 9 10 12 14 16 18 20 
end_independent_variable

dependent_variable precision double
0 0 0 0 0 0 0 0 0 0 0 0 0 0 0 -9.6582064529240178e-05 -0.00020673501434635187 -0.00033044382021547505 -0.00046768943539554321 -0.00061844794662003133 -0.00078268964967072871 -0.00096037810526662247 -0.0011514692669693056 -0.0013559108340585454 -0.001573642037885124 -0.0020486919743221074 -0.0025760109093054501 -0.0031550178611204471 -0.0037853628431670241 -0.0044671374152462561 0 0 0 0 0 0 0 0 0 0 0 0 0 0 0 -9.768005022555764e-05 -0.00021114338982371452 -0.00034037500063950843 -0.0004853558495083006 -0.00064606204145170316 -0.00082246389344488649 -0.0010145249923540318 -0.0012222013248530622 -0.0014454406282133942 -0.0016841821776251941 -0.0022078908402667443 -0.0027927195905286884 -0.0034380878713088751 -0.0041436459523391256 -0.0049094853245885842 0 0 0 0 0 0 0 0 0 0 0 0 0 0 0 -9.9038096780833872e-05 -0.00021657675037788305 -0.00035260094271999035 -0.00050709164236517775 -0.00068002495433505715 -0.0008713711994225874 -0.0010810939642332228 -0.0013091492383088832 -0.0015554847617889826 -0.0018200398129179175 -0.002403527341589772 -0.0030590041301594441 -0.0037858896516946238 -0.0045838341961893445 -0.0054529292511860516 0 0 0 0 0 0 0 0 0 0 0 0 0 0 0 -9.9507556866784003e-05 -0.00021845478646248417 -0.00035682667091148867 -0.00051460417919084488 -0.00069176341622904816 -0.00088827470118951323 -0.0011041016255011443 -0.0013392001763965647 -0.0015935180924508264 -0.0018669946560240882 -0.0024711425646137433 -0.0031510362162320521 -0.0039060950867402071 -0.0047359694708253288 -0.0056407508490274802 0 0 0 0 0 0 0 0 0 0 0 0 0 0 0 -0.00010004228987516914 -0.00022059388922565599 -0.00036163978054831584 -0.00052316093233598885 -0.00070513345096979215 -0.00090752765469128435 -0.0011303071361771346 -0.0013734278796429821 -0.0016368376294371202 -0.0019204756662622284 -0.0025481554377684238 -0.0032558595154912003 -0.004043007382852834 -0.0049092493301453322 -0.0058546768430488049 0 0 0 0 0 0 0 0 0 0 0 0 0 0 0 -0.00023222558897394697 -0.00054165361923785664 -0.0009282724024232776 -0.0013920671237655925 -0.0019330191850859268 -0.0025511054833455547 -0.0032462976767738631 -0.0040185615108331739 -0.0048678563043816772 -0.0057941347977068366 -0.0078774240283571682 -0.01026795619471579 -0.012965279433600119 -0.015969121539906227 -0.019279553727714921 0 0 0 0 0 0 0 0 0 0 0 0 0 0 0 -0.00036440891107722743 -0.00086271339551978953 -0.0014949050923852352 -0.0022609734059840653 -0.0031609050321713505 -0.004194683446088001 -0.0053622883757808741 -0.0066636953179768504 -0.008098875174536271 -0.0096677941411597509 -0.013206692861347536 -0.017280053142563697 -0.021887551770625662 -0.027028994042128333 -0.032704430893817221 0 0 0 0 0 0 0 0 0 0 0 0 0 0 0 -0.00041730190978504805 -0.00099118090255858379 -0.0017216299413824895 -0.0026086401078902156 -0.0036522002056036756 -0.0048522963260704708 -0.0062089114070768749 -0.0077220248248707924 -0.0093916120905563373 -0.011217644751576269 -0.015338914506515261 -0.020085549330757228 -0.025457277190756623 -0.031453934214285509 -0.038075563272074835 0 0 0 0 0 0 0 0 0 0 0 0 0 0 0 -0.00047019683465739879 -0.0011196535148053752 -0.0019483643301760783 -0.0029563220438072169 -0.0041435175699324669 -0.00550993962263693 -0.0070555743557596121 -0.0087804050344816916 -0.010684411787092051 -0.012767571524634948 -0.017471243042142686 -0.022891188511534211 -0.029027187189354174 -0.035879106096157895 -0.043446980019081281 0 0 0 0 0 0 0 0 0 0 0 0 0 0 0 -0.00052309369006611295 -0.0012481312427581504 -0.0021751082775942161 -0.0033040192421617629 -0.0046348571654847431 -0.0061676133904730044 -0.0079022772935886092 -0.0098388360363357505 -0.011977274373425273 -0.014317574590200185 -0.019603678642678531 -0.025696970918476243 -0.032597282062797883 -0.04030451005849929 -0.04881868158948488 0 0 0 0 0 0 0 0 0 0 0 0 0 0 0 -0.000575992479956549 -0.0013766140970545718 -0.0024018618020721656 -0.0036517317314326927 -0.005126219033593186 -0.0068253176836609274 -0.0087490202894777384 -0.010897317915042613 -0.013270199953303008 -0.015867654074687335 -0.021736221487532775 -0.028502896783764452 -0.036167562109717027 -0.044730146465776277 -0.054190668426968513 0 0 0 0 0 0 0 0 0 0 0 0 0 0 0 -0.00062889320923503029 -0.0015051020879039635 -0.0026286249220526369 -0.0039994595399647555 -0.0056176032144358247 -0.007483052557504621 -0.0095958034144862838 -0.011955850762661256 -0.01456318863808548 -0.01741781010914524 -0.023868871754223264 -0.031308966345628825 -0.039738027630022141 -0.049156015697175287 -0.059562940985852707 
end_dependent_variable

end_regular_table
