# ****************************************************************************
# CUI
#
# The Advanced Framework for Simulation, Integration, and Modeling (AFSIM)
#
# The use, dissemination or disclosure of data in this file is subject to
# limitation or restriction. See accompanying README and LICENSE for details.
# ****************************************************************************

# ##################################################################################################
# 
# This file was auto-generated by AFSIM Mover Creator 2.5.0.200324
# 
# Creation Date:  24 Mar 2020
# 
# ##################################################################################################

regular_table

independent_variable mach precision double
0.10000000000000001 0.5 0.70000000000000007 0.75 0.80000000000000004 0.84999999999999998 0.90000000000000002 0.92000000000000004 0.94000000000000006 0.95999999999999996 0.97999999999999998 1 1.02 1.04 1.0600000000000001 1.0800000000000001 1.1000000000000001 1.2 1.3 1.4000000000000001 1.5 1.75 2 2.5 3 3.5 4 5 
end_independent_variable

independent_variable surface_angle units deg
-20 -16 -14 -12 -10 -9 -8 -7 -6 -5 -4 -3 -2 -1 0 1 2 3 4 5 6 7 8 9 10 12 14 16 18 20 
end_independent_variable

dependent_variable precision double
-0.42908959949417785 0.35003174032397116 -0.4836877049538868 -0.13100317489266081 -0.64573043537146069 -0.50063783472980339 -0.36507990239538574 -0.23790723515456594 -0.11754267722381331 -0.42095929909513635 -0.31507080668599918 -0.21981353832913014 -0.13550527907972607 -0.062239293389718064 0 0.051232269084602156 0.091681365345293267 0.12135839029742652 0.14007007643663444 0.56306342519035424 0.55864746300671353 0.54176437979800396 0.51091982409550973 0.46776198568933902 1.232831017030108 1.1052433581188212 0.95169586670700412 1.9650136279675421 1.7505299729171182 3.047798762237147 -0.42831681271130662 0.35065168822145359 -0.48315062860902364 -0.13054280746512559 -0.64534616510886833 -0.50029207154910715 -0.36477244360995642 -0.23763936681263961 -0.11731384061329932 -0.42077000349445642 -0.31491970207225062 -0.21970039613957693 -0.13542990604503904 -0.062201628182951503 0 0.051194488397837114 0.09160597846374044 0.12124551031813541 0.13991977482660703 0.56287591040395801 0.55842324425081036 0.54150390231910073 0.51062384743176548 0.46742952517474023 1.2324606537437548 1.1047962228278176 0.95117676578370425 1.9644190335024645 1.7498646694711197 3.0470559851547154 -0.42840618718147233 0.35057997614065567 -0.48321384422433405 -0.13059702472152188 -0.64539129945101892 -0.50033268681811227 -0.36480852114296036 -0.23767099786299256 -0.11734098505013649 -0.42079270270809915 -0.31493786406512431 -0.21971401326907034 -0.13543897457571866 -0.0622061564801848 0 0.051198991205387706 0.091614976801186576 0.12125899058191537 0.13993771764542071 0.56289830454288059 0.5584500974097012 0.54153521469832788 0.51065964004135378 0.4674696925924533 1.2325050559409259 1.1048489049212011 0.9512378921896254 1.9644881579725757 1.7499419228171562 3.0471406544097852 -0.42842387581905933 0.35056578269530431 -0.4832263439868944 -0.13060774389879057 -0.64540022284364562 -0.50034071762817223 -0.36481565499097968 -0.23767724976226559 -0.11734634911842871 -0.42079718528562932 -0.31494145038190213 -0.2197167017722432 -0.1354407654406086 -0.062207050680008258 0 0.051199880705506184 0.091616754509764989 0.12126165336641342 0.13994126201370891 0.56290272809769804 0.55845540032279184 0.54154139769960397 0.51066670566404049 0.46747762124341441 1.2325138248497598 1.1048593203118304 0.95124997698988356 1.9645018353269905 1.7499572083258144 3.0471574267927477 -0.42844023338283954 0.35055265663936108 -0.48323789955779434 -0.13061765358899938 -0.64540847483144659 -0.50034814341249023 -0.36482225148042141 -0.23768302950846038 -0.1173513081569509 -0.42080132863999303 -0.31494476512836594 -0.21971918670144258 -0.13544242019116542 -0.062207877198355306 0 0.05120070312525251 0.091618397377778812 0.12126411488117096 0.13994453853280464 0.56290681749579918 0.55846030255696222 0.54154711166781921 0.51067323467237391 0.46748494956297143 1.2325219311699638 1.1048689489428654 0.95126115160380764 1.9645144824459653 1.7499713446948861 3.0471729402344141 -0.42845544123455276 0.35054045574011022 -0.48324863742654278 -0.13062686350798633 -0.64541614403436254 -0.50035504277260301 -0.36482838159883524 -0.23768840139110783 -0.11735591619352566 -0.42080517779676113 -0.31494784437077078 -0.21972149524947984 -0.13544395748666685 -0.062208644894357623 0 0.051201467010683233 0.091619924068083794 0.1212664016678031 0.13994758235299462 0.56291061620274607 0.55846485683764235 0.54155242082094424 0.5106792993133602 0.46749175599522919 1.2325294603728367 1.1048778970380142 0.9512715343058149 1.9645262387284368 1.7499844842899868 3.0471873661926145 -0.4284696367694571 0.35052906467140749 -0.48325865832103831 -0.13063545909842739 -0.64542330052397534 -0.50036148363329136 -0.36483410330984561 -0.23769341435726865 -0.11736021586361897 -0.42080876950916524 -0.31495071704799293 -0.21972364901317215 -0.13544539206490119 -0.062209361153010366 0 0.051202180020510607 0.09162134868516196 0.12126853560221108 0.13995042271370722 0.56291416101470648 0.55846910661608273 0.54155737423484818 0.51068495892457655 0.46749810670459169 1.2325364856213545 1.1048862474637924 0.95128122350525912 1.9645372139188693 1.7499967499940008 3.0472008374255188 -0.425454015948519 0.35259841562558736 -0.48224062975069149 -0.12983175901230462 -0.64526935040864164 -0.50024851060019959 -0.36474504567314403 -0.23761273561006274 -0.11727363719802865 -0.42096934104545497 -0.31508495582424234 -0.21982610944848996 -0.13551325785133211 -0.062242280956568447 0 0.051230700334173873 0.091671764423733287 0.12133188113618726 0.14001525433196496 0.56323065172929099 0.55875690573735659 0.54179770422200857 0.51085594910318322 0.46757686535307136 1.2330137354568294 1.1050680356330225 0.95106609680038634 1.9645579053927857 1.7494073923491702 3.0467994697886569 -0.42243533480851042 0.35466944042039328 -0.48122145430777996 -0.12902733449823608 -0.64511498041340054 -0.50013524106241691 -0.36465578664361875 -0.23753192901084474 -0.11718698532939001 -0.42112987774632221 -0.31521918433305873 -0.21992857313263314 -0.13558113058481075 -0.062275205689897008 0 0.051259225736470876 0.091722187049241913 0.12139522904595645 0.14008007545379753 0.563547107087496 0.5590446311346251 0.54203790466261559 0.51102673429951506 0.46765532276817345 1.2334905623210033 1.1052490939700934 0.95084981684551895 1.9645769231863708 1.7488157255136936 3.0463950317112736 -0.42556341511341572 0.3536454321336413 -0.48223549105355779 -0.12944962233776988 -0.64559523574723798 -0.50042836919043054 -0.36478328554416301 -0.23751260800310037 -0.11710025848873905 -0.42129037808324443 -0.31535340184452954 -0.22003103844262017 -0.1356490094409655 -0.062308134758332176 0 0.051287755735784202 0.091772615951996359 0.12145857867889114 0.1401448844047001 0.56386352554362462 0.55933228133088908 0.54221484588781688 0.51097437521665723 0.46731478127707127 1.2333119041645881 1.1041555531035161 0.94850925017157517 1.9613413707537548 1.7435093223889624 3.0394355506624526 -0.43258750090085007 0.3487146573960343 -0.48681743295997032 -0.13295536099893288 -0.64859771432249158 -0.50295649409629584 -0.3668582739803356 -0.23917105208217301 -0.11832429775463028 -0.42234517554235751 -0.31603756113231496 -0.22043228690627059 -0.13584483105018225 -0.062369415713881507 0 0.051242880616980027 0.091610316520065058 0.12110280744729374 0.13949398693448042 0.56308539932342372 0.55807462012301223 0.54043877721912992 0.50865502027522302 0.46438621436047028 1.2302223191026875 1.0994866140999808 0.94200590097508419 1.9534873084150022 1.7333361082362142 3.0276371399991642 -0.43918878266621703 0.34418740536280534 -0.49100355188384237 -0.13607178126674419 -0.65121628045820257 -0.50510305236910091 -0.36855382601677117 -0.2404520055989465 -0.11923641030733156 -0.42318900987668828 -0.3165886871355299 -0.22075882830722243 -0.1360067602491237 -0.062421398695826885 0 0.051202455730572367 0.091472602876059822 0.12080844791714536 0.13895899404844256 0.56249814543470533 0.55710647042785455 0.53901468595834967 0.5066846790229409 0.46180343611138569 1.2274750157859475 1.0951519318822946 0.93582749971514478 1.9459475268968851 1.7234651671081609 3.0161276537243102 -0.44573362939818612 0.33969726926158916 -0.49516027304285276 -0.13916532034661869 -0.65381738592368299 -0.50723449993436465 -0.37023640513572781 -0.24172193538468825 -0.12013929127839355 -0.42402527683516339 -0.31713380983329137 -0.22108087636229085 -0.13616568309670687 -0.062471862366737539 0 0.051160403360841773 0.091331541920052356 0.1205089013524943 0.1384167875392639 0.56190145205097397 0.55612645274215544 0.5375760584739494 0.5046968319202878 0.45919992051554287 1.2247034634427829 1.0907849641376699 0.92960749033944401 1.9383554527322422 1.7135299060962119 3.0045404860484943 -0.45222192050951948 0.33524433404845333 -0.49928752516321157 -0.14223592435671623 -0.65640098590517981 -0.50935079920303439 -0.37190597990804031 -0.2429808151911792 -0.1210329186216022 -0.42485395793812053 -0.3176729159698195 -0.22139842220948167 -0.13632159294643617 -0.062520803447732906 0 0.051116720336963316 0.091187126842390165 0.12020415861369349 0.13786735339262815 0.56129529880910745 0.55513454445867016 0.53612286672584675 0.50269144730910631 0.45657563065369111 1.2219076214728948 1.0863856584040181 0.92334580550140655 1.9307110046861276 1.7035302318059407 2.992875519063686 -0.45865353740521053 0.33082867985918191 -0.50338524453931754 -0.14528354062885465 -0.65896704500051495 -0.51145191600948947 -0.37356252005522866 -0.24422861761379028 -0.12191727171621927 -0.42567503709886506 -0.31820599197733251 -0.22171145622826452 -0.13647448336792731 -0.062568218863878478 0 0.051071403455910047 0.091039351143991365 0.11989420938751144 0.1373106791656773 0.56067967119100692 0.55413072621611714 0.53465508565658171 0.50066849847174366 0.45393053438106495 1.219087449791217 1.0819539619788077 0.91704238325867027 1.923014103859314 1.6934660476599308 2.9811326349305531 -0.45337864152053137 0.33389814415271779 -0.50175536989199732 -0.1441312514507245 -0.65862974639815697 -0.51120989023281072 -0.37338311312900813 -0.24408496274265776 -0.12178732936123782 -0.42580449807238696 -0.31831598195328703 -0.2217964327019934 -0.13653121389701967 -0.06259560189258985 0 0.051089034581416469 0.091068894702395889 0.11992804888630051 0.13733601980887394 0.56094826884413562 0.55436737725633467 0.53484671121176641 0.50079941215967394 0.45398998433012561 1.2195808574692908 1.0822746091690034 0.917187188357102 1.9237431959962428 1.6940937969059437 2.9826504510476175 -0.44978818556175637 0.33635053048381292 -0.50043745782947879 -0.14310166618741657 -0.65831401825587643 -0.51096335097039336 -0.37318631654300599 -0.24391952465489097 -0.12163591543641541 -0.42591771226850472 -0.31841793659658763 -0.22187843338049673 -0.13658772899750393 -0.062623969419148565 0 0.051116325191064613 0.091118674008959191 0.11999309466655378 0.13740733749372219 0.56127800106675352 0.55467659304659434 0.53511825488828535 0.50101337770287513 0.45412451391202507 1.2201276340681912 1.0825574952877535 0.91710751103813093 1.9239362316160575 1.6937152507587787 2.982499095756221 -0.43193520715991135 0.34853986901140083 -0.49390745561318883 -0.13800078812896718 -0.65677054626509657 -0.50976033203396798 -0.37222674342622059 -0.24311187989367194 -0.12089403365583237 -0.42649499418688891 -0.31893538909165919 -0.22229329652914992 -0.13687296953856432 -0.062766837129950639 0 0.051252829655186946 0.091367075661231964 0.12031665481654345 0.13776017674486932 0.56292001499727629 0.55621244274921378 0.53646135166755737 0.50206321269144683 0.45477106359232483 1.2228285686494367 1.0839227098697362 0.91664058378851343 1.9248106285465196 1.6917069245838277 2.9815991496623591 -0.41422854314340363 0.36062115424078833 -0.48746650344251252 -0.13297054302606259 -0.65528005846552317 -0.50860210292108454 -0.37130405850308346 -0.2423337929742394 -0.1201751316328339 -0.42708924273078097 -0.31946444105255306 -0.22271548527807894 -0.13716220943373988 -0.062911240722943601 0 0.051389348112873157 0.091614571034348211 0.12063739465694097 0.13810686647052248 0.56455125762620462 0.55773180001170863 0.53778093568151719 0.50308097550501651 0.4553757944497861 1.2254767088739233 1.0852090873963454 0.91606378464271587 1.9255393958925084 1.689512965737143 2.9804690726374079 -0.39664416708902506 0.37261057322251573 -0.48110183998866762 -0.12800123535335187 -0.65383553304352005 -0.5074828329204949 -0.37041352355501317 -0.24158150361738251 -0.11947630632012105 -0.42769831198662372 -0.3200036093403984 -0.22314404246894587 -0.13745490652277503 -0.063056954980822852 0 0.051525796184113806 0.091861069934046066 0.12095529427974595 0.1384475598663939 0.5661721443165767 0.55923540765581459 0.53907815478167043 0.50406830028842997 0.45594088271079453 1.2280748166153226 1.0864207516717446 0.91538276329373436 1.9261298458296372 1.6871424557017691 2.9791197517098422 -0.37916056616255917 0.38452263163265771 -0.47480202160064144 -0.12308417795217956 -0.65243068966185835 -0.50639730753868184 -0.36955090182749489 -0.24085165706026876 -0.11879497022150344 -0.42832029525172882 -0.32055157697871445 -0.22357812153228332 -0.13775058254136499 -0.063203783718188064 0 0.05166210440916575 0.092106504521417068 0.12127035553120721 0.13878242983582828 0.56778309395218463 0.56072398623378639 0.54035410151793217 0.50502673789065866 0.45646837625166609 1.2306254884722612 1.0875615746660399 0.91460279537597611 1.9265887955671053 1.684603840164197 2.9775613518960586 -0.33577067606822053 0.41404641370725259 -0.4592715090035816 -0.11097100514404341 -0.64905670995570042 -0.50380167468660952 -0.36749260350887408 -0.23910634184690061 -0.11715359881417835 -0.42992104653827867 -0.32195262826557591 -0.22468276115629002 -0.13850015365827853 -0.063574652286335201 0 0.052001918026348806 0.092715150163350024 0.12204577092866203 0.13959531413657522 0.57176966157811071 0.56438418265999857 0.54345762123549157 0.50730584999583284 0.45763500868750179 1.2368102265102565 1.0901267491362834 0.91225139604773042 1.9272013864923947 1.6775720795406408 2.9728109608103845 -0.30914497101908556 0.43213185137457266 -0.44967701968848894 -0.10351031141047068 -0.64690917041168972 -0.50215091059598072 -0.36619054314369603 -0.23801431374790916 -0.11614180682639573 -0.43086882199658261 -0.32279139747507124 -0.22534974099617586 -0.13895611776459488 -0.063801963598386746 0 0.05221563269117651 0.093102759610156197 0.12254866676829368 0.14013968559714129 0.5742402684668082 0.56668318008100216 0.54544932808007263 0.50883276371126052 0.45852581584992635 1.2407446617955737 1.0919622649088043 0.91121409763219852 1.9280246498598996 1.6738949738371292 2.970590476692867 -0.30642429073562949 0.43396566788261998 -0.44825048394280725 -0.10245768884386447 -0.64618835939608177 -0.50157713497594869 -0.3657519608792279 -0.23769462589720136 -0.11592200904914891 -0.43073384303486884 -0.32272555430426558 -0.22532932105536213 -0.13896071295614429 -0.063813520650579242 0 0.052256414519729642 0.093201432769526249 0.12272258054051513 0.14041375063693343 0.57463612796213837 0.56721824244037966 0.54614392093187247 0.50971161476698501 0.45960545132603459 1.2420416942099208 1.0937579138729863 0.91357271364635417 1.9310110282413151 1.6775667710744924 2.9750003910235048 -0.30479976413001697 0.43505733302913907 -0.44740329820037805 -0.10183472357477909 -0.64576407253569579 -0.50124073943254577 -0.36549627030835063 -0.23750975227701815 -0.11579643379098342 -0.43065842119624131 -0.32269077004706065 -0.22532079725394322 -0.13896607298129479 -0.063821816354402358 0 0.052282431760863536 0.093263841237789788 0.12283189964977509 0.14058508481319174 0.57488260188738571 0.56755040778416632 0.54657409689649106 0.51025479661361162 0.46027166160935723 1.2428409985637658 1.0948620845641159 0.91502075690218621 1.9328422050429739 1.6798160121625643 2.9776996084502687 -0.30383825494230665 0.43570034083143966 -0.4469062064516634 -0.10147124871416634 -0.64551870550099311 -0.50104748613284422 -0.36535076787173831 -0.23740600626289815 -0.11572744992201905 -0.43061866058298692 -0.32267445929785221 -0.22531921434607857 -0.13897171205478248 -0.063828040771045813 0 0.052299402204098934 0.093304070283000806 0.12290176592546995 0.14069374549861527 0.57503801066519744 0.56775895875773086 0.5468432668008677 0.51059367385885646 0.460686307043775 1.2433375103899968 1.0955457771058987 0.91591526472000451 1.9339713020962495 1.6812008387153734 2.9793594877144045 -0.30327681841825549 0.4360728866414611 -0.44662000840877703 -0.10126392299143619 -0.64538082907366279 -0.50094012118488473 -0.36527126696827816 -0.23735073358193073 -0.11569216996848601 -0.43060000531251413 -0.3226689339332523 -0.22532152916993053 -0.13897731398861457 -0.063832905439778348 0 0.052310782413567167 0.093330641523997324 0.12294739295842745 0.1407639787341442 0.57513766959976143 0.56789192344771899 0.54701405683465765 0.51080780050372221 0.46094744848526092 1.2436493578375729 1.0959732297820142 0.91647262289482345 1.9346729533431728 1.6820595942834606 2.9803870024426291 -0.30277965825815212 0.43639582503497376 -0.44637624803986903 -0.10109201862485845 -0.64527158095195269 -0.50085809049124241 -0.36521387954530288 -0.23731444606317467 -0.11567284704293289 -0.43059437038950821 -0.32267357703424182 -0.22533129825899231 -0.13898777713840776 -0.063840145990958455 0 0.052324364793510027 0.09336151524024032 0.12299931462630789 0.14084234798728923 0.57524717762750077 0.56803633530947351 0.54719777118235413 0.51103617517993027 0.46122405118683857 1.2439777594100194 1.0964190281599122 0.91704969957904159 1.9353952608221294 1.682939521029557 2.9814358245991599 
end_dependent_variable

end_regular_table
