# ****************************************************************************
# CUI
#
# The Advanced Framework for Simulation, Integration, and Modeling (AFSIM)
#
# The use, dissemination or disclosure of data in this file is subject to
# limitation or restriction. See accompanying README and LICENSE for details.
# ****************************************************************************

# ##################################################################################################
# 
# This file was auto-generated by AFSIM Mover Creator 2.5.0.200324
# 
# Creation Date:  24 Mar 2020
# 
# ##################################################################################################

regular_table

independent_variable mach precision double
0.10000000000000001 0.5 0.70000000000000007 0.75 0.80000000000000004 0.84999999999999998 0.90000000000000002 0.92000000000000004 0.94000000000000006 0.95999999999999996 0.97999999999999998 1 1.02 1.04 1.0600000000000001 1.0800000000000001 1.1000000000000001 1.2 1.3 1.4000000000000001 1.5 1.75 2 2.5 3 3.5 4 5 
end_independent_variable

independent_variable surface_angle units deg
-20 -16 -14 -12 -10 -9 -8 -7 -6 -5 -4 -3 -2 -1 0 1 2 3 4 5 6 7 8 9 10 12 14 16 18 20 
end_independent_variable

dependent_variable precision double
-14.489683790917086 -6.8867865639932466 -9.9813982444490676 -6.5862233151958769 -8.391801774654926 -6.8742111449632981 -5.4828682975764123 -4.0861380244745087 -2.8321691571738912 -3.913861235456233 -2.8851054884598684 -2.0058861601468339 -1.229654723309529 -0.5619228640771452 0 0.4516465735800726 0.80824579414037367 1.0564682635327967 1.1815462706283042 3.2582411633435635 3.1154209678289524 2.8248133790601937 2.3919166598501707 1.9739760486331352 5.4225158109757068 4.5147108597379839 2.8627567187107528 6.5936321488318193 4.4019786805329533 9.1178981174474707 -14.489781575121979 -6.8869284914625002 -9.9816089240472845 -6.5864268511566628 -8.3920233476361492 -6.8744186509600542 -5.4830598970951945 -4.0863129242866947 -2.8323246128092099 -3.9140056982114797 -2.8852245354968602 -2.0059789879323051 -1.2297184479170207 -0.56195563696796147 0 0.45168011302193078 0.80831577818956579 1.0565765410715069 1.1816937011211177 3.2584284046847722 3.115649988205623 2.8250851851215804 2.3922341033493435 1.9743408763218036 5.4229130243295565 4.5152031755702922 2.8633522266253011 6.5942914976818434 4.4027460330471415 9.1187060194240583 -14.489858987274033 -6.8869838773228107 -9.9816586714352109 -6.5864669133238829 -8.3920569210833325 -6.874447857756957 -5.4830849552422913 -4.086334128496814 -2.8323421193694562 -3.9140204646523036 -2.8852358833146807 -2.0059872214003702 -1.2297237113003505 -0.56195815605276311 0 0.4516823307817579 0.80832006486435759 1.0565826747392981 1.1817013843784236 3.2584373315981519 3.115659947071884 2.8250958909600592 2.3922454082311457 1.9743525496518888 5.4229236445249906 4.5152128092677764 2.863360058154989 6.5942933419841854 4.4027436822142825 9.1186932961652118 -14.489873249817752 -6.8869939740423147 -9.9816676336133749 -6.5864740927985785 -8.3920628573599387 -6.8744530072167196 -5.4830893494861206 -4.0863378277496309 -2.8323451602699974 -3.9140230105864289 -2.8852378287742817 -2.0059886219160301 -1.2297246027952049 -0.5619585792301568 0 0.45168269655369553 0.80832076635302019 1.0565836653018583 1.1817026094861383 3.2584387348044697 3.1156614816051689 2.8250975080449945 2.3922470717442286 1.9743542156838845 5.4229250721762146 4.5152139215968843 2.8633606953254969 6.5942927725953391 4.4027421894148082 9.1186898147983761 -14.489886168177867 -6.8870030984613786 -9.9816756841740055 -6.5864805122485066 -8.3920681593284385 -6.874457592439958 -5.4830932626175573 -4.0863411197400064 -2.8323478577968904 -3.9140252653571044 -2.8852395508520936 -2.0059898597328063 -1.2297253867210225 -0.56195895097020099 0 0.45168301701382219 0.80832137332519516 1.0565845228200106 1.1817036649107096 3.2584399361542546 3.1156627889782942 2.8250988647659168 2.3922484574898988 1.9743555858580921 5.42292621587724 4.5152147403581244 2.8633610377831773 6.5942920005484886 4.4027405202914203 9.1186863283937143 -14.489897938829589 -6.8870113843113847 -9.9816829771142803 -6.5864863324261176 -8.39207294308782 -6.8744617217399311 -5.4830967791346801 -4.0863440676697556 -2.8323502726902881 -3.9140272803158056 -2.8852410838396807 -2.0059909612706606 -1.2297260827711225 -0.56195927988872296 0 0.45168329701390764 0.80832190827935557 1.0565852716241646 1.1817045813370781 3.258440969824576 3.11566390479953 2.8251000226072023 2.3922496192812983 1.9743567181095112 5.422927125777333 4.5152153268068824 2.8633611683086713 6.5942910861830475 4.4027387600291759 9.1186828907643633 -14.489908722525382 -6.8870189648657361 -9.9816896240678563 -6.5864916096634696 -8.392077266344101 -6.8744654576314836 -5.4830999663611708 -4.0863467340537234 -2.8323524501188824 -3.9140290917005345 -2.8852424591662102 -2.0059919443051055 -1.229726703311079 -0.56195957276961406 0 0.45168354612868428 0.80832237894398529 1.056585929575705 1.181705383152903 3.2584418706794827 3.1156648675395506 2.8251010059565114 2.3922506031458397 1.974357658465554 5.4229278506518135 4.5152157190703432 2.8633611023589478 6.5942900552606307 4.4027369196196995 9.1186795012233581 -14.505367188913551 -6.8938520948769675 -9.9928590940049062 -6.5936176262446775 -8.4014604477581862 -6.8820415942210245 -5.4890129831850745 -4.0906643095657111 -2.8352268116924004 -3.9183961545570258 -2.8884263146408888 -2.0081666666822029 -1.231031196585608 -0.56253969758479827 0 0.45211699847214093 0.80905263073123712 1.0574684334332001 1.1825897598566049 3.2618754088998534 3.1187960120334925 2.8277755827345681 2.394310055286935 1.9757495907232538 5.4288547788371551 4.5196031479113854 2.8655674798591924 6.6019842598085576 4.4079047348386569 9.1314435438366051 -14.520833629997268 -6.9006883682169047 -10.004034704365017 -6.6007473926630569 -8.4108487629002777 -6.8896218073736604 -5.4949290821051981 -4.0949840617391704 -2.8381025240444959 -3.9227655891991535 -2.8916118710001606 -2.010342518562815 -1.2323363457507488 -0.56312010195353357 0 0.45255063312193017 0.80978314885919611 1.0583511882774821 1.1834742840312171 3.2653106530197444 3.1219285847053406 2.8304512444313787 2.3963701460869871 1.9771416569871285 5.4347848103691829 4.5239924620443563 2.8677743191906968 6.6096829078565147 4.4130755785238849 9.1442163753496981 -14.83810613619271 -7.1256889166009527 -10.200236030359388 -6.7647795549230842 -8.554180077177497 -7.0213654888348698 -5.6163034556272988 -4.2072170438765024 -2.8409795910222346 -3.9271373991304954 -2.8947991347702988 -2.0125195044122863 -1.233642149604292 -0.56370078443316951 0 0.45298444848083202 0.8105139329843738 1.0592341966847119 1.1843589537532053 3.2687476009782253 3.1250625917378794 2.7411351827070685 2.302434818954366 1.8780253657261958 5.3351610849429623 4.4104673555260714 2.7370650064773878 6.4667277871990558 4.2463997521135237 8.9607564173544034 -14.92507341121685 -7.1636488508278378 -10.224309374414288 -6.7656746646008292 -8.5414433453981928 -6.9981640768853097 -5.5829859118274472 -4.167318388919778 -2.8936988364958101 -3.9687987745833557 -2.9240131046905184 -2.0346446721957103 -1.246929322772004 -0.56958823360828736 0 0.45343666107618807 0.81347801646631612 1.0634019965843804 1.1848260786459011 3.2699428295749158 3.1229705596776069 2.8233654283515164 2.382309407883866 1.9548432190366687 5.4134748835758382 4.4768829551633855 2.7892436505704694 6.5121237830006882 4.2740915402396142 8.9808382416747286 -15.0941819099715 -7.2836280534570239 -10.330351309088675 -6.8484785637037513 -8.6105695101884958 -7.0567991151165756 -5.6314795670667852 -4.2092148766260431 -2.9267383002172274 -3.996276087040552 -2.943648277660285 -2.0508664849042462 -1.2570178419882185 -0.57422927112139077 0 0.45344037483565458 0.81626357890086088 1.0682146699193058 1.18739764177236 3.2754278338828282 3.1278559430294357 2.8238595169490375 2.3804344177153118 1.9498962242393105 5.4100104268884435 4.4614825789863843 2.759564810734322 6.4756211984859666 4.2198383512279776 8.9189328956896556 -15.263729027514858 -7.4039238129279878 -10.436659069512666 -6.9314884275950259 -8.6798556974492893 -7.115567677219353 -5.6800815031423202 -4.2512035463371696 -2.9598486836838909 -4.0238067341155599 -2.9633195264799639 -2.0671162918278387 -1.2671223848691129 -0.5788769311775116 0 0.453443244925266 0.81904936784293747 1.0730261095478633 1.1899614641873959 3.2809002239550313 3.1327197806523328 2.8243204281870025 2.378512817213152 1.9448873153375692 5.4064706097265782 4.4459690905147475 2.7297312991028004 6.4389227989369635 4.1653428872962612 8.8567430381999355 -15.433715237768965 -7.5245364533103425 -10.543232908127145 -7.0147044711150395 -8.7493020461787765 -7.1744698715985011 -5.7287917988273325 -4.2932844931764738 -2.9930300563491028 -4.0513907378603182 -2.9830268790178924 -2.0833941231018476 -1.2772429573799313 -0.58353121436057964 0 0.45344526958750808 0.82183537636553505 1.0778363077873685 1.192517518686748 3.2863599617101396 3.1375620317857056 2.8247481029167534 2.3765445167956787 1.9398163837433926 5.4028553270286688 4.4303423333926721 2.6997428932787808 6.4020283050291207 4.1106048428774109 8.7942682982383698 -15.604140968033072 -7.6454662918955378 -10.65007310814954 -7.0981268812129388 -8.8189087210222734 -7.2335058508543524 -5.7776105709535903 -4.3354577894138613 -3.026282463667795 -4.0790281545610831 -3.0027703537079344 -2.0996999855158882 -1.2873795698711166 -0.58819212783804764 0 0.45344644894260167 0.82462159912168809 1.0826452549629051 1.1950657994311176 3.2918070242260442 3.1423826441506586 2.8251424706774215 2.3745294510169508 1.9346833385927171 5.3991644417658442 4.4146021314336403 2.6695994065421078 6.3649374676648351 4.0556239133203444 8.7315083240731006 -15.520540849672326 -7.594486569995861 -10.619164175349477 -7.0757833677712991 -8.808996440683881 -7.2257964970137172 -5.7716816844736423 -4.3312467448033711 -3.023001111854184 -4.0791669873395557 -3.0032191253879073 -2.1007438560961771 -1.2882368618705702 -0.58868768745217037 0 0.45357928098319339 0.82553940197340925 1.0844095958643611 1.1972844157803286 3.2977866844364971 3.1494361584451442 2.8329272771847482 2.383569837216899 1.9451154854436885 5.4164235546188042 4.4355047999058463 2.6947651092575389 6.4036300870634824 4.1013979236410911 8.7964609521506976 -15.530483606431401 -7.5972749071848824 -10.626990396588738 -7.0802365509599756 -8.8162951760649548 -7.2315870541314196 -5.7761009453685741 -4.3342430151968045 -3.0248087966429389 -4.0827266886866012 -3.0058263005865857 -2.1024221835131596 -1.2892286604840155 -0.58912203609359048 0 0.45403110002128327 0.82619523723740929 1.0851442703820586 1.1981023496029619 3.3011475969663042 3.1524944680642424 2.835670100087933 2.3857479984026533 1.9466992735997224 5.4226711585267564 4.4405758341800778 2.698083570110501 6.4129179651272414 4.1087189583182866 8.8120048852589115 -15.582039536379577 -7.6125173277740519 -10.66725834412202 -7.10338910460632 -8.8535184987299989 -7.2611581527283446 -5.7987080455666993 -4.3496657027149119 -3.0341957772419925 -4.10081247173125 -3.0190671771742124 -2.1109835604168614 -1.2942932617290892 -0.5913423694770612 0 0.45628823939023977 0.82950118708429943 1.0888653517563387 1.2022134276451824 3.3180016596918045 3.1678292695608086 2.8493786741400924 2.396608625463073 1.9545551513305655 5.4538582264091566 4.4657471542090219 2.714335964003602 6.4589394485344469 4.1447111619974271 8.8890229501603137 -15.636480984281704 -7.6297929563613565 -10.709308528208927 -7.1279298310097285 -8.8918873522950914 -7.2916994928975756 -5.8221162011067324 -4.3657795275368398 -3.0441278918452923 -4.1193496035787192 -3.0326300742405343 -2.1198110205259808 -1.2995232755865591 -0.5936387580626733 0 0.45854268993400332 0.83284918560484456 1.0926608938035467 1.2063578951394383 3.3349352596160129 3.1832331890012115 2.8630797750351946 2.4074225246253449 1.9623120490597858 5.4849698226185257 4.4906339412538587 2.7300581633368095 6.504315454287851 4.1797518787859298 8.9649609871217812 -15.693573372008432 -7.6489308906496287 -10.752998443633141 -7.153745214895272 -8.9313123563362709 -7.3231346299786608 -5.8462615618935132 -4.3825282111910857 -3.054559846961181 -4.1383032690721828 -3.0464901217554612 -2.128883263911701 -1.3049053036716312 -0.59600495597650838 0 0.46079516301652051 0.83623599874367083 1.0965245535571151 1.2105328609460193 3.3519446105836104 3.1987024891199454 2.8767757465073425 2.4181942741284472 1.9699777754178616 5.5160179600802257 4.5152638422173315 2.7452963191771809 6.5491107910435273 4.2139299887600243 9.0399318466541789 -15.753102794378886 -7.6697752337357832 -10.798198010060496 -7.1807316835958499 -8.9717120038648197 -7.3553938558006395 -5.8710858991298576 -4.3998604338010008 -3.0654503614975099 -4.1576417604775608 -3.0606246690802994 -2.1381809015270021 -1.3104271470028641 -0.59843528639000687 0 0.46304629872794834 0.83965867404843475 1.1004505636793591 1.2147357252031623 3.369026325458008 3.2142338569738609 2.8904687710802053 2.4289281002505074 1.9775595251074625 5.5470137279655063 4.5396622278207515 2.7600926764445979 6.5933847187500731 4.2473265990882298 9.1140386727514127 -15.911348306813347 -7.7284484587805986 -10.917048347422206 -7.2527215776047544 -9.0765032008844564 -7.4392437662737079 -5.9357804965319954 -4.445447289236502 -3.0944441007194747 -4.2074882670614091 -3.0970309869321944 -2.1622991133543521 -1.3247730316770923 -0.60475893518400681 0 0.46867196852108672 0.84835532242262957 1.1105053083589798 1.2253499986164331 3.4120278887520192 3.2533150710019889 2.924701655104978 2.4556221474182571 1.9961890986597295 5.624339226549079 4.5997932709352627 2.7953962499398823 6.7021326358502247 4.3278698608305302 9.2961233959056795 -15.996363994866133 -7.7562632562397198 -10.982489207166479 -7.29119495529911 -9.1358651780514215 -7.4865454241551266 -5.972079857614343 -4.4705636246565366 -3.1100293640386432 -4.2361196503353913 -3.1179738967464861 -2.1759962795927623 -1.3328990158613616 -0.60833174844100935 0 0.47208152393838199 0.85347751895825408 1.1163469977744589 1.2316604651941785 3.4378938652925659 3.2768579170023195 2.9455617172963238 2.4720710572904459 2.0079473899650213 5.6717663549247801 4.6375152769013388 2.8189287973069286 6.7708790503155258 4.3806048948969485 9.4112573289421793 -15.938127682160927 -7.7140348512682566 -10.94739587532203 -7.2634222007888427 -9.1141692738136104 -7.4680806579318979 -5.9567429848842686 -4.4571485961449087 -3.0993129982204266 -4.2279504557719392 -3.1121836707284554 -2.1711366886168384 -1.3298832769720987 -0.60694887490454019 0 0.4722058788117951 0.85280192100082974 1.1150983027292074 1.2312045201765003 3.4374210332527575 3.2766058007118231 2.9467243611192053 2.4739838294145247 2.0108429927308826 5.6758803834156639 4.6455091276369291 2.831433953776048 6.7880699655667822 4.4034846905617639 9.4399352846286764 -15.902818442828702 -7.6884303565086975 -10.926117213002765 -7.2465820121219666 -9.1010134786668253 -7.4568840023737808 -5.9474429254485575 -4.4490137040249786 -3.0928144664451578 -4.2229965128963993 -3.1086723419923881 -2.1681895697853473 -1.3280543188176113 -0.60611018505511816 0 0.47228130208162311 0.85239207753066815 1.1143407253151223 1.2309275759904592 3.4371336012287128 3.2764519185956922 2.947428166609273 2.4751421527290316 2.0125969302122706 5.6783727654490237 4.6503533775736114 2.83901284907917 6.7984891082314025 4.4173521862736091 9.4573172067671702 -15.881414437105768 -7.6729083173347954 -10.913217141344472 -7.236372431574134 -9.0930373267303448 -7.4500955454230207 -5.9418043145249051 -4.4440812898413586 -3.0888741605180954 -4.2199927022054249 -3.1065432192808298 -2.1664024152829717 -1.3269451789979949 -0.60560155210475763 0 0.47232704554274946 0.85214344535491449 1.1138810657594043 1.2307592696621921 3.4369586816087088 3.2763577192620601 2.947853828567196 2.4758431101299032 2.0136586749652667 5.6798818084781466 4.6532876983230889 2.8436043661641368 6.804801570761505 4.425754238319791 9.4678486700549502 -15.868443340113975 -7.6635009121292148 -10.905398477577158 -7.2301842430546106 -9.0882025158478665 -7.4459805689048597 -5.9383862536971188 -4.4410911511234845 -3.0864853790888747 -4.218171618516644 -3.1052523988495713 -2.1653187891902279 -1.3262726303565711 -0.60529311205957248 0 0.47235479967104266 0.85199259337669608 1.1136021198962027 1.2306568844336034 3.4368520611713023 3.2762997899865378 2.9481109145586593 2.4762667878713138 2.0143007527734174 5.6807947576019489 4.6550639671136933 2.8463844412725314 6.8086238266831627 4.4308421885149567 9.474226125121783 -15.855829479951856 -7.6543506948165794 -10.897792683717464 -7.2241639332206145 -9.0834982441997187 -7.4419764863891 -5.9350601412106601 -4.4381810405633724 -3.0841603937126796 -4.2163990410786294 -3.1039958779994343 -2.1642636554390475 -1.3256176780402953 -0.60499269990479809 0 0.47238184707247916 0.85184549400645337 1.1133299713771356 1.2305563866723674 3.4367470007425505 3.2762415401220806 2.9483588752150913 2.4766762211593831 2.0149220289395537 5.6816787838790468 4.6567866677832468 2.8490821628084282 6.8123334986407489 4.435781117523713 9.4804168852225477 
end_dependent_variable

end_regular_table
