# ****************************************************************************
# CUI
#
# The Advanced Framework for Simulation, Integration, and Modeling (AFSIM)
#
# The use, dissemination or disclosure of data in this file is subject to
# limitation or restriction. See accompanying README and LICENSE for details.
# ****************************************************************************

# ##################################################################################################
# 
# This file was auto-generated by AFSIM Mover Creator 2.5.0.200401
# 
# Creation Date:  01 Apr 2020
# 
# ##################################################################################################

regular_table

independent_variable mach precision double
0.10000000000000001 0.5 0.70000000000000007 0.75 0.80000000000000004 0.84999999999999998 0.90000000000000002 0.92000000000000004 0.94000000000000006 0.95999999999999996 0.97999999999999998 1 
end_independent_variable

independent_variable surface_angle units deg
-20 -16 -14 -12 -10 -9 -8 -7 -6 -5 -4 -3 -2 -1 0 1 2 3 4 5 6 7 8 9 10 12 14 16 18 20 
end_independent_variable

dependent_variable precision double
0.001550511433585595 0.0010090196319568639 0.00078129061247766952 0.00058241150008114882 0.00041249195144504202 0.00033842194930092659 0.00027162575100425439 0.00021211255283400593 0.00015989052606452255 0.00011496681072720059 7.7347510167380282e-05 4.7037686381457676e-05 2.4041356158765389e-05 8.3614880263938753e-06 0 8.372543773465028e-06 2.4063452872183107e-05 4.7070810410010869e-05 7.7391648017660722e-05 0.0001150219479363525 0.00015995664591780036 0.00021218963490668628 0.00027171376952285346 0.00033852087133451645 0.00041260173491587237 0.00058254283269811111 0.00078144316034275409 0.0010091929059058654 0.0012656666839458079 0.0015507239245841952 0.0016915126293482587 0.0010994291810256154 0.00085056772137283862 0.00063334817981556201 0.0004478906386313152 0.00036710538753186516 0.00029429775290125903 0.00022947779251879279 0.00017265443900573552 0.0001238354930710528 8.3027617620563365e-05 5.0236332771308235e-05 2.5466011675388436e-05 8.7198772964517328e-06 0 8.7220884720823049e-06 2.5470431226584157e-05 5.024295827619094e-05 8.3036446849177326e-05 0.00012384652374470005 0.00017266766855848732 0.00022949321779285075 0.00029431536981620453 0.00036712519072953757 0.00044791262107542949 0.00063337449070299259 0.00085059830119283851 0.0010994639402735755 0.0013798342266664765 0.0016915553297036155 0.0018750569867618495 0.0012170990390925757 0.00094072353992345683 0.00069962669515660954 0.00049394208931822375 0.00040441581694931244 0.00032378387255095517 0.00025205743141839399 0.00018924641422746666 0.00013535947950149926 9.0404017087162479e-05 5.4386142612483248e-05 2.731069286608402e-05 9.181222229253541e-06 0 9.1828016636453868e-06 2.731384988388259e-05 5.4390875762998761e-05 9.0410325220078959e-05 0.00013536736156154804 0.00018925586910332554 0.00025206845771847308 0.00032379646836456019 0.00040442997959074808 0.00049395781502946617 0.00069964552994282068 0.00094074544799323777 0.0012171239643046583 0.0015286284412581069 0.0018750876751056657 0.001943557528554658 0.0012610143571862723 0.00097437028477974277 0.00072436215999679445 0.00051112860564414694 0.00041834010343494508 0.00033478806134534469 0.00026048407172975745 0.00019543842396953359 0.00013966009669422882 9.3156751039513445e-05 5.5934724879054734e-05 2.7999028029067837e-05 9.3533385515242817e-06 0 9.354812699800537e-06 2.8001974645319972e-05 5.5939142716439816e-05 9.3162639167142458e-05 0.00013966745433135615 0.00019544725032758 0.00026049436581647103 0.00033479982171934886 0.00041835332797595401 0.000511143291323181 0.00072437975352244619 0.00097439075507363599 0.0012610376545731401 0.0015841620446656809 0.0019435862365243942 0.002026739639450212 0.0013143418879932934 0.0010152283838504594 0.00075439903378646212 0.00053199857853319834 0.00043524866119767821 0.00034815066636719036 0.00027071669278097143 0.00020295747755509801 0.00014488238804950156 9.6499414810097999e-05 5.7815165574889229e-05 2.883486027997652e-05 9.5623271803775063e-06 0 9.5637092035419775e-06 2.8837622805548763e-05 5.7819307550733995e-05 9.6504935538505479e-05 0.00014488928702633815 0.00020296575433750594 0.0002707263467617622 0.0003481616965826609 0.00043526106613264243 0.00053201235586474208 0.00075441554406820263 0.0010152476006557675 0.001314363767827413 0.0016515986316177991 0.0020267666277679068 0.0018684354795502143 0.0012114931208867575 0.0009356836518127176 0.00069519157463343074 0.0004901503792504576 0.0004009602670245983 0.00032067409710665829 0.00024930302620891512 0.00018685695495431653 0.00013334452035677707 8.8773089283978565e-05 5.3148752950023464e-05 2.6476322285534931e-05 8.7593244249108406e-06 0 8.7605527977274211e-06 2.6478777749770419e-05 5.315243460677591e-05 8.8777996584288923e-05 0.00013335065290705206 0.00018686431240831243 0.00024931160811089237 0.00032068390271086113 0.00040097129513545017 0.00049016262788519538 0.0006952062546329538 0.00093570074093456655 0.0012115125824942044 0.001522489219170711 0.0018684595017378033 0.0017101311548932184 0.0011086442194216458 0.00085613880154171288 0.00063598401379441757 0.00044830209501911099 0.00036667179636873669 0.00029319745981106447 0.00022788930007458438 0.00017075638128702641 0.00012180661009435419 8.1046729688452615e-05 4.8482314743509319e-05 2.4117767240722943e-05 7.9563131319863841e-06 0 7.957404930850334e-06 2.4119949748018153e-05 4.8485587238547517e-05 8.105109170435313e-05 0.00012181206135224202 0.00017076292155189448 0.00022789692901742283 0.00029320617688039012 0.0003666816005994539 0.00044831298485703991 0.00063599706686279722 0.00085615399942852444 0.0011086615314945044 0.0013933799566490659 0.0017101525404716617 0.0016483898703136698 0.0010685508683760574 0.00082513574577163418 0.00061291079764139091 0.00043199528279510739 0.00035331108433212161 0.00028249106768210667 0.00021954519781781356 0.00016448231699497557 0.00011731013802588475 7.8035238504276354e-05 4.666305581816614e-05 2.3197883064348514e-05 7.6428658605521456e-06 0 7.643909306664324e-06 2.3199968954015408e-05 4.6666183499565244e-05 7.8039407605852841e-05 0.00011731534832983058 0.00016448856834113781 0.00021955249001080561 0.00028249940028631253 0.00035332045656599482 0.00043200569331976933 0.00061292327770730672 0.00082515027881898881 0.0010685674264229277 0.0013430384181235739 0.0016484103360668786 0.0015865270223264652 0.0010283768602470599 0.0007940697656027843 0.00058979039363998701 0.00041565490685920075 0.00033992279681810611 0.00027176252428192315 0.00021118379472911085 0.00015819521990489516 0.00011280431127588754 7.5017474355239418e-05 4.4840003911422805e-05 2.2276079962456996e-05 7.3287646529434398e-06 0 7.3297616986205239e-06 2.2278073132548732e-05 4.4842992634026491e-05 7.5021458316176743e-05 0.00011280929032788743 0.00015820119398250379 0.00021119076372105676 0.00027177048788384607 0.00033993175440819484 0.000415664857318195 0.00058980232364486162 0.00079408366033479575 0.0010283926942577651 0.0012925966597416717 0.0015865466043796532 0.0015245426120479391 0.00098812219603400622 0.00076294086190333097 0.00056662280251423597 0.0003992809678627258 0.00032650693438569339 0.0002610118300813633 0.00020280509122167065 0.00015189509039112509 0.00010828913013639792 7.1993437478228827e-05 4.3013159215462811e-05 2.1352358051298525e-05 7.0140095676509022e-06 0 7.0149620451470788e-06 2.135426216736795e-05 4.3016014452881088e-05 7.1997243594677587e-05 0.00010829388704330562 0.00015190079810854565 0.00020281174971618088 0.00026101943915910847 0.00032651549357206374 0.00039929047624192492 0.00056663420391800758 0.00076295414311613216 0.0009881373340406049 0.0012420546804438417 0.0015245613442410066 0.0014624366405220118 0.00094778687660729451 0.00073174903542418319 0.00054340802490948528 0.00038287346629783996 0.00031306349750085928 0.00025023898552147466 0.00019440908769657189 0.00014558192878629629 0.00010376459489053855 6.8963128098990694e-05 4.1182521893537765e-05 2.0426717451405622e-05 6.6986006631129596e-06 0 6.6995102900860186e-06 2.0428535939368034e-05 4.1185248790405608e-05 6.8966763211988552e-05 0.00010376913821454852 0.0001455873803827335 0.00019441544762002763 0.0002502462537071218 0.00031307167357338289 0.00038288254955437745 0.00054341891789379292 0.0007317617264196106 0.000947801344889632 0.0011914124792647112 0.0014624545547006066 0.0014002091087090426 0.00090737090272368097 0.00070049428682823452 0.0005201460614501917 0.00036643240273078799 0.00029959248664796162 0.00023944399103160622 0.00018599578449751653 0.00013925573538446333 9.9230705797200073e-05 6.5926546418899879e-05 3.9348092101727127e-05 1.9499158261655308e-05 6.3825379904915098e-06 0 6.3834063815617064e-06 1.9500894345737739e-05 3.9350695494106555e-05 6.5930016975090483e-05 9.9235043564203278e-05 0.0001392609404945794 0.00018600185706563776 0.00023945093107862215 0.00029960029395801393 0.00036644107671200715 0.0005201564649370367 0.00070050640954306411 0.00090738472605393714 0.0011406700553831821 0.0014002262347412721 
end_dependent_variable

end_regular_table
