# ****************************************************************************
# CUI
#
# The Advanced Framework for Simulation, Integration, and Modeling (AFSIM)
#
# The use, dissemination or disclosure of data in this file is subject to
# limitation or restriction. See accompanying README and LICENSE for details.
# ****************************************************************************

# ##################################################################################################
# 
# This file was auto-generated by AFSIM Mover Creator 2.5.0.200401
# 
# Creation Date:  01 Apr 2020
# 
# ##################################################################################################

regular_table

independent_variable mach precision double
0.10000000000000001 0.5 0.70000000000000007 0.75 0.80000000000000004 0.84999999999999998 0.90000000000000002 0.92000000000000004 0.94000000000000006 0.95999999999999996 0.97999999999999998 1 
end_independent_variable

independent_variable surface_angle units deg
-20 -16 -14 -12 -10 -9 -8 -7 -6 -5 -4 -3 -2 -1 0 1 2 3 4 5 6 7 8 9 10 12 14 16 18 20 
end_independent_variable

dependent_variable precision double
-0.83967481766285934 -0.54737326638452022 -0.42414208500504141 -0.31637652575991831 -0.2241953716500886 -0.18398141408755697 -0.14770035269413526 -0.11536217703177484 -0.086975767061605785 -0.06254888490441865 -0.042088167651581847 -0.025599121234437881 -0.013086115357719577 -0.0045523795021020419 0 -0.0045523795021012933 -0.013086115357718078 -0.025599121234437881 -0.042088167651587835 -0.06254888490441865 -0.086975767061605785 -0.11536217703177484 -0.14770035269413526 -0.18398141408755697 -0.2241953716500886 -0.31637652575991831 -0.42414208500504141 -0.54737326638452022 -0.68593467672150965 -0.83967481766285934 -0.91596246267104486 -0.59636391331584016 -0.46170398318461026 -0.34400713248935055 -0.2434033602766488 -0.19954690015684889 -0.16000395939543671 -0.12478545869458357 -0.093901101681678339 -0.067359365894356787 -0.045167494919027322 -0.027331491689064291 -0.013856112950218461 -0.0047448648994756508 0 -0.0047448648994719064 -0.013856112950218461 -0.027331491689034336 -0.045167494919027322 -0.067359365894356787 -0.093901101681678339 -0.12478545869446374 -0.16000395939531689 -0.19954690015684889 -0.2434033602766488 -0.34400713248935055 -0.46170398318461026 -0.59636391331584016 -0.74783870259641683 -0.91596246267104486 -1.0153465564163435 -0.660186930598058 -0.51063821203691462 -0.38000336535459611 -0.2684270012280664 -0.21982525024763183 -0.17603287043577659 -0.13706199553497325 -0.1029234022032357 -0.073626499987879859 -0.049179322588256073 -0.029588520410179522 -0.014859354422228901 -0.0049956913196020141 0 -0.0049956913196020141 -0.014859354422228901 -0.029588520410179522 -0.049179322588256073 -0.073626499987879859 -0.10292340220315183 -0.13706199553497325 -0.17603287043594434 -0.21982525024763183 -0.2684270012280664 -0.38000336535493162 -0.51063821203691462 -0.660186930598058 -0.82848459032681254 -1.0153465564163435 -1.0524386043391833 -0.68400690606983727 -0.52890140723008405 -0.39343785305765189 -0.27776630756839654 -0.22739352308301919 -0.18201517107913565 -0.14164383803006086 -0.10629070106867788 -0.07596551758628825 -0.050676616167656736 -0.030430888867642641 -0.015233784840427238 -0.0050893053260949372 0 -0.0050893053261005542 -0.015233784840427238 -0.030430888867597705 -0.050676616167656736 -0.07596551758628825 -0.10629070106849814 -0.14164383803006086 -0.18201517107913565 -0.22739352308301919 -0.27776630756839654 -0.39343785305765189 -0.52890140723008405 -0.68400690606983727 -0.85858318222038499 -1.0524386043391833 -1.0974807647043878 -0.71293232922146743 -0.55107903957033055 -0.40975181853892034 -0.28910735232365098 -0.23658394041153438 -0.18927968733117448 -0.14720772932069698 -0.11037972982334517 -0.078805868630665868 -0.052494832416170124 -0.03145380667763506 -0.015688469089772616 -0.0052029842750780228 0 -0.0052029842750780228 -0.015688469089772616 -0.031453806677682994 -0.052494832416170124 -0.078805868630761736 -0.11037972982353689 -0.14720772932050524 -0.18927968733098274 -0.23658394041191783 -0.28910735232365098 -0.40975181853892034 -0.55107903957033055 -0.71293232922146743 -0.89513294675852084 -1.0974807647059217 -1.0117585298588305 -0.65714423012713641 -0.5079008643720726 -0.37759306774546264 -0.26636534655029753 -0.21794597466661972 -0.17434132130895116 -0.13556349992080502 -0.10162326526892898 -0.072530003426622677 -0.048291723049921097 -0.028915047943996103 -0.014405210934213887 -0.0047660490463939543 0 -0.0047660490463939543 -0.014405210934213887 -0.028915047944047031 -0.048291723049972028 -0.072530003426622677 -0.10162326526903084 -0.13556349992100872 -0.17434132130895116 -0.21794597466661972 -0.26636534655029753 -0.37759306774505519 -0.50790086437125781 -0.6571442301279512 -0.82515831272806095 -1.0117585298588305 -0.92603634985825067 -0.60135616670055225 -0.46472271676291693 -0.34543433748400054 -0.24362335528262222 -0.19930802080106397 -0.1594029648005684 -0.12391927793001217 -0.092866806278413178 -0.066254142203735697 -0.044088616343765784 -0.026376290811375588 -0.013121953583262609 -0.0043291140886013357 0 -0.004329114088608076 -0.013121953583276089 -0.026376290811375588 -0.044088616343765784 -0.066254142203735697 -0.092866806278413178 -0.12391927793001217 -0.1594029648005684 -0.19930802080084828 -0.24362335528262222 -0.34543433748356916 -0.46472271676377969 -0.60135616670055225 -0.75518372345345186 -0.92603634985825067 -0.89345999764049011 -0.58017653476023279 -0.44833660215275378 -0.33323364959959079 -0.23499690049526623 -0.19223863742619854 -0.15373689418635528 -0.11950250094185064 -0.089545072318696212 -0.063872998425785657 -0.042493437036221778 -0.025412306926655182 -0.012634282385796804 -0.0041627888973271967 0 -0.0041627888973271967 -0.012634282385796804 -0.025412306926655182 -0.042493437036221778 -0.063872998425675412 -0.089545072318696212 -0.11950250094185064 -0.15373689418657577 -0.19223863742641903 -0.23499690049570721 -0.33323364959914986 -0.44833660215275378 -0.58017653476023279 -0.72860602382114614 -0.89345999764225403 -0.8607535357200502 -0.5589104500208979 -0.43188300073024716 -0.32098232585589725 -0.22633441355785461 -0.18513964488835885 -0.14804703461242502 -0.11506714129215177 -0.086209338204462277 -0.061481804573094032 -0.040891517926158187 -0.024444247588730501 -0.012144549317457603 -0.0039957610824586194 0 -0.0039957610824586194 -0.012144549317457603 -0.024444247588730501 -0.040891517926158187 -0.061481804573206671 -0.086209338204462277 -0.11506714129192648 -0.14804703461265031 -0.18513964488835885 -0.22633441355740402 -0.32098232585589725 -0.43188300072934604 -0.55891045002179907 -0.70192094097093605 -0.8607535357200502 -0.82791677420404197 -0.5375577836141936 -0.41536181102220987 -0.30868028954584836 -0.21763583954143242 -0.17801099792720945 -0.142333349628705 -0.1106131704481083 -0.082859582400821155 -0.05908054516387274 -0.039282848618633959 -0.023472106506467642 -0.011652751193892251 -0.0038280295588634704 0 -0.0038280295588562804 -0.01165275119387787 -0.023472106506496403 -0.039282848618633959 -0.05908054516387274 -0.082859582400936188 -0.1106131704481083 -0.1423333496289351 -0.17801099792720945 -0.21763583954097229 -0.30868028954584836 -0.41536181102220987 -0.5375577836141936 -0.67512831641492421 -0.82791677420404197 -0.79494952323197987 -0.51611840669268405 -0.39877293156631677 -0.29632746397012849 -0.20890112352533746 -0.17085265129072177 -0.13659580279137312 -0.10614055988183338 -0.079495783376889881 -0.056669204718056955 -0.037667418720162854 -0.022495877389792647 -0.01115888483120576 -0.0036595932415851712 0 -0.0036595932415851712 -0.01115888483120576 -0.022495877389792647 -0.037667418720162854 -0.056669204718056955 -0.079495783376889881 -0.10614055988183338 -0.13659580279137312 -0.17085265129072177 -0.20890112352533746 -0.29632746397012849 -0.39877293156631677 -0.51611840669268405 -0.64822799169518142 -0.79494952323197987 -0.76185159297136995 -0.49459219042572855 -0.38211626091872503 -0.28392377244460659 -0.20013021059657635 -0.16366455973332836 -0.13083435765998161 -0.10164928106967723 -0.076117919602796749 -0.05424776775798798 -0.036045217838833167 -0.021515553949400842 -0.010662947045960887 -0.003490451045799254 0 -0.003490451045799254 -0.010662947045960887 -0.021515553949400842 -0.036045217838833167 -0.05424776775798798 -0.076117919602796749 -0.10164928106967723 -0.13083435766022128 -0.16366455973356803 -0.20013021059657635 -0.28392377244460659 -0.38211626091824574 -0.49459219042476993 -0.62121980837042001 -0.76185159297136995 
end_dependent_variable

end_regular_table
