# ****************************************************************************
# CUI
#
# The Advanced Framework for Simulation, Integration, and Modeling (AFSIM)
#
# The use, dissemination or disclosure of data in this file is subject to
# limitation or restriction. See accompanying README and LICENSE for details.
# ****************************************************************************

# ##################################################################################################
# 
# This file was auto-generated by AFSIM Mover Creator 2.5.0.200401
# 
# Creation Date:  01 Apr 2020
# 
# ##################################################################################################

regular_table

independent_variable mach precision double
0.10000000000000001 0.5 0.70000000000000007 0.75 0.80000000000000004 0.84999999999999998 0.90000000000000002 0.92000000000000004 0.94000000000000006 0.95999999999999996 0.97999999999999998 1 
end_independent_variable

independent_variable surface_angle units deg
-20 -16 -14 -12 -10 -9 -8 -7 -6 -5 -4 -3 -2 -1 0 1 2 3 4 5 6 7 8 9 10 12 14 16 18 20 
end_independent_variable

dependent_variable precision double
-0.011039229198748312 -0.0071910690708775274 -0.0055713771910071673 -0.0041559685227906566 -0.0029457963355370648 -0.0024179522304661988 -0.0019417393595347534 -0.0015172510569347736 -0.0011445722652559795 -0.00082377867938887301 -0.00055493596908104609 -0.00033809908619629393 -0.00017331165828781396 -6.0605465996153069e-05 0 -6.0686718383394392e-05 -0.00017347408894908219 -0.00033834265113548493 -0.0005552606472136759 -0.00082418446420019829 -0.0011450591551834643 -0.0015178190446280941 -0.0019423884195922591 -0.0024186823060071325 -0.0029466073233727929 -0.004156940760007854 -0.0055725092965303582 -0.0071923586868765012 -0.0090154818309440641 -0.011040821781078271 -0.012070463092546805 -0.0078534194791274794 -0.0060792703478176882 -0.0045296328444928511 -0.003205612155410847 -0.0026285277755720734 -0.0021082164849995045 -0.0016447842160955139 -0.0012383270520789135 -0.00088893036075246687 -0.00059666800823546706 -0.00036160165959669548 -0.00018378016601871682 -6.3239038204537199e-05 0 -6.3255288959119697e-05 -0.00018381265445104535 -0.00036165038031031198 -0.00059673296216343659 -0.00088901155329821051 -0.0012384244915843109 -0.0016448979112366775 -0.0021083464425167842 -0.0026286739976658312 -0.0032057746365105459 -0.0045298277801560111 -0.0060794975413486349 -0.0078536785501142157 -0.0098511909129940737 -0.012070783826819751 -0.01341282422117444 -0.0087154721271851324 -0.0067402254848005268 -0.0050158384373112956 -0.003543613552839693 -0.0029024353248654914 -0.0023247273207837129 -0.001810611858799243 -0.0013601995164463023 -0.00097358825028478113 -0.00065086259894574173 -0.00039209297270407557 -0.00019733503325347992 -6.6629160062208661e-05 0 -6.6640768012732253e-05 -0.0001973582413752717 -0.00039212778038785794 -0.00065090901156290544 -0.00097364627812967911 -0.0013602691732642355 -0.0018106931604801697 -0.0023248202830421184 -0.0029025399617781241 -0.0035437298745449306 -0.0050159781314482879 -0.0067403884844949727 -0.0087156582458128885 -0.010940381863585662 -0.013413055380560337 -0.013913806250625434 -0.0090371968529392617 -0.006986898214388788 -0.005197292683504235 -0.0036697564883225661 -0.0030046578514711384 -0.0024055289209702637 -0.0018724981300710809 -0.0014056814653413737 -0.0010051815820990503 -0.00067108700166985751 -0.00040347139834467059 -0.00020239297557679282 -6.7893930160670027e-05 0 -6.7904764335352449e-05 -0.00020241463722062332 -0.00040350388797466465 -0.00067113032602288375 -0.0010052357529776849 -0.0014057464984963109 -0.0018725740432375191 -0.0024056157328234294 -0.0030047555796000034 -0.0036698651471408958 -0.0051974232230034062 -0.0069870505977196956 -0.0090373709357971354 -0.011346894457930653 -0.013914022717975269 -0.014522162587147239 -0.0094278756547322481 -0.0072864391701067989 -0.0054176369539476925 -0.0038229346808142648 -0.0031287888377118083 -0.0025036479047206451 -0.0019476477405625211 -0.0014609109005355328 -0.0010435457450721762 -0.00069564563230109446 -0.00041728820002709496 -0.00020853473827696017 -6.9429650661908076e-05 0 -6.9439807823768677e-05 -0.00020855504694101539 -0.00041731866190907032 -0.00069568625562310314 -0.0010435965433817649 -0.0014609718916807036 -0.001947718945176544 -0.0025037293445954625 -0.0031288805342828477 -0.0038230366530659183 -0.0054177595147717628 -0.0072865823142892637 -0.0094280392807556332 -0.011840538353967383 -0.014522366343500076 -0.013380189905329418 -0.0086852329588198735 -0.0067117777202792784 -0.0049896740738808757 -0.0035202776791765705 -0.0028807308634671799 -0.0023048043194135626 -0.0017926234876683433 -0.0013443014923146183 -0.0009599383288918928 -0.00063962012874952475 -0.00038341850458100015 -0.00019138997923426245 -6.357549503997997e-05 0 -6.3584522909778554e-05 -0.00019140803026257761 -0.00038344558043690416 -0.00063965623677220054 -0.00095998348113180549 -0.0013443557044444745 -0.0017926867779887513 -0.0023048767072431455 -0.0028808123679351636 -0.0035203683175181969 -0.0049897830150084687 -0.0067119049643822358 -0.0086853784237940455 -0.01090872953558188 -0.013380371118374852 -0.012238215971020835 -0.0079425892538380789 -0.0061371153872876224 -0.0045617104370565577 -0.0032176200477227806 -0.002632672322955147 -0.0021059602312206486 -0.0016375987950693692 -0.0012276917074306786 -0.00087633059914327604 -0.00058359437439286588 -0.00034954862105128167 -0.00017424509478902015 -5.772127667291161e-05 0 -5.7729300734661853e-05 -0.00017426113898946969 -0.00034957268705114702 -0.00058362646873474304 -0.00087637073250588528 -0.0012277398938267067 -0.0016376550504166266 -0.0021060245728657888 -0.0026327447679941485 -0.0032177006115470391 -0.0045618072716907257 -0.006137228497695049 -0.0079427185758461725 -0.0099769218498426005 -0.012238377145695829 -0.011800909197152864 -0.0076584348168945012 -0.0059173118562550666 -0.0043980678446963869 -0.003101920862450563 -0.0025378552900385399 -0.0020299617614793213 -0.0015783526538168619 -0.0011831292604347946 -0.00084438107966984478 -0.00056218517045885828 -0.00033660557988810029 -0.00016769284283700453 -5.5483552813112111e-05 0 -5.5491229309121334e-05 -0.00016770819236971928 -0.00033662860427045193 -0.00056221587631477283 -0.00084441947760785356 -0.0011831753642921124 -0.0015784064797112816 -0.0020300233265792391 -0.0025379246116660984 -0.0031019979561341927 -0.0043981605182639213 -0.0059174201213912656 -0.0076585586213254418 -0.0096202497739148133 -0.011801063573116236 -0.011362013981840629 -0.0073732287207727044 -0.0056966879344255488 -0.0042338096552286455 -0.002985783211134495 -0.00244267764129862 -0.0019536732159168039 -0.0015188795542616033 -0.0011383954481047447 -0.00081230817261936897 -0.00054069286323354135 -0.00032361196088299434 -0.00016111472800635498 -5.3236832952697603e-05 0 -5.3244175548468815e-05 -0.00016112941005611434 -0.00032363398453362692 -0.00054072223510897319 -0.00081234490323148255 -0.0011384395510679332 -0.0015189310456775055 -0.0019537321126725034 -0.0024427439609357388 -0.0029858569694143117 -0.0042338983288094335 -0.00569679154100602 -0.007373347219090773 -0.0092622698039898678 -0.011362161815091995 -0.01092152824300442 -0.0070869695641572125 -0.0054752425206642591 -0.0040689350362412479 -0.0028692064968658705 -0.0023471388840670339 -0.0018770941971677244 -0.0014591791848122427 -0.001093490034440813 -0.0007801117076487148 -0.0005191173375521821 -0.00031056769362910617 -0.00015451071398106712 -5.0981104374966805e-05 0 -5.0988125852376515e-05 -0.00015452475420855145 -0.00031058875481928259 -0.00051914542645654178 -0.00078014683465519599 -0.0010935322130791367 -0.0014592284306977393 -0.0018771505273863461 -0.0023472023158384262 -0.0028692770464470892 -0.0040690198608547851 -0.0054753416431448619 -0.0070870829540229012 -0.0089029801962511382 -0.010921669774155346 -0.010479449898776238 -0.0067996559449415512 -0.0052529745124972388 -0.0039034431549711699 -0.002752190122727077 -0.002251238525951731 -0.0018002243080572267 -0.001399251233665751 -0.001048412783496763 -0.00074779151417521644 -0.00049745847809017411 -0.00029747270757558039 -0.0001478807645596114 -4.8716354310994754e-05 0 -4.8723066682489013e-05 -0.00014789418694152764 -0.00029749284239040608 -0.00049748533199804373 -0.00074782509741199246 -0.0010484531093008273 -0.0013992983176502058 -0.001800278167036182 -0.002251299176848479 -0.0027522575821373632 -0.003903524272188208 -0.0052530693150350267 -0.0067997644117824508 -0.0085423792072920144 -0.010479585352700401 -0.010035776865995686 -0.0065112864607518436 -0.0050298828074371513 -0.0037373331783768548 -0.0026347334915687607 -0.0021549760742241952 -0.0017230631510940452 -0.0013390953888074162 -0.0010031634588060676 -0.00071534742149365527 -0.00047571616948837282 -0.00028432693220721236 -0.00014122484335551611 -4.6442569950077368e-05 0 -4.64489844934876e-05 -0.00014123767040909041 -0.00028434617434732427 -0.00047574183326040378 -0.00071537951700813057 -0.0010032019991258975 -0.0013391403892237255 -0.0017231146280399193 -0.0021550340446897728 -0.0026347979720985383 -0.0037374107211482943 -0.0050299734445365474 -0.0065113901788099076 -0.008180465094204982 -0.010035906454186337 
end_dependent_variable

end_regular_table
