# ****************************************************************************
# CUI
#
# The Advanced Framework for Simulation, Integration, and Modeling (AFSIM)
#
# The use, dissemination or disclosure of data in this file is subject to
# limitation or restriction. See accompanying README and LICENSE for details.
# ****************************************************************************

# ##################################################################################################
# 
# This file was auto-generated by AFSIM Mover Creator 2.5.0.200324
# 
# Creation Date:  24 Mar 2020
# 
# ##################################################################################################

regular_table

independent_variable mach precision double
0.10000000000000001 0.5 0.70000000000000007 0.75 0.80000000000000004 0.84999999999999998 0.90000000000000002 0.92000000000000004 0.94000000000000006 0.95999999999999996 0.97999999999999998 1 1.02 1.04 1.0600000000000001 1.0800000000000001 1.1000000000000001 1.2 1.3 1.4000000000000001 1.5 
end_independent_variable

independent_variable surface_angle units deg
-10 -8 -7 -6 -5 -4 -3 -2 -1 0 1 2 3 4 5 6 7 8 9 10 
end_independent_variable

dependent_variable precision double
0.0011003596613574104 0.00081432552868772865 0.00068357657599136309 0.00056104976697273032 0.00044677431357033527 0.00034077673118708846 0.00024308081910380582 0.00015370764284014266 7.2675518596328835e-05 0 7.2734499063983009e-05 0.00015382546501197254 0.00024325726587790691 0.000341011486184791 0.00044706693587865049 0.0005613996611917349 0.00068398295763956451 0.00081478738521092553 0.00095378078641157767 0.001100928307551162 0.0011331777301391321 0.00083538909029922119 0.00069973112794386339 0.00057294318845141443 0.00045505598325524025 0.00034609729689197771 0.00024609196820158541 0.00015506187380066522 7.3025913817688267e-05 0 7.3037709963655884e-05 0.0001550854386617999 0.00024612725899493136 0.00034614425126929546 0.00045511451427907821 0.00057301317859367418 0.00069981242222809923 0.00083548148835934819 0.00097998670569489962 0.0011332915115236828 0.0011746255130188777 0.00086194494451734271 0.00072007291864361863 0.00058789503283762613 0.00046544379531988087 0.00035274851312435014 0.00024983527241950547 0.00015672692108900681 7.3443053842536476e-05 0 7.3451479704709927e-05 0.00015674375349509877 0.0002498604814161426 0.00035278205500411313 0.00046548560914698922 0.00058794503609841319 0.00072013100230292548 0.00086201096737474462 0.0010135492062060831 0.0011747068327091876 0.0011898180326575939 0.00087167832979201908 0.00072752839360125138 0.00059337474469858494 0.00046925054876323493 0.00035518567002601904 0.00025120665096904936 0.00015733669486701278 7.359565057898988e-05 0 7.3603514731870469e-05 0.00015735240525940035 0.00025123017979884239 0.00035521697678353263 0.00046928957704862136 0.00059342141792535221 0.00072758261054065238 0.00087173995952639048 0.0010258569848427754 0.0011898939472162568 0.0012080780380372372 0.000883376807988113 0.00073648898751324499 0.00059996062672456121 0.00047382568101280744 0.00035811468395670722 0.00025285472648161505 0.00015806943874609498 7.3778974817044737e-05 0 7.3786347494848219e-05 0.00015808416737042911 0.00025287678524631016 0.00035814403526489589 0.00047386227233071779 0.0006000043867866703 0.00073653982226070183 0.00088343459523412935 0.001040651318392676 0.0012081492261113518 0.0012473360597942515 0.00089745765692856834 0.00074121803521985208 0.00059750164405177964 0.00046634598117563727 0.00034778440421349944 0.00024184610765121343 0.00014855610269115814 6.7935200802099225e-05 0 6.7944211288513716e-05 0.00014857410954546014 0.00024187308895490513 0.00034782032816124963 0.00046639080327347498 0.00059755530408985545 0.00074128045348516888 0.00089752872995396509 0.0010662584936319388 0.0012474240155377688 0.0012865950131133773 0.00091153924397882407 0.00074594772648031965 0.00059504321138928223 0.00045886673848109387 0.00033745448953332831 0.00023083776224678838 0.00013904294877673703 6.209151776951178e-05 0 6.2101984094516916e-05 0.00013906386960119276 0.00023086911919812042 0.00033749625597334984 0.00045891887698267506 0.00059510567143125355 0.00074602044111940372 0.00091162212657612551 0.0010918648348839342 0.0012866978734505719 0.0013046141272228095 0.00091881005913091397 0.00074917785671096645 0.00059512464128654626 0.0004566932888635547 0.00033392147910495107 0.00022684166850494487 0.00013548106762052234 5.986162249973345e-05 0 5.9872666561954285e-05 0.00013550314474415214 0.00022687476173562717 0.00033396556361068843 0.00045674832989907061 0.00059519059166965131 0.00074925465436863857 0.00091889762341841803 0.0011040714348915534 0.0013047228905349174 0.0013226891900174854 0.00092610108048600287 0.00075241483253097696 0.00059520261022788393 0.00045450915374588313 0.00033037366282286676 0.00022282976921402455 0.00013190551277309493 5.7623322256108985e-05 0 5.763492493627755e-05 0.0001319287079761552 0.0002228645412054571 0.00033041998858141013 0.00045456700110445297 0.00059527193562273172 0.00075249557778213252 0.00092619317066039962 0.0011163144460224874 0.0013228036602770344 0.0013408201954377733 0.00093341230295923832 0.00075565864973207205 0.00059527711484521706 0.00045231433018919445 0.00032681103830468742 0.00021880206252813139 0.00012831628307326804 5.5376616473503247e-05 0 5.538875984218147e-05 0.00012834056049930743 0.00021883845936075653 0.00032685953338974988 0.0004523748939050669 0.00059534970645488744 0.00075574321557907577 0.00093350877379065481 0.0011285938738744374 0.0013409401885183187 0.001359007137855662 0.00094074372197498128 0.0007589093043569421 0.00059534815154495941 0.00045010881543767849 0.00032323360324683223 0.00021475854678323136 0.00012471337738652802 5.3121504567988779e-05 0 5.3134171854348917e-05 0.0001247387033747717 0.00021479651806197037 0.00032328420027078766 0.00045017201078999253 0.00059542390785791036 0.00075899757202473083 0.0009408444367179973 0.0011409097234716355 0.0013591324811947356 0.0013772500115897927 0.00094809533350317693 0.00076216679281442543 0.00059541571735670362 0.00044789260690041266 0.00031964135551545758 0.000210699220412283 0.00012109679466262376 5.0857986027776523e-05 0 5.0871161465624984e-05 0.00012112313771826924 0.00021073871873428772 0.00031969399119044788 0.0004479583544980663 0.00059549454274764892 0.00076225865029076474 0.00094820016414173217 0.0011532619995618832 0.0013773805435245015 0.0013955488121372706 0.00095546713396478815 0.00076543111166369956 0.00059547980938521228 0.00044566570210771564 0.00031603429339015216 0.000206624082013133 0.0001174665340304379 4.8586060370023798e-05 0 4.8599729165217545e-05 0.00011749386441728501 0.00020666506279986682 0.00031608890809828761 0.00044573392754989092 0.00059556161415028129 0.00076552645413807696 0.00095557595936446717 0.0011656507066189776 0.0013956843802942159 0.0014139035352764805 0.00096285911922791762 0.0007687022580458989 0.00059554042502622611 0.00044342809900212578 0.00031241241502926354 0.00020253313034124129 0.00011382259456065736 4.6305727223429687e-05 0 4.6319875330792639e-05 0.00011385088431323225 0.00020257555149415452 0.00031246895267228372 0.00044349873195200667 0.00059562512459732174 0.0007688009862218475 0.00096297182632896312 0.0011780758485347579 0.0014140439957085202 0.0014323141761820263 0.00097027128613544735 0.0007719802288427024 0.00059559756160516657 0.0004411797952909739 0.00030877571891000342 0.00019842636414358115 0.00011016497546460876 4.4016986137280402e-05 0 4.403160041427651e-05 0.00011019419826752906 0.00019847018615504653 0.00030883412666800754 0.00044125276971095399 0.00059568507659846118 0.00077208224977436438 0.00097038776815354139 0.0011905374288252164 0.0014324593944109491 0.0014507807316385939 0.00097770363233045006 0.00077526502174082986 0.00059565121740525959 0.00043892078955210174 0.00030512420346108716 0.0001943037822762427 0.00010649367600575236 4.1719836741487443e-05 0 4.1734904773027316e-05 0.00010652380696215667 0.00019434896777732605 0.00030518443132939279 0.00043899604263443774 0.00059574147226329509 0.00077537024727622082 0.00097782378782073341 0.0012030354508657057 0.0014509305799587165 0.0014693031978464867 0.00098515615435270428 0.0007785566342257403 0.00059570139018839399 0.00043665107974259645 0.00030145786722640883 0.0001901653838711395 0.00010280869546027872 3.9414278673843e-05 0 3.9429788781983169e-05 0.00010283971114214163 0.00019021189745822511 0.0003015198683162301 0.0004367285525980577 0.00059579431360442549 0.00077866498106252016 0.00098527988820152788 0.0012155699183637786 0.0014694575558168929 0.0015627540841304838 0.0010227213199986308 0.00079511691374279173 0.00059589994145175823 0.00042514191825965622 0.00028290383423883647 0.00016923610944367192 8.4178556156077008e-05 2.7760348169072964e-05 0 2.7777913586776175e-05 8.4213684918260482e-05 0.00016928879825863961 0.00028297407794171717 0.00042522971015794081 0.00059600527194315098 0.00079523976987874246 0.0010228616850478666 0.0012787890278121645 0.0015629293981898372 0.0016355622382508094 0.0010479555227589392 0.00080271995726429336 0.00058999253266626137 0.00040985497074522376 0.00026237652653132688 0.00014761393550398021 6.5611370169354214e-05 1.6400406469015641e-05 0 1.6416471179446503e-05 6.5643500654106654e-05 0.00014766213393023903 0.00026244079632718433 0.00040993531608743612 0.0005900889588348788 0.00080283247072146686 0.0010480841309125004 0.0013257498134499001 0.0016357230607000695 0.0013985635178547569 0.00089614374755505775 0.00068644878075381196 0.00050454484292950137 0.0003505040752992683 0.00022438761376426767 0.00012624554265618391 5.6116856737237329e-05 1.4029431029334228e-05 0 1.4034144566847827e-05 5.6126287928400121e-05 0.00012625969982874447 0.00022440650924541558 0.0003505277257232835 0.00050457326887706181 0.00068648200649738746 0.00089618180195003179 0.0011335895679827042 0.0013986113306312393 0.0012360769823799326 0.00079205878693635874 0.00060672914006686856 0.00044595670062660487 0.00030980719314710079 0.00019833631599011588 0.0001115896989966022 4.9602868353304535e-05 1.240122001822517e-05 0 1.2404292906297073e-05 4.9609018039474054e-05 0.00011159893320430676 0.0001983486465744625 0.00030982263547539986 0.00044597527415805415 0.00060675086794336429 0.00079208369616435778 0.0010018980617689183 0.0012361083495155177 
end_dependent_variable

end_regular_table
