# ****************************************************************************
# CUI
#
# The Advanced Framework for Simulation, Integration, and Modeling (AFSIM)
#
# The use, dissemination or disclosure of data in this file is subject to
# limitation or restriction. See accompanying README and LICENSE for details.
# ****************************************************************************

# ##################################################################################################
# 
# This file was auto-generated by AFSIM Mover Creator 2.5.0.200324
# 
# Creation Date:  24 Mar 2020
# 
# ##################################################################################################

regular_table

independent_variable mach precision double
0.10000000000000001 0.5 0.70000000000000007 0.75 0.80000000000000004 0.84999999999999998 0.90000000000000002 0.92000000000000004 0.94000000000000006 0.95999999999999996 0.97999999999999998 1 1.02 1.04 1.0600000000000001 1.0800000000000001 1.1000000000000001 1.2 1.3 1.4000000000000001 1.5 
end_independent_variable

independent_variable surface_angle units deg
-10 -8 -7 -6 -5 -4 -3 -2 -1 0 1 2 3 4 5 6 7 8 9 10 
end_independent_variable

dependent_variable precision double
-0.31828846666359006 -0.23579174927088259 -0.19801784932044306 -0.1625853913404165 -0.12951131366589513 -0.098811002432123665 -0.070498276049108285 -0.044585371521459707 -0.021082932631551556 0 -0.0210829326315457 -0.04458537152147142 -0.070498276049108285 -0.098811002432123665 -0.12951131366589513 -0.16258539134046335 -0.19801784932044306 -0.23579174927088259 -0.27588861800956099 -0.31828846666368377 -0.32770293186478661 -0.24182805619145384 -0.2026427031393872 -0.1659851650347548 -0.1318731939100132 -0.10032286601196709 -0.071348565459597668 -0.044962969900337234 -0.021177038173572953 0 -0.021177038173572953 -0.044962969900337234 -0.071348565459597668 -0.10032286601208421 -0.1318731939100132 -0.16598516503452057 -0.20264270313962141 -0.24182805619121961 -0.28352181467786297 -0.32770293186525506 -0.33968313725810101 -0.24951063457892328 -0.20852953479059749 -0.17031326733134089 -0.13488061929804737 -0.10224854482593521 -0.072432147719409437 -0.045444666257325281 -0.02129746019884321 0 -0.02129746019884321 -0.045444666257325281 -0.072432147719245485 -0.10224854482593521 -0.13488061929837528 -0.17031326733101299 -0.2085295347909254 -0.24951063457892328 -0.29323596617038405 -0.3396831372574452 -0.34407551253083934 -0.25232735894308395 -0.21068787807549341 -0.17190012689464843 -0.13598327198351581 -0.10295458933895139 -0.072829446625287994 -0.04562128766936803 -0.021341619221218768 0 -0.021341619221218768 -0.045621287669455862 -0.072829446625287994 -0.10295458933895139 -0.13598327198316448 -0.17190012689464843 -0.21068787807549341 -0.25232735894308395 -0.29679753230530853 -0.344075512531542 -0.34935503591608802 -0.25571299384691215 -0.21328215687061358 -0.17380749751494423 -0.13730863849376099 -0.10380324267301252 -0.073306994870674588 -0.045833585974016058 -0.021394699413918992 0 -0.021394699413918992 -0.045833585974016058 -0.073306994870674588 -0.1038032426731999 -0.13730863849338623 -0.17380749751494423 -0.21328215687061358 -0.2557129938465374 -0.30107844639413028 -0.34935503591608802 -0.36070975557315793 -0.25979072270019232 -0.21465322503587395 -0.17309654503367669 -0.13514235437880132 -0.10080995064896658 -0.070116236925082745 -0.04307570421756185 -0.019700416733100197 0 -0.019700416733100197 -0.04307570421756185 -0.070116236925082745 -0.10080995064876749 -0.13514235437880132 -0.17309654503367669 -0.21465322503587395 -0.25979072270019232 -0.30848501541044321 -0.36070975557315793 -0.37206448057119085 -0.263868457618818 -0.21602429929575673 -0.17238559845047771 -0.13297607574186765 -0.097816663456440786 -0.066925482940501282 -0.040317825326386357 -0.018006135597057406 0 -0.018006135597057406 -0.040317825326386357 -0.066925482940501282 -0.097816663456440786 -0.13297607574186765 -0.17238559845089929 -0.21602429929575673 -0.263868457618818 -0.31589159024420765 -0.37206448057034763 -0.37794672821112396 -0.26644877134934924 -0.21734848454472855 -0.1727186855784206 -0.13258420090002779 -0.096966868605729339 -0.065885514638033077 -0.039355932555682871 -0.017390866872482889 0 -0.017390866872429019 -0.039355932555682871 -0.065885514638033077 -0.096966868605729339 -0.13258420090045875 -0.17271868557885153 -0.21734848454515948 -0.26644877135021117 -0.3199917584903848 -0.37794672821026204 -0.38386371572091577 -0.26904245309731117 -0.21867798986842199 -0.17305083673636298 -0.13218694597232544 -0.096109077534473716 -0.064836774027505664 -0.038386339481928176 -0.016770821956460163 0 -0.016770821956515202 -0.038386339481928176 -0.064836774027505664 -0.096109077534693874 -0.13218694597232544 -0.17305083673636298 -0.21867798986842199 -0.26904245309643049 -0.32411511063390874 -0.38386371572091577 -0.38981552921201995 -0.271649534036074 -0.22001282575913234 -0.17338204640495397 -0.13178429417546716 -0.095243267018732328 -0.063779236316879387 -0.037409024653222094 -0.016145987662146862 0 -0.016145987662146862 -0.03740902465310967 -0.063779236316879387 -0.095243267018732328 -0.13178429417546716 -0.17338204640495397 -0.22001282575958203 -0.27164953403697339 -0.32826170310129471 -0.38981552921201995 -0.39580225479410996 -0.27427004535154331 -0.22135300271988204 -0.1737123090680841 -0.13137622872938218 -0.094369413835692473 -0.062712876716342 -0.036423966619676354 -0.015516350803368729 0 -0.015516350803368729 -0.036423966619676354 -0.062712876716342 -0.094369413835692473 -0.13137622872938218 -0.1737123090680841 -0.22135300271988204 -0.27427004535154331 -0.33243159231502933 -0.39580225479410996 -0.40182397858173102 -0.27690401822314142 -0.22269853125060168 -0.17404161921110547 -0.13096273285464624 -0.093487494767113377 -0.061637670438203222 -0.035431143933426314 -0.014881898194745485 0 -0.014881898194745485 -0.035431143933543421 -0.061637670438203222 -0.093487494766879162 -0.13096273285464624 -0.17404161921063704 -0.22269853125107011 -0.27690401822314142 -0.33662483470303317 -0.40182397858266788 -0.40788078668729222 -0.27955148384149558 -0.2240494218565996 -0.17436997132284596 -0.13054378977840714 -0.09259748659534911 -0.060553592697014248 -0.034430535146696313 -0.014242616651625267 0 -0.014242616651625267 -0.03443053514657686 -0.060553592697014248 -0.09259748659534911 -0.13054378977816822 -0.17436997132284596 -0.2240494218565996 -0.27955148384149558 -0.34084148669395736 -0.40788078668729222 -0.41397276523167192 -0.28221247339318578 -0.22540568504520767 -0.17469735989516877 -0.13011938272683835 -0.091699366105114699 -0.059460618707616673 -0.033422118813322119 -0.013598492989906619 0 -0.013598492989906619 -0.03342211881344391 -0.059460618707494882 -0.091699366105358282 -0.13011938272683835 -0.1746973598946816 -0.22540568504520767 -0.28221247339221145 -0.34508160472282384 -0.41397276523167192 -0.42010000033344391 -0.28488701806885813 -0.22676733132489144 -0.17502377941979674 -0.12968949492903167 -0.090793110082774006 -0.058358723687217701 -0.032405873488664236 -0.012949514026090606 0 -0.01294951402612164 -0.032405873488602167 -0.058358723687217701 -0.090793110082774006 -0.12968949492903167 -0.17502377941979674 -0.22676733132439492 -0.28488701806885813 -0.34934524522328669 -0.42010000033344391 -0.42626257811923901 -0.28757514906346821 -0.22813437120846353 -0.17534922439373654 -0.12925410961622441 -0.089878695316808269 -0.057247882854373593 -0.031381777728291621 -0.012295666577146728 0 -0.012295666577178347 -0.031381777728228387 -0.057247882854247117 -0.089878695316555318 -0.12925410961622441 -0.17534922439373654 -0.22813437120795763 -0.28757514906448001 -0.35363246463237274 -0.42626257811923901 -0.43246058470313381 -0.2902768975722525 -0.22950681520896127 -0.17567368931342325 -0.12881321002104959 -0.088956098595450367 -0.056128071428380742 -0.03034981008901223 -0.011636937460659292 0 -0.011636937460659292 -0.03034981008901223 -0.056128071428380742 -0.088956098595708008 -0.12881321002130725 -0.17567368931342325 -0.22950681520896127 -0.2902768975722525 -0.35794331938916985 -0.43246058470313381 -0.4639850640941961 -0.30399099473739477 -0.23645046503181968 -0.17728112058646572 -0.12652541104194953 -0.084219573388896241 -0.050393588154506036 -0.025071143245306359 -0.0082696055015815603 0 -0.0082696055015815603 -0.025071143245306359 -0.050393588154506036 -0.084219573388896241 -0.12652541104166848 -0.17728112058646572 -0.23645046503181968 -0.30399099473739477 -0.37985409881910459 -0.4639850640941961 -0.48980316323338913 -0.31419824631959037 -0.24078955549383316 -0.17705420219817167 -0.12304111827413997 -0.078791810883108965 -0.044340310967327531 -0.019713130985972622 -0.0049292319778370961 0 -0.0049292319778370961 -0.019713130985972622 -0.044340310967327531 -0.078791810883413443 -0.12304111827413997 -0.17705420219817167 -0.24078955549383316 -0.31419824631959037 -0.39722397887172656 -0.48980316323338913 -0.42241073709079624 -0.2709876739736552 -0.20768107719785051 -0.15271342626242362 -0.10612828588831338 -0.067962611644313747 -0.038246703496300355 -0.017004167705418016 -0.0042518871327144533 0 -0.0042518871327247004 -0.017004167705459004 -0.038246703496300355 -0.067962611644149795 -0.10612828588798548 -0.15271342626176782 -0.20768107719785051 -0.27098767397299939 -0.34258309746754895 -0.42241073709210786 -0.37651048925865083 -0.24155917461123669 -0.18513315427791147 -0.13613694318238084 -0.094610568703624845 -0.060587986752751496 -0.034097038584339628 -0.015159415352272786 -0.0037906304990807729 0 -0.0037906304990917516 -0.015159415352272786 -0.034097038584339628 -0.060587986752751496 -0.094610568703624845 -0.13613694318273217 -0.18513315427791147 -0.24155917461123669 -0.30536895625582916 -0.37651048925865083 
end_dependent_variable

end_regular_table
