# ****************************************************************************
# CUI
#
# The Advanced Framework for Simulation, Integration, and Modeling (AFSIM)
#
# The use, dissemination or disclosure of data in this file is subject to
# limitation or restriction. See accompanying README and LICENSE for details.
# ****************************************************************************

# ##################################################################################################
# 
# This file was auto-generated by AFSIM Mover Creator 2.5.0.200324
# 
# Creation Date:  24 Mar 2020
# 
# ##################################################################################################

regular_table

independent_variable mach precision double
0.10000000000000001 0.5 0.70000000000000007 0.75 0.80000000000000004 0.84999999999999998 0.90000000000000002 0.92000000000000004 0.94000000000000006 0.95999999999999996 0.97999999999999998 1 1.02 1.04 1.0600000000000001 1.0800000000000001 1.1000000000000001 1.2 1.3 1.4000000000000001 1.5 
end_independent_variable

independent_variable beta units rad
-0.3490658503988659 -0.31415926535897931 -0.27925268031909273 -0.24434609527920614 -0.20943951023931956 -0.17453292519943295 -0.13962634015954636 -0.10471975511965978 -0.087266462599716474 -0.069813170079773182 -0.05235987755982989 -0.034906585039886591 -0.017453292519943295 0 0.017453292519943295 0.034906585039886591 0.05235987755982989 0.069813170079773182 0.087266462599716474 0.10471975511965978 0.13962634015954636 0.17453292519943295 0.20943951023931956 0.24434609527920614 0.27925268031909273 0.31415926535897931 0.3490658503988659 
end_independent_variable

dependent_variable precision double
0.53481720182893222 0.60816350877608139 0.63162651474294318 0.64379404409608898 0.64522719589458211 0.64347253066618781 0.64026413774946866 0.63615730333351106 0.6343731782827422 0.63290319921552773 0.63165542666933339 0.63071157185643723 0.63011140278445965 0.62988783348813571 0.63011140278445965 0.63071157185643723 0.63165542666933339 0.63290319921552773 0.6343731782827422 0.63615730333351106 0.64026413774946866 0.64347253066618781 0.64522719589458211 0.64379404409608898 0.63162651474294318 0.60816350877608139 0.53481720182893222 0.5341713137430103 0.60749880563575509 0.63095411494786646 0.64311560356351427 0.64454481614395676 0.64278683354140576 0.63957664538782266 0.63546876015074494 0.63368511032321617 0.63221536206512274 0.6309678780102036 0.63002448590817428 0.62942500850138949 0.62920235970626892 0.62942500850138949 0.63002448590817428 0.6309678780102036 0.63221536206512274 0.63368511032321617 0.63546876015074494 0.63957664538782266 0.64278683354140576 0.64454481614395676 0.64311560356351427 0.63095411494786646 0.60749880563575509 0.5341713137430103 0.53406208501131525 0.6073874701720211 0.63084154464597531 0.6430019953481223 0.64443039946492664 0.64267173283983414 0.63946104993989494 0.6353528041344797 0.63356907598888124 0.63209925232560848 0.6308517173894338 0.62990830727238234 0.62930884864417191 0.62908625542131669 0.62930884864417191 0.62990830727238234 0.6308517173894338 0.63209925232560848 0.63356907598888124 0.6353528041344797 0.63946104993989494 0.64267173283983414 0.64443039946492664 0.6430019953481223 0.63084154464597531 0.6073874701720211 0.53406208501131525 0.53404627428167861 0.60737133726596493 0.63082523193780493 0.64298553268157888 0.64441382205657505 0.64265505839795667 0.63944430695818855 0.63533601189900979 0.63355227496508004 0.63208244222084831 0.63083490152196253 0.62989149034276615 0.62929203601040717 0.62906945243846046 0.62929203601040717 0.62989149034276615 0.63083490152196253 0.63208244222084831 0.63355227496508004 0.63533601189900979 0.63944430695818855 0.64265505839795667 0.64441382205657505 0.64298553268157888 0.63082523193780493 0.60737133726596493 0.53404627428167861 0.53408816423307159 0.60741361919490178 0.63086796171102411 0.6430286669613009 0.64445732156242708 0.64269886795466258 0.63948838034621347 0.63538029444928346 0.63359664902435875 0.63212688954738916 0.63087940698717881 0.629936040027403 0.629336616546044 0.62911405045304258 0.629336616546044 0.629936040027403 0.63087940698717881 0.63212688954738916 0.63359664902435875 0.63538029444928346 0.63948838034621347 0.64269886795466258 0.64445732156242708 0.6430286669613009 0.63086796171102411 0.60741361919490178 0.53408816423307159 0.53429305486115952 0.60765889640113957 0.63121194750433318 0.64347129039099737 0.64497391909115431 0.6432643216007069 0.64005927355446368 0.63595365753748445 0.63417099155026213 0.63270203239166212 0.6314551735581232 0.63051225461925364 0.62991310381799581 0.62969063498314581 0.62991310381799581 0.63051225461925364 0.6314551735581232 0.63270203239166212 0.63417099155026213 0.63595365753748445 0.64005927355446368 0.6432643216007069 0.64497391909115431 0.64347129039099737 0.63121194750433318 0.60765889640113957 0.53429305486115952 0.536625297535962 0.61007810855622202 0.63363327977627881 0.64586970166941615 0.64735042416944999 0.64562107539931179 0.642417216678284 0.63829403215505709 0.63651682462216952 0.63506990800979324 0.63383946681322001 0.63291725594889969 0.63233184918378182 0.63211398915363803 0.63233184918378182 0.63291725594889969 0.63383946681322001 0.63506990800979324 0.63651682462216952 0.63829403215505709 0.642417216678284 0.64562107539931179 0.64735042416944999 0.64586970166941615 0.63363327977627881 0.61007810855622202 0.536625297535962 0.53879227024979026 0.61239298349305715 0.636005555554914 0.64829184481127666 0.64979535812727096 0.64807938472878845 0.64490538259251273 0.64082725787986827 0.63905026846161461 0.63757104269313902 0.6363095383477424 0.63534467176908238 0.6347164045439857 0.63445772168005155 0.6347164045439857 0.63534467176908238 0.6363095383477424 0.63757104269313902 0.63905026846161461 0.64082725787986827 0.64490538259251273 0.64807938472878845 0.64979535812727096 0.64829184481127666 0.636005555554914 0.61239298349305715 0.53879227024979026 0.54060846760862458 0.61433613297545564 0.6380037249707653 0.65039162157807862 0.65196057016590447 0.65029058569796061 0.64712661586693221 0.64304040092884651 0.64129803004288322 0.63984659352892881 0.63861776588484209 0.63768754334085065 0.63709598628767017 0.63687613569177315 0.63709598628767017 0.63768754334085065 0.63861776588484209 0.63984659352892881 0.64129803004288322 0.64304040092884651 0.64712661586693221 0.65029058569796061 0.65196057016590447 0.65039162157807862 0.6380037249707653 0.61433613297545564 0.54060846760862458 0.54335174343818793 0.61689850940807922 0.64037808363119919 0.65261059361750373 0.65412332622121372 0.65244377882499693 0.64928823167286576 0.64522731646380027 0.64347544032384252 0.64200998728258918 0.64077277269453903 0.63983664148700148 0.63924150433271609 0.63902043303225708 0.63924150433271609 0.63983664148700148 0.64077277269453903 0.64200998728258918 0.64347544032384252 0.64522731646380027 0.64928823167286576 0.65244377882499693 0.65412332622121372 0.65261059361750373 0.64037808363119919 0.61689850940807922 0.54335174343818793 0.54704055923348605 0.62046293654817053 0.64375979088771673 0.65581821659367612 0.65714781113961507 0.65528012100557431 0.65194985848318254 0.64772180478682517 0.64592448915167755 0.64443595128920117 0.6431883711418005 0.64224414087320625 0.64164283497714703 0.64141922120204797 0.64164283497714703 0.64224414087320625 0.6431883711418005 0.64443595128920117 0.64592448915167755 0.64772180478682517 0.65194985848318254 0.65528012100557431 0.65714781113961507 0.65581821659367612 0.64375979088771673 0.62046293654817053 0.54704055923348605 0.55075147993018225 0.62391218735093945 0.64691842995423521 0.65882231649295531 0.66003437235968032 0.65804524993695168 0.65458364445878192 0.65016295784451383 0.64830417696818832 0.64677970259205098 0.64551190795596636 0.64455275933221789 0.64394122462557457 0.64371371693415902 0.64394122462557457 0.64455275933221789 0.64551190795596636 0.64677970259205098 0.64830417696818832 0.65016295784451383 0.65458364445878192 0.65804524993695168 0.66003437235968032 0.65882231649295531 0.64691842995423521 0.62391218735093945 0.55075147993018225 0.55421529493965893 0.62712398407081804 0.64983479967777791 0.66152051944226131 0.66255777710005026 0.66039581267289715 0.65675664566599801 0.65219224010231025 0.65029878070652358 0.64876030484233871 0.64748928519382509 0.64652726872496857 0.64591270502553633 0.64568373320551264 0.64591270502553633 0.64652726872496857 0.64748928519382509 0.64876030484233871 0.65029878070652358 0.65219224010231025 0.65675664566599801 0.66039581267289715 0.66255777710005026 0.66152051944226131 0.64983479967777791 0.62712398407081804 0.55421529493965893 0.55624908904460824 0.62914588878431887 0.65176298669757526 0.66337734790998881 0.66434459911256105 0.66210543744967421 0.65838212381916006 0.65372787726540205 0.65180990217124046 0.65025513846068361 0.6489765394760959 0.64800878405022533 0.64739009901715872 0.6471595725020749 0.64739009901715872 0.64800878405022533 0.6489765394760959 0.65025513846068361 0.65180990217124046 0.65372787726540205 0.65838212381916006 0.66210543744967421 0.66434459911256105 0.66337734790998881 0.65176298669757526 0.62914588878431887 0.55624908904460824 0.5573558845176303 0.63037457863930313 0.6530227217632858 0.66465965070061195 0.66562205660114293 0.66336956112378442 0.65962981934280918 0.65496329478320947 0.65304343208810889 0.65147898900846601 0.65019501359142229 0.64922335776601325 0.64860235567064162 0.64837112682560827 0.64860235567064162 0.64922335776601325 0.65019501359142229 0.65147898900846601 0.65304343208810889 0.65496329478320947 0.65962981934280918 0.66336956112378442 0.66562205660114293 0.66465965070061195 0.6530227217632858 0.63037457863930313 0.5573558845176303 0.55842000525018809 0.63155989809027324 0.6542384724292869 0.66589745347936136 0.66685458895500616 0.66458839638780542 0.66083191866558522 0.6561528575082255 0.65423101268579031 0.65265682357001009 0.65136742233988021 0.65039183053520688 0.64976848931140618 0.64953655046008407 0.64976848931140618 0.65039183053520688 0.65136742233988021 0.65265682357001009 0.65423101268579031 0.6561528575082255 0.66083191866558522 0.66458839638780542 0.66685458895500616 0.66589745347936136 0.6542384724292869 0.63155989809027324 0.55842000525018809 0.55946556717221718 0.63272625798295756 0.65543491408831711 0.66711566542566203 0.66806730801536063 0.66578722707523352 0.66201384682109388 0.65732210084612075 0.65539822261322489 0.65381425600123788 0.65251940695010335 0.65153986313194201 0.65091417247261774 0.65068151986419698 0.65091417247261774 0.65153986313194201 0.65251940695010335 0.65381425600123788 0.65539822261322489 0.65732210084612075 0.66201384682109388 0.66578722707523352 0.66806730801536063 0.66711566542566203 0.65543491408831711 0.63272625798295756 0.55946556717221718 0.56516353113080087 0.63903135828205804 0.66189340129259577 0.67368603581948505 0.6746131738609169 0.67226612375205386 0.66841011727856192 0.66365615170654524 0.66172268132417444 0.66009044882849199 0.65876887980502941 0.65776994250336129 0.65713271479331059 0.65689655902589272 0.65713271479331059 0.65776994250336129 0.65876887980502941 0.66009044882849199 0.66172268132417444 0.66365615170654524 0.66841011727856192 0.67226612375205386 0.6746131738609169 0.67368603581948505 0.66189340129259577 0.63903135828205804 0.56516353113080087 0.57123102547306748 0.64570649134492586 0.66872261239237385 0.68062835995183091 0.68153256917745375 0.67911982681468985 0.67518202157882468 0.67036606711888569 0.66842325385642909 0.66674319461146903 0.66539530262337043 0.66437724885220562 0.66372863508437607 0.66348901971171914 0.66372863508437607 0.66437724885220562 0.66539530262337043 0.66674319461146903 0.66842325385642909 0.67036606711888569 0.67518202157882468 0.67911982681468985 0.68153256917745375 0.68062835995183091 0.66872261239237385 0.64570649134492586 0.57123102547306748 0.57733433697424408 0.65241424624858846 0.67558179732008072 0.68759887957780397 0.68847907747640003 0.68599966961915082 0.68197906725606683 0.67709996800266503 0.67514750275543434 0.67341957785618645 0.67204538312772921 0.6710082213860693 0.67034821290258517 0.67010512897466157 0.67034821290258517 0.6710082213860693 0.67204538312772921 0.67341957785618645 0.67514750275543434 0.67709996800266503 0.68197906725606683 0.68599966961915082 0.68847907747640003 0.68759887957780397 0.67558179732008072 0.65241424624858846 0.57733433697424408 0.58345553213779122 0.6591367823873695 0.68245318174333924 0.69457983086935648 0.69543490420410758 0.69288783577733237 0.68878343737630798 0.6838400696288387 0.68187764385926286 0.68010179579175845 0.67870129968481996 0.67764502562830509 0.67697360737216039 0.6767270444327701 0.67697360737216039 0.67764502562830509 0.67870129968481996 0.68010179579175845 0.68187764385926286 0.6838400696288387 0.68878343737630798 0.69288783577733237 0.69543490420410758 0.69457983086935648 0.68245318174333924 0.6591367823873695 0.58345553213779122 
end_dependent_variable

end_regular_table
