# ****************************************************************************
# CUI
#
# The Advanced Framework for Simulation, Integration, and Modeling (AFSIM)
#
# The use, dissemination or disclosure of data in this file is subject to
# limitation or restriction. See accompanying README and LICENSE for details.
# ****************************************************************************

# ##################################################################################################
# 
# This file was auto-generated by AFSIM Mover Creator 2.5.0.200401
# 
# Creation Date:  01 Apr 2020
# 
# ##################################################################################################

regular_table

independent_variable mach precision double
0.10000000000000001 0.5 0.70000000000000007 0.75 0.80000000000000004 0.84999999999999998 0.90000000000000002 0.92000000000000004 0.94000000000000006 0.95999999999999996 0.97999999999999998 1 
end_independent_variable

independent_variable surface_angle units deg
1 2 3 4 5 6 7 8 9 10 12 14 16 18 20 22 24 26 28 30 35 40 45 
end_independent_variable

dependent_variable precision double
-3.2041503683138465e-07 -7.1697348879263294e-07 -1.1896753558837449e-06 -1.7385206381047209e-06 -2.3635093354555601e-06 -3.0646414479362627e-06 -3.8419169755468299e-06 -4.6953359182872617e-06 -5.624898276157556e-06 -6.6306040491577136e-06 -8.8704458405476196e-06 -1.1414861292456981e-05 -1.4263851046407377e-05 -1.7417417408439721e-05 -2.087555698893635e-05 -2.4638269859095695e-05 -2.8705556078104716e-05 -3.3077415689135073e-05 -3.7753848717254193e-05 -4.2734855195885293e-05 -5.6519881910658642e-05 -7.220849506209185e-05 -8.9800692552877595e-05 -3.3891992323257572e-07 -7.9099474421132108e-07 -1.3562244629362359e-06 -2.0346090794073212e-06 -2.8261485936245753e-06 -3.7308430055879992e-06 -4.7486923152975916e-06 -5.8796965227533559e-06 -7.1238556279552903e-06 -8.4811696309033932e-06 -1.1535262330038104e-05 -1.5041974620157498e-05 -1.9001306629781424e-05 -2.3413258818296484e-05 -2.8277830506299922e-05 -3.3595021714246049e-05 -3.9364832459542805e-05 -4.5587262742190183e-05 -5.226231254129867e-05 -5.9389981926499986e-05 -7.9189366217922812e-05 -0.0001018176231173946 -0.00012727475230460948 -3.7082655497606496e-07 -9.1862139331447281e-07 -1.6433845150152238e-06 -2.5451159200783181e-06 -3.6238156085037553e-06 -4.879483580291535e-06 -6.3121198354416584e-06 -7.9217243739541243e-06 -9.7082971958289352e-06 -1.1671838301066085e-05 -1.6129825361627423e-05 -2.1295685555638132e-05 -2.7169418975438653e-05 -3.3751025942488367e-05 -4.1040505999986323e-05 -4.9037859098581043e-05 -5.7743085330882706e-05 -6.7156184618903788e-05 -7.7277157001638048e-05 -8.8106002537576147e-05 -0.00011827506138125724 -0.00015286832739834269 -0.00019188580045235437 -3.8507888042310303e-07 -9.7563071545748605e-07 -1.7716555051031491e-06 -2.773153249360092e-06 -3.9801239482283138e-06 -5.3925676017078184e-06 -7.0104842097986037e-06 -8.833873772500668e-06 -1.0862736289814011e-05 -1.3097071761738633e-05 -1.8182161569421721e-05 -2.408914319554993e-05 -3.0818016725607141e-05 -3.8368782474234145e-05 -4.6741439971786236e-05 -5.5935989258736864e-05 -6.5952430261972706e-05 -7.6790763106830874e-05 -8.8450987720198039e-05 -0.00010093310412296374 -0.00013573417193828122 -0.00017567206379246126 -0.00022074677937216109 -4.0407620911453015e-07 -1.0516200480336968e-06 -1.9426315167575001e-06 -3.0771106152859395e-06 -4.4550573436190175e-06 -6.0764717017567307e-06 -7.9413536896990791e-06 -1.0049703307446061e-05 -1.2401520554997684e-05 -1.4996805432353947e-05 -2.0917778076480375e-05 -2.781262123982534e-05 -3.568133500240357e-05 -4.452391965652027e-05 -5.4340374789894057e-05 -6.5130700349604815e-05 -7.6894896419210616e-05 -8.9632962976429295e-05 -0.00010334490002126087 -0.00011803070757598747 -0.00015900591006893188 -0.00020606780328771401 -0.00025921638734374464 -5.0218379378497816e-07 -1.2514803407343446e-06 -2.2478896438074472e-06 -3.4914117000449383e-06 -4.9820465094468175e-06 -6.7197940838504772e-06 -8.7046544054998277e-06 -1.0936627474394873e-05 -1.3415713308291697e-05 -1.6141911883515516e-05 -2.2335647317131106e-05 -2.951783376340425e-05 -3.7688471317034082e-05 -4.6847560143744086e-05 -5.6995099935762078e-05 -6.8131090764112401e-05 -8.025553255777072e-05 -9.3368425316737021e-05 -0.00010746976908836087 -0.00012255956387264227 -0.00016460852396637301 -0.00021283530322066044 -0.0002672399011146593 -6.0029136450281253e-07 -1.4513406043790567e-06 -2.5531477352958684e-06 -3.9057127353192576e-06 -5.5090356169829323e-06 -7.3631163802868939e-06 -9.4679549876300139e-06 -1.1823551551815674e-05 -1.4429905897371948e-05 -1.7287018199770764e-05 -2.3753516399354414e-05 -3.1223046050296954e-05 -3.9695607428339986e-05 -4.9171200483348666e-05 -5.964982501478366e-05 -7.1131480922375281e-05 -8.3616168456797726e-05 -9.7103887417511649e-05 -0.00011159463800505638 -0.0001270884199186229 -0.00017021113781924988 -0.00021960280288622111 -0.00027526341501926687 -7.3383965413833586e-07 -1.7570867958911504e-06 -3.0697413932278537e-06 -4.6718035294279789e-06 -6.5632730891814036e-06 -8.7441501877982497e-06 -1.1214434735592868e-05 -1.3974126809438672e-05 -1.7023226306837774e-05 -2.0361733330288066e-05 -2.7906969827219841e-05 -3.6609836325858482e-05 -4.6470332774955033e-05 -5.7488459482003162e-05 -6.9664216088260257e-05 -8.2997602542477384e-05 -9.7488618998401363e-05 -0.00011313726535353432 -0.00012994354150537836 -0.00014790744776142713 -0.00019788184404402929 -0.00025509142783729927 -0.00031953619852624984 -8.789614427520531e-07 -2.0864099858623026e-06 -3.6223456326034394e-06 -5.4867683600666286e-06 -7.6796782009787771e-06 -1.0201075129158358e-05 -1.30509591707869e-05 -1.6229330299682875e-05 -1.9736188489664759e-05 -2.3571533897821703e-05 -3.2227685818848741e-05 -4.2197786141308561e-05 -5.3481834969927277e-05 -6.6079832461794026e-05 -7.9991778512182726e-05 -9.5217672806915046e-05 -0.00011175751534599101 -0.00012961130644358892 -0.00014877904568080433 -0.0001692607333718156 -0.00022621347654797928 -0.00029137839779600064 -0.00036475549617334484 -1.0356567512334785e-06 -2.4393102198316546e-06 -4.2109604258484635e-06 -6.3506073091221006e-06 -8.8582509097604358e-06 -1.1733891267871337e-05 -1.4977528329977646e-05 -1.8589162096079365e-05 -2.2568792619653649e-05 -2.6916419740269022e-05 -3.6715664307394633e-05 -4.7986895743979029e-05 -6.0730114103499377e-05 -7.4945319599864309e-05 -9.0632512340028146e-05 -0.00010779169146835634 -0.00012642285741266618 -0.00014652601049382059 -0.00016810114996313935 -0.00019114827656930273 -0.00025520603575223229 -0.0003284637131232958 -0.00041092130782685875 -1.2039255821589869e-06 -2.8157874990525803e-06 -4.8355857233851466e-06 -7.2633203643392191e-06 -1.0098991299084448e-05 -1.3342598527620834e-05 -1.699414215913091e-05 -2.105362219361467e-05 -2.5521038412707058e-05 -3.0396391089364403e-05 -4.1370905269461293e-05 -5.3977165006861678e-05 -6.8215170028609217e-05 -8.4084920989799104e-05 -0.00010158641712615363 -0.00012071965887440291 -0.00014148464547026921 -0.00016388137767803029 -0.00018790985473340837 -0.00021357007805577642 -0.00028485952117549419 -0.00036634737251345112 -0.00045803363272474239 -1.3837679124804789e-06 -3.2158418097379966e-06 -5.4962216639198663e-06 -8.2249075028787756e-06 -1.1401899298762036e-05 -1.5027197079422337e-05 -1.9100800761301614e-05 -2.3622710483663308e-05 -2.8592926190802038e-05 -3.4011447827012435e-05 -4.6193409053764341e-05 -6.0168593941097534e-05 -7.5937003213181879e-05 -9.3498636647195864e-05 -0.00011285349368608577 -0.00013400157477549458 -0.0001569428796926008 -0.00018167740832599367 -0.00020820516089849471 -0.00023652613741010389 -0.00031517393278211324 -0.00040502937794066471 -0.00050609247110318628 
end_dependent_variable

end_regular_table
