# ****************************************************************************
# CUI
#
# The Advanced Framework for Simulation, Integration, and Modeling (AFSIM)
#
# The use, dissemination or disclosure of data in this file is subject to
# limitation or restriction. See accompanying README and LICENSE for details.
# ****************************************************************************

# ##################################################################################################
# 
# This file was auto-generated by AFSIM Mover Creator 2.5.0.200401
# 
# Creation Date:  01 Apr 2020
# 
# ##################################################################################################

regular_table

independent_variable mach precision double
0.10000000000000001 0.5 0.70000000000000007 0.75 0.80000000000000004 0.84999999999999998 0.90000000000000002 0.92000000000000004 0.94000000000000006 0.95999999999999996 0.97999999999999998 1 
end_independent_variable

independent_variable surface_angle units deg
1 2 3 4 5 6 7 8 9 10 12 14 16 18 20 22 24 26 28 30 35 40 45 
end_independent_variable

dependent_variable precision double
1.8958362872894087e-08 4.2421990257369218e-08 7.0390882153425401e-08 1.0286503856106263e-07 1.3984445948028085e-07 1.8132914491108017e-07 2.2731909485346057e-07 2.7781430930742202e-07 3.3281478827296439e-07 3.9232053175008788e-07 5.2484781223907774e-07 6.7539615077439218e-07 9.6577434989820004e-07 1.8338184259264391e-06 2.6357148710181933e-06 3.3857071831330421e-06 4.0942973731215251e-06 4.7694582753759405e-06 5.4173944268330365e-06 6.0430391371643756e-06 7.8282543202700201e-06 9.9290007050228687e-06 1.1942396312187183e-05 2.0052297073363845e-08 4.6799436997129397e-08 8.0241419771296616e-08 1.2037824539586562e-07 1.6720991387083624e-07 2.207364251962086e-07 2.809577793719826e-07 3.4787397639815835e-07 4.2148501627473601e-07 5.0179089900171516e-07 6.8248719300687849e-07 8.8996285841364886e-07 1.2460204634844243e-06 2.18847361925667e-06 3.0735417711875453e-06 3.9154676709587022e-06 4.7247527911675071e-06 5.5093695943728882e-06 6.275522252641398e-06 7.0281438806757888e-06 9.1691116369577379e-06 1.1680339684537266e-05 1.4158966635670015e-05 2.1939986878976643e-08 5.4350318351304839e-08 9.7230994416984603e-08 1.5058201507601591e-07 2.144033803283988e-07 2.8869509017413321e-07 3.7345714461321927e-07 4.6868954364565672e-07 5.7439228727144593e-07 6.9056537549058663e-07 9.5432258570892273e-07 1.2599611743006649e-06 1.729283264729465e-06 2.800100865408312e-06 3.8286357610732502e-06 4.8291307058430408e-06 5.8120870755269634e-06 6.7854773104017991e-06 7.7555056201352239e-06 8.7271049690254842e-06 1.1481587924753593e-05 1.4700717989276318e-05 1.7981635189765785e-05 2.2783213951652992e-08 5.7723246997210816e-08 1.0482009913667346e-07 1.6407377037004098e-07 2.3548426069731329e-07 3.190515701184905e-07 4.1477569863357262e-07 5.2265664624255959e-07 6.4269441294545125e-07 7.7488899874224755e-07 1.0757486276175552e-06 1.4252355328684829e-06 1.9451517632584929e-06 3.073309056766645e-06 4.1659296150160781e-06 5.2372561274550977e-06 6.2977900301244187e-06 7.3555037229144236e-06 8.4166013709284918e-06 9.4860160540535184e-06 1.2514550508428552e-05 1.6049893678003963e-05 1.9689186124723466e-05 2.3907179997635979e-08 6.2219128991922959e-08 1.1493584698286093e-07 1.820573339704499e-07 2.6358358995468991e-07 3.5951461493558095e-07 4.6985040891312284e-07 5.9459097188731567e-07 7.3373630385815982e-07 8.8728640482565466e-07 1.2376009137505979e-06 1.6455344986621445e-06 2.2328891437651057e-06 3.4374763566121968e-06 4.6155186588796732e-06 5.7812587747446569e-06 6.9451981252770457e-06 8.1153090630176534e-06 9.2977957962415269e-06 1.0497591392301849e-05 1.3891417084949883e-05 1.7848250260107568e-05 2.1965231437939587e-05 2.0530286300259076e-07 4.2522615089413757e-07 6.5976986663398847e-07 9.0893401318149123e-07 1.1727185727805583e-06 1.4511235720653212e-06 1.744148987360996e-06 2.0517948482610631e-06 2.3740611074159545e-06 2.7109478121752375e-06 3.4285824993200199e-06 4.2046988741832341e-06 5.1467079157304399e-06 6.6406933344233847e-06 8.1189405381064642e-06 9.5940094020628803e-06 1.1075160602077818e-05 1.2569424696651005e-05 1.4082272691573388e-05 1.5618054875719856e-05 1.9838813705224951e-05 2.4603999946634939e-05 2.9558352445653721e-05 3.8669839314834155e-07 7.8823286879519976e-07 1.2046034363408563e-06 1.6358100801181751e-06 2.0818528126608647e-06 2.5427316339689258e-06 3.0184465315086489e-06 3.5089975052800341e-06 4.0143845803504993e-06 4.534607731652627e-06 5.6195622880192869e-06 6.7638611743800126e-06 8.0605243654780107e-06 9.8439078277749077e-06 1.1622359676628872e-05 1.3406757115990063e-05 1.5205120065217877e-05 1.7023537049237851e-05 1.8866746010620261e-05 2.0738514582313528e-05 2.5786206013904097e-05 3.1359744998475226e-05 3.7151468283909178e-05 5.2681956175558917e-07 1.0706993587815261e-06 1.6316393878747519e-06 2.2096396586444435e-06 2.8047001518722468e-06 3.4168208931826338e-06 4.0460018441388967e-06 4.6922430559899797e-06 5.3555444518624661e-06 6.0359061342542443e-06 7.4478102048488442e-06 8.9279551396514199e-06 1.0576472431866787e-05 1.2753279569988899e-05 1.4929137936414817e-05 1.711575601858728e-05 1.9321767213575412e-05 2.1553724723820325e-05 2.3816729869185848e-05 2.6114837363605942e-05 3.2275604502649623e-05 3.902966836408422e-05 4.6045845153475799e-05 6.8827671493866525e-07 1.3958463539324443e-06 2.1227089235267184e-06 2.8688644433576322e-06 3.634312893789041e-06 4.4190542224578941e-06 5.2230885602718188e-06 6.0464157763231878e-06 6.8890359229750519e-06 7.7509490264089369e-06 9.532653998896667e-06 1.1391530693786377e-05 1.3433124276432086e-05 1.603681175563348e-05 1.864474032780807e-05 2.1269251545231817e-05 2.391944568730811e-05 2.6602230487758267e-05 2.9322982375232757e-05 3.2085975955057575e-05 3.9454353302909876e-05 4.7480862362908038e-05 5.581641375290603e-05 8.7106233894787273e-07 1.7636585660474114e-06 2.6777886946679057e-06 3.6134527381786453e-06 4.5706506431024714e-06 5.549382462916542e-06 6.5496481976208592e-06 7.5714477937382622e-06 8.6147813314844895e-06 9.6796486771666452e-06 1.187398522015601e-05 1.4154457315752038e-05 1.6630326179081136e-05 1.9694326406039748e-05 2.2768963667686356e-05 2.5867014298966655e-05 2.8997898622253297e-05 3.2168768031028472e-05 3.5385188214063815e-05 3.8651583764518055e-05 4.7322023106739204e-05 5.6712808547262077e-05 6.6462559629646079e-05 1.075168921356519e-06 2.1741206916069104e-06 3.2968553448707151e-06 4.4433728060849425e-06 5.6136731298408593e-06 6.8077563297862809e-06 8.0256223786255757e-06 9.2672712490631086e-06 1.0532702968394514e-05 1.1821917591211058e-05 1.4471695383525763e-05 1.7216604516824693e-05 2.0167924756181653e-05 2.3725645544767053e-05 2.730160483865978e-05 3.0908814466158622e-05 3.455686884229825e-05 3.8253051861362685e-05 4.2003031406973868e-05 4.5811314206521701e-05 5.5878185860677058e-05 6.6724990051494435e-05 7.7983669186776767e-05 1.3005889548906567e-06 2.6272174284840549e-06 3.9798854486328814e-06 5.3585929317790752e-06 6.763340017186071e-06 8.1941265795167773e-06 9.6509526466238829e-06 1.1133818162802012e-05 1.2642723378725347e-05 1.417766801586702e-05 1.732567588803762e-05 2.0577841667903064e-05 2.4045766225250841e-05 2.8130591698951286e-05 3.224246046040904e-05 3.6394422384693117e-05 4.0596099238176659e-05 4.4854795332277238e-05 4.9176196068842719e-05 5.3564820713428503e-05 6.5122412771495455e-05 7.7516887826302461e-05 9.0379128702598773e-05 
end_dependent_variable

end_regular_table
