# ****************************************************************************
# CUI
#
# The Advanced Framework for Simulation, Integration, and Modeling (AFSIM)
#
# The use, dissemination or disclosure of data in this file is subject to
# limitation or restriction. See accompanying README and LICENSE for details.
# ****************************************************************************

# ##################################################################################################
# 
# This file was auto-generated by AFSIM Mover Creator 2.5.0.200401
# 
# Creation Date:  01 Apr 2020
# 
# ##################################################################################################

regular_table

independent_variable mach precision double
0.10000000000000001 0.5 0.70000000000000007 0.75 0.80000000000000004 0.84999999999999998 0.90000000000000002 0.92000000000000004 0.94000000000000006 0.95999999999999996 0.97999999999999998 1 
end_independent_variable

independent_variable beta units rad
-0.3490658503988659 -0.31415926535897931 -0.27925268031909273 -0.24434609527920614 -0.20943951023931956 -0.17453292519943295 -0.13962634015954636 -0.10471975511965978 -0.087266462599716474 -0.069813170079773182 -0.05235987755982989 -0.034906585039886591 -0.017453292519943295 0 0.017453292519943295 0.034906585039886591 0.05235987755982989 0.069813170079773182 0.087266462599716474 0.10471975511965978 0.13962634015954636 0.17453292519943295 0.20943951023931956 0.24434609527920614 0.27925268031909273 0.31415926535897931 0.3490658503988659 
end_independent_variable

independent_variable surface_angle units deg
1 2 3 4 5 6 7 8 9 10 12 14 16 18 20 22 24 26 28 30 35 40 45 
end_independent_variable

dependent_variable precision double
8.1995895625643545e-21 0 0 0 -6.5596716500514836e-20 6.5596716500514836e-20 0 1.3119343300102967e-19 0 2.6238686600205934e-19 0 0 -5.2477373200411869e-19 -5.2477373200411869e-19 0 0 0 0 0 0 -2.0990949280164748e-18 2.0990949280164748e-18 0 8.1995895625643545e-21 -1.6399179125128709e-20 0 0 -6.5596716500514836e-20 0 0 0 1.3119343300102967e-19 0 0 0 0 0 0 0 0 -1.0495474640082374e-18 0 1.0495474640082374e-18 -1.0495474640082374e-18 0 0 0 0 -3.2798358250257418e-20 -3.2798358250257418e-20 6.5596716500514836e-20 0 6.5596716500514836e-20 0 0 0 -2.6238686600205934e-19 2.6238686600205934e-19 -2.6238686600205934e-19 0 0 0 -5.2477373200411869e-19 0 0 0 0 -2.0990949280164748e-18 2.0990949280164748e-18 0 0 0 0 0 0 -6.5596716500514836e-20 0 1.3119343300102967e-19 -1.3119343300102967e-19 2.6238686600205934e-19 2.6238686600205934e-19 -2.6238686600205934e-19 2.6238686600205934e-19 5.2477373200411869e-19 0 0 0 0 -1.0495474640082374e-18 0 0 0 8.1995895625643545e-21 1.6399179125128709e-20 -1.6399179125128709e-20 0 0 0 -6.5596716500514836e-20 0 0 0 1.3119343300102967e-19 -2.6238686600205934e-19 2.6238686600205934e-19 0 0 0 0 5.2477373200411869e-19 0 -1.0495474640082374e-18 0 -1.0495474640082374e-18 0 0 -8.1995895625643545e-21 0 0 0 6.5596716500514836e-20 0 0 6.5596716500514836e-20 0 0 0 0 0 0 -5.2477373200411869e-19 0 0 0 0 0 1.0495474640082374e-18 -1.0495474640082374e-18 0 -8.1995895625643545e-21 -1.6399179125128709e-20 0 0 0 0 0 -6.5596716500514836e-20 6.5596716500514836e-20 0 0 0 -2.6238686600205934e-19 0 0 2.6238686600205934e-19 0 -5.2477373200411869e-19 0 0 0 -1.0495474640082374e-18 0 -8.1995895625643545e-21 0 1.6399179125128709e-20 1.6399179125128709e-20 -3.2798358250257418e-20 0 -3.2798358250257418e-20 0 0 0 0 0 0 0 0 0 0 0 0 0 0 0 0 4.0997947812821773e-21 0 0 0 0 -3.2798358250257418e-20 0 0 6.5596716500514836e-20 -6.5596716500514836e-20 0 -1.3119343300102967e-19 0 0 0 2.6238686600205934e-19 0 2.6238686600205934e-19 -2.6238686600205934e-19 0 0 5.2477373200411869e-19 0 0 0 8.1995895625643545e-21 0 -1.6399179125128709e-20 3.2798358250257418e-20 0 0 0 0 0 0 0 0 0 -1.3119343300102967e-19 0 -2.6238686600205934e-19 2.6238686600205934e-19 0 5.2477373200411869e-19 0 0 -4.0997947812821773e-21 -4.0997947812821773e-21 0 0 -1.6399179125128709e-20 0 1.6399179125128709e-20 0 3.2798358250257418e-20 -3.2798358250257418e-20 0 0 -6.5596716500514836e-20 0 0 1.3119343300102967e-19 1.3119343300102967e-19 0 0 0 0 0 0 0 0 0 0 0 0 1.6399179125128709e-20 0 0 0 0 0 0 0 0 -6.5596716500514836e-20 0 0 -1.3119343300102967e-19 0 2.6238686600205934e-19 0 5.1247434766027216e-22 0 0 0 0 4.0997947812821773e-21 0 -8.1995895625643545e-21 8.1995895625643545e-21 0 0 0 -1.6399179125128709e-20 0 0 -3.2798358250257418e-20 0 0 0 -6.5596716500514836e-20 0 0 0 0 0 0 0 0 0 0 0 0 0 0 0 0 0 0 0 0 0 0 0 0 0 0 -5.1247434766027216e-22 0 0 0 0 -4.0997947812821773e-21 0 8.1995895625643545e-21 -8.1995895625643545e-21 0 0 0 1.6399179125128709e-20 0 0 3.2798358250257418e-20 0 0 0 6.5596716500514836e-20 0 0 0 0 0 0 0 0 0 0 -1.6399179125128709e-20 0 0 0 0 0 0 0 0 6.5596716500514836e-20 0 0 1.3119343300102967e-19 0 -2.6238686600205934e-19 0 0 4.0997947812821773e-21 4.0997947812821773e-21 0 0 1.6399179125128709e-20 0 -1.6399179125128709e-20 0 -3.2798358250257418e-20 3.2798358250257418e-20 0 0 6.5596716500514836e-20 0 0 -1.3119343300102967e-19 -1.3119343300102967e-19 0 0 0 0 0 0 0 0 -8.1995895625643545e-21 0 1.6399179125128709e-20 -3.2798358250257418e-20 0 0 0 0 0 0 0 0 0 1.3119343300102967e-19 0 2.6238686600205934e-19 -2.6238686600205934e-19 0 -5.2477373200411869e-19 0 0 -4.0997947812821773e-21 0 0 0 0 3.2798358250257418e-20 0 0 -6.5596716500514836e-20 6.5596716500514836e-20 0 1.3119343300102967e-19 0 0 0 -2.6238686600205934e-19 0 -2.6238686600205934e-19 2.6238686600205934e-19 0 0 -5.2477373200411869e-19 0 8.1995895625643545e-21 0 -1.6399179125128709e-20 -1.6399179125128709e-20 3.2798358250257418e-20 0 3.2798358250257418e-20 0 0 0 0 0 0 0 0 0 0 0 0 0 0 0 0 8.1995895625643545e-21 1.6399179125128709e-20 0 0 0 0 0 6.5596716500514836e-20 -6.5596716500514836e-20 0 0 0 2.6238686600205934e-19 0 0 -2.6238686600205934e-19 0 5.2477373200411869e-19 0 0 0 1.0495474640082374e-18 0 8.1995895625643545e-21 0 0 0 -6.5596716500514836e-20 0 0 -6.5596716500514836e-20 0 0 0 0 0 0 5.2477373200411869e-19 0 0 0 0 0 -1.0495474640082374e-18 1.0495474640082374e-18 -8.1995895625643545e-21 -1.6399179125128709e-20 1.6399179125128709e-20 0 0 0 6.5596716500514836e-20 0 0 0 -1.3119343300102967e-19 2.6238686600205934e-19 -2.6238686600205934e-19 0 0 0 0 -5.2477373200411869e-19 0 1.0495474640082374e-18 0 1.0495474640082374e-18 0 0 0 0 0 0 0 6.5596716500514836e-20 0 -1.3119343300102967e-19 1.3119343300102967e-19 -2.6238686600205934e-19 -2.6238686600205934e-19 2.6238686600205934e-19 -2.6238686600205934e-19 -5.2477373200411869e-19 0 0 0 0 1.0495474640082374e-18 0 0 0 0 0 3.2798358250257418e-20 3.2798358250257418e-20 -6.5596716500514836e-20 0 -6.5596716500514836e-20 0 0 0 2.6238686600205934e-19 -2.6238686600205934e-19 2.6238686600205934e-19 0 0 0 5.2477373200411869e-19 0 0 0 0 2.0990949280164748e-18 -2.0990949280164748e-18 -8.1995895625643545e-21 1.6399179125128709e-20 0 0 6.5596716500514836e-20 0 0 0 -1.3119343300102967e-19 0 0 0 0 0 0 0 0 1.0495474640082374e-18 0 -1.0495474640082374e-18 1.0495474640082374e-18 0 0 -8.1995895625643545e-21 0 0 0 6.5596716500514836e-20 -6.5596716500514836e-20 0 -1.3119343300102967e-19 0 -2.6238686600205934e-19 0 0 5.2477373200411869e-19 5.2477373200411869e-19 0 0 0 0 0 0 2.0990949280164748e-18 -2.0990949280164748e-18 0 0 0 4.1981898560329516e-20 0 -8.3963797120659033e-20 0 -1.6792759424131807e-19 -1.6792759424131807e-19 0 0 3.3585518848263613e-19 3.3585518848263613e-19 0 0 0 0 0 -1.3434207539305445e-18 -1.3434207539305445e-18 0 -2.686841507861089e-18 0 0 0 0 0 -4.1981898560329516e-20 8.3963797120659033e-20 8.3963797120659033e-20 0 -1.6792759424131807e-19 0 1.6792759424131807e-19 0 -3.3585518848263613e-19 6.7171037696527226e-19 -6.7171037696527226e-19 -6.7171037696527226e-19 0 0 0 0 0 0 0 -2.686841507861089e-18 0 0 0 -4.1981898560329516e-20 0 0 0 0 -1.6792759424131807e-19 0 0 -3.3585518848263613e-19 3.3585518848263613e-19 0 0 0 6.7171037696527226e-19 -1.3434207539305445e-18 1.3434207539305445e-18 1.3434207539305445e-18 0 0 2.686841507861089e-18 0 -2.0990949280164758e-20 0 4.1981898560329516e-20 0 0 0 0 0 1.6792759424131807e-19 0 3.3585518848263613e-19 0 0 0 0 0 6.7171037696527226e-19 0 0 0 0 0 0 0 -2.0990949280164758e-20 -4.1981898560329516e-20 -4.1981898560329516e-20 0 0 0 0 0 0 0 0 0 6.7171037696527226e-19 0 0 0 0 0 0 0 0 0 0 0 0 0 0 0 0 -8.3963797120659033e-20 0 1.6792759424131807e-19 -1.6792759424131807e-19 0 0 3.3585518848263613e-19 6.7171037696527226e-19 6.7171037696527226e-19 0 0 0 0 0 -2.686841507861089e-18 0 1.0495474640082379e-20 -2.0990949280164758e-20 2.0990949280164758e-20 -4.1981898560329516e-20 0 -4.1981898560329516e-20 0 8.3963797120659033e-20 0 0 0 0 3.3585518848263613e-19 3.3585518848263613e-19 -3.3585518848263613e-19 0 -6.7171037696527226e-19 6.7171037696527226e-19 0 0 -1.3434207539305445e-18 0 0 0 0 0 0 0 -4.1981898560329516e-20 -4.1981898560329516e-20 0 0 0 1.6792759424131807e-19 -1.6792759424131807e-19 0 3.3585518848263613e-19 0 -3.3585518848263613e-19 0 6.7171037696527226e-19 6.7171037696527226e-19 0 -6.7171037696527226e-19 0 2.6238686600205948e-21 0 0 0 0 -2.0990949280164758e-20 0 0 0 0 -8.3963797120659033e-20 0 0 -1.6792759424131807e-19 1.6792759424131807e-19 0 0 0 0 -3.3585518848263613e-19 0 -6.7171037696527226e-19 0 -2.6238686600205948e-21 -5.2477373200411895e-21 1.0495474640082379e-20 0 0 0 0 0 4.1981898560329516e-20 0 0 0 8.3963797120659033e-20 -1.6792759424131807e-19 0 0 0 -3.3585518848263613e-19 0 0 0 -6.7171037696527226e-19 0 1.3119343300102974e-21 0 5.2477373200411895e-21 0 -1.0495474640082379e-20 0 0 -2.0990949280164758e-20 0 4.1981898560329516e-20 0 0 8.3963797120659033e-20 0 0 0 -1.6792759424131807e-19 0 0 0 3.3585518848263613e-19 0 0 0 0 0 0 0 0 -1.0495474640082379e-20 -2.0990949280164758e-20 0 0 -4.1981898560329516e-20 0 0 0 0 0 0 0 0 0 3.3585518848263613e-19 0 0 0 0 0 2.6238686600205948e-21 0 0 5.2477373200411895e-21 1.0495474640082379e-20 0 -1.0495474640082379e-20 2.0990949280164758e-20 0 0 4.1981898560329516e-20 4.1981898560329516e-20 0 0 -8.3963797120659033e-20 0 -8.3963797120659033e-20 0 0 1.6792759424131807e-19 0 0 0 0 0 0 0 0 0 0 0 0 0 0 0 0 0 0 0 0 0 0 0 0 0 0 -2.6238686600205948e-21 0 0 -5.2477373200411895e-21 -1.0495474640082379e-20 0 1.0495474640082379e-20 -2.0990949280164758e-20 0 0 -4.1981898560329516e-20 -4.1981898560329516e-20 0 0 8.3963797120659033e-20 0 8.3963797120659033e-20 0 0 -1.6792759424131807e-19 0 0 0 0 0 0 1.0495474640082379e-20 2.0990949280164758e-20 0 0 4.1981898560329516e-20 0 0 0 0 0 0 0 0 0 -3.3585518848263613e-19 0 0 -1.3119343300102974e-21 0 -5.2477373200411895e-21 0 1.0495474640082379e-20 0 0 2.0990949280164758e-20 0 -4.1981898560329516e-20 0 0 -8.3963797120659033e-20 0 0 0 1.6792759424131807e-19 0 0 0 -3.3585518848263613e-19 0 0 2.6238686600205948e-21 5.2477373200411895e-21 -1.0495474640082379e-20 0 0 0 0 0 -4.1981898560329516e-20 0 0 0 -8.3963797120659033e-20 1.6792759424131807e-19 0 0 0 3.3585518848263613e-19 0 0 0 6.7171037696527226e-19 0 -2.6238686600205948e-21 0 0 0 0 2.0990949280164758e-20 0 0 0 0 8.3963797120659033e-20 0 0 1.6792759424131807e-19 -1.6792759424131807e-19 0 0 0 0 3.3585518848263613e-19 0 6.7171037696527226e-19 0 0 0 0 0 0 0 4.1981898560329516e-20 4.1981898560329516e-20 0 0 0 -1.6792759424131807e-19 1.6792759424131807e-19 0 -3.3585518848263613e-19 0 3.3585518848263613e-19 0 -6.7171037696527226e-19 -6.7171037696527226e-19 0 6.7171037696527226e-19 0 0 -1.0495474640082379e-20 2.0990949280164758e-20 -2.0990949280164758e-20 4.1981898560329516e-20 0 4.1981898560329516e-20 0 -8.3963797120659033e-20 0 0 0 0 -3.3585518848263613e-19 -3.3585518848263613e-19 3.3585518848263613e-19 0 6.7171037696527226e-19 -6.7171037696527226e-19 0 0 1.3434207539305445e-18 0 0 0 0 0 0 0 0 0 8.3963797120659033e-20 0 -1.6792759424131807e-19 1.6792759424131807e-19 0 0 -3.3585518848263613e-19 -6.7171037696527226e-19 -6.7171037696527226e-19 0 0 0 0 0 2.686841507861089e-18 0 0 2.0990949280164758e-20 4.1981898560329516e-20 4.1981898560329516e-20 0 0 0 0 0 0 0 0 0 -6.7171037696527226e-19 0 0 0 0 0 0 0 0 0 2.0990949280164758e-20 0 -4.1981898560329516e-20 0 0 0 0 0 -1.6792759424131807e-19 0 -3.3585518848263613e-19 0 0 0 0 0 -6.7171037696527226e-19 0 0 0 0 0 0 0 0 4.1981898560329516e-20 0 0 0 0 1.6792759424131807e-19 0 0 3.3585518848263613e-19 -3.3585518848263613e-19 0 0 0 -6.7171037696527226e-19 1.3434207539305445e-18 -1.3434207539305445e-18 -1.3434207539305445e-18 0 0 -2.686841507861089e-18 0 0 0 4.1981898560329516e-20 -8.3963797120659033e-20 -8.3963797120659033e-20 0 1.6792759424131807e-19 0 -1.6792759424131807e-19 0 3.3585518848263613e-19 -6.7171037696527226e-19 6.7171037696527226e-19 6.7171037696527226e-19 0 0 0 0 0 0 0 2.686841507861089e-18 0 0 -4.1981898560329516e-20 0 8.3963797120659033e-20 0 1.6792759424131807e-19 1.6792759424131807e-19 0 0 -3.3585518848263613e-19 -3.3585518848263613e-19 0 0 0 0 0 1.3434207539305445e-18 1.3434207539305445e-18 0 2.686841507861089e-18 0 0 0 -2.1419336000168115e-20 -4.283867200033623e-20 0 0 -1.7135468800134492e-19 0 -1.7135468800134492e-19 0 -3.4270937600268984e-19 -3.4270937600268984e-19 0 -6.8541875200537968e-19 -6.8541875200537968e-19 1.3708375040107594e-18 0 0 1.3708375040107594e-18 -2.7416750080215187e-18 0 0 0 5.4833500160430374e-18 0 -2.1419336000168115e-20 4.283867200033623e-20 0 0 0 0 -1.7135468800134492e-19 3.4270937600268984e-19 0 3.4270937600268984e-19 0 -6.8541875200537968e-19 0 0 -1.3708375040107594e-18 1.3708375040107594e-18 0 -2.7416750080215187e-18 0 0 -5.4833500160430374e-18 0 0 0 0 0 0 0 0 0 0 3.4270937600268984e-19 0 0 0 0 -6.8541875200537968e-19 0 1.3708375040107594e-18 0 0 0 0 0 5.4833500160430374e-18 0 0 0 0 0 -8.567734400067246e-20 -1.7135468800134492e-19 0 0 0 0 3.4270937600268984e-19 0 0 0 0 0 0 0 -1.3708375040107594e-18 0 2.7416750080215187e-18 0 0 0 0 4.283867200033623e-20 0 0 -8.567734400067246e-20 0 -1.7135468800134492e-19 -1.7135468800134492e-19 0 0 0 0 0 0 0 0 1.3708375040107594e-18 0 -2.7416750080215187e-18 0 2.7416750080215187e-18 -5.3548340000420288e-21 0 2.1419336000168115e-20 -4.283867200033623e-20 0 0 0 8.567734400067246e-20 1.7135468800134492e-19 -1.7135468800134492e-19 0 0 0 0 0 0 6.8541875200537968e-19 0 0 0 0 -2.7416750080215187e-18 0 0 0 0 0 0 4.283867200033623e-20 8.567734400067246e-20 -8.567734400067246e-20 0 -1.7135468800134492e-19 0 0 0 0 -6.8541875200537968e-19 0 6.8541875200537968e-19 0 6.8541875200537968e-19 0 0 0 -2.7416750080215187e-18 0 0 2.1419336000168115e-20 0 4.283867200033623e-20 0 4.283867200033623e-20 0 8.567734400067246e-20 0 0 -1.7135468800134492e-19 -3.4270937600268984e-19 -3.4270937600268984e-19 3.4270937600268974e-19 -3.4270937600268984e-19 -6.8541875200537968e-19 0 6.8541875200537968e-19 0 -1.3708375040107594e-18 1.3708375040107594e-18 1.370837504010759e-18 2.6774170000210144e-21 -5.3548340000420288e-21 0 -2.1419336000168115e-20 -2.1419336000168109e-20 0 0 0 0 0 0 0 0 -3.4270937600268984e-19 0 0 0 0 0 0 0 0 0 0 0 1.0709668000084058e-20 2.1419336000168115e-20 -2.1419336000168115e-20 0 -4.283867200033623e-20 -4.283867200033623e-20 0 0 0 0 0 0 0 0 0 0 0 0 0 6.8541875200537968e-19 0 0 0 0 0 0 0 0 0 0 0 -8.567734400067246e-20 0 1.7135468800134492e-19 0 0 -1.7135468800134492e-19 0 0 0 -3.4270937600268984e-19 0 0 0 0 2.6774170000210144e-21 5.3548340000420288e-21 -1.0709668000084058e-20 0 1.0709668000084058e-20 -2.1419336000168115e-20 0 2.1419336000168115e-20 0 4.2838672000336218e-20 0 0 0 0 -1.7135468800134492e-19 0 0 -1.7135468800134492e-19 0 0 0 0 6.6935425000525359e-22 0 0 5.3548340000420272e-21 0 0 0 -1.0709668000084058e-20 0 0 -2.1419336000168109e-20 0 -4.283867200033623e-20 0 0 -8.567734400067246e-20 0 0 0 0 0 -1.7135468800134492e-19 0 0 0 0 0 0 0 0 0 0 0 0 0 0 0 0 0 0 0 0 0 0 0 0 -6.6935425000525359e-22 0 0 -5.3548340000420288e-21 0 0 0 1.0709668000084058e-20 0 0 2.1419336000168115e-20 0 4.283867200033623e-20 0 0 8.567734400067246e-20 0 0 0 0 0 1.7135468800134492e-19 0 0 -2.6774170000210144e-21 -5.3548340000420288e-21 1.0709668000084056e-20 0 -1.0709668000084058e-20 2.1419336000168115e-20 0 -2.1419336000168115e-20 0 -4.2838672000336218e-20 0 0 0 0 1.7135468800134492e-19 0 0 1.7135468800134492e-19 0 0 0 0 0 0 0 0 0 0 0 0 0 0 8.5677344000672448e-20 0 -1.7135468800134492e-19 0 0 1.7135468800134492e-19 0 0 0 3.4270937600268984e-19 0 0 0 0 0 -1.0709668000084058e-20 -2.1419336000168115e-20 2.1419336000168115e-20 0 4.283867200033623e-20 4.283867200033623e-20 0 0 0 0 0 0 0 0 0 0 0 0 0 -6.8541875200537968e-19 0 -2.6774170000210144e-21 5.3548340000420288e-21 0 2.1419336000168115e-20 2.1419336000168115e-20 0 0 0 0 0 0 0 0 3.4270937600268984e-19 0 0 0 0 0 0 0 0 0 0 0 -2.1419336000168115e-20 0 -4.2838672000336224e-20 0 -4.283867200033623e-20 0 -8.567734400067246e-20 0 0 1.7135468800134492e-19 3.4270937600268984e-19 3.4270937600268984e-19 -3.4270937600268984e-19 3.4270937600268984e-19 6.8541875200537968e-19 0 -6.8541875200537968e-19 0 1.3708375040107594e-18 -1.3708375040107594e-18 -1.3708375040107594e-18 0 0 0 0 0 -4.283867200033623e-20 -8.567734400067246e-20 8.567734400067246e-20 0 1.7135468800134492e-19 0 0 0 0 6.8541875200537949e-19 0 -6.8541875200537968e-19 0 -6.8541875200537968e-19 0 0 0 2.7416750080215183e-18 5.3548340000420288e-21 0 -2.1419336000168115e-20 4.283867200033623e-20 0 0 0 -8.567734400067246e-20 -1.7135468800134492e-19 1.7135468800134492e-19 0 0 0 0 0 0 -6.8541875200537968e-19 0 0 0 0 2.7416750080215187e-18 0 0 0 0 -4.283867200033623e-20 0 0 8.567734400067246e-20 0 1.7135468800134492e-19 1.7135468800134492e-19 0 0 0 0 0 0 0 0 -1.3708375040107594e-18 0 2.7416750080215187e-18 0 -2.7416750080215187e-18 0 0 0 0 0 8.567734400067246e-20 1.7135468800134492e-19 0 0 0 0 -3.4270937600268984e-19 0 0 0 0 0 0 0 1.3708375040107594e-18 0 -2.7416750080215187e-18 0 0 0 0 0 0 0 0 0 0 -3.4270937600268984e-19 0 0 0 0 6.8541875200537968e-19 0 -1.3708375040107594e-18 0 0 0 0 0 -5.4833500160430374e-18 0 2.1419336000168115e-20 -4.283867200033623e-20 0 0 0 0 1.7135468800134492e-19 -3.4270937600268984e-19 0 -3.4270937600268984e-19 0 6.8541875200537968e-19 0 0 1.3708375040107594e-18 -1.3708375040107594e-18 0 2.7416750080215187e-18 0 0 5.4833500160430374e-18 0 0 2.1419336000168115e-20 4.283867200033623e-20 0 0 1.7135468800134492e-19 0 1.7135468800134492e-19 0 3.4270937600268984e-19 3.4270937600268984e-19 0 6.8541875200537968e-19 6.8541875200537968e-19 -1.3708375040107594e-18 0 0 -1.3708375040107594e-18 2.7416750080215187e-18 0 0 0 -5.4833500160430374e-18 -9.3293107911843354e-21 0 -3.7317243164737342e-20 0 1.4926897265894937e-19 -1.4926897265894937e-19 0 0 -2.9853794531789873e-19 0 0 -5.9707589063579747e-19 0 -1.1941517812715949e-18 1.1941517812715949e-18 1.1941517812715949e-18 0 0 -2.3883035625431899e-18 0 0 4.7766071250863797e-18 -4.776607125086379e-18 0 0 0 0 0 0 -1.4926897265894937e-19 0 0 0 0 0 0 0 1.1941517812715949e-18 0 2.3883035625431899e-18 0 2.3883035625431895e-18 0 0 0 0 0 0 -3.7317243164737342e-20 0 -7.4634486329474684e-20 0 -1.4926897265894937e-19 0 -2.9853794531789873e-19 -2.9853794531789869e-19 0 0 0 0 0 0 -1.1941517812715947e-18 -2.3883035625431899e-18 0 0 0 4.7766071250863797e-18 0 0 0 0 7.4634486329474684e-20 0 0 0 0 -2.9853794531789873e-19 2.9853794531789873e-19 -2.9853794531789873e-19 5.9707589063579747e-19 0 5.9707589063579747e-19 0 0 0 -1.1941517812715949e-18 2.3883035625431899e-18 0 0 0 0 9.3293107911843354e-21 0 -3.7317243164737342e-20 7.4634486329474684e-20 0 0 1.4926897265894937e-19 1.4926897265894937e-19 0 0 0 0 5.9707589063579747e-19 -5.9707589063579747e-19 1.1941517812715949e-18 0 1.1941517812715949e-18 0 -1.1941517812715947e-18 0 0 0 4.7766071250863797e-18 0 0 -3.7317243164737342e-20 0 0 0 0 0 1.4926897265894937e-19 -1.4926897265894937e-19 0 0 0 0 0 0 -1.1941517812715949e-18 1.1941517812715949e-18 0 -1.1941517812715949e-18 2.3883035625431899e-18 0 0 0 -9.3293107911843354e-21 0 0 -3.7317243164737342e-20 0 0 -1.4926897265894937e-19 0 1.4926897265894934e-19 2.9853794531789873e-19 2.9853794531789873e-19 0 0 0 0 -5.9707589063579737e-19 1.1941517812715949e-18 0 1.1941517812715949e-18 0 0 -2.3883035625431899e-18 4.6646553955921677e-21 9.3293107911843354e-21 0 -1.8658621582368671e-20 0 0 -7.4634486329474684e-20 7.4634486329474672e-20 0 0 0 -2.9853794531789873e-19 0 0 0 0 -5.9707589063579747e-19 0 0 0 1.1941517812715947e-18 1.1941517812715949e-18 2.3883035625431899e-18 0 0 -1.8658621582368671e-20 0 3.7317243164737336e-20 0 0 -7.4634486329474684e-20 -7.4634486329474684e-20 -7.4634486329474684e-20 0 1.4926897265894934e-19 0 0 0 0 5.9707589063579747e-19 0 0 0 0 -1.1941517812715949e-18 2.3883035625431899e-18 -2.3323276977960839e-21 0 0 0 0 3.7317243164737342e-20 0 -7.4634486329474684e-20 0 0 0 0 0 0 0 0 0 0 5.9707589063579747e-19 0 0 0 -1.1941517812715947e-18 0 -4.6646553955921677e-21 0 -9.3293107911843354e-21 0 0 0 0 -3.7317243164737342e-20 0 0 0 0 1.4926897265894937e-19 0 0 0 -2.9853794531789873e-19 2.9853794531789873e-19 0 0 5.9707589063579747e-19 1.1941517812715949e-18 -1.1661638488980419e-21 0 -4.664655395592167e-21 0 0 0 0 0 -3.7317243164737342e-20 3.7317243164737342e-20 0 0 0 -1.4926897265894937e-19 0 0 0 0 0 -2.9853794531789873e-19 0 0 0 5.8308192444902087e-22 0 0 0 0 0 0 0 0 0 0 0 0 0 0 0 0 0 -1.4926897265894937e-19 0 0 0 0 0 0 0 0 0 0 0 0 0 0 0 0 0 0 0 0 0 0 0 0 0 0 0 -5.8308192444902097e-22 0 0 0 0 0 0 0 0 0 0 0 0 0 0 0 0 0 1.4926897265894937e-19 0 0 0 0 1.1661638488980417e-21 0 4.664655395592167e-21 0 0 0 0 0 3.7317243164737342e-20 -3.7317243164737342e-20 0 0 0 1.4926897265894937e-19 0 0 0 0 0 2.9853794531789873e-19 0 0 0 0 4.6646553955921677e-21 0 9.3293107911843354e-21 0 0 0 0 3.7317243164737342e-20 0 0 0 0 -1.4926897265894937e-19 0 0 0 2.9853794531789873e-19 -2.9853794531789873e-19 0 0 -5.9707589063579747e-19 -1.1941517812715949e-18 2.3323276977960839e-21 0 0 0 0 -3.7317243164737342e-20 0 7.4634486329474684e-20 0 0 0 0 0 0 0 0 0 0 -5.9707589063579747e-19 0 0 0 1.1941517812715949e-18 0 0 1.8658621582368671e-20 0 -3.7317243164737342e-20 0 0 7.4634486329474684e-20 7.4634486329474684e-20 7.4634486329474684e-20 0 -1.4926897265894937e-19 0 0 0 0 -5.9707589063579747e-19 0 0 0 0 1.1941517812715949e-18 -2.3883035625431895e-18 -4.6646553955921677e-21 -9.3293107911843354e-21 0 1.8658621582368671e-20 0 0 7.4634486329474684e-20 -7.4634486329474684e-20 0 0 0 2.9853794531789869e-19 0 0 0 0 5.9707589063579747e-19 0 0 0 -1.1941517812715947e-18 -1.1941517812715949e-18 -2.3883035625431899e-18 0 9.3293107911843354e-21 0 0 3.7317243164737342e-20 0 0 1.4926897265894934e-19 0 -1.4926897265894934e-19 -2.9853794531789873e-19 -2.9853794531789873e-19 0 0 0 0 5.9707589063579737e-19 -1.1941517812715949e-18 0 -1.1941517812715949e-18 0 0 2.3883035625431899e-18 0 0 3.7317243164737342e-20 0 0 0 0 0 -1.4926897265894937e-19 1.4926897265894937e-19 0 0 0 0 0 0 1.1941517812715949e-18 -1.1941517812715949e-18 0 1.1941517812715949e-18 -2.3883035625431899e-18 0 0 -9.3293107911843354e-21 0 3.7317243164737342e-20 -7.4634486329474684e-20 0 0 -1.4926897265894937e-19 -1.4926897265894937e-19 0 0 0 0 -5.9707589063579747e-19 5.9707589063579747e-19 -1.1941517812715949e-18 0 -1.1941517812715949e-18 0 1.1941517812715947e-18 0 0 0 -4.7766071250863797e-18 0 0 0 -7.4634486329474684e-20 0 0 0 0 2.9853794531789873e-19 -2.9853794531789873e-19 2.9853794531789873e-19 -5.9707589063579747e-19 0 -5.9707589063579747e-19 0 0 0 1.1941517812715949e-18 -2.3883035625431895e-18 0 0 0 0 0 0 3.7317243164737342e-20 0 7.4634486329474684e-20 0 1.4926897265894937e-19 0 2.9853794531789873e-19 2.9853794531789869e-19 0 0 0 0 0 0 1.1941517812715947e-18 2.3883035625431899e-18 0 0 0 -4.7766071250863797e-18 0 0 0 0 0 0 0 1.4926897265894937e-19 0 0 0 0 0 0 0 -1.1941517812715949e-18 0 -2.3883035625431895e-18 0 -2.3883035625431895e-18 0 0 0 0 9.3293107911843354e-21 0 3.7317243164737342e-20 0 -1.4926897265894937e-19 1.4926897265894937e-19 0 0 2.9853794531789873e-19 0 0 5.9707589063579747e-19 0 1.1941517812715949e-18 -1.1941517812715949e-18 -1.1941517812715949e-18 0 0 2.3883035625431899e-18 0 0 -4.7766071250863797e-18 4.776607125086379e-18 0 3.2798358250257418e-20 0 1.3119343300102967e-19 1.3119343300102967e-19 0 -2.6238686600205934e-19 2.6238686600205934e-19 0 0 -5.2477373200411869e-19 0 -1.0495474640082374e-18 0 0 0 0 -2.0990949280164748e-18 -2.0990949280164748e-18 -4.1981898560329495e-18 0 0 8.396379712065899e-18 0 0 6.5596716500514836e-20 -6.5596716500514836e-20 0 0 0 2.6238686600205934e-19 0 0 5.2477373200411869e-19 0 0 0 1.0495474640082374e-18 0 2.0990949280164748e-18 2.0990949280164748e-18 0 0 -4.1981898560329495e-18 4.1981898560329495e-18 8.396379712065899e-18 8.1995895625643545e-21 0 3.2798358250257412e-20 0 0 -1.3119343300102967e-19 0 0 0 2.623868660020593e-19 0 0 -1.0495474640082374e-18 -1.0495474640082374e-18 -1.0495474640082374e-18 0 0 0 0 0 0 0 0 0 0 3.2798358250257418e-20 0 0 0 0 0 2.623868660020593e-19 0 0 0 0 -1.0495474640082374e-18 -1.0495474640082374e-18 -1.0495474640082374e-18 2.0990949280164748e-18 0 -2.0990949280164744e-18 0 0 0 0 0 0 0 -6.5596716500514824e-20 0 1.3119343300102967e-19 0 0 2.6238686600205934e-19 2.6238686600205934e-19 -5.2477373200411869e-19 0 0 0 0 0 0 0 0 -2.0990949280164748e-18 0 0 4.1981898560329495e-18 0 0 -3.2798358250257418e-20 0 0 6.5596716500514836e-20 0 -1.3119343300102967e-19 0 2.6238686600205934e-19 0 0 -5.2477373200411869e-19 0 0 -1.0495474640082374e-18 0 0 0 0 0 -4.1981898560329495e-18 0 0 0 0 -3.2798358250257418e-20 0 0 0 -1.3119343300102967e-19 1.3119343300102967e-19 0 0 0 5.2477373200411869e-19 0 5.2477373200411869e-19 0 0 0 0 0 2.0990949280164748e-18 0 0 0 -8.199589562564353e-21 0 0 0 0 0 -6.5596716500514836e-20 0 0 0 -2.6238686600205934e-19 0 0 0 -5.2477373200411869e-19 -5.2477373200411869e-19 0 0 1.0495474640082374e-18 0 0 0 0 0 0 0 3.2798358250257418e-20 0 6.5596716500514836e-20 0 0 0 0 2.6238686600205934e-19 0 0 0 0 0 -5.2477373200411869e-19 0 0 0 0 -2.0990949280164744e-18 0 -8.1995895625643545e-21 0 0 0 -3.2798358250257412e-20 6.5596716500514836e-20 0 0 0 0 0 -2.6238686600205934e-19 0 -2.6238686600205934e-19 0 0 0 0 0 0 0 0 0 4.0997947812821765e-21 0 0 -1.6399179125128709e-20 0 0 0 0 6.5596716500514836e-20 0 0 0 0 0 0 0 0 -5.2477373200411869e-19 5.2477373200411869e-19 0 0 0 0 4.0997947812821773e-21 0 0 0 0 0 3.2798358250257418e-20 3.2798358250257412e-20 0 0 0 0 0 -1.3119343300102967e-19 0 0 -2.6238686600205934e-19 0 0 0 0 0 -5.1247434766027216e-22 0 0 0 8.1995895625643545e-21 -8.1995895625643545e-21 0 -1.6399179125128709e-20 0 0 3.2798358250257418e-20 0 0 0 0 0 0 0 0 1.3119343300102967e-19 -2.6238686600205934e-19 0 5.2477373200411869e-19 0 0 0 0 0 0 0 0 0 0 0 0 0 0 0 0 0 0 0 0 0 0 0 5.1247434766027206e-22 0 0 0 -8.1995895625643545e-21 8.1995895625643545e-21 0 1.6399179125128709e-20 0 0 -3.2798358250257418e-20 0 0 0 0 0 0 0 0 -1.3119343300102967e-19 2.6238686600205934e-19 0 -5.2477373200411869e-19 0 -4.0997947812821773e-21 0 0 0 0 0 -3.2798358250257418e-20 -3.2798358250257412e-20 0 0 0 0 0 1.3119343300102967e-19 0 0 2.6238686600205934e-19 0 0 0 0 0 0 -4.0997947812821765e-21 0 0 1.6399179125128709e-20 0 0 0 0 -6.5596716500514836e-20 0 0 0 0 0 0 0 0 5.2477373200411869e-19 -5.2477373200411869e-19 0 0 0 0 8.1995895625643545e-21 0 0 0 3.2798358250257412e-20 -6.5596716500514836e-20 0 0 0 0 0 2.6238686600205934e-19 0 2.6238686600205934e-19 0 0 0 0 0 0 0 0 0 0 0 0 -3.2798358250257418e-20 0 -6.5596716500514836e-20 0 0 0 0 -2.6238686600205934e-19 0 0 0 0 0 5.2477373200411869e-19 0 0 0 0 2.0990949280164748e-18 0 8.199589562564353e-21 0 0 0 0 0 6.5596716500514824e-20 0 0 0 2.6238686600205934e-19 0 0 0 5.2477373200411869e-19 5.2477373200411869e-19 0 0 -1.0495474640082374e-18 0 0 0 0 0 0 3.2798358250257418e-20 0 0 0 1.3119343300102967e-19 -1.3119343300102967e-19 0 0 0 -5.2477373200411869e-19 0 -5.2477373200411869e-19 0 0 0 0 0 -2.0990949280164748e-18 0 0 0 0 3.2798358250257418e-20 0 0 -6.5596716500514836e-20 0 1.3119343300102967e-19 0 -2.6238686600205934e-19 0 0 5.2477373200411869e-19 0 0 1.0495474640082374e-18 0 0 0 0 0 4.1981898560329495e-18 0 0 0 0 6.5596716500514824e-20 0 -1.3119343300102967e-19 0 0 -2.6238686600205934e-19 -2.6238686600205934e-19 5.2477373200411869e-19 0 0 0 0 0 0 0 0 2.0990949280164748e-18 0 0 -4.1981898560329495e-18 0 0 -3.2798358250257418e-20 0 0 0 0 0 -2.623868660020593e-19 0 0 0 0 1.0495474640082374e-18 1.0495474640082374e-18 1.0495474640082374e-18 -2.0990949280164748e-18 0 2.0990949280164748e-18 0 0 0 0 -8.1995895625643545e-21 0 -3.2798358250257412e-20 0 0 1.3119343300102967e-19 0 0 0 -2.623868660020593e-19 0 0 1.0495474640082374e-18 1.0495474640082374e-18 1.0495474640082374e-18 0 0 0 0 0 0 0 0 0 0 -6.5596716500514836e-20 6.5596716500514836e-20 0 0 0 -2.6238686600205934e-19 0 0 -5.2477373200411869e-19 0 0 0 -1.0495474640082374e-18 0 -2.0990949280164748e-18 -2.0990949280164748e-18 0 0 4.1981898560329495e-18 -4.1981898560329495e-18 -8.396379712065899e-18 0 -3.2798358250257418e-20 0 -1.3119343300102967e-19 -1.3119343300102967e-19 0 2.6238686600205934e-19 -2.6238686600205934e-19 0 0 5.2477373200411869e-19 0 1.0495474640082374e-18 0 0 0 0 2.0990949280164748e-18 2.0990949280164748e-18 4.1981898560329495e-18 0 0 -8.396379712065899e-18 1.4526608498383917e-20 -2.905321699676784e-20 0 0 0 0 0 2.3242573597414267e-19 4.6485147194828534e-19 0 4.6485147194828543e-19 -9.2970294389657067e-19 0 0 0 0 0 -3.7188117755862827e-18 0 -3.7188117755862827e-18 3.7188117755862827e-18 7.4376235511725654e-18 0 0 0 0 0 1.1621286798707133e-19 2.3242573597414267e-19 0 -2.3242573597414272e-19 -4.6485147194828534e-19 0 -4.6485147194828543e-19 -9.2970294389657067e-19 0 -9.2970294389657067e-19 0 0 0 0 0 0 0 0 0 -1.4526608498383917e-20 2.9053216996767834e-20 0 -5.8106433993535667e-20 0 -2.3242573597414267e-19 0 0 0 -4.6485147194828534e-19 0 0 0 0 -1.8594058877931413e-18 0 -1.8594058877931413e-18 1.8594058877931413e-18 -1.8594058877931413e-18 0 0 -3.7188117755862827e-18 0 1.4526608498383917e-20 -2.9053216996767834e-20 0 0 0 0 0 0 0 0 0 0 0 0 -9.2970294389657067e-19 0 -1.8594058877931417e-18 0 0 0 0 0 0 -7.2633042491919599e-21 0 2.9053216996767834e-20 0 0 1.1621286798707133e-19 -1.1621286798707133e-19 0 0 0 0 0 0 0 0 -9.2970294389657067e-19 0 0 0 0 0 0 3.7188117755862827e-18 0 0 0 0 -5.8106433993535667e-20 0 0 0 0 0 0 0 4.6485147194828543e-19 -9.2970294389657067e-19 -9.2970294389657067e-19 0 -9.2970294389657067e-19 0 0 0 0 0 3.7188117755862827e-18 0 1.4526608498383917e-20 -2.9053216996767834e-20 0 -5.8106433993535667e-20 0 1.1621286798707133e-19 0 0 2.3242573597414267e-19 0 -4.6485147194828534e-19 -4.6485147194828543e-19 0 0 -9.2970294389657067e-19 0 0 -9.2970294389657067e-19 -1.8594058877931413e-18 0 0 0 0 0 2.9053216996767834e-20 0 5.8106433993535667e-20 0 0 0 0 0 2.3242573597414267e-19 2.3242573597414272e-19 0 0 4.6485147194828534e-19 -4.6485147194828534e-19 0 0 0 9.2970294389657086e-19 0 0 0 3.6316521245959792e-21 0 -1.452660849838392e-20 0 0 -5.8106433993535667e-20 0 0 0 0 0 2.3242573597414267e-19 2.3242573597414267e-19 -4.6485147194828534e-19 4.6485147194828534e-19 0 -4.6485147194828534e-19 0 0 0 0 1.8594058877931413e-18 0 -3.6316521245959792e-21 0 1.4526608498383917e-20 -2.9053216996767834e-20 0 0 -5.8106433993535679e-20 0 0 0 1.1621286798707133e-19 2.3242573597414267e-19 2.3242573597414272e-19 0 0 0 0 0 0 -9.2970294389657067e-19 0 9.2970294389657067e-19 1.8594058877931413e-18 -1.8158260622979896e-21 0 -1.4526608498383917e-20 0 -2.9053216996767834e-20 0 0 0 0 0 0 1.1621286798707133e-19 0 0 0 0 -4.6485147194828534e-19 0 -4.6485147194828534e-19 -4.6485147194828543e-19 0 0 0 0 0 -7.2633042491919584e-21 0 0 -2.9053216996767834e-20 0 0 0 0 0 0 1.1621286798707133e-19 0 0 0 0 -2.3242573597414267e-19 0 0 0 9.2970294389657067e-19 -9.2970294389657067e-19 0 1.8158260622979896e-21 3.6316521245959799e-21 0 0 0 0 -1.4526608498383917e-20 0 -2.9053216996767834e-20 0 -5.8106433993535667e-20 0 0 1.1621286798707133e-19 1.1621286798707133e-19 1.1621286798707133e-19 0 0 0 2.3242573597414272e-19 0 0 0 0 0 0 0 0 0 0 0 0 0 0 0 0 0 0 0 0 0 0 0 0 0 0 -1.8158260622979896e-21 -3.6316521245959792e-21 0 0 0 0 1.4526608498383917e-20 0 2.9053216996767834e-20 0 5.8106433993535667e-20 0 0 -1.1621286798707133e-19 -1.1621286798707133e-19 -1.1621286798707133e-19 0 0 0 -2.3242573597414272e-19 0 0 0 0 7.2633042491919599e-21 0 0 2.9053216996767834e-20 0 0 0 0 0 0 -1.1621286798707133e-19 0 0 0 0 2.3242573597414267e-19 0 0 0 -9.2970294389657067e-19 9.2970294389657067e-19 1.8158260622979896e-21 0 1.4526608498383917e-20 0 2.9053216996767834e-20 0 0 0 0 0 0 -1.1621286798707133e-19 0 0 0 0 4.6485147194828534e-19 0 4.6485147194828534e-19 4.6485147194828543e-19 0 0 0 3.6316521245959792e-21 0 -1.4526608498383917e-20 2.9053216996767834e-20 0 0 5.8106433993535679e-20 0 0 0 -1.1621286798707133e-19 -2.3242573597414267e-19 -2.3242573597414272e-19 0 0 0 0 0 0 9.2970294389657067e-19 0 -9.2970294389657067e-19 -1.8594058877931413e-18 -3.6316521245959792e-21 0 1.4526608498383917e-20 0 0 5.8106433993535667e-20 0 0 0 0 0 -2.3242573597414267e-19 -2.3242573597414267e-19 4.6485147194828534e-19 -4.6485147194828534e-19 0 4.6485147194828534e-19 0 0 0 0 -1.8594058877931413e-18 0 0 0 -2.905321699676784e-20 0 -5.8106433993535667e-20 0 0 0 0 0 -2.3242573597414267e-19 -2.3242573597414272e-19 0 0 -4.6485147194828534e-19 4.6485147194828534e-19 0 0 0 -9.2970294389657067e-19 0 0 0 0 -1.4526608498383917e-20 2.9053216996767834e-20 0 5.8106433993535667e-20 0 -1.1621286798707133e-19 0 0 -2.3242573597414267e-19 0 4.6485147194828543e-19 4.6485147194828543e-19 0 0 9.2970294389657067e-19 0 0 9.2970294389657067e-19 1.8594058877931417e-18 0 0 0 0 0 0 0 5.8106433993535667e-20 0 0 0 0 0 0 0 -4.6485147194828543e-19 9.2970294389657067e-19 9.2970294389657067e-19 0 9.2970294389657067e-19 0 0 0 0 0 -3.7188117755862827e-18 7.2633042491919584e-21 0 -2.9053216996767834e-20 0 0 -1.1621286798707133e-19 1.1621286798707133e-19 0 0 0 0 0 0 0 0 9.2970294389657067e-19 0 0 0 0 0 0 -3.7188117755862827e-18 -1.452660849838392e-20 2.9053216996767834e-20 0 0 0 0 0 0 0 0 0 0 0 0 9.2970294389657067e-19 0 1.8594058877931417e-18 0 0 0 0 0 0 1.4526608498383917e-20 -2.9053216996767834e-20 0 5.8106433993535667e-20 0 2.3242573597414267e-19 0 0 0 4.6485147194828534e-19 0 0 0 0 1.8594058877931413e-18 0 1.8594058877931413e-18 -1.8594058877931413e-18 1.8594058877931413e-18 0 0 3.7188117755862827e-18 0 0 0 0 0 -1.1621286798707133e-19 -2.3242573597414267e-19 0 2.3242573597414272e-19 4.6485147194828534e-19 0 4.6485147194828543e-19 9.2970294389657067e-19 0 9.2970294389657067e-19 0 0 0 0 0 0 0 0 0 -1.4526608498383917e-20 2.905321699676784e-20 0 0 0 0 0 -2.3242573597414267e-19 -4.6485147194828534e-19 0 -4.6485147194828543e-19 9.2970294389657067e-19 0 0 0 0 0 3.7188117755862827e-18 0 3.7188117755862827e-18 -3.7188117755862827e-18 -7.4376235511725654e-18 0 -1.2957376098867134e-20 -5.1829504395468529e-20 5.1829504395468529e-20 0 0 0 -2.0731801758187411e-19 0 0 0 0 0 8.2927207032749646e-19 0 -1.6585441406549929e-18 -1.6585441406549929e-18 0 0 -3.3170882813099858e-18 0 0 0 0 0 0 5.1829504395468529e-20 0 0 0 0 -4.1463603516374823e-19 -4.1463603516374823e-19 0 0 0 0 0 0 0 0 3.3170882813099858e-18 0 0 3.3170882813099858e-18 0 6.6341765626199717e-18 0 0 0 0 0 0 0 0 0 -4.1463603516374823e-19 0 0 0 0 -1.6585441406549929e-18 1.6585441406549929e-18 -1.6585441406549929e-18 1.6585441406549929e-18 -3.3170882813099858e-18 -3.3170882813099858e-18 0 0 0 0 0 0 1.0365900879093706e-19 0 0 0 0 0 0 0 0 8.2927207032749646e-19 0 0 0 0 0 -1.6585441406549929e-18 0 0 3.3170882813099858e-18 0 1.2957376098867134e-20 -2.5914752197734264e-20 5.1829504395468529e-20 0 0 0 2.0731801758187411e-19 0 0 0 0 4.1463603516374823e-19 8.2927207032749646e-19 0 -8.2927207032749646e-19 0 0 0 1.6585441406549929e-18 0 3.3170882813099858e-18 3.3170882813099858e-18 0 6.4786880494335661e-21 0 0 0 0 0 0 0 -2.0731801758187411e-19 0 -4.1463603516374823e-19 0 0 -8.2927207032749646e-19 -8.2927207032749646e-19 -8.2927207032749646e-19 0 0 0 0 0 0 3.3170882813099858e-18 0 0 2.5914752197734267e-20 0 0 0 0 0 -2.0731801758187411e-19 0 -2.0731801758187411e-19 -4.1463603516374823e-19 -4.1463603516374823e-19 8.2927207032749646e-19 8.2927207032749646e-19 0 8.2927207032749646e-19 0 -1.6585441406549929e-18 0 0 0 0 6.4786880494335661e-21 0 2.5914752197734264e-20 -2.5914752197734264e-20 0 5.1829504395468529e-20 0 0 -1.0365900879093706e-19 0 0 0 0 0 0 -8.2927207032749646e-19 0 0 0 -8.2927207032749636e-19 0 1.6585441406549929e-18 3.3170882813099858e-18 0 0 0 0 0 5.1829504395468535e-20 -5.1829504395468529e-20 0 0 0 2.0731801758187411e-19 0 4.1463603516374823e-19 0 0 -4.1463603516374823e-19 0 0 -8.2927207032749646e-19 0 0 0 0 0 0 0 0 0 5.1829504395468529e-20 0 -5.1829504395468529e-20 0 0 2.0731801758187411e-19 2.0731801758187411e-19 -2.0731801758187414e-19 0 0 -4.1463603516374823e-19 4.1463603516374823e-19 0 0 0 0 0 1.6585441406549929e-18 0 0 0 1.2957376098867132e-20 0 0 0 0 -5.1829504395468529e-20 0 1.0365900879093706e-19 0 -2.0731801758187411e-19 0 -2.0731801758187411e-19 0 0 -4.1463603516374823e-19 4.1463603516374828e-19 0 0 -8.2927207032749646e-19 0 -1.6196720123583915e-21 0 0 0 1.2957376098867132e-20 -2.5914752197734264e-20 0 -2.5914752197734264e-20 -5.1829504395468529e-20 0 0 0 0 0 -2.0731801758187411e-19 0 0 4.1463603516374823e-19 0 4.1463603516374823e-19 -4.1463603516374823e-19 0 -8.2927207032749646e-19 0 -1.6196720123583917e-21 0 0 0 0 -1.2957376098867132e-20 0 -2.5914752197734264e-20 0 5.1829504395468529e-20 0 -5.1829504395468529e-20 1.0365900879093706e-19 1.0365900879093707e-19 0 0 0 0 2.0731801758187411e-19 2.0731801758187414e-19 0 4.1463603516374828e-19 0 0 0 0 0 0 0 0 0 0 0 0 0 0 0 0 0 0 0 0 0 0 0 0 1.6196720123583917e-21 0 0 0 0 1.2957376098867132e-20 0 2.5914752197734264e-20 0 -5.1829504395468529e-20 0 5.1829504395468529e-20 -1.0365900879093706e-19 -1.0365900879093706e-19 0 0 0 0 -2.0731801758187411e-19 -2.0731801758187411e-19 0 -4.1463603516374823e-19 1.6196720123583915e-21 0 0 0 -1.2957376098867132e-20 2.5914752197734264e-20 0 2.5914752197734264e-20 5.1829504395468529e-20 0 0 0 0 0 2.0731801758187414e-19 0 0 -4.1463603516374823e-19 0 -4.1463603516374823e-19 4.1463603516374828e-19 0 8.2927207032749655e-19 0 0 0 -1.2957376098867132e-20 0 0 0 0 5.1829504395468529e-20 0 -1.0365900879093706e-19 0 2.0731801758187411e-19 0 2.0731801758187411e-19 0 0 4.1463603516374823e-19 -4.1463603516374828e-19 0 0 8.2927207032749646e-19 0 0 0 0 0 0 -5.1829504395468529e-20 0 5.1829504395468529e-20 0 0 -2.0731801758187411e-19 -2.0731801758187411e-19 2.0731801758187414e-19 0 0 4.1463603516374823e-19 -4.1463603516374823e-19 0 0 0 0 0 -1.6585441406549929e-18 0 0 0 0 0 -5.1829504395468535e-20 5.1829504395468529e-20 0 0 0 -2.0731801758187411e-19 0 -4.1463603516374828e-19 0 0 4.1463603516374823e-19 0 0 8.2927207032749646e-19 0 0 0 0 -6.4786880494335661e-21 0 -2.5914752197734264e-20 2.5914752197734264e-20 0 -5.1829504395468529e-20 0 0 1.0365900879093706e-19 0 0 0 0 0 0 8.2927207032749646e-19 0 0 0 8.2927207032749655e-19 0 -1.6585441406549929e-18 -3.3170882813099858e-18 0 0 -2.5914752197734267e-20 0 0 0 0 0 2.0731801758187411e-19 0 2.0731801758187411e-19 4.1463603516374823e-19 4.1463603516374823e-19 -8.2927207032749646e-19 -8.2927207032749646e-19 0 -8.2927207032749646e-19 0 1.6585441406549929e-18 0 0 0 0 -6.4786880494335661e-21 0 0 0 0 0 0 0 2.0731801758187411e-19 0 4.1463603516374823e-19 0 0 8.2927207032749646e-19 8.2927207032749646e-19 8.2927207032749646e-19 0 0 0 0 0 0 -3.3170882813099858e-18 -1.2957376098867132e-20 2.5914752197734264e-20 -5.1829504395468529e-20 0 0 0 -2.0731801758187411e-19 0 0 0 0 -4.1463603516374823e-19 -8.2927207032749646e-19 0 8.2927207032749646e-19 0 0 0 -1.6585441406549929e-18 0 -3.3170882813099858e-18 -3.3170882813099858e-18 0 0 0 0 -1.0365900879093706e-19 0 0 0 0 0 0 0 0 -8.2927207032749646e-19 0 0 0 0 0 1.6585441406549929e-18 0 0 -3.3170882813099858e-18 0 0 0 0 0 0 0 0 0 0 4.1463603516374823e-19 0 0 0 0 1.6585441406549929e-18 -1.6585441406549929e-18 1.6585441406549929e-18 -1.6585441406549929e-18 3.3170882813099858e-18 3.3170882813099858e-18 0 0 0 0 0 -5.1829504395468529e-20 0 0 0 0 4.1463603516374823e-19 4.1463603516374823e-19 0 0 0 0 0 0 0 0 -3.3170882813099858e-18 0 0 -3.3170882813099858e-18 0 -6.6341765626199717e-18 1.2957376098867134e-20 5.1829504395468529e-20 -5.1829504395468529e-20 0 0 0 2.0731801758187411e-19 0 0 0 0 0 -8.2927207032749646e-19 0 1.6585441406549929e-18 1.6585441406549929e-18 0 0 3.3170882813099858e-18 0 0 0 0 0 4.960054177732693e-20 9.9201083554653848e-20 0 -1.984021671093077e-19 0 1.9840216710930772e-19 0 0 -3.9680433421861539e-19 0 -7.9360866843723078e-19 0 0 1.5872173368744618e-18 0 0 0 0 0 0 0 -6.3488693474978463e-18 0 -4.9600541777326924e-20 0 0 0 0 0 -3.9680433421861539e-19 0 3.9680433421861539e-19 0 0 0 0 -1.5872173368744616e-18 0 -1.5872173368744616e-18 0 -3.1744346737489231e-18 0 0 0 6.3488693474978463e-18 1.2400135444331731e-20 0 0 0 0 1.984021671093077e-19 0 0 0 0 -7.9360866843723078e-19 0 0 0 0 1.5872173368744616e-18 0 0 0 -3.1744346737489231e-18 3.1744346737489231e-18 0 -6.3488693474978463e-18 0 0 0 0 0 0 -1.984021671093077e-19 0 0 0 0 0 0 -7.9360866843723078e-19 0 0 0 0 0 0 0 0 0 0 -2.4800270888663462e-20 0 0 0 0 0 0 0 -3.9680433421861539e-19 -3.9680433421861539e-19 0 0 -7.9360866843723078e-19 0 -1.5872173368744616e-18 0 0 0 -3.1744346737489231e-18 0 3.1744346737489231e-18 -6.3488693474978463e-18 0 2.4800270888663462e-20 0 0 9.9201083554653848e-20 0 0 0 0 1.9840216710930774e-19 0 0 0 0 0 0 0 0 1.5872173368744616e-18 0 3.1744346737489231e-18 -3.1744346737489231e-18 0 0 0 2.4800270888663462e-20 0 4.9600541777326924e-20 0 0 -1.984021671093077e-19 1.9840216710930772e-19 1.984021671093077e-19 0 0 -3.9680433421861539e-19 0 -7.9360866843723088e-19 0 7.9360866843723078e-19 0 1.5872173368744618e-18 0 1.5872173368744616e-18 0 0 0 0 0 -4.9600541777326924e-20 0 0 0 -9.9201083554653848e-20 0 0 0 0 3.9680433421861539e-19 -3.9680433421861539e-19 -3.9680433421861539e-19 0 7.9360866843723078e-19 0 0 0 1.5872173368744616e-18 1.5872173368744616e-18 0 -6.2000677221658655e-21 -1.2400135444331731e-20 0 0 0 0 0 0 -9.9201083554653848e-20 0 0 0 -3.9680433421861544e-19 0 0 0 -7.9360866843723078e-19 0 -7.9360866843723078e-19 0 0 1.5872173368744616e-18 0 0 0 0 -2.4800270888663462e-20 0 -4.960054177732693e-20 0 9.9201083554653848e-20 0 9.9201083554653848e-20 0 0 -1.984021671093077e-19 0 0 3.9680433421861544e-19 0 7.9360866843723078e-19 7.9360866843723078e-19 0 0 0 1.5872173368744616e-18 0 -6.2000677221658655e-21 0 0 0 0 0 0 -4.9600541777326924e-20 0 0 0 0 0 0 0 0 -3.9680433421861549e-19 0 0 0 7.9360866843723088e-19 0 1.5500169305414666e-21 -6.2000677221658655e-21 0 1.2400135444331731e-20 2.4800270888663462e-20 0 2.4800270888663462e-20 0 0 4.9600541777326924e-20 -9.9201083554653848e-20 0 0 0 0 0 0 0 0 0 0 7.9360866843723078e-19 0 7.7500846527073319e-22 3.1000338610829335e-21 -3.1000338610829327e-21 0 -1.2400135444331734e-20 0 1.2400135444331732e-20 -2.4800270888663462e-20 -2.4800270888663462e-20 2.4800270888663462e-20 0 0 0 -9.920108355465386e-20 0 -9.9201083554653848e-20 0 0 0 0 -1.984021671093077e-19 0 3.9680433421861539e-19 0 0 0 0 0 0 0 0 0 0 0 0 0 0 0 0 0 0 0 0 0 0 0 -7.7500846527073319e-22 -3.1000338610829327e-21 3.1000338610829327e-21 0 1.2400135444331731e-20 0 -1.2400135444331732e-20 2.4800270888663462e-20 2.4800270888663462e-20 -2.4800270888663462e-20 0 0 0 9.920108355465386e-20 0 9.9201083554653848e-20 0 0 0 0 1.9840216710930772e-19 0 -3.9680433421861539e-19 -1.5500169305414666e-21 6.2000677221658662e-21 0 -1.2400135444331731e-20 -2.4800270888663465e-20 0 -2.4800270888663462e-20 0 0 -4.9600541777326924e-20 9.9201083554653848e-20 0 0 0 0 0 0 0 0 0 0 -7.9360866843723078e-19 0 0 6.2000677221658655e-21 0 0 0 0 0 0 4.9600541777326924e-20 0 0 0 0 0 0 0 0 3.9680433421861539e-19 0 0 0 -7.9360866843723088e-19 0 0 0 0 2.4800270888663462e-20 0 4.960054177732693e-20 0 -9.9201083554653848e-20 0 -9.9201083554653848e-20 0 0 1.984021671093077e-19 0 0 -3.9680433421861544e-19 0 -7.9360866843723088e-19 -7.9360866843723078e-19 0 0 0 -1.5872173368744616e-18 6.2000677221658655e-21 1.2400135444331731e-20 0 0 0 0 0 0 9.9201083554653848e-20 0 0 0 3.9680433421861539e-19 0 0 0 7.9360866843723078e-19 0 7.9360866843723078e-19 0 0 -1.5872173368744616e-18 0 0 0 0 4.9600541777326924e-20 0 0 0 9.9201083554653848e-20 0 0 0 0 -3.9680433421861539e-19 3.9680433421861539e-19 3.9680433421861539e-19 0 -7.9360866843723078e-19 0 0 0 -1.5872173368744616e-18 -1.5872173368744616e-18 0 0 0 -2.4800270888663462e-20 0 -4.9600541777326924e-20 0 0 1.984021671093077e-19 -1.9840216710930772e-19 -1.984021671093077e-19 0 0 3.9680433421861539e-19 0 7.9360866843723088e-19 0 -7.9360866843723078e-19 0 -1.5872173368744618e-18 0 -1.5872173368744616e-18 0 0 0 -2.4800270888663462e-20 0 0 -9.9201083554653848e-20 0 0 0 0 -1.984021671093077e-19 0 0 0 0 0 0 0 0 -1.5872173368744616e-18 0 -3.1744346737489231e-18 3.1744346737489231e-18 0 0 2.4800270888663462e-20 0 0 0 0 0 0 0 3.9680433421861544e-19 3.9680433421861539e-19 0 0 7.9360866843723078e-19 0 1.5872173368744616e-18 0 0 0 3.1744346737489231e-18 0 -3.1744346737489231e-18 6.3488693474978463e-18 0 0 0 0 0 0 1.984021671093077e-19 0 0 0 0 0 0 7.9360866843723078e-19 0 0 0 0 0 0 0 0 0 -1.2400135444331731e-20 0 0 0 0 -1.984021671093077e-19 0 0 0 0 7.9360866843723078e-19 0 0 0 0 -1.5872173368744616e-18 0 0 0 3.1744346737489231e-18 -3.1744346737489231e-18 0 6.3488693474978463e-18 0 4.9600541777326924e-20 0 0 0 0 0 3.9680433421861539e-19 0 -3.9680433421861539e-19 0 0 0 0 1.5872173368744616e-18 0 1.5872173368744616e-18 0 3.1744346737489231e-18 0 0 0 -6.3488693474978463e-18 0 -4.960054177732693e-20 -9.9201083554653848e-20 0 1.984021671093077e-19 0 -1.9840216710930772e-19 0 0 3.9680433421861539e-19 0 7.9360866843723078e-19 0 0 -1.5872173368744618e-18 0 0 0 0 0 0 0 6.3488693474978463e-18 0 0 -9.5024668538545727e-20 9.5024668538545727e-20 0 -1.9004933707709145e-19 0 0 0 -3.8009867415418291e-19 7.6019734830836582e-19 -7.6019734830836582e-19 0 1.5203946966167316e-18 1.5203946966167316e-18 -1.5203946966167316e-18 3.0407893932334633e-18 -3.0407893932334633e-18 0 -3.0407893932334633e-18 0 0 -6.0815787864669265e-18 0 0 0 0 0 0 -1.9004933707709145e-19 -3.8009867415418291e-19 3.8009867415418291e-19 -3.8009867415418291e-19 7.6019734830836582e-19 0 1.5203946966167316e-18 0 1.5203946966167316e-18 1.5203946966167316e-18 0 0 0 0 0 0 0 0 4.7512334269272864e-20 0 0 0 -1.9004933707709145e-19 1.9004933707709145e-19 0 0 0 -7.6019734830836582e-19 7.6019734830836582e-19 -7.6019734830836582e-19 0 0 0 -1.5203946966167316e-18 0 0 3.0407893932334633e-18 -3.0407893932334633e-18 0 0 0 -2.3756167134636432e-20 0 9.5024668538545727e-20 0 0 0 1.9004933707709145e-19 3.8009867415418291e-19 3.8009867415418291e-19 0 0 0 7.6019734830836582e-19 0 1.5203946966167316e-18 0 0 0 3.0407893932334633e-18 0 -6.0815787864669265e-18 0 1.1878083567318216e-20 0 0 -9.5024668538545727e-20 0 0 1.9004933707709145e-19 0 0 0 0 0 0 0 1.5203946966167316e-18 0 -1.5203946966167316e-18 0 0 3.0407893932334633e-18 0 3.0407893932334633e-18 0 -1.1878083567318216e-20 0 0 0 0 0 0 -1.9004933707709145e-19 1.9004933707709145e-19 -3.8009867415418291e-19 -3.8009867415418291e-19 -3.8009867415418291e-19 0 7.6019734830836582e-19 0 0 0 -1.5203946966167316e-18 1.5203946966167316e-18 0 0 0 -3.0407893932334633e-18 0 0 0 0 0 0 0 0 -1.9004933707709145e-19 1.9004933707709145e-19 -3.8009867415418291e-19 -3.8009867415418291e-19 0 0 0 0 0 -1.5203946966167316e-18 0 0 0 0 0 0 1.1878083567318216e-20 0 0 0 0 0 9.5024668538545727e-20 0 1.9004933707709145e-19 1.9004933707709145e-19 3.8009867415418291e-19 3.8009867415418291e-19 3.8009867415418291e-19 0 0 -7.6019734830836582e-19 0 0 0 -1.5203946966167316e-18 0 -3.0407893932334633e-18 0 -1.1878083567318216e-20 0 0 4.7512334269272864e-20 4.7512334269272864e-20 0 0 -9.5024668538545727e-20 0 0 1.9004933707709145e-19 3.8009867415418291e-19 0 -3.8009867415418291e-19 0 7.6019734830836582e-19 -7.6019734830836582e-19 0 0 0 0 0 2.969520891829554e-21 0 0 -2.3756167134636432e-20 0 -4.7512334269272864e-20 4.7512334269272864e-20 0 9.5024668538545727e-20 0 -1.9004933707709145e-19 1.9004933707709145e-19 0 0 0 -3.8009867415418291e-19 0 7.6019734830836582e-19 -7.6019734830836582e-19 -7.6019734830836582e-19 0 0 0 2.969520891829554e-21 5.939041783659108e-21 0 0 0 -4.7512334269272864e-20 0 -4.7512334269272864e-20 0 0 9.5024668538545727e-20 1.9004933707709145e-19 0 0 0 -3.8009867415418291e-19 0 0 0 7.6019734830836582e-19 7.6019734830836582e-19 0 -1.5203946966167316e-18 -2.9695208918295536e-21 0 0 -1.1878083567318216e-20 0 -2.3756167134636432e-20 0 0 0 -4.7512334269272864e-20 9.5024668538545727e-20 -9.5024668538545727e-20 0 0 0 1.9004933707709145e-19 0 -3.8009867415418291e-19 0 -3.8009867415418291e-19 0 0 0 1.484760445914777e-21 2.969520891829554e-21 5.9390417836591072e-21 -5.939041783659108e-21 -1.1878083567318216e-20 1.1878083567318216e-20 -1.1878083567318216e-20 0 -2.3756167134636432e-20 0 -4.7512334269272864e-20 0 -4.7512334269272864e-20 0 0 -9.5024668538545727e-20 0 0 1.9004933707709145e-19 0 0 3.8009867415418291e-19 0 0 0 0 0 0 0 0 0 0 0 0 0 0 0 0 0 0 0 0 0 0 0 0 -1.484760445914777e-21 -2.969520891829554e-21 -5.9390417836591072e-21 5.939041783659108e-21 1.1878083567318216e-20 -1.1878083567318216e-20 1.1878083567318216e-20 0 2.3756167134636432e-20 0 4.7512334269272864e-20 0 4.7512334269272864e-20 0 0 9.5024668538545727e-20 0 0 -1.9004933707709145e-19 0 0 -3.8009867415418291e-19 0 2.9695208918295536e-21 0 0 1.1878083567318216e-20 0 2.3756167134636432e-20 0 0 0 4.7512334269272864e-20 -9.5024668538545727e-20 9.5024668538545727e-20 0 0 0 -1.9004933707709145e-19 0 3.8009867415418291e-19 0 3.8009867415418291e-19 0 0 0 -2.969520891829554e-21 -5.939041783659108e-21 0 0 0 4.7512334269272864e-20 0 4.7512334269272864e-20 0 0 -9.5024668538545727e-20 -1.9004933707709145e-19 0 0 0 3.8009867415418291e-19 0 0 0 -7.6019734830836582e-19 -7.6019734830836582e-19 0 1.5203946966167316e-18 -2.969520891829554e-21 0 0 2.3756167134636432e-20 0 4.7512334269272864e-20 -4.7512334269272864e-20 0 -9.5024668538545727e-20 0 1.9004933707709145e-19 -1.9004933707709145e-19 0 0 0 3.8009867415418291e-19 0 -7.6019734830836582e-19 7.6019734830836582e-19 7.6019734830836582e-19 0 0 0 0 1.1878083567318216e-20 0 0 -4.7512334269272864e-20 -4.7512334269272864e-20 0 0 9.5024668538545727e-20 0 0 -1.9004933707709145e-19 -3.8009867415418291e-19 0 3.8009867415418291e-19 0 -7.6019734830836582e-19 7.6019734830836582e-19 0 0 0 0 0 0 -1.1878083567318216e-20 0 0 0 0 0 -9.5024668538545727e-20 0 -1.9004933707709145e-19 -1.9004933707709145e-19 -3.8009867415418291e-19 -3.8009867415418291e-19 -3.8009867415418291e-19 0 0 7.6019734830836582e-19 0 0 0 1.5203946966167316e-18 0 3.0407893932334633e-18 0 0 0 0 0 0 0 0 1.9004933707709145e-19 -1.9004933707709145e-19 3.8009867415418291e-19 3.8009867415418291e-19 0 0 0 0 0 1.5203946966167316e-18 0 0 0 0 0 1.1878083567318216e-20 0 0 0 0 0 0 1.9004933707709145e-19 -1.9004933707709145e-19 3.8009867415418286e-19 3.8009867415418291e-19 3.8009867415418291e-19 0 -7.6019734830836582e-19 0 0 0 1.5203946966167316e-18 -1.5203946966167316e-18 0 0 0 3.0407893932334633e-18 -1.1878083567318216e-20 0 0 9.5024668538545727e-20 0 0 -1.9004933707709145e-19 0 0 0 0 0 0 0 -1.5203946966167316e-18 0 1.5203946966167316e-18 0 0 -3.0407893932334633e-18 0 -3.0407893932334633e-18 0 0 2.3756167134636432e-20 0 -9.5024668538545727e-20 0 0 0 -1.9004933707709145e-19 -3.8009867415418291e-19 -3.8009867415418291e-19 0 0 0 -7.6019734830836582e-19 0 -1.5203946966167316e-18 0 0 0 -3.0407893932334633e-18 0 6.0815787864669265e-18 0 0 -4.7512334269272864e-20 0 0 0 1.9004933707709145e-19 -1.9004933707709145e-19 0 0 0 7.6019734830836582e-19 -7.6019734830836582e-19 7.6019734830836582e-19 0 0 0 1.5203946966167316e-18 0 0 -3.0407893932334633e-18 3.0407893932334633e-18 0 0 0 0 0 0 0 0 1.9004933707709145e-19 3.8009867415418291e-19 -3.8009867415418291e-19 3.8009867415418291e-19 -7.6019734830836582e-19 0 -1.5203946966167316e-18 0 -1.5203946966167316e-18 -1.5203946966167316e-18 0 0 0 0 0 0 0 0 0 9.5024668538545727e-20 -9.5024668538545727e-20 0 1.9004933707709145e-19 0 0 0 3.8009867415418291e-19 -7.6019734830836582e-19 7.6019734830836582e-19 0 -1.5203946966167316e-18 -1.5203946966167316e-18 1.5203946966167316e-18 -3.0407893932334633e-18 3.0407893932334633e-18 0 3.0407893932334633e-18 0 0 6.0815787864669265e-18 0 0 -9.1106550695159536e-20 9.1106550695159536e-20 -1.8221310139031907e-19 0 0 0 3.6442620278063814e-19 0 0 0 -1.4577048111225526e-18 0 1.4577048111225526e-18 0 0 0 -2.9154096222451052e-18 -2.9154096222451052e-18 0 0 0 0 0 -9.1106550695159536e-20 0 -1.8221310139031907e-19 0 0 0 0 -3.6442620278063814e-19 7.2885240556127629e-19 0 0 1.4577048111225526e-18 1.4577048111225526e-18 -1.4577048111225526e-18 2.9154096222451052e-18 -2.9154096222451052e-18 0 2.9154096222451052e-18 0 0 0 0 0 0 0 0 0 1.8221310139031907e-19 -3.6442620278063814e-19 0 -3.6442620278063814e-19 0 -7.2885240556127629e-19 0 1.4577048111225526e-18 0 0 0 0 -2.9154096222451052e-18 -2.9154096222451052e-18 0 0 0 0 0 4.5553275347579768e-20 0 -9.1106550695159536e-20 0 1.8221310139031907e-19 0 0 0 0 0 0 0 1.4577048111225526e-18 -1.4577048111225526e-18 0 0 0 0 2.9154096222451052e-18 0 5.8308192444902103e-18 -1.1388318836894942e-20 -2.2776637673789884e-20 0 0 0 0 0 1.8221310139031907e-19 0 0 3.6442620278063814e-19 0 0 0 -1.4577048111225526e-18 0 0 1.4577048111225526e-18 2.9154096222451052e-18 0 -2.9154096222451052e-18 0 0 0 0 0 0 9.1106550695159536e-20 0 0 0 0 -3.6442620278063814e-19 0 0 0 0 0 1.4577048111225526e-18 0 0 0 -1.4577048111225526e-18 0 0 0 0 0 0 0 9.1106550695159536e-20 0 0 1.8221310139031907e-19 0 -1.8221310139031907e-19 -3.6442620278063814e-19 3.6442620278063814e-19 3.6442620278063814e-19 0 0 -7.288524055612761e-19 0 0 0 0 0 0 -2.9154096222451052e-18 -5.694159418447471e-21 -1.1388318836894942e-20 0 4.5553275347579768e-20 4.5553275347579768e-20 0 -9.1106550695159536e-20 0 0 0 0 0 -3.6442620278063814e-19 3.6442620278063814e-19 0 7.2885240556127629e-19 0 0 0 0 0 2.9154096222451052e-18 0 0 0 0 4.5553275347579768e-20 4.5553275347579768e-20 0 0 0 0 -1.8221310139031907e-19 0 -1.8221310139031907e-19 0 0 0 7.2885240556127629e-19 0 0 0 -7.2885240556127629e-19 0 1.4577048111225526e-18 0 0 0 0 0 0 0 0 0 0 0 0 0 0 0 0 0 -7.2885240556127629e-19 7.2885240556127629e-19 -7.2885240556127629e-19 0 0 0 -1.4577048111225526e-18 2.8470797092237355e-21 -5.694159418447471e-21 0 0 0 -4.5553275347579768e-20 0 -4.5553275347579768e-20 0 0 -9.1106550695159536e-20 0 0 0 0 3.6442620278063814e-19 0 7.2885240556127629e-19 0 0 0 0 0 0 0 0 -1.1388318836894942e-20 0 0 2.2776637673789884e-20 4.5553275347579768e-20 4.5553275347579768e-20 4.5553275347579768e-20 0 0 0 0 0 0 0 0 0 -3.6442620278063814e-19 0 7.2885240556127629e-19 0 0 0 0 0 0 0 0 0 0 -2.2776637673789878e-20 0 0 0 -9.1106550695159536e-20 -9.1106550695159536e-20 0 0 0 0 0 3.6442620278063814e-19 0 3.6442620278063814e-19 0 0 0 0 0 0 0 0 0 0 0 0 0 0 0 0 0 0 0 0 0 0 0 0 0 0 0 0 0 0 0 0 2.2776637673789884e-20 0 0 0 9.1106550695159536e-20 9.1106550695159536e-20 0 0 0 0 0 -3.6442620278063814e-19 0 -3.6442620278063814e-19 0 0 0 1.1388318836894942e-20 0 0 -2.2776637673789884e-20 -4.5553275347579768e-20 -4.5553275347579768e-20 -4.5553275347579756e-20 0 0 0 0 0 0 0 0 0 3.6442620278063814e-19 0 -7.2885240556127629e-19 0 -2.8470797092237355e-21 5.694159418447471e-21 0 0 0 4.5553275347579768e-20 0 4.5553275347579768e-20 0 0 9.1106550695159536e-20 0 0 0 0 -3.6442620278063814e-19 0 -7.2885240556127629e-19 0 0 0 0 0 0 0 0 0 0 0 0 0 0 0 0 0 0 0 0 0 7.2885240556127629e-19 -7.2885240556127629e-19 7.2885240556127629e-19 0 0 0 1.4577048111225526e-18 0 0 0 -4.5553275347579768e-20 -4.5553275347579768e-20 0 0 0 0 1.8221310139031907e-19 0 1.8221310139031907e-19 0 0 0 -7.2885240556127629e-19 0 0 0 7.2885240556127629e-19 0 -1.4577048111225526e-18 0 5.694159418447471e-21 1.1388318836894942e-20 0 -4.5553275347579768e-20 -4.5553275347579768e-20 0 9.1106550695159536e-20 0 0 0 0 0 3.6442620278063814e-19 -3.6442620278063814e-19 0 -7.2885240556127629e-19 0 0 0 0 0 -2.9154096222451052e-18 0 0 0 0 0 -9.1106550695159536e-20 0 0 -1.8221310139031907e-19 0 1.8221310139031907e-19 3.6442620278063814e-19 -3.6442620278063814e-19 -3.6442620278063814e-19 0 0 7.2885240556127629e-19 0 0 0 0 0 0 2.9154096222451052e-18 0 0 0 0 -9.1106550695159536e-20 0 0 0 0 3.6442620278063814e-19 0 0 0 0 0 -1.4577048111225524e-18 0 0 0 1.4577048111225526e-18 0 0 0 1.1388318836894942e-20 2.2776637673789884e-20 0 0 0 0 0 -1.8221310139031907e-19 0 0 -3.6442620278063814e-19 0 0 0 1.4577048111225526e-18 0 0 -1.4577048111225526e-18 -2.9154096222451052e-18 0 2.9154096222451052e-18 0 0 0 0 -4.5553275347579768e-20 0 9.1106550695159536e-20 0 -1.8221310139031907e-19 0 0 0 0 0 0 0 -1.4577048111225526e-18 1.4577048111225526e-18 0 0 0 0 -2.9154096222451052e-18 0 -5.8308192444902103e-18 0 0 0 0 0 0 -1.8221310139031907e-19 3.6442620278063814e-19 0 3.6442620278063814e-19 0 7.2885240556127629e-19 0 -1.4577048111225526e-18 0 0 0 0 2.9154096222451052e-18 2.9154096222451052e-18 0 0 0 0 0 9.1106550695159536e-20 0 1.8221310139031907e-19 0 0 0 0 3.6442620278063814e-19 -7.2885240556127629e-19 0 0 -1.4577048111225526e-18 -1.4577048111225526e-18 1.4577048111225526e-18 -2.9154096222451052e-18 2.9154096222451052e-18 0 -2.9154096222451052e-18 0 0 0 0 0 9.1106550695159536e-20 -9.1106550695159536e-20 1.8221310139031907e-19 0 0 0 -3.6442620278063814e-19 0 0 0 1.4577048111225526e-18 0 -1.4577048111225526e-18 0 0 0 2.9154096222451052e-18 2.9154096222451052e-18 0 0 0 0 0 0 0 0 1.7485172245035199e-19 0 0 0 0 0 0 0 0 -1.3988137796028159e-18 -2.7976275592056319e-18 0 0 0 0 0 -5.5952551184112638e-18 0 0 4.3712930612587998e-20 -8.7425861225175997e-20 8.7425861225175997e-20 0 -1.7485172245035199e-19 0 3.4970344490070399e-19 0 0 -6.9940688980140797e-19 0 0 -1.3988137796028159e-18 0 0 0 -2.7976275592056319e-18 0 0 0 0 0 0 0 0 0 0 0 -3.4970344490070394e-19 3.4970344490070399e-19 0 0 0 0 0 -1.3988137796028159e-18 0 1.3988137796028159e-18 0 0 0 -2.7976275592056319e-18 0 0 0 0 4.3712930612587998e-20 0 0 0 0 0 0 -3.4970344490070399e-19 0 0 -6.9940688980140797e-19 0 -1.3988137796028159e-18 0 0 0 -2.7976275592056319e-18 0 0 -2.7976275592056319e-18 -5.5952551184112638e-18 5.5952551184112638e-18 -1.0928232653147e-20 0 0 0 8.7425861225175997e-20 0 1.7485172245035199e-19 -1.7485172245035199e-19 3.4970344490070399e-19 -3.4970344490070399e-19 0 0 0 0 1.3988137796028159e-18 1.3988137796028159e-18 0 1.3988137796028163e-18 0 0 2.7976275592056319e-18 -5.5952551184112638e-18 0 0 2.1856465306293999e-20 4.3712930612587998e-20 0 0 0 0 -1.7485172245035199e-19 0 0 3.4970344490070399e-19 -6.9940688980140797e-19 6.9940688980140797e-19 6.9940688980140797e-19 0 0 0 1.3988137796028159e-18 1.3988137796028159e-18 0 0 0 -5.5952551184112638e-18 0 -2.1856465306293999e-20 -4.3712930612587998e-20 0 8.7425861225175997e-20 0 0 0 0 -1.7485172245035199e-19 -3.4970344490070399e-19 0 0 0 0 0 0 0 -1.3988137796028159e-18 -1.3988137796028159e-18 2.7976275592056319e-18 0 0 0 -2.1856465306293999e-20 0 0 0 0 -8.7425861225175997e-20 0 0 0 0 0 0 0 -6.9940688980140797e-19 0 0 6.9940688980140797e-19 1.3988137796028159e-18 0 0 2.7976275592056319e-18 -2.7976275592056319e-18 0 0 -2.1856465306293999e-20 4.3712930612587998e-20 0 0 0 0 1.7485172245035199e-19 -1.7485172245035199e-19 1.7485172245035199e-19 0 0 0 3.4970344490070408e-19 0 0 0 0 1.3988137796028158e-18 0 0 0 5.4641163265734998e-21 -1.0928232653147e-20 2.1856465306293999e-20 2.1856465306293999e-20 0 0 -8.7425861225175997e-20 8.7425861225175997e-20 0 0 0 0 0 0 -3.4970344490070399e-19 0 0 0 6.9940688980140797e-19 0 0 0 0 0 0 1.0928232653147e-20 2.1856465306293999e-20 -2.1856465306293999e-20 0 0 0 8.7425861225175997e-20 8.7425861225175997e-20 8.7425861225175997e-20 0 0 1.7485172245035199e-19 0 0 0 0 -6.9940688980140797e-19 0 0 0 0 0 0 0 1.0928232653147e-20 0 0 0 4.3712930612587998e-20 4.3712930612587998e-20 0 0 0 0 0 0 0 0 0 3.4970344490070408e-19 0 6.9940688980140797e-19 0 0 0 0 0 0 -1.0928232653147e-20 0 0 0 0 0 0 0 0 -8.7425861225175997e-20 0 8.7425861225175997e-20 0 -1.7485172245035199e-19 -1.7485172245035204e-19 0 0 -3.4970344490070399e-19 -3.4970344490070399e-19 0 0 0 0 0 0 0 0 0 0 0 0 0 0 0 0 0 0 0 0 0 0 0 0 0 0 0 1.0928232653147e-20 0 0 0 0 0 0 0 0 8.7425861225175997e-20 0 -8.7425861225175997e-20 0 1.7485172245035199e-19 1.7485172245035199e-19 0 0 3.4970344490070399e-19 3.4970344490070399e-19 0 0 0 -1.0928232653147e-20 0 0 0 -4.3712930612587998e-20 -4.3712930612587998e-20 0 0 0 0 0 0 0 0 0 -3.4970344490070404e-19 0 -6.9940688980140797e-19 0 0 0 0 -1.0928232653147e-20 -2.1856465306293999e-20 2.1856465306293999e-20 0 0 0 -8.7425861225175997e-20 -8.7425861225175997e-20 -8.7425861225175997e-20 0 0 -1.7485172245035199e-19 0 0 0 0 6.9940688980140807e-19 0 0 0 0 -5.4641163265734998e-21 1.0928232653147e-20 -2.1856465306293999e-20 -2.1856465306293999e-20 0 0 8.7425861225175997e-20 -8.7425861225175997e-20 0 0 0 0 0 0 3.4970344490070399e-19 0 0 0 -6.9940688980140797e-19 0 0 0 0 0 0 2.1856465306293999e-20 -4.3712930612587998e-20 0 0 0 0 -1.7485172245035199e-19 1.7485172245035199e-19 -1.7485172245035199e-19 0 0 0 -3.4970344490070399e-19 0 0 0 0 -1.3988137796028158e-18 0 0 0 0 2.1856465306293999e-20 0 0 0 0 8.7425861225175997e-20 0 0 0 0 0 0 0 6.9940688980140807e-19 0 0 -6.9940688980140797e-19 -1.3988137796028159e-18 0 0 -2.7976275592056319e-18 2.7976275592056319e-18 0 2.1856465306293999e-20 4.3712930612587998e-20 0 -8.7425861225175997e-20 0 0 0 0 1.7485172245035199e-19 3.4970344490070399e-19 0 0 0 0 0 0 0 1.3988137796028159e-18 1.3988137796028159e-18 -2.7976275592056319e-18 0 0 0 -2.1856465306293999e-20 -4.3712930612587998e-20 0 0 0 0 1.7485172245035199e-19 0 0 -3.4970344490070399e-19 6.9940688980140797e-19 -6.9940688980140797e-19 -6.9940688980140797e-19 0 0 0 -1.3988137796028159e-18 -1.3988137796028159e-18 0 0 0 5.5952551184112638e-18 1.0928232653147e-20 0 0 0 -8.7425861225175997e-20 0 -1.7485172245035199e-19 1.7485172245035199e-19 -3.4970344490070399e-19 3.4970344490070399e-19 0 0 0 0 -1.3988137796028159e-18 -1.3988137796028159e-18 0 -1.3988137796028159e-18 0 0 -2.7976275592056319e-18 5.5952551184112638e-18 0 0 -4.3712930612587998e-20 0 0 0 0 0 0 3.4970344490070399e-19 0 0 6.9940688980140797e-19 0 1.3988137796028159e-18 0 0 0 2.7976275592056323e-18 0 0 2.7976275592056319e-18 5.5952551184112638e-18 -5.5952551184112638e-18 0 0 0 0 0 0 3.4970344490070394e-19 -3.4970344490070399e-19 0 0 0 0 0 1.3988137796028159e-18 0 -1.3988137796028159e-18 0 0 0 2.7976275592056319e-18 0 0 0 0 -4.3712930612587998e-20 8.7425861225175997e-20 -8.7425861225175997e-20 0 1.7485172245035199e-19 0 -3.4970344490070399e-19 0 0 6.9940688980140797e-19 0 0 1.3988137796028159e-18 0 0 0 2.7976275592056319e-18 0 0 0 0 0 0 0 0 0 0 -1.7485172245035199e-19 0 0 0 0 0 0 0 0 1.3988137796028159e-18 2.7976275592056319e-18 0 0 0 0 0 5.5952551184112638e-18 0 0 -4.1981898560329516e-20 0 0 -1.6792759424131807e-19 0 3.3585518848263613e-19 0 -3.3585518848263613e-19 0 -6.7171037696527226e-19 0 0 0 0 0 2.686841507861089e-18 0 0 -5.3736830157221781e-18 0 5.3736830157221781e-18 0 0 -4.1981898560329516e-20 8.3963797120659033e-20 1.6792759424131807e-19 0 0 3.3585518848263613e-19 0 3.3585518848263613e-19 0 0 0 0 1.3434207539305445e-18 0 0 0 0 2.686841507861089e-18 0 0 0 -5.3736830157221781e-18 0 0 0 0 0 0 0 3.3585518848263613e-19 -3.3585518848263613e-19 0 -6.7171037696527226e-19 0 0 0 0 1.3434207539305445e-18 0 0 -2.686841507861089e-18 2.686841507861089e-18 0 0 -5.3736830157221781e-18 0 0 -8.3963797120659033e-20 0 0 0 0 0 0 0 0 0 0 -1.3434207539305445e-18 0 0 2.686841507861089e-18 -2.686841507861089e-18 2.686841507861089e-18 -2.686841507861089e-18 2.686841507861089e-18 -5.3736830157221781e-18 0 1.0495474640082379e-20 0 0 0 0 0 0 0 3.3585518848263613e-19 -3.3585518848263613e-19 0 0 0 -1.3434207539305445e-18 -1.3434207539305445e-18 0 0 1.3434207539305445e-18 2.686841507861089e-18 -2.686841507861089e-18 0 0 0 1.0495474640082379e-20 0 0 -8.3963797120659033e-20 0 0 0 1.6792759424131807e-19 0 3.3585518848263613e-19 -3.3585518848263613e-19 0 0 0 0 0 -1.3434207539305445e-18 0 0 0 2.686841507861089e-18 0 0 1.0495474640082379e-20 0 0 0 0 0 -1.6792759424131807e-19 0 0 0 0 3.3585518848263613e-19 0 6.7171037696527226e-19 0 6.7171037696527226e-19 0 0 -1.3434207539305445e-18 0 0 -2.686841507861089e-18 0 0 2.0990949280164758e-20 0 0 0 0 0 0 0 0 0 0 0 0 0 0 6.7171037696527226e-19 1.3434207539305445e-18 0 1.3434207539305445e-18 1.3434207539305445e-18 0 -2.686841507861089e-18 0 0 0 0 4.1981898560329516e-20 8.3963797120659033e-20 -8.3963797120659033e-20 0 -1.6792759424131807e-19 0 -1.6792759424131807e-19 3.3585518848263613e-19 0 3.3585518848263613e-19 0 0 -6.7171037696527226e-19 -6.7171037696527226e-19 6.7171037696527226e-19 0 0 -1.3434207539305445e-18 0 0 0 2.0990949280164758e-20 0 0 -4.1981898560329516e-20 -8.3963797120659033e-20 0 8.3963797120659033e-20 0 0 -1.6792759424131807e-19 -3.3585518848263613e-19 -3.3585518848263613e-19 0 0 0 0 6.7171037696527226e-19 0 0 1.3434207539305445e-18 1.3434207539305445e-18 2.6238686600205948e-21 0 1.0495474640082379e-20 0 -4.1981898560329516e-20 0 -4.1981898560329516e-20 0 8.3963797120659033e-20 0 0 -1.6792759424131807e-19 0 0 0 -3.3585518848263613e-19 0 0 6.7171037696527226e-19 0 6.7171037696527226e-19 0 0 -2.6238686600205948e-21 0 0 0 0 0 0 0 -4.1981898560329516e-20 0 -8.3963797120659033e-20 0 0 0 -1.6792759424131807e-19 0 0 0 0 0 6.7171037696527226e-19 0 0 0 0 5.2477373200411895e-21 0 -1.0495474640082379e-20 0 0 -2.0990949280164758e-20 0 -4.1981898560329516e-20 -4.1981898560329516e-20 0 8.3963797120659033e-20 -8.3963797120659033e-20 0 1.6792759424131807e-19 0 0 0 0 0 0 0 0 0 0 0 0 0 0 0 0 0 0 0 0 0 0 0 0 0 0 0 0 0 0 0 0 -5.2477373200411895e-21 0 1.0495474640082379e-20 0 0 2.0990949280164758e-20 0 4.1981898560329516e-20 4.1981898560329516e-20 0 -8.3963797120659033e-20 8.3963797120659033e-20 0 -1.6792759424131807e-19 0 0 0 0 0 0 0 2.6238686600205948e-21 0 0 0 0 0 0 0 4.1981898560329516e-20 0 8.3963797120659033e-20 0 0 0 1.6792759424131807e-19 0 0 0 0 0 -6.7171037696527226e-19 0 0 -2.6238686600205948e-21 0 -1.0495474640082379e-20 0 4.1981898560329516e-20 0 4.1981898560329516e-20 0 -8.3963797120659033e-20 0 0 1.6792759424131807e-19 0 0 0 3.3585518848263613e-19 0 0 -6.7171037696527236e-19 0 -6.7171037696527226e-19 0 0 0 0 -2.0990949280164758e-20 0 0 4.1981898560329516e-20 8.3963797120659033e-20 0 -8.3963797120659033e-20 0 0 1.6792759424131807e-19 3.3585518848263613e-19 3.3585518848263613e-19 0 0 0 0 -6.7171037696527226e-19 0 0 -1.3434207539305445e-18 -1.3434207539305445e-18 0 0 0 0 -4.1981898560329516e-20 -8.3963797120659033e-20 8.3963797120659033e-20 0 1.6792759424131807e-19 0 1.6792759424131807e-19 -3.3585518848263613e-19 0 -3.3585518848263613e-19 0 0 6.7171037696527226e-19 6.7171037696527226e-19 -6.7171037696527226e-19 0 0 1.3434207539305445e-18 0 0 -2.0990949280164758e-20 0 0 0 0 0 0 0 0 0 0 0 0 0 0 -6.7171037696527226e-19 -1.3434207539305445e-18 0 -1.3434207539305445e-18 -1.3434207539305445e-18 0 2.686841507861089e-18 -1.0495474640082379e-20 0 0 0 0 0 1.6792759424131807e-19 0 0 0 0 -3.3585518848263613e-19 0 -6.7171037696527226e-19 0 -6.7171037696527226e-19 0 0 1.3434207539305445e-18 0 0 2.686841507861089e-18 0 -1.0495474640082379e-20 0 0 8.3963797120659033e-20 0 0 0 -1.6792759424131807e-19 0 -3.3585518848263613e-19 3.3585518848263613e-19 0 0 0 0 0 1.3434207539305445e-18 0 0 0 -2.686841507861089e-18 0 0 -1.0495474640082379e-20 0 0 0 0 0 0 0 -3.3585518848263613e-19 3.3585518848263613e-19 0 0 0 1.3434207539305445e-18 1.3434207539305445e-18 0 0 -1.3434207539305445e-18 -2.686841507861089e-18 2.686841507861089e-18 0 0 0 0 0 8.3963797120659033e-20 0 0 0 0 0 0 0 0 0 0 1.3434207539305445e-18 0 0 -2.686841507861089e-18 2.686841507861089e-18 -2.686841507861089e-18 2.686841507861089e-18 -2.686841507861089e-18 5.3736830157221781e-18 0 0 0 0 0 0 0 0 -3.3585518848263613e-19 3.3585518848263613e-19 0 6.7171037696527226e-19 0 0 0 0 -1.3434207539305445e-18 0 0 2.686841507861089e-18 -2.686841507861089e-18 0 0 5.3736830157221781e-18 0 4.1981898560329516e-20 -8.3963797120659033e-20 -1.6792759424131807e-19 0 0 -3.3585518848263613e-19 0 -3.3585518848263613e-19 0 0 0 0 -1.3434207539305445e-18 0 0 0 0 -2.686841507861089e-18 0 0 0 5.3736830157221781e-18 0 4.1981898560329516e-20 0 0 1.6792759424131807e-19 0 -3.3585518848263613e-19 0 3.3585518848263613e-19 0 6.7171037696527226e-19 0 0 0 0 0 -2.686841507861089e-18 0 0 5.3736830157221781e-18 0 -5.3736830157221781e-18 0 
end_dependent_variable

end_regular_table
