# ****************************************************************************
# CUI
#
# The Advanced Framework for Simulation, Integration, and Modeling (AFSIM)
#
# The use, dissemination or disclosure of data in this file is subject to
# limitation or restriction. See accompanying README and LICENSE for details.
# ****************************************************************************

# ##################################################################################################
# 
# This file was auto-generated by AFSIM Mover Creator 2.5.0.200324
# 
# Creation Date:  24 Mar 2020
# 
# ##################################################################################################

regular_table

independent_variable mach precision double
0.10000000000000001 0.5 0.70000000000000007 0.75 0.80000000000000004 0.84999999999999998 0.90000000000000002 0.92000000000000004 0.94000000000000006 0.95999999999999996 0.97999999999999998 1 1.02 1.04 1.0600000000000001 1.0800000000000001 1.1000000000000001 1.2 1.3 1.4000000000000001 1.5 1.75 2 
end_independent_variable

independent_variable surface_angle units deg
-20 -16 -14 -12 -10 -9 -8 -7 -6 -5 -4 -3 -2 -1 0 1 2 3 4 5 6 7 8 9 10 12 14 16 18 20 
end_independent_variable

dependent_variable precision double
0.48059969537478198 0.45671455232689412 0.42691866249954968 0.3635760316050124 0.44063941095943704 0.40694607980614805 0.075722928627484351 0.053815016582910651 0.035442749140758983 0.019775225717941873 0.0074688658517927794 -0.00084618237348627046 -0.0049040623022308417 -0.0046070329042148597 0 0.0088337042187249248 0.021771430375898938 0.038758525117210847 0.059877773689948025 0.085374586414759673 0.1158552614425731 0.15194855104628671 0.19280227593011542 0.54457284267013351 0.59425609599984086 0.53526676093980052 0.61945901538090709 0.67069969677067653 0.71326251064743906 0.73077278571249982 0.48058915782831912 0.456705679386951 0.42691073680831149 0.36356900143888943 0.44063345318333713 0.40694145460089082 0.075718933445318881 0.0538115566096595 0.035439583322167345 0.019772452738153579 0.00746652334995243 -0.00084796769318947536 -0.0049052463072951713 -0.0046076240043750457 0 0.0088343085614264703 0.021772606092164984 0.038760261597193542 0.059880112359033164 0.085377651279323313 0.1158590883184103 0.15195323645929076 0.19280759177553461 0.54457933118980184 0.59426251943709307 0.53527412660224349 0.61946771700041348 0.670709466128804 0.71327310728531224 0.73078435445617007 0.48058840370582323 0.45670504582879373 0.42691017037918721 0.36356849901305605 0.44063302767308637 0.40694112464904181 0.075718648444618411 0.053811309713243827 0.035439357226821212 0.019772254607035984 0.00746635599251016 -0.0008480953648702809 -0.0049053309628107151 -0.0046076662809673959 0 0.0088343517450422005 0.021772690031364627 0.038760385417513525 0.059880279251335232 0.085377870118482399 0.11585936118825446 0.15195357050437339 0.19280797144156758 0.54457979365078957 0.5942629771722564 0.53527465291767728 0.61946833798117962 0.67071016369025194 0.7132738639381706 0.73078518084284649 0.48058827908546214 0.45670494130248906 0.42691007723951452 0.36356841536224332 0.44063295752994497 0.40694106890664083 0.075718600404939038 0.053811268036682333 0.035439319680704642 0.019772221656504552 0.0074663278980423636 -0.00084811639850991235 -0.0049053451495866722 -0.0046076734022637861 0 0.0088343589244811154 0.021772704143718152 0.038760406302308301 0.059880306880662829 0.08537790696688867 0.11585940684641603 0.15195362671191459 0.19280803449597247 0.54457987149665266 0.59426305425528958 0.53527473984307694 0.61946844224700581 0.67071027882175316 0.71327399142379533 0.73078531915693501 0.48058816890305273 0.45670484734416966 0.4269099937003355 0.36356834265152804 0.4406328946429906 0.40694102023437084 0.075718558319054177 0.053811232686027499 0.035439286897623684 0.019772193115502171 0.0074663033014288381 -0.00084813514365978304 -0.0049053573362597899 -0.0046076794816461396 0 0.0088343653829527288 0.021772716218757624 0.038760424656740414 0.059880331644726836 0.085377938698752806 0.11585944688568406 0.15195367558884634 0.19280809040582397 0.54457994007692312 0.59426312125408343 0.53527481687029332 0.61946853289352721 0.67071038204566535 0.71327410298301996 0.73078544087482145 0.49551591133022643 0.46679307775555257 0.43503670688380519 0.36987994803272889 0.4452577184480111 0.41078080064206118 0.078821491202862484 0.056236022217849131 0.037257121519167852 0.021058514677874344 0.0083044887893186422 -0.00036770945544592406 -0.0046865248565886655 -0.0045499146882835477 0 0.008888476288442455 0.02197947749171399 0.039215838565894133 0.060676401302020198 0.086601337128116143 0.11759038105765078 0.15426500138900059 0.19576472283703286 0.54823863095023184 0.59867495314020347 0.54131112645933255 0.62725401308987483 0.68037243050673535 0.72500644892564969 0.74495552071716209 0.5253716583003768 0.48696972954627704 0.45129029962208972 0.38250329882093509 0.45450747460316826 0.41846045003874083 0.085027428136928998 0.061085662642786982 0.040892842578873941 0.023631199628025058 0.0099808901387530083 0.00059316381978218838 -0.0042488467895957149 -0.0044343788128629255 0 0.008996693720126972 0.022392991395321898 0.040126655202231291 0.062268527406625397 0.089048118888392092 0.12105223202394659 0.15888763363947697 0.20167797069392518 0.55555599072362682 0.6074986031628995 0.55338374150696612 0.64282497482217416 0.6996965410853917 0.74847117180785194 0.77329572814383352 0.53623351487088411 0.49460589079435752 0.45757802396888186 0.38747765841765941 0.45834983564959447 0.42170313783301339 0.087430743604613337 0.062965520393854973 0.042301802904668402 0.024625334036704975 0.010624087850210042 0.00095637231449876734 -0.0040889126666881735 -0.0043965371164493153 0 0.0090507919789199302 0.022583166909437659 0.040533651369784908 0.062970785118506123 0.090120840396409135 0.12256677030292014 0.16091077721000069 0.20427010114623573 0.55904763744705477 0.61166444280263543 0.5588713248875945 0.64989314578668689 0.70845420715723495 0.75910678152304267 0.78612742850991812 0.54707089403771447 0.5022283624380911 0.46385582377189294 0.39244500148245026 0.46218730601106683 0.42494174066189944 0.089830629902490827 0.064842480537331312 0.043708302683483191 0.025617378194654133 0.01126553224733043 0.0013181702287802038 -0.0039300080422960092 -0.0043592666419645055 0 0.0091056214901956006 0.022774977568093172 0.040943386174895922 0.063677108125924795 0.091199192843255894 0.12408875837145301 0.16294344861553575 0.20687410464809558 0.56255376504156096 0.61584764142980652 0.56438278359443117 0.65699269796659587 0.717251817980602 0.76979220898856249 0.7990208060342493 0.55788367894276603 0.50983706816471663 0.47012364156212133 0.39740527822670085 0.46601985224214448 0.4281762292104031 0.092227062940020435 0.066716524095495985 0.045112326264280994 0.026607320134745583 0.011905217067466578 0.0016785522711916356 -0.0037721362933370388 -0.0043225692983438558 0 0.0091611837498448475 0.022968427172414103 0.041355865478330776 0.064387503819028816 0.092283184835886503 0.12561820708033564 0.16498566475741624 0.2094900006014325 0.56607439858006214 0.6200482283817349 0.56991815616341079 0.66412368811644695 0.72608943714201757 0.78052754252895218 0.81197596900146429 0.55613876500827741 0.50895662877401482 0.46955194562197244 0.3970530871393993 0.46595954948758922 0.42817874692869451 0.092011917046182487 0.066550016788101754 0.044986910513422497 0.026515409209868886 0.011840387910873863 0.0016355762866010041 -0.0037975652622200184 -0.0043339275139799667 0 0.0091703390801216311 0.022985829017866801 0.041381533588812087 0.064422551842497122 0.092329997278202347 0.12568078408019842 0.16506964712207003 0.2096013204907764 0.56649602287835865 0.62051204520480385 0.57034089166302826 0.66466012447992451 0.72674221242127568 0.78132316934301071 0.81292488054165291 0.55440560517396631 0.5080842630858825 0.46898683401292995 0.39670607641892314 0.46590309703705263 0.42818449420838994 0.091799407328819721 0.06638559531818812 0.044863082178138038 0.026424647426868602 0.011776331646114144 0.0015930664692352231 -0.0038227614861126354 -0.00434520918614554 0 0.0091795040313582144 0.023003325930533183 0.041407456871483422 0.064458085048121463 0.092377593336623556 0.12574450711108001 0.16515519396530459 0.20971467764952226 0.56692020361693762 0.62097898651968841 0.57076798694774422 0.66520228473212739 0.7274022025087088 0.78212768424941936 0.81388464436076613 0.5526839916226356 0.50721984446311053 0.46842819836104932 0.39636416153627485 0.46585043909603779 0.42819341735370514 0.091589494403581509 0.066223225235611624 0.044740819713133748 0.02633501554010401 0.011713035290194289 0.0015510139442193661 -0.0038477300666725513 -0.0043564162265667776 0 0.0091886791868404007 0.023020918652776987 0.041433634131864745 0.064494102163278277 0.092425969293749646 0.1258093667734273 0.16524229470425011 0.2098300553102963 0.56734692009892074 0.62144902055545259 0.57119940370489086 0.66575012042405268 0.7280693515874932 0.78294102250066289 0.81485518160079584 0.55097364777076174 0.50636318256288881 0.46787589123549422 0.39602722926516742 0.46580148899962354 0.42820544939189426 0.091382117035691407 0.0660628640228373 0.044620085170411945 0.026246489228324565 0.011650481871078847 0.0015094090031472762 -0.0038724760013660233 -0.0043675503088181 0 0.0091978651075272644 0.023038605850576131 0.041460062731680875 0.064530596095509818 0.092475113588055921 0.12587534759481683 0.16533092503254054 0.20994742351806991 0.56777613525449488 0.62192210911106227 0.57163508194998869 0.66630355125389695 0.72874356246193372 0.78376305933497736 0.81583634957905637 0.54927429792789062 0.50551409540748848 0.46732977011730903 0.39569517030881862 0.46575616643856443 0.42822052113986531 0.091177223494117485 0.065904466996637462 0.044500847121379923 0.026159045290337347 0.011588655283753704 0.0014682407691806278 -0.003897004321149406 -0.0043786137074350662 0 0.0092070617906279701 0.023056386945296225 0.041486738629793803 0.064567559387688531 0.092525013080262175 0.12594243221993767 0.16542106059171421 0.21006674922184146 0.56820781094216433 0.62239819680878672 0.57207495840908662 0.6668624975896591 0.72942473244396 0.78459367661419588 0.81682800649104792 0.54758567747762565 0.50467241108109351 0.46678968849849561 0.39536787102417587 0.46571439204133763 0.42823856445644037 0.090974758252283794 0.06574799258464202 0.044383073482527582 0.026072659133249947 0.011527539609260817 0.0014275004567514116 -0.0039213203509476553 -0.004389607614106855 0 0.0092162694454556039 0.023074261607618014 0.041513659303283122 0.064604985989270752 0.092575657756830285 0.12601060354651514 0.16551268041697226 0.21018800587512973 0.56864190686218252 0.62287724290234492 0.57251896864724394 0.66742687601867812 0.73011276307269546 0.78543275578338534 0.81783000672184136 0.54590752431904832 0.5038379533662708 0.46625551374339674 0.39504522711564383 0.46567608376465464 0.42825951711702431 0.090774667941864853 0.06559339659481124 0.044266731217737658 0.025987308065663066 0.011467118947247742 0.0013871778737076677 -0.0039454288910075836 -0.0044005339563744344 0 0.0092254884097019447 0.023092228120243877 0.041540821347322565 0.064642868521272379 0.092627037120476291 0.12607984435319855 0.16560575994147 0.21031116301683347 0.56907839041752439 0.62335920360157782 0.57296705332001352 0.6679966094690839 0.73080755922138818 0.7862801824850375 0.81884221446538386 0.53766506203989239 0.49976826549085918 0.46366856078520569 0.39349825365824492 0.46553395768482947 0.4284057119083769 0.089808080233281407 0.064847223679815283 0.043705435901662544 0.025575303774558997 0.011174918992897305 0.00119151056652134 -0.0040630245746634611 -0.0044542129861699295 0 0.0092717608958826428 0.023183418818321051 0.041680150594970142 0.064838912554805686 0.092894576197529916 0.1264415531838298 0.16609230812122971 0.21095445927475281 0.57129534340249732 0.6258111954623008 0.57526650007217051 0.67092293667696534 0.73437972041767208 0.79063854611499018 0.82405162724929171 0.52964820049538952 0.49585525893668647 0.46121003854219672 0.39205284166471766 0.46546770836219253 0.42861558204815947 0.088893554959744714 0.0641422704098015 0.043175538739529028 0.025185986510424575 0.010897938649004351 0.0010049673935891765 -0.0041761134219390466 -0.0045064450485430849 0 0.0093183447934240948 0.023276792391426358 0.041825070176568953 0.065045440513440092 0.093178911487035818 0.12682770840631097 0.16661219051726875 0.21164111325968171 0.57356674376374894 0.62832971952532224 0.57765913360643328 0.67397203871852129 0.73810733206260448 0.79518914236389915 0.82949656790153448 0.52182989472286867 0.4920809588260453 0.458865571800817 0.39069789891821893 0.46546921046733358 0.42888237143085184 0.088025600043518351 0.063474207520310522 0.042673755543868548 0.024816973806573848 0.010634568865394082 0.0008265683789421129 -0.0042851978586676926 -0.0045574059106708985 0 0.009365256177571446 0.023372245773795309 0.041975226939077091 0.065261728787876574 0.093478838238676906 0.12723652406834821 0.16716295651055965 0.21236794062184297 0.57588860588239577 0.63090994715166859 0.58013832787048014 0.67713540687718687 0.74197992619469555 0.79991937694699133 0.8351619754802776 0.51418574517940097 0.48842913117074055 0.45662219676892296 0.3894234020568636 0.46553113558623654 0.42919997637517787 0.087199269220976788 0.062839138550531956 0.042197117194575286 0.024466122910971954 0.01038336141876563 0.00065543128186892159 -0.0043907281312556478 -0.0046072519154758155 0 0.009412506058193125 0.023469675536854091 0.042130285200118439 0.065487098701358978 0.093793237660044271 0.12766634899667065 0.16774234484995151 0.21313200126587906 0.57825726560724688 0.63354742828927502 0.58269798789045968 0.68040521116897101 0.74598786101586512 0.80481765871944511 0.84103398039796673 0.49569818976294716 0.47974288212910404 0.45138201068180611 0.38653194864209672 0.46590846735969144 0.43018153651871904 0.085287302912928603 0.061373564124959007 0.041098648249207476 0.023656256107057957 0.0098003385110989223 0.00025436963712656348 -0.0046415412831919446 -0.004727859547021024 0 0.009532145605078363 0.023721247774332106 0.042537357665548566 0.066086238670278782 0.094635940431363155 0.12882310531110766 0.16930275047706539 0.21518780203926724 0.5843621055478353 0.64036553271791474 0.58941341615605269 0.68899949083063217 0.75654332132999424 0.81773055931643623 0.85653643535202195 0.4838116848241184 0.47400509910808447 0.44782001171966429 0.38447763222409981 0.46590526459036274 0.43058211702244342 0.083990082259922619 0.060379026383912952 0.040355223977864806 0.023112639179026701 0.0094148613886000636 -4.8698317887036261e-06 -0.0047988592092562598 -0.0048008024719641811 0 0.0095983575211408614 0.023855634405053228 0.042748793002088246 0.066391630605250163 0.095061468636434332 0.12940673187771987 0.17009434652759403 0.21623901199656839 0.58780232959748346 0.64419086987134488 0.59308621504778036 0.69370390723041064 0.76232412460950894 0.8248169631216874 0.86504823802875752 
end_dependent_variable

end_regular_table
