# ****************************************************************************
# CUI
#
# The Advanced Framework for Simulation, Integration, and Modeling (AFSIM)
#
# The use, dissemination or disclosure of data in this file is subject to
# limitation or restriction. See accompanying README and LICENSE for details.
# ****************************************************************************

# ##################################################################################################
# 
# This file was auto-generated by AFSIM Mover Creator 2.5.0.200324
# 
# Creation Date:  24 Mar 2020
# 
# ##################################################################################################

regular_table

independent_variable mach precision double
0.10000000000000001 0.5 0.70000000000000007 0.75 0.80000000000000004 0.84999999999999998 0.90000000000000002 0.92000000000000004 0.94000000000000006 0.95999999999999996 0.97999999999999998 1 1.02 1.04 1.0600000000000001 1.0800000000000001 1.1000000000000001 1.2 1.3 1.4000000000000001 1.5 1.75 2 
end_independent_variable

independent_variable surface_angle units deg
-20 -16 -14 -12 -10 -9 -8 -7 -6 -5 -4 -3 -2 -1 0 1 2 3 4 5 6 7 8 9 10 12 14 16 18 20 
end_independent_variable

dependent_variable precision double
-2.0225688203762844 -1.3806011116602823 -1.0903547099608013 -0.74083469283552794 -0.85573423176073404 -0.90387577088020277 0.00021934813409163218 0.072444801526368979 0.17614320303152856 0.2346533014691447 0.2616505087912821 0.23713149196065028 0.17968404189172271 0.10114964837156355 0 -0.12726928414347885 -0.27011735036554363 -0.4335510963954749 -0.6292800223407673 -0.87583106556836765 -1.1530649685451448 -1.474650220076497 -1.7672581286493285 -3.0357620706652222 -3.2252609325382227 -3.4711650684199058 -4.2361195672341605 -4.8943733049236711 -5.5191331098426417 -6.1529543890497864 -2.0225039320538589 -1.3805470509085342 -1.0903068252289325 -0.74079351133204185 -0.85569901982930308 -0.90384410220072353 0.00024575663613020978 0.072467804978910672 0.17616286283307914 0.23466963816029521 0.26166353755420851 0.2371412409642428 0.17969052896015364 0.10115288463098636 0 -0.12727266428936967 -0.27012392586642853 -0.43356084580839077 -0.62929291297566126 -0.87584705076237535 -1.153084012873189 -1.4746722782897395 -1.767283207445788 -3.0357917891793131 -3.2252941378920621 -3.4712035305277542 -4.2361637117923241 -4.8944224767170654 -5.5191867961007155 -6.1530120732808671 -2.0224992976202198 -1.3805431888308868 -1.0903034041786128 -0.74079057090178313 -0.85569650286267818 -0.9038418418426416 0.00024764264938289296 0.072469448375037465 0.17616426651455488 0.23467080659246575 0.26166446697874107 0.23714193677676373 0.17969099237002739 0.1011531157963606 0 -0.1272729058831871 -0.27012439584408182 -0.43356154225350235 -0.62929383272527772 -0.87584819299784999 -1.1530853723477406 -1.4746738529195396 -1.7672850000588893 -3.0357939121535864 -3.2252965048230653 -3.4712062792458291 -4.2361668646242006 -4.8944259888604398 -5.5191906306420622 -6.1530161965812473 -2.0224985289853499 -1.3805425502120043 -1.0903028369308418 -0.74079007785317608 -0.85569608423650245 -0.90384146243708707 0.00024795563291750585 0.072469719682010589 0.17616449956839833 0.23467099841628231 0.26166462263325607 0.23714205356416396 0.17969106940654653 0.10115315441229962 0 -0.12727294609455697 -0.27012447422020469 -0.43356165729197543 -0.62929398735648434 -0.87584838162150191 -1.1530856004897034 -1.4746741170819593 -1.767285299088218 -3.0357942670741611 -3.2252969026853826 -3.4712067362739796 -4.2361673919815486 -4.8944265706950079 -5.5191912726099543 -6.1530168846910467 -2.0224978544204335 -1.3805419819967419 -1.0903023353236554 -0.74078964702172179 -0.85569571845025305 -0.90384113125726817 0.00024823274484025727 0.072469962336347685 0.17616470471383008 0.23467117089026676 0.26166475856582677 0.23714215516938827 0.17969113674954404 0.10115318821868903 0 -0.1272729810870539 -0.27012454253069385 -0.43356175986469137 -0.62929412133546625 -0.87584854836495929 -1.1530857972998232 -1.4746743445541206 -1.7672855626180473 -3.0357945785320362 -3.2252972475589297 -3.47120713971798 -4.2361678528052442 -4.8944270852516985 -5.5191918380715874 -6.1530174873638961 -2.1838227397394778 -1.4873598703345425 -1.1731475105667712 -0.7993710969233826 -0.89220758529698718 -0.93046398150773879 -0.017442063111278164 0.060207378339638018 0.1700958896022835 0.23342890411400072 0.26379052864847224 0.24110804207973277 0.18392424326935325 0.10406175201089889 0 -0.13544534677133799 -0.28410443113345912 -0.45462845382823835 -0.65862471114534038 -0.91450359123116476 -1.2019992844642251 -1.5346488325563874 -1.8389928892766498 -3.119783541925127 -3.3235709408940051 -3.5956429116305189 -4.388268860025291 -5.0765634366204742 -5.7358923078415565 -6.4186599157528876 -2.2615833566927792 -1.5354983890940617 -1.2055191741356417 -0.81299202692994954 -0.88936096466181713 -0.92071803980287636 -0.0019189736823015772 0.075460964348699408 0.18777996880387496 0.25204663746105493 0.28179264784931723 0.25692133364870978 0.19598049891769193 0.11082656622043245 0 -0.15090245454260298 -0.30867243248274018 -0.48929099662037495 -0.70422667979870945 -0.97174425509562168 -1.2714308567888699 -1.6166812291156361 -1.933904844216199 -3.2277417018786045 -3.4477433100165862 -3.7454901286226869 -4.5647517141579543 -5.2823321577053459 -5.9768262933252663 -6.7174871559019902 -2.2980369205305706 -1.5588501371553163 -1.2219026448746866 -0.82107847451935223 -0.89087804707904517 -0.91928196388008188 0.0036577499988851734 0.081166174189779436 0.194699098415789 0.25951469854588743 0.28913468372311724 0.26343345543851748 0.20097674003392241 0.1136445667886886 0 -0.15726533170982551 -0.31889027291831401 -0.50380486439422922 -0.72343211034772326 -0.99599442579036657 -1.3010006828103098 -1.6517997671528635 -1.9746810579071736 -3.2759662867861987 -3.5029381483405539 -3.8113930569355583 -4.642619198269327 -5.3730527785817479 -6.082715239447321 -6.8476589352800694 -2.3347438888172563 -1.5823647651076862 -1.2384131547336403 -0.82925832976175218 -0.89245755788942527 -0.91789358056020742 0.0092018485979287815 0.086849237314461813 0.20160607902722091 0.26697863594334242 0.29647842617768821 0.26995073298365246 0.20597905638345496 0.11646693820493756 0 -0.16364098231893956 -0.32913060947615802 -0.51835319008865222 -0.74268601966845194 -1.0203089346620409 -1.3306523056477495 -1.6870188963491886 -2.0155777296020001 -3.3243335102018268 -3.5583007540255416 -3.8775062487107617 -4.7207421300527903 -5.4640780776280495 -6.1889673379793484 -6.9782900121567533 -2.371704743452963 -1.6060426102633978 -1.2550509479669223 -0.83753180645790948 -0.89409965248699363 -0.91655303907511199 0.014713213205043355 0.092510067273650368 0.20850083789768631 0.27443840133837744 0.30382384766184595 0.27647315014188939 0.21098744148037454 0.11929367845977362 0 -0.17002941099157806 -0.33939345276146848 -0.53293599766022437 -0.7619884481276219 -1.0446878436449913 -1.3603858072402852 -1.7223387233817236 -2.056595001655904 -3.3728435334137794 -3.6138313214927078 -3.9438299639207322 -4.7991208524469071 -5.5554084570826054 -6.2955830833244413 -7.1093810234689752 -2.2471934181561415 -1.5224113167286137 -1.1879282553557307 -0.78560064969230714 -0.85703648954343292 -0.88619424716628636 0.040444624742048033 0.11264725018476103 0.22360398838385992 0.28512174307060795 0.31078275091322971 0.28044516578037954 0.21277656469449432 0.11975160283475278 0 -0.16940734997249299 -0.33745825805535901 -0.52888296483279751 -0.75505975014279814 -1.0341901437705125 -1.3456648434451 -1.702817436383868 -2.0316997965822425 -3.343804601800167 -3.5783885299534894 -3.8941481689357764 -4.7349587188316073 -5.4754195785368269 -6.1979133660488035 -6.9903869102092298 -2.2513961654349623 -1.5258070928035672 -1.1909252102843977 -0.78813309293799139 -0.8598803086801392 -0.88896481807909611 0.039410768346786799 0.11187364432807592 0.22303784343424399 0.28472543049609628 0.31053065723684781 0.28029277765104765 0.21269520094634309 0.11972202359107877 0 -0.16927087944299565 -0.33734643714676577 -0.5288245942408446 -0.75509621883094125 -1.0343814529559421 -1.3460543140380488 -1.7034620997074272 -2.0325915175204528 -3.3466698015785332 -3.5814126204318111 -3.8970889253134735 -4.7386688102454659 -5.479670683546721 -6.20254835946323 -6.9949772922582349 -2.2556226011354976 -1.5292184063174128 -1.1939325630686239 -0.79066927385678665 -0.86272273022312451 -0.89173155525432024 0.038384179272167931 0.11110690239268682 0.22247925526387452 0.28433681771097497 0.3102858334486821 0.28014666581093689 0.21261855342580355 0.11969506156848667 0 -0.1691402600292303 -0.33724387083494867 -0.5287792205813443 -0.75514970929848324 -1.0345940495466088 -1.3464695277965004 -1.7041370988344906 -2.0335182598389006 -3.3495762631473038 -3.5844838837467923 -3.9000855211687946 -4.7424444093847606 -5.4839976997341777 -6.2072715894815165 -6.9996757351415688 -2.2598724758532946 -1.5326451112831092 -1.1969502483655148 -0.7932092255517903 -0.865563868604319 -0.89449461221055016 0.037364679856963567 0.11034685963709995 0.22192805899729726 0.28395573998863455 0.31004813179787977 0.28000670473173245 0.21254653379717089 0.1196706676742197 0 -0.16901538239162145 -0.33715039095870303 -0.52874661016042002 -0.75521992150395034 -1.0348275607159014 -1.3469100301482448 -1.7048419066756313 -2.0344794253896215 -3.3525232978012998 -3.587601563081845 -3.9031370325026007 -4.7462844317360524 -5.4883993806723161 -6.2120815974835466 -7.0044804706418038 -2.2641455575094458 -1.5360870753775744 -1.1999781924075565 -0.79575298300154518 -0.86840385459881919 -0.89725414338921528 0.036352088034137912 0.10959335812203172 0.22138408873202858 0.28358204113127661 0.30981741152929682 0.27987277335046551 0.21247905205023579 0.11964879267597908 0 -0.16889614063821293 -0.3370658307559663 -0.5287265276022487 -0.755306555830077 -1.0350816160187262 -1.3473753827153938 -1.7055760051018831 -2.0354744209960698 -3.3555102489858344 -3.5907648907844774 -3.906242554754896 -4.7501878346708528 -5.4928744930921471 -6.2169769835536224 -7.0093897129182814 -2.2684416071186395 -1.5395441582996412 -1.2030163423250544 -0.79830057237297836 -0.87124278814106593 -0.90001028971663155 0.035346245015991651 0.10884624446285138 0.22084718987779436 0.28321556592347841 0.30959352772013288 0.27974475371502483 0.21241602058607553 0.11962938900108623 0 -0.16878242988919345 -0.33699002930683647 -0.52871875421651615 -0.75540931981903514 -1.035355850011177 -1.3478651478940515 -1.7063388853317376 -2.0365026620551645 -3.3585364494889269 -3.5939730994403467 -3.9094011916414568 -4.7541535704404039 -5.4974218495688953 -6.2219563161018581 -7.0144017585308589 -2.2727603924828887 -1.54301620790009 -1.20606461866462 -0.80085202411974821 -0.87408078580635495 -0.90276320093073026 0.034346966770736787 0.10810536834113219 0.22031720218821546 0.28285615901585687 0.30937634471318004 0.27962252689092287 0.21235735295187275 0.11961241043879292 0 -0.16867414822118282 -0.33692282444483568 -0.52872306124355306 -0.75552792262796298 -1.0356499091718203 -1.3483789004642139 -1.7071300471869177 -2.0375635792353051 -3.3616012614805704 -3.5972254787319988 -3.9126120756944216 -4.7581806135631393 -5.5020402573193685 -6.2270182363532678 -7.0195149045752272 -2.2946874216034328 -1.5605965715549597 -1.2214556796492431 -0.81366822899142266 -0.88826046722145191 -0.91648399839778849 0.029443513681225331 0.10448941676303473 0.2177657205980506 0.28116011006084779 0.30838626917366113 0.27909441605319535 0.21212661100403554 0.11956232371463413 0 -0.16821072301638937 -0.33671037154899913 -0.52891836799266556 -0.7563488586428857 -1.0374055530794097 -1.3512930466550832 -1.7114932688154925 -2.0433390019218853 -3.3774826966277209 -3.6141248908346779 -3.9294204606795269 -4.7792010170163222 -5.5261581932112422 -6.2535202189192871 -7.0465400044943154 -2.3171495486000291 -1.5785319556593536 -1.2370903056038189 -0.82658484192812931 -0.90243201783709037 -0.93014365739104232 0.024680997252242775 0.10100833827788026 0.21536539431475962 0.27961975781831222 0.30754441870663052 0.27869498048275898 0.21199305598816684 0.11956635495446755 0 -0.16786871903148526 -0.33669051912359094 -0.52938474866104879 -0.75752561518567962 -1.0396069880199763 -1.354747133984985 -1.7164937548383568 -2.0498512694903517 -3.3942391032007055 -3.6320251654129065 -3.9474120420548258 -4.8016110526275462 -5.5518869058783169 -6.2818942027803253 -7.07585527999119 -2.3401206904943521 -1.5968070278528297 -1.252960704499795 -0.83960435310441739 -0.91660670372091213 -0.9437569059607902 0.020041961479272615 0.09764638212231945 0.21309994305939473 0.27821923907260704 0.30683628123568452 0.27841199525336707 0.21194767964573777 0.11961958727292225 0 -0.16763731978473528 -0.33684636533212303 -0.53009872717651108 -0.75902774243023263 -1.0422164696900198 -1.3586958810186951 -1.7220785520583832 -2.0570396940202973 -3.4118020098835666 -3.6508480557643828 -3.9664935961991059 -4.8253020316455419 -5.5791005961081526 -6.3119938243177405 -7.1072803242456368 -2.3635763334306188 -1.6154073351503961 -1.2690593888452091 -0.8527287022665353 -0.93079450670708641 -0.95733692670112436 0.015510707099288002 0.09438937193953606 0.21095467963957173 0.27694418947585486 0.30624870162860857 0.27823437972086495 0.21198230670988708 0.11971755247746546 0 -0.1675066824537696 -0.3371625208065725 -0.53103891609518328 -0.76082748356331986 -1.0451995738451227 -1.3630980056336011 -1.7281993552569679 -2.0648488672674343 -3.4301088951360392 -3.6705221234996643 -3.9865799653942591 -4.8501746023572672 -5.6076843116088275 -6.3436852401473525 -7.1406500623513596 -2.4241873099733287 -1.6632435949453346 -1.3102582007561845 -0.8860067746358018 -0.96637699672596022 -0.99121600076294236 0.0045649457867226774 0.086625225379640125 0.20603336166870656 0.27422328045791866 0.30523170561654095 0.27818757647716164 0.21237177440966348 0.12013241648305004 0 -0.16756410591795406 -0.33856537749574406 -0.53425545338765956 -0.76646835350831244 -1.0540927909238351 -1.3758477378409224 -1.7455665475790612 -2.0867665460281395 -3.4787685892697064 -3.7230167817003554 -4.0406977783089149 -4.9169487757946078 -5.6844697086329568 -6.4291004204260815 -7.2316236843368475 -2.4582769704908305 -1.6906189813030956 -1.3341088566726995 -0.90561780009706472 -0.98787298087405562 -1.0118776919674779 -0.0023875847165267996 0.081579431055054857 0.20262142772482072 0.27210038023446137 0.30414246458750771 0.27773534382925408 0.2122800091797199 0.12019776274995209 0 -0.16717298143531606 -0.3387297134803321 -0.53522820312470554 -0.76859194902333383 -1.0578443821459176 -1.3815745723920252 -1.753714227719664 -2.0972879134265141 -3.5050861642144588 -3.7511866051849583 -4.0690856907744957 -4.9521994039128474 -5.7249049843547697 -6.4737102237208513 -7.2778592873187886 
end_dependent_variable

end_regular_table
