# ****************************************************************************
# CUI
#
# The Advanced Framework for Simulation, Integration, and Modeling (AFSIM)
#
# The use, dissemination or disclosure of data in this file is subject to
# limitation or restriction. See accompanying README and LICENSE for details.
# ****************************************************************************

# ##################################################################################################
# 
# This file was auto-generated by AFSIM Mover Creator 2.5.0.200401
# 
# Creation Date:  01 Apr 2020
# 
# ##################################################################################################

regular_table

independent_variable mach precision double
0.10000000000000001 0.5 0.70000000000000007 0.75 0.80000000000000004 0.84999999999999998 0.90000000000000002 0.92000000000000004 0.94000000000000006 0.95999999999999996 0.97999999999999998 1 1.02 1.04 1.0600000000000001 1.0800000000000001 1.1000000000000001 1.2 1.3 
end_independent_variable

independent_variable surface_angle units deg
-20 -16 -14 -12 -10 -9 -8 -7 -6 -5 -4 -3 -2 -1 0 1 2 3 4 5 6 7 8 9 10 12 14 16 18 20 
end_independent_variable

dependent_variable precision double
0.015807925567773041 0.019458587465654872 0.017290274757570615 0.0150102888522156 0.012778514979614908 0.011641369998197187 0.010317577078368148 0.0090199072770837489 0.0078160110923751816 0.0065523234115784455 0.0052534297933197003 0.0039406364325934263 0.0026251041234457771 0.001311635470358207 0 -0.0013116361128028551 -0.0026251083666767204 -0.0039406496141208384 -0.0052534593708618319 -0.0065523786144563159 -0.0078161025093297833 -0.0090200546042845543 -0.010317788559226264 -0.011641654610905633 -0.012778884582506214 -0.015010863233344109 -0.017291122121195209 -0.019459795932246858 -0.021519402837308781 -0.015810692061337603 0.015815717466406237 0.019464881303548079 0.0172957996557348 0.015015037135092432 0.012782482299948692 0.011644946749389125 0.010320758914141599 0.0090226934712235394 0.0078184003150777986 0.0065543152069706982 0.0052550238127350869 0.0039418323731363379 0.002625901651502705 0.0013120343026452675 0 -0.0013120349449981291 -0.002625905894488884 -0.0039418455546025594 -0.0052550533900324551 -0.0065543704098485686 -0.0078184917320324003 -0.0090228407978124332 -0.010320970395244477 -0.011645231362342334 -0.012782851903574291 -0.015015611518179053 -0.017296647019359391 -0.019466089770140065 -0.021526456393687211 -0.015818483952138345 0.015817128598676223 0.019466020113206074 0.017296799433003562 0.01501589651688053 0.012783200270729751 0.011645593784833147 0.010321334569022634 0.0090231975786124515 0.0078188326740232378 0.0065546756963144196 0.0052553123344490577 0.0039420488457752936 0.0026260460073281723 0.001312106493285736 0 -0.0013121071357915749 -0.0026260502504367334 -0.003942062027425087 -0.0052553419119911893 -0.0065547309004161114 -0.0078189240906106922 -0.0090233449052013453 -0.010321546051104568 -0.011645878396073008 -0.012783569876068698 -0.015016470898253802 -0.017297646797117684 -0.019467228575881831 -0.021527732650641937 -0.015819895088324556 0.01581740958569362 0.019466246851191412 0.017296998492082119 0.015016067629402731 0.012783343229013231 0.011645722607009112 0.010321449179581348 0.0090232979450002877 0.007818918758852475 0.0065547474735788685 0.005255369780712553 0.0039420919499316637 0.0026260747500716462 0.0013121208670745185 0 -0.0013121215093508912 -0.0026260789933637801 -0.0039421051313978843 -0.0052553993580099212 -0.0065548026776805603 -0.0078190101764189848 -0.0090234452725070462 -0.010321660664967598 -0.01164600721690277 -0.012783712831415009 -0.01501664201126553 -0.017297845856318623 -0.019467455316559579 -0.021527986756928377 -0.015820176076321014 0.015817669928325312 0.019466456928572011 0.017297182918426746 0.015016226155419121 0.012783475668068733 0.011645841962687618 0.010321555365848268 0.0090233909348091824 0.0078189985122456025 0.0065548139705467606 0.0052554230058962604 0.0039421318814553919 0.0026261013793992473 0.0013121341843695335 0 -0.0013121348268753724 -0.0026261056226301901 -0.0039421450634723318 -0.0052554525841726849 -0.0065548691746484524 -0.007819089929689731 -0.0090235382612756949 -0.010321766847930203 -0.011646126572458894 -0.01278384526973622 -0.01501680053850574 -0.017298030280093225 -0.019467665393695412 -0.02152822218183743 -0.015820436413078367 0.015817912279569687 0.019466652476019607 0.017297354601004605 0.01501637374145799 0.012783598962369223 0.011645953064552541 0.010321654215432796 0.0090234774968672802 0.0078190727576503381 0.0065548758750664871 0.0052554725527646333 0.0039421690573021714 0.0026261261703034735 0.0013121465815502933 0 -0.0013121472241632167 -0.0026261304139933491 -0.0039421822393191121 -0.005255502130123193 -0.0065549310789234138 -0.0078191641756451859 -0.0090236248240068932 -0.010321865699839989 -0.01164623767628193 -0.01278396856648435 -0.015016948122464116 -0.01729820196793351 -0.019467860939919188 -0.021528441334827168 -0.015820678767994204 0.015818138848912547 0.01946683528741051 0.017297515096882706 0.015016511701902718 0.012783714222531939 0.011646056935106034 0.01032174662307021 0.0090235584249446551 0.0078191421663935026 0.0065549337505238841 0.0052555188725403471 0.0039422038110243206 0.0026261493456420657 0.001312158171009427 0 -0.0013121588136988393 -0.0026261535894849192 -0.0039422169930412613 -0.0052555484505720073 -0.0065549889546255759 -0.0078192335813899901 -0.0090237057511664033 -0.010321958103683559 -0.011646341546835423 -0.01278408382566801 -0.015017086084499811 -0.017298362464423522 -0.019468043759387307 -0.02152864621023573 -0.015820905336602766 0.015799909681764836 0.019465410740108133 0.017299605134012248 0.015020819560807103 0.012789207094386782 0.011651782404942142 0.010327346146586487 0.0090288396936572257 0.0078240190871389104 0.0065592291562699525 0.0052590961266001874 0.0039449643070110438 0.002628024917614612 0.0013131062956795384 0 -0.0013131069520879799 -0.0026280292523873394 -0.0039449777735173315 -0.0052591263439068 -0.0065592855556038396 -0.007824112484039504 -0.0090289902082254739 -0.010327562202918373 -0.011652073172489379 -0.012789584692498369 -0.015021406365183751 -0.017300470820777455 -0.019466645332921171 -0.021522335227594336 -0.015802735922057515 0.015771184008679693 0.01945975284416537 0.017299143939159989 0.015023676730376294 0.012793934437153884 0.011656970253648384 0.010332577733369838 0.009033876219902261 0.0078287382851348498 0.0065634263553779066 0.005262614634087095 0.0039476913702859795 0.0026298829156328279 0.0013140469810437798 0 -0.0013140476554607422 -0.0026298873751251172 -0.003947705243431153 -0.0052626458304012719 -0.0065634847446441628 -0.0078288353045445555 -0.0090340332000128851 -0.010332804109691701 -0.01165727649244251 -0.012794334414441421 -0.015024306574273224 -0.017300087529305366 -0.019461122270096335 -0.021509478733337108 -0.015774449578751258 0.015725940292836655 0.019441822718375704 0.017288545054065851 0.015018491818692737 0.012792581981209519 0.01165698086138307 0.010333469192476116 0.0090353381484391173 0.0078305738888262109 0.0065653551571969136 0.0052644118214854293 0.0039491846260980611 0.0026309467297085062 0.0013145994200410452 0 -0.0013146003326196245 -0.0026309527597175924 -0.0039492033805130717 -0.0052644539722182066 -0.0065654339967019734 -0.0078307047878992415 -0.0090355497468329656 -0.010333774007232538 -0.011657392718346569 -0.012793119201268882 -0.015019335244552019 -0.017289804265646622 -0.019443643143166458 -0.021482650042856561 -0.015730243288522558 0.015679566813524125 0.019423202910027592 0.017277417041940385 0.015012912113238472 0.012790945763258923 0.011656755025500405 0.010334166244001351 0.0090366426655664814 0.0078322843846127966 0.0065671867877790295 0.0052661360470955508 0.0039506260219350836 0.0026319773662879568 0.0013151357011301362 0 -0.0013151368599965013 -0.0026319850270992442 -0.0039506498445095808 -0.0052661895750280088 -0.0065672868622611664 -0.0078324504626061022 -0.0090369109840576084 -0.010334552516798438 -0.011657276565137455 -0.012791625501197668 -0.015013977320413669 -0.017279003968654266 -0.019425491609032463 -0.021454962322118167 -0.015684946841478788 0.015632061281903774 0.019403891991167092 0.017265758761644257 0.01500693675802438 0.012789025189014782 0.011656292228862733 0.010334668477769808 0.0090377894243311944 0.007833869491260614 0.0065689210297002736 0.0052677871557369992 0.0039520154420603247 0.0026329747504611162 0.0013156557860421801 0 -0.0013156572010848018 -0.0026329841035104017 -0.0039520445224865098 -0.0052678524820592518 -0.0065690431315099263 -0.0078340720556062671 -0.00903811656994713 -0.010335139225276501 -0.011656927516607614 -0.012789852729192553 -0.015008231966576099 -0.017267685532630809 -0.019406666260398511 -0.021426413799421243 -0.015638558021917132 0.015583421451334603 0.019383888535210954 0.017253569124074993 0.015000564935929883 0.012786819625370196 0.011655591966717463 0.010334975449534593 0.0090387780769723824 0.0078353289349520332 0.0065705576617917779 0.0052693649738964829 0.0039533527710797359 0.0026339388046132785 0.0013161596376219818 0 -0.0013161613184539715 -0.0026339499107122101 -0.0039533872958556378 -0.0052694425206063654 -0.006570702579093919 -0.0078355692957989866 -0.0090391661575483749 -0.010335533710448602 -0.011656345079312555 -0.01278780026257359 -0.015002098369002761 -0.01725584789285229 -0.019387165719438354 -0.021397002716576092 -0.015591074655744686 0.015558304010465209 0.019377493790759957 0.017251605729276559 0.015001693977638919 0.012789933694816744 0.011659301204767337 0.010338892050237155 0.0090426786006857895 0.0078390959001567173 0.0065739826474749572 0.0052722835060776182 0.0039556421568560408 0.0026355116270756962 0.0013169599129665677 0 -0.0013169616913493009 -0.0026355233766839994 -0.0039556786746361029 -0.0052723655045085289 -0.0065741358206711752 -0.0078393498311920447 -0.0090430883535589299 -0.01033948108979983 -0.011660095247407541 -0.012790966756678282 -0.015003306217614275 -0.017253996056403879 -0.019380922174111918 -0.021384947976987253 -0.015566258518832952 0.015538349115614398 0.01937505081623914 0.017252931090810882 0.015005444446402165 0.01279503577743784 0.011664705303120177 0.01034423082133764 0.0090477513306785103 0.0078438090797453928 0.0065781523656903108 0.0052757674186514648 0.0039583369369661624 0.0026373454699706311 0.0013178878105921667 0 -0.0013178896140938188 -0.0026373573878053203 -0.003958373978639366 -0.0052758505879360639 -0.006578307730822735 -0.0078440666409264719 -0.0090481669384075251 -0.010344828277555472 -0.011665510679955008 -0.012796083571358594 -0.015007079661015646 -0.017255355425123638 -0.019378527892183708 -0.021377339501655289 -0.015546416152234505 0.015518367474897656 0.019372594481513079 0.017254248068880054 0.015009190293822831 0.01280013583556586 0.011670108305712959 0.01034956919337468 0.009052824115057815 0.0078485225909405033 0.0065823225663847115 0.0052792518500763084 0.0039610321863135928 0.0026391796586928019 0.0013188158928433475 0 -0.0013188177217821116 -0.0026391917445580662 -0.0039610697471315149 -0.0052793361894313499 -0.0065824801148376437 -0.0078487837706655156 -0.0090532455554181226 -0.010350175025127296 -0.011670924973957641 -0.012801198313180441 -0.015010848391532652 -0.017256706281534407 -0.019376120070099673 -0.021369711164203758 -0.01552654659743239 0.015498358420598456 0.019370124358832015 0.017255556349990198 0.015012931276801202 0.012805233702173784 0.011675510085659967 0.010354907035252625 0.0090578968389069554 0.0078532363611939753 0.0065864931903986774 0.0052827367549484108 0.0039637278656748862 0.002641014172694264 0.0013197441491830161 0 -0.0013197460035772495 -0.0026410264251582327 -0.003963765945710955 -0.0052828222603597636 -0.0065866529133116573 -0.0078535011431126751 -0.0090583240926845696 -0.010355521229469618 -0.011676338011096478 -0.012806310815116798 -0.015014612183199071 -0.017258048324674237 -0.019373698273941989 -0.021362062428011808 -0.015506649203843575 0.015397879470144054 0.019357553460647599 0.017261957023999082 0.015031555466525135 0.012830684478988701 0.011702495687766129 0.01038158458701639 0.0090832565972432753 0.0078768064783813953 0.0066073506449964639 0.0053001668687425677 0.0039772116984478929 0.0026501909531341213 0.0013243877071877582 0 -0.0013243896868400348 -0.0026502040323501275 -0.0039772523481401718 -0.005300258141286332 -0.0066075211388773297 -0.0078770891148642625 -0.0090837126486221238 -0.010382240148574088 -0.011703379355785415 -0.01283183406952753 -0.015033349322267573 -0.017264616175765274 -0.019361366705633536 -0.021323496316327524 -0.015406723070308373 0.015296624369698916 0.019344582959077334 0.017268098163097913 0.015050026491913317 0.012856057548332661 0.011729431283336887 0.010408233293082773 0.00910860226316248 0.0079003726759160568 0.0066282105746491276 0.0053176027135664302 0.0039907020124526592 0.0026593730882176424 0.0013290342544662148 0 -0.0013290363577243766 -0.0026593869845175028 -0.0039907452000430025 -0.0053176996861772343 -0.0066283917109967111 -0.0079006729438605844 -0.0091090867587031617 -0.010408929726089051 -0.011730370011047028 -0.012857278720385827 -0.015051931897439036 -0.017270922396520543 -0.019348632485157245 -0.021284352133940258 -0.015306013524141194 
end_dependent_variable

end_regular_table
