# ****************************************************************************
# CUI
#
# The Advanced Framework for Simulation, Integration, and Modeling (AFSIM)
#
# The use, dissemination or disclosure of data in this file is subject to
# limitation or restriction. See accompanying README and LICENSE for details.
# ****************************************************************************

# ##################################################################################################
# 
# This file was auto-generated by AFSIM Mover Creator 2.8.0.201104
# 
# Creation Date:  05 Nov 2020
# 
# ##################################################################################################

regular_table

independent_variable mach precision double
0.10000000000000001 0.5 0.70000000000000007 0.75 0.80000000000000004 0.84999999999999998 0.90000000000000002 0.92000000000000004 0.94000000000000006 0.95999999999999996 0.97999999999999998 1 1.02 1.04 1.0600000000000001 1.0800000000000001 1.1000000000000001 1.2 1.3 1.4000000000000001 1.5 1.75 2 2.5 3 3.5 4 
end_independent_variable

independent_variable alpha units rad
-1.3962634015954636 -1.3089969389957472 -1.2217304763960306 -1.1344640137963142 -1.0471975511965976 -0.95993108859688125 -0.87266462599716477 -0.78539816339744828 -0.69813170079773179 -0.6108652381980153 -0.52359877559829882 -0.48869219055841229 -0.4537856055185257 -0.41887902047863912 -0.38397243543875248 -0.3490658503988659 -0.31415926535897931 -0.27925268031909273 -0.24434609527920614 -0.20943951023931956 -0.17453292519943295 -0.13962634015954636 -0.10471975511965978 -0.087266462599716474 -0.069813170079773182 -0.05235987755982989 -0.034906585039886591 -0.017453292519943295 0 0.017453292519943295 0.034906585039886591 0.05235987755982989 0.069813170079773182 0.087266462599716474 0.10471975511965978 0.13962634015954636 0.17453292519943295 0.20943951023931956 0.24434609527920614 0.27925268031909273 0.31415926535897931 0.3490658503988659 0.38397243543875248 0.41887902047863912 0.4537856055185257 0.48869219055841229 0.52359877559829882 0.6108652381980153 0.69813170079773179 0.78539816339744828 0.87266462599716477 0.95993108859688125 1.0471975511965976 1.1344640137963142 1.2217304763960306 1.3089969389957472 1.3962634015954636 
end_independent_variable

dependent_variable precision double
0.29041285744467904 1.4163937267301907 2.5054498110113856 3.4233875240136831 4.2937869942860125 5.1917730680667855 6.8553833688676455 8.0491683609698566 9.28274599714576 9.2850085350516967 9.0136466690756976 8.4421716580541091 9.1853858138104147 8.4835294913852941 7.8575594963240087 8.4824737814970703 7.9961076419402319 7.7405968602402346 8.1961237285707131 7.8979414583129923 7.6731134146163296 7.6225708243758543 7.8958779757733737 7.9064589786809796 7.8410875226821224 7.7905941162222865 7.7544536185421507 7.7329771768060294 7.7256748649019658 7.7329771768060294 7.7544536185421507 7.7905941162222865 7.8410875226821224 7.9064589786809796 7.8958779757733737 7.6225708243758543 7.6731134146163296 7.8979414583129923 8.1961237285707131 7.7405968602402346 7.9961076419402319 8.4824737814970703 7.8575594963240087 8.4835294913852941 9.1853858138104147 8.4421716580541091 9.0136466690756976 9.2850085350516967 9.28274599714576 8.0491683609698566 6.8553833688676455 5.1917730680667855 4.2937869942860125 3.4233875240136831 2.5054498110113856 1.4163937267301907 0.29041285744467904 0.30195136020458124 1.4335940695153435 2.5281802954789589 3.4514739746118548 4.3270216634148664 5.229880173514128 6.8980909498790908 8.0961509788488613 9.3336471860629331 9.3394388085959399 9.0711909650504161 8.5008396944443945 9.2451067455678881 8.5442297641276497 7.9191652207041701 8.5449103655589376 8.0592986504002493 7.804465742415398 8.2605926255772033 7.9629317198106033 7.7385459501129787 7.6883667190317171 7.9619564527836477 7.972649129421562 7.9073686449517 7.8569460212449656 7.8208561020958705 7.7994100160312083 7.7921178123805612 7.7994100160312083 7.8208561020958705 7.8569460212449656 7.9073686449517 7.972649129421562 7.9619564527836477 7.6883667190317171 7.7385459501129787 7.9629317198106033 8.2605926255772033 7.804465742415398 8.0592986504002493 8.5449103655589376 7.9191652207041701 8.5442297641276497 9.2451067455678881 8.5008396944443945 9.0711909650504161 9.3394388085959399 9.3336471860629331 8.0961509788488613 6.8980909498790908 5.229880173514128 4.3270216634148664 3.4514739746118548 2.5281802954789589 1.4335940695153435 0.30195136020458124 0.30105527430422918 1.4322585997083086 2.526415572406997 3.4492933437615054 4.324442173267327 5.2269197610242175 6.8947735323482124 8.092501678634596 9.3296939400438994 9.3352115164625946 9.0667217139765466 8.4962830502456317 9.2404683321801375 8.5395151768922588 7.9143802009989566 8.5400607466727845 8.05439032178991 7.7995047354891609 8.2555849839981637 7.9578835434097313 7.7334633877404766 7.6832560165550223 7.9568237881581343 7.9675078749411616 7.9022203189361351 7.8517921960117052 7.8156983475369568 7.7942499023578167 7.7869569126520073 7.7942499023578167 7.8156983475369568 7.8517921960117052 7.9022203189361351 7.9675078749411616 7.9568237881581343 7.6832560165550223 7.7334633877404766 7.9578835434097313 8.2555849839981637 7.7995047354891609 8.05439032178991 8.5400607466727845 7.9143802009989566 8.5395151768922588 9.2404683321801375 8.4962830502456317 9.0667217139765466 9.3352115164625946 9.3296939400438994 8.092501678634596 6.8947735323482124 5.2269197610242175 4.324442173267327 3.4492933437615054 2.526415572406997 1.4322585997083086 0.30105527430422918 0.30047516128202983 1.4313940096872306 2.5252730361787776 3.4478816000258932 4.3227719613215703 5.225003597112809 6.8926260916044217 8.0901394233512764 9.3271348531314029 9.3324750085164716 9.0638285875343545 8.4933334250509684 9.2374657677442755 8.5364632970642198 7.9112827669837396 8.5369215273346413 8.0512131498202244 7.7962934624721454 8.2523435258557747 7.9546158390416908 7.7301734202148822 7.6799478225547562 7.9535013848349783 7.9641798822764063 7.8988877576532115 7.8484560714517073 7.8123596821466474 7.7909097106055683 7.7836162128216841 7.7909097106055683 7.8123596821466474 7.8484560714517073 7.8988877576532115 7.9641798822764063 7.9535013848349783 7.6799478225547562 7.7301734202148822 7.9546158390416908 8.2523435258557747 7.7962934624721454 8.0512131498202244 8.5369215273346413 7.9112827669837396 8.5364632970642198 9.2374657677442755 8.4933334250509684 9.0638285875343545 9.3324750085164716 9.3271348531314029 8.0901394233512764 6.8926260916044217 5.225003597112809 4.3227719613215703 3.4478816000258932 2.5252730361787776 1.4313940096872306 0.30047516128202983 0.29611568469844624 1.4248963478040344 2.516686590171807 3.4372717155981767 4.3102194589356673 5.210603806924631 6.8764887595097042 8.0723873588716941 9.3079031073211667 9.3119099885524026 9.0420868322562669 8.4711668364089139 9.2149013568682072 8.513528531575707 7.8880055858038691 8.5133303141319274 8.0273366319084367 7.7721607496172034 8.2279840122372825 7.9300592032529353 7.7054495667971814 7.6550868827633884 7.9285336613648871 7.9391701693642354 7.8738436634926181 7.8233852295757185 7.7872697276201421 7.765808284237866 7.7585109623897086 7.765808284237866 7.7872697276201421 7.8233852295757185 7.8738436634926181 7.9391701693642354 7.9285336613648871 7.6550868827633884 7.7054495667971814 7.9300592032529353 8.2279840122372825 7.7721607496172034 8.0273366319084367 8.5133303141319274 7.8880055858038691 8.513528531575707 9.2149013568682072 8.4711668364089139 9.0420868322562669 9.3119099885524026 9.3079031073211667 8.0723873588716941 6.8764887595097042 5.210603806924631 4.3102194589356673 3.4372717155981767 2.516686590171807 1.4248963478040344 0.29611568469844624 0.25806800741344016 1.3681870567000201 2.4417473133934897 3.1480440492854327 4.1707549017978334 5.084928595280318 6.7356488635876008 7.9174546495888363 9.1400567392950318 9.1324273182665241 8.8523338102903111 8.2777059842417007 9.0179684248478651 8.3133634816195787 7.6848522380515316 8.3074361743566367 7.818952570339019 7.5615406343150342 8.0153844719146772 7.715739246608158 7.4896703269506233 7.43811124501776 7.7106259652601823 7.7208959542745186 7.6552694100949079 7.6045775220746359 7.5682952128347205 7.5467336681548867 7.5394029740179507 7.5467336681548867 7.5682952128347205 7.6045775220746359 7.6552694100949079 7.7208959542745186 7.7106259652601823 7.43811124501776 7.4896703269506233 7.715739246608158 8.0153844719146772 7.5615406343150342 7.818952570339019 8.3074361743566367 7.6848522380515316 8.3133634816195787 9.0179684248478651 8.2777059842417007 8.8523338102903111 9.1324273182665241 9.1400567392950318 7.9174546495888363 6.7356488635876008 5.084928595280318 4.1707549017978334 3.1480440492854327 2.4417473133934897 1.3681870567000201 0.25806800741344016 0.10407167018227848 0.0092346538942573719 0.81874732711029941 2.115362777447916 3.6040050733148856 4.5876163095607785 6.1750803891449291 7.2903713204869351 8.4607056926778181 8.4059789038277355 8.0843166674770846 7.4946817948383329 8.2208911230679753 7.5032041287930058 6.8625979442011742 7.4740887348510059 6.975527276665189 6.7090651068081222 7.1548972839002731 6.8482887747480952 6.6163134330851339 6.5599119832831656 6.8286542690372194 6.8374407737729594 6.7705998469967676 6.7189630575780326 6.6820056048283707 6.6600388931992498 6.6525731273515341 6.6600388931992498 6.6820056048283707 6.7189630575780326 6.7705998469967676 6.8374407737729594 6.8286542690372194 6.5599119832831656 6.6163134330851339 6.8482887747480952 7.1548972839002731 6.7090651068081222 6.975527276665189 7.4740887348510059 6.8625979442011742 7.5032041287930058 8.2208911230679753 7.4946817948383329 8.0843166674770846 8.4059789038277355 8.4607056926778181 7.2903713204869351 6.1750803891449291 4.5876163095607785 3.6040050733148856 2.115362777447916 0.81874732711029941 0.0092346538942573719 0.10407167018227848 -1.5419673846140549 -1.1886747810433398 0.10008428226655097 1.7424213423972232 3.4236954146413323 4.4365668449921492 6.0243621132290279 7.1313541065855945 8.2853547539789751 8.2177301018126361 7.882362930272949 7.284810459267363 8.0119399592023797 7.2850660034801802 6.6360815273409388 7.2481900312166427 6.7427341762215054 6.4714943399528631 6.9174714784607954 6.606179194951169 6.3704120691719615 6.3117378720851569 6.5809015184967974 6.5892185247677535 6.5214596999106105 6.4691113648008836 6.4316451881909016 6.4093746419311017 6.4018066337240631 6.4093746419311017 6.4316451881909016 6.4691113648008836 6.5214596999106105 6.5892185247677535 6.5809015184967974 6.3117378720851569 6.3704120691719615 6.606179194951169 6.9174714784607954 6.4714943399528631 6.7427341762215054 7.2481900312166427 6.6360815273409388 7.2850660034801802 8.0119399592023797 7.284810459267363 7.882362930272949 8.2177301018126361 8.2853547539789751 7.1313541065855945 6.0243621132290279 4.4365668449921492 3.4236954146413323 1.7424213423972232 0.10008428226655097 -1.1886747810433398 -1.5419673846140549 -3.2510443467086465 -2.3382458134987196 -0.55793689543552694 1.4402377872708507 3.3219416937074464 4.3696416017118205 5.9675112343559098 7.0778122654052522 8.2325504594659176 8.1483193447928262 7.8060474096927503 7.2030323667512821 7.9333809397868489 7.1994600771838364 6.5440758465035538 7.1586167932404736 6.6479152098367891 6.3733781390942523 6.8208108656728097 6.5059739347462076 6.2673812464503138 6.2072264422841892 6.4774285712337134 6.4855187613715479 6.4170407031777463 6.3641354017750738 6.3262709421247427 6.3037628432812625 6.2961146873836338 6.3037628432812625 6.3262709421247427 6.3641354017750738 6.4170407031777463 6.4855187613715479 6.4774285712337134 6.2072264422841892 6.2673812464503138 6.5059739347462076 6.8208108656728097 6.3733781390942523 6.6479152098367891 7.1586167932404736 6.5440758465035538 7.1994600771838364 7.9333809397868489 7.2030323667512821 7.8060474096927503 8.1483193447928262 8.2325504594659176 7.0778122654052522 5.9675112343559098 4.3696416017118205 3.3219416937074464 1.4402377872708507 -0.55793689543552694 -2.3382458134987196 -3.2510443467086465 -4.9329400175656861 -3.4492779901203336 -1.1682662347643495 1.1928104594957216 3.2798123207082055 4.3651233248677475 5.9801898803884095 7.1005636957916431 8.2652201933572407 8.1791368297268701 7.8225798016855075 7.2159163952056424 7.9511830177742047 7.211796740323968 6.5514749976364497 7.169789413371829 6.6550604239750122 6.3783203171198526 6.8281771439965642 6.5106373823590404 6.2699331724696634 6.2088831818040129 6.4805798295426138 6.4886225501177508 6.4195720787511634 6.3662240441005 6.3280429171583954 6.3053462426864479 6.2976342703621846 6.3053462426864479 6.3280429171583954 6.3662240441005 6.4195720787511634 6.4886225501177508 6.4805798295426138 6.2088831818040129 6.2699331724696634 6.5106373823590404 6.8281771439965642 6.3783203171198526 6.6550604239750122 7.169789413371829 6.5514749976364497 7.211796740323968 7.9511830177742047 7.2159163952056424 7.8225798016855075 8.1791368297268701 8.2652201933572407 7.1005636957916431 5.9801898803884095 4.3651233248677475 3.2798123207082055 1.1928104594957216 -1.1682662347643495 -3.4492779901203336 -4.9329400175656861 -6.1781998874323687 -4.5350232299414763 -1.7484155855267312 1.1093783481294437 3.2864393645711645 4.3936440348201504 6.0294863609456417 7.163403373799806 8.341203015083801 8.258835663577635 7.9014587884340459 7.2866934300085084 8.0225971945764591 7.2753011269106702 6.6108057612069766 7.2335942380285934 6.7154743379926334 6.437102755416146 6.8898897298990152 6.5700868813401323 6.3276441999148609 6.2660048514036681 6.5394342997144337 6.5475232363385354 6.4779770309534097 6.4242459504573572 6.3857907975447814 6.3629311412801783 6.3551638820555114 6.3629311412801783 6.3857907975447814 6.4242459504573572 6.4779770309534097 6.5475232363385354 6.5394342997144337 6.2660048514036681 6.3276441999148609 6.5700868813401323 6.8898897298990152 6.437102755416146 6.7154743379926334 7.2335942380285934 6.6108057612069766 7.2753011269106702 8.0225971945764591 7.2866934300085084 7.9014587884340459 8.258835663577635 8.341203015083801 7.163403373799806 6.0294863609456417 4.3936440348201504 3.2864393645711645 1.1093783481294437 -1.7484155855267312 -4.5350232299414763 -6.1781998874323687 -5.1387946543740242 -4.7574071296814484 -2.0030594910711113 1.1654704693040989 3.3326233586339291 4.4352769046584291 6.0965708219669388 7.245617355968152 8.438058350959027 8.3607739317163343 8.0051787656263809 7.387957539681528 8.1298204730956094 7.3763581591175571 6.7031695287764324 7.3262357877950022 6.8012966200749316 6.5215662149281863 6.9775246736177099 6.6556685273884932 6.4116652754409555 6.3495824611505904 6.6248583378441168 6.633038192790921 6.5630328438968251 6.5089471679104802 6.470238339362556 6.4472279020905905 6.4394094241057829 6.4472279020905905 6.470238339362556 6.5089471679104802 6.5630328438968251 6.633038192790921 6.6248583378441168 6.3495824611505904 6.4116652754409555 6.6556685273884932 6.9775246736177099 6.5215662149281863 6.8012966200749316 7.3262357877950022 6.7031695287764324 7.3763581591175571 8.1298204730956094 7.387957539681528 8.0051787656263809 8.3607739317163343 8.438058350959027 7.245617355968152 6.0965708219669388 4.4352769046584291 3.3326233586339291 1.1654704693040989 -2.0030594910711113 -4.7574071296814484 -5.1387946543740242 -4.0804584475190344 -2.7609846272504552 -0.75757341459484762 1.2271971901070089 3.386003656110637 4.4805066907147282 6.1672706913039033 7.3389882833464508 8.5468841413679293 8.475432331682514 8.1222833977686335 7.5028457847099546 8.2508914906584039 7.4930670675596387 6.8158909569832291 7.4435388720606186 6.9148320780263237 6.6296963758340448 7.0851465510193687 6.7579057738453061 6.5105519816617781 6.4481081293750657 6.7252946499546624 6.7335906830909131 6.6631468553077484 6.6087226736799067 6.5697716436739029 6.546617325975161 6.5387499299217025 6.546617325975161 6.5697716436739029 6.6087226736799067 6.6631468553077484 6.7335906830909131 6.7252946499546624 6.4481081293750657 6.5105519816617781 6.7579057738453061 7.0851465510193687 6.6296963758340448 6.9148320780263237 7.4435388720606186 6.8158909569832291 7.4930670675596387 8.2508914906584039 7.5028457847099546 8.1222833977686335 8.475432331682514 8.5468841413679293 7.3389882833464508 6.1672706913039033 4.4805066907147282 3.386003656110637 1.2271971901070089 -0.75757341459484762 -2.7609846272504552 -4.0804584475190344 -1.5220210839956403 -0.29932675500050276 1.1822162591805137 2.5471688333794336 3.7372560227775038 4.533137274950195 6.2398586679850281 7.4301700844326 8.6632922988338379 8.601069589980419 8.2509321061577268 7.6294814961837023 8.3838997554915835 7.621889352240415 6.940887842301465 7.5732654000550754 7.0413445980368614 6.7546910789793664 7.2131382517516309 6.8836714760173772 6.6333747607939966 6.5675299917148156 6.8438731528611436 6.8510027196512837 6.7788779708536415 6.7229210509567245 6.682562919566374 6.6589741698354903 6.6510598304429838 6.6589741698354903 6.682562919566374 6.7229210509567245 6.7788779708536415 6.8510027196512837 6.8438731528611436 6.5675299917148156 6.6333747607939966 6.8836714760173772 7.2131382517516309 6.7546910789793664 7.0413445980368614 7.5732654000550754 6.940887842301465 7.621889352240415 8.3838997554915835 7.6294814961837023 8.2509321061577268 8.601069589980419 8.6632922988338379 7.4301700844326 6.2398586679850281 4.533137274950195 3.7372560227775038 2.5471688333794336 1.1822162591805137 -0.29932675500050276 -1.5220210839956403 1.2547976429788712 2.1737343338670647 3.1347357411802053 3.9105939927470605 4.5437480821649983 4.6914016228565423 6.3552441624922578 7.5352164971870881 8.7776673235084282 8.727642069909864 8.3877155205321152 7.7667075074713354 8.5296995008732512 7.7642664517264057 7.0796231355928807 7.716898192586739 7.1819150948680619 6.8938795234336663 7.3554434259278683 7.023854321390818 6.7733443475801041 6.7086629736388197 6.9885178636416967 6.9966253756450829 6.924916242808199 6.8695632023730857 6.8298993129861412 6.8063687940206741 6.7983312264671492 6.8063687940206741 6.8298993129861412 6.8695632023730857 6.924916242808199 6.9966253756450829 6.9885178636416967 6.7086629736388197 6.7733443475801041 7.023854321390818 7.3554434259278683 6.8938795234336663 7.1819150948680619 7.716898192586739 7.0796231355928807 7.7642664517264057 8.5296995008732512 7.7667075074713354 8.3877155205321152 8.727642069909864 8.7776673235084282 7.5352164971870881 6.3552441624922578 4.6914016228565423 4.5437480821649983 3.9105939927470605 3.1347357411802053 2.1737343338670647 1.2547976429788712 1.2833317868566825 2.8094870174536326 4.0497688897147279 4.7935137810100255 5.1945544970349768 4.8605678803345818 6.5174581441085664 7.6966647391319949 8.9398945962816256 8.8847825456614551 8.5426491160418792 7.9187675944449714 8.6878026569932185 7.919475114788777 7.2329845224950464 7.8770283610381258 7.3408836965989916 7.0533616964144485 7.5199121522088452 7.1880382308062254 6.9363020700566933 6.8712920801554951 7.1531573697691631 7.1614964404144672 7.0894414095291838 7.0339380535268905 6.9939742771788387 6.9702635552871364 6.9621165985768494 6.9702635552871364 6.9939742771788387 7.0339380535268905 7.0894414095291838 7.1614964404144672 7.1531573697691631 6.8712920801554951 6.9363020700566933 7.1880382308062254 7.5199121522088452 7.0533616964144485 7.3408836965989916 7.8770283610381258 7.2329845224950464 7.919475114788777 8.6878026569932185 7.9187675944449714 8.5426491160418792 8.8847825456614551 8.9398945962816256 7.6966647391319949 6.5174581441085664 4.8605678803345818 5.1945544970349768 4.7935137810100255 4.0497688897147279 2.8094870174536326 1.2833317868566825 1.3125505290715984 2.8543318297278444 4.1049287684018081 4.8553704824400956 5.2627105442532542 4.9321161517032346 6.6147629495979308 7.8168614915023396 9.0799791252065489 9.033443593381417 8.6953821764412034 8.0697285576455187 8.8453065068140369 8.0729074345654457 7.3826598186136243 8.0314609366729783 7.4920911681335003 7.2030014184577054 7.6724571655321494 7.3382181352119105 7.0845720319087908 7.0187349667128984 7.3020269815146008 7.3102323775249447 7.237480010909831 7.181371104706832 7.1411097082053585 7.1172768190716029 7.1090883310488753 7.1172768190716029 7.1411097082053585 7.181371104706832 7.237480010909831 7.3102323775249447 7.3020269815146008 7.0187349667128984 7.0845720319087908 7.3382181352119105 7.6724571655321494 7.2030014184577054 7.4920911681335003 8.0314609366729783 7.3826598186136243 8.0729074345654457 8.8453065068140369 8.0697285576455187 8.6953821764412034 9.033443593381417 9.0799791252065489 7.8168614915023396 6.6147629495979308 4.9321161517032346 5.2627105442532542 4.8553704824400956 4.1049287684018081 2.8543318297278444 1.3125505290715984 1.4279735670018874 3.0348117023821 4.3256359836146272 5.0994507732205108 5.5290905384701805 5.2064125316736876 6.9933984977122581 8.2744292016135912 9.6170389705802624 9.6033113546000077 9.2827247779447077 8.6485566080190317 9.457846017005032 8.6666228428986738 7.9595592970820475 8.6344571566369659 8.0815261372710552 7.7873333545862655 8.2741494059515883 7.9309547907910698 7.670621327295402 7.6034837690480011 7.8967238230859662 7.905665311322065 7.8308485438226141 7.7731460469496669 7.7317451783050801 7.707235075556337 7.6988167216671135 7.707235075556337 7.7317451783050801 7.7731460469496669 7.8308485438226141 7.905665311322065 7.8967238230859662 7.6034837690480011 7.670621327295402 7.9309547907910698 8.2741494059515883 7.7873333545862655 8.0815261372710552 8.6344571566369659 7.9595592970820475 8.6666228428986738 9.457846017005032 8.6485566080190317 9.2827247779447077 9.6033113546000077 9.6170389705802624 8.2744292016135912 6.9933984977122581 5.2064125316736876 5.5290905384701805 5.0994507732205108 4.3256359836146272 3.0348117023821 1.4279735670018874 1.5161853631467135 3.1776378484870902 4.5005708556310653 5.29116155702435 5.7374850104994826 5.4168422680140109 7.3006498941223334 8.653549929854254 10.069154042503468 10.082367183237491 9.774068744152558 9.1295114315811077 9.9707559442831837 9.1590726248220786 8.4336796792602797 9.1332853192855268 8.5655305903719441 8.2651004501929197 8.768272157152678 8.4152484098869671 8.147486302529714 8.0784403662592865 8.3811547491420857 8.3906460940439338 8.3136123180608017 8.2541976296293953 8.2115723856130689 8.1863342634937215 8.1776689767030071 8.1863342634937215 8.2115723856130689 8.2541976296293953 8.3136123180608017 8.3906460940439338 8.3811547491420857 8.0784403662592865 8.147486302529714 8.4152484098869671 8.768272157152678 8.2651004501929197 8.5655305903719441 9.1332853192855268 8.4336796792602797 9.1590726248220786 9.9707559442831837 9.1295114315811077 9.774068744152558 10.082367183237491 10.069154042503468 8.653549929854254 7.3006498941223334 5.4168422680140109 5.7374850104994826 5.29116155702435 4.5005708556310653 3.1776378484870902 1.5161853631467135 1.5969183335206856 3.311758774980389 4.6673321298017107 5.4762368154122134 5.9412789865399978 5.6240220168651742 7.6044041766584414 9.0288830562384632 10.517194958381287 10.557080442842285 10.260826315571355 9.6057899652058207 10.478904478105816 9.6466809199460499 8.9028837018436136 9.6271277070184791 9.0444855598923741 8.7377604360242547 9.257236306936516 8.894338319657713 8.6191090954885823 8.5481230524744927 8.8602869461722893 8.8703184230386682 8.7910595146550019 8.7299264702411143 8.6860722994682042 8.6601035660862369 8.6511903541710229 8.6601035660862369 8.6860722994682042 8.7299264702411143 8.7910595146550019 8.8703184230386682 8.8602869461722893 8.5481230524744927 8.6191090954885823 8.894338319657713 9.257236306936516 8.7377604360242547 9.0444855598923741 9.6271277070184791 8.9028837018436136 9.6466809199460499 10.478904478105816 9.6057899652058207 10.260826315571355 10.557080442842285 10.517194958381287 9.0288830562384632 7.6044041766584414 5.6240220168651742 5.9412789865399978 5.4762368154122134 4.6673321298017107 3.311758774980389 1.5969183335206856 1.6722946708982256 3.4399378799218376 4.8290043169355199 5.6578629517989638 6.1436210761769434 5.8310348245865118 7.908078678348252 9.4041708316610695 10.96520578053418 11.031769366439713 10.747558266270355 10.082040987806515 10.987022679234757 10.134255494942989 9.3720501205468345 10.120928467209168 9.5233945248614091 9.2103700719533226 9.746145860526914 9.37336962642323 9.0906697432919294 9.0177404813234148 9.3393513654305806 9.3499220492787476 9.2684371195103097 9.2055851283300445 9.1605014760151526 9.1338019303151139 9.1246406022821525 9.1338019303151139 9.1605014760151526 9.2055851283300445 9.2684371195103097 9.3499220492787476 9.3393513654305806 9.0177404813234148 9.0906697432919294 9.37336962642323 9.746145860526914 9.2103700719533226 9.5233945248614091 10.120928467209168 9.3720501205468345 10.134255494942989 10.987022679234757 10.082040987806515 10.747558266270355 11.031769366439713 10.96520578053418 9.4041708316610695 7.908078678348252 5.8310348245865118 6.1436210761769434 5.6578629517989638 4.8290043169355199 3.4399378799218376 1.6722946708982256 1.8438612607795553 3.7420117116196252 5.2179469617522072 6.1021801593285483 6.6461384580574689 6.3485338886671272 8.6675035541204348 10.342748238282262 12.085653140107382 12.218942683025908 11.964844833777954 11.273120963756943 12.257763810299378 11.353628142346604 10.545391064495981 11.355842147125642 10.721065152182508 10.392278150884209 10.96878994567494 10.571305030372496 10.269916463315969 10.192118797371604 10.537338784659537 10.549254394176099 10.462201274480659 10.395050062206382 10.346890753564693 10.318363588423786 10.308581260459118 10.318363588423786 10.346890753564693 10.395050062206382 10.462201274480659 10.549254394176099 10.537338784659537 10.192118797371604 10.269916463315969 10.571305030372496 10.96878994567494 10.392278150884209 10.721065152182508 11.355842147125642 10.545391064495981 11.353628142346604 12.257763810299378 11.273120963756943 11.964844833777954 12.218942683025908 12.085653140107382 10.342748238282262 8.6675035541204348 6.3485338886671272 6.6461384580574689 6.1021801593285483 5.2179469617522072 3.7420117116196252 1.8438612607795553 1.8851618600697557 3.84714870660869 5.3752375115235917 6.3052107353448665 6.9059279714498114 6.6520398326136139 9.1181830089196847 10.901859326976014 12.754467799490079 12.928216883973896 12.692544415153115 11.985228216033015 13.017793223437868 12.082955330804275 11.247211147920289 12.094710122765671 11.437683021638799 11.099525447343094 11.700556243150135 11.288313724822412 10.975769445951354 10.895097940591029 11.254520181275854 11.267256236184609 11.176875026424218 11.107152454684927 11.057155439841765 11.027534513089476 11.01738211591951 11.027534513089476 11.057155439841765 11.107152454684927 11.176875026424218 11.267256236184609 11.254520181275854 10.895097940591029 10.975769445951354 11.288313724822412 11.700556243150135 11.099525447343094 11.437683021638799 12.094710122765671 11.247211147920289 12.082955330804275 13.017793223437868 11.985228216033015 12.692544415153115 12.928216883973896 12.754467799490079 10.901859326976014 9.1181830089196847 6.6520398326136139 6.9059279714498114 6.3052107353448665 5.3752375115235917 3.84714870660869 1.8851618600697557 1.6832125615572873 3.5926740117846854 5.1143463419019728 6.0809966555153929 6.7523182351329458 6.6250213599882857 9.0983327823240643 10.88535153814545 12.740044665934033 12.915340920000567 12.681014121072494 11.974205883767866 13.007261609451295 12.072895133772766 11.237599773040536 12.085521492826256 11.428887301287011 11.091089247331734 11.692443184569328 11.280485016096845 10.968184138148786 10.88771347378251 11.247293052167484 11.260086963814686 11.169760950478045 11.100073304943198 11.050109550416435 11.020500514338956 11.010359285038517 11.020500514338956 11.050109550416435 11.100073304943198 11.169760950478045 11.260086963814686 11.247293052167484 10.88771347378251 10.968184138148786 11.280485016096845 11.692443184569328 11.091089247331734 11.428887301287011 12.085521492826256 11.237599773040536 12.072895133772766 13.007261609451295 11.974205883767866 12.681014121072494 12.915340920000567 12.740044665934033 10.88535153814545 9.0983327823240643 6.6250213599882857 6.7523182351329458 6.0809966555153929 5.1143463419019728 3.5926740117846854 1.6832125615572873 1.5606072560538107 3.4381529670527469 4.9558776148340922 5.9447192217624245 6.6588123096003606 6.6082476826609806 9.0858602364367123 10.874862780245694 12.730780868062512 12.906979586657261 12.673437309937201 11.966925996432028 13.000268673564435 12.066178120007164 11.231145941501444 12.079315642444868 11.422912035341321 11.085325116419297 11.686869015955244 11.275077990306313 10.96292022809774 10.882567746041669 11.242239890357295 11.255067749100796 11.164774304194488 11.095107107594908 11.045163029695166 11.015560898117258 11.005426327709893 11.015560898117258 11.045163029695166 11.095107107594908 11.164774304194488 11.255067749100796 11.242239890357295 10.882567746041669 10.96292022809774 11.275077990306313 11.686869015955244 11.085325116419297 11.422912035341321 12.079315642444868 11.231145941501444 12.066178120007164 13.000268673564435 11.966925996432028 12.673437309937201 12.906979586657261 12.730780868062512 10.874862780245694 9.0858602364367123 6.6082476826609806 6.6588123096003606 5.9447192217624245 4.9558776148340922 3.4381529670527469 1.5606072560538107 1.4861348558239835 3.344269338107511 4.8595474767541109 5.8617988671173435 6.6017858037975916 6.597715440615465 9.0778936917516848 10.868059349654954 12.72468318168532 12.90139616310962 12.668300655860879 11.961958606792992 12.995465559634358 12.061533098213889 11.22665202660408 12.074964317351457 11.418693404293936 11.081228277744476 11.682881735269092 11.271187149857484 10.959112074416693 10.878827826113538 11.23855342820195 11.251400880597203 11.161126320861529 11.091470886963368 11.041538255820761 11.011940026952594 11.001809405029224 11.011940026952594 11.041538255820761 11.091470886963368 11.161126320861529 11.251400880597203 11.23855342820195 10.878827826113538 10.959112074416693 11.271187149857484 11.682881735269092 11.081228277744476 11.418693404293936 12.074964317351457 11.22665202660408 12.061533098213889 12.995465559634358 11.961958606792992 12.668300655860879 12.90139616310962 12.72468318168532 10.868059349654954 9.0778936917516848 6.597715440615465 6.6017858037975916 5.8617988671173435 4.8595474767541109 3.344269338107511 1.4861348558239835 1.4408661035613495 3.2871786273201442 4.8009254255117702 5.8112638866023758 6.5669122950329344 6.5910000199749792 9.0726948343094982 10.863529308603141 12.720547919079442 12.897542158572902 12.664691155179931 11.958442166064668 12.992039600242688 12.058194551350557 11.223397277100556 12.071789014750697 11.41559221775421 11.078195033905963 11.679909770579629 11.26826923908618 10.956240428100848 10.875994470968324 11.235750103720459 11.248608461618803 11.158344576332016 11.088695648333012 11.038769527557461 11.009173406580198 10.999045098051983 11.009173406580198 11.038769527557461 11.088695648333012 11.158344576332016 11.248608461618803 11.235750103720459 10.875994470968324 10.956240428100848 11.26826923908618 11.679909770579629 11.078195033905963 11.41559221775421 12.071789014750697 11.223397277100556 12.058194551350557 12.992039600242688 11.958442166064668 12.664691155179931 12.897542158572902 12.720547919079442 10.863529308603141 9.0726948343094982 6.5910000199749792 6.5669122950329344 5.8112638866023758 4.8009254255117702 3.2871786273201442 1.4408661035613495 
end_dependent_variable

end_regular_table
