# ****************************************************************************
# CUI
#
# The Advanced Framework for Simulation, Integration, and Modeling (AFSIM)
#
# The use, dissemination or disclosure of data in this file is subject to
# limitation or restriction. See accompanying README and LICENSE for details.
# ****************************************************************************

# ##################################################################################################
# 
# This file was auto-generated by AFSIM Mover Creator 2.8.0.201104
# 
# Creation Date:  05 Nov 2020
# 
# ##################################################################################################

regular_table

independent_variable mach precision double
0.10000000000000001 0.5 0.70000000000000007 0.75 0.80000000000000004 0.84999999999999998 0.90000000000000002 0.92000000000000004 0.94000000000000006 0.95999999999999996 0.97999999999999998 1 1.02 1.04 1.0600000000000001 1.0800000000000001 1.1000000000000001 1.2 1.3 1.4000000000000001 1.5 1.75 2 2.5 3 3.5 4 
end_independent_variable

independent_variable beta units rad
-1.3962634015954636 -1.3089969389957472 -1.2217304763960306 -1.1344640137963142 -1.0471975511965976 -0.95993108859688125 -0.87266462599716477 -0.78539816339744828 -0.69813170079773179 -0.6108652381980153 -0.52359877559829882 -0.48869219055841229 -0.4537856055185257 -0.41887902047863912 -0.38397243543875248 -0.3490658503988659 -0.31415926535897931 -0.27925268031909273 -0.24434609527920614 -0.20943951023931956 -0.17453292519943295 -0.13962634015954636 -0.10471975511965978 -0.087266462599716474 -0.069813170079773182 -0.05235987755982989 -0.034906585039886591 -0.017453292519943295 0 0.017453292519943295 0.034906585039886591 0.05235987755982989 0.069813170079773182 0.087266462599716474 0.10471975511965978 0.13962634015954636 0.17453292519943295 0.20943951023931956 0.24434609527920614 0.27925268031909273 0.31415926535897931 0.3490658503988659 0.38397243543875248 0.41887902047863912 0.4537856055185257 0.48869219055841229 0.52359877559829882 0.6108652381980153 0.69813170079773179 0.78539816339744828 0.87266462599716477 0.95993108859688125 1.0471975511965976 1.1344640137963142 1.2217304763960306 1.3089969389957472 1.3962634015954636 
end_independent_variable

dependent_variable precision double
0.29041488561549833 1.4164028218406222 2.5054639836975037 3.4234036472568325 4.2938199617635497 5.1917655476992559 6.8553805094123108 8.0491691983817759 9.2827533684131183 9.2850170684834019 9.0136541506363326 8.442177583254054 9.1853917961994682 8.4835335262810183 7.8575617491663188 8.4824753378577604 7.996107630706657 7.7405963649417213 8.1961226705722385 7.8979395685193872 7.6731109207627846 7.622569712251976 7.8958767285912925 7.9064590552735332 7.8410875602124737 7.7905941307748714 7.7544536219888158 7.7329771761677577 7.7256748649019658 7.7329771761677577 7.7544536219888158 7.7905941307748714 7.8410875602124737 7.9064590552735332 7.8958767285912925 7.622569712251976 7.6731109207627846 7.8979395685193872 8.1961226705722385 7.7405963649417213 7.996107630706657 8.4824753378577604 7.8575617491663188 8.4835335262810183 9.1853917961994682 8.442177583254054 9.0136541506363326 9.2850170684834019 9.2827533684131183 8.0491691983817759 6.8553805094123108 5.1917655476992559 4.2938199617635497 3.4234036472568325 2.5054639836975037 1.4164028218406222 0.29041488561549833 0.3019517891228814 1.433595887311949 2.5281831447219529 3.4514772323484681 4.3270282401621358 5.2298786416630563 6.8980903269263214 8.0961511626709886 9.3336486974893251 9.3394405549061617 9.0711924458397863 8.5008408739697199 9.2451079199870421 8.5442305709025472 7.9191656802594919 8.5449106668229824 8.0592986504002493 7.8044656300796529 8.2605924034587979 7.9629313419540049 7.7385454624737209 7.6883664969133116 7.9619562013047638 7.9726491485697002 7.9073686500578706 7.8569460257128645 7.8208561020958705 7.7994100147546659 7.7921178123805594 7.7994100147546659 7.8208561020958705 7.8569460257128645 7.9073686500578706 7.9726491485697002 7.9619562013047638 7.6883664969133116 7.7385454624737209 7.9629313419540049 8.2605924034587979 7.8044656300796529 8.0592986504002493 8.5449106668229824 7.9191656802594919 8.5442305709025472 9.2451079199870421 8.5008408739697199 9.0711924458397863 9.3394405549061617 9.3336486974893251 8.0961511626709886 6.8980903269263214 5.2298786416630563 4.3270282401621358 3.4514772323484681 2.5281831447219529 1.433595887311949 0.3019517891228814 0.3010555745470393 1.432259886463209 2.5264176312148381 3.4492956742176029 4.3244468484767982 5.2269186887284667 6.8947730462408057 8.0925017930128096 9.3296950123396503 9.3352127746229403 9.0667227433804669 8.4962838937849554 9.2404691828680985 8.5395157416346876 7.914380515539043 8.5400609682805726 8.0543903432358253 7.7995046568541389 8.2555848410253976 7.9578832717614745 7.7334630374571987 7.6832558485620215 7.9568236165908139 7.967507887451279 7.9022203189361351 7.8517921969052855 7.8156983493241166 7.7942499010174471 7.7869569126520091 7.7942499010174471 7.8156983493241166 7.8517921969052855 7.9022203189361351 7.967507887451279 7.9568236165908139 7.6832558485620215 7.7334630374571987 7.9578832717614745 8.2555848410253976 7.7995046568541389 8.0543903432358253 8.5400609682805726 7.914380515539043 8.5395157416346876 9.2404691828680985 8.4962838937849554 9.0667227433804669 9.3352127746229403 9.3296950123396503 8.0925017930128096 6.8947730462408057 5.2269186887284667 4.3244468484767982 3.4492956742176029 2.5264176312148381 1.432259886463209 0.3010555745470393 0.30047542935596744 1.4313952045310667 2.5252749816296389 3.4478837599359045 4.3227763270971256 5.2250026014096118 6.8926257086416536 8.0901395765363837 9.3271358181975792 9.3324761574047752 9.0638295985560617 8.4933341909765048 9.2374665489883228 8.5364638638491162 7.9112830733539532 8.5369217264752812 8.0512131498202244 7.7962933705610808 8.2523433879891783 7.9546155901158917 7.7301731061854122 7.6799476655400207 7.9535012201609874 7.9641798956801031 7.8988877595680256 7.8484560791109628 7.8123596840614615 7.7909097096481617 7.7836162128216841 7.7909097096481617 7.8123596840614615 7.8484560791109628 7.8988877595680256 7.9641798956801031 7.9535012201609874 7.6799476655400207 7.7301731061854122 7.9546155901158917 8.2523433879891783 7.7962933705610808 8.0512131498202244 8.5369217264752812 7.9112830733539532 8.5364638638491162 9.2374665489883228 8.4933341909765048 9.0638295985560617 9.3324761574047752 9.3271358181975792 8.0901395765363837 6.8926257086416536 5.2250026014096118 4.3227763270971256 3.4478837599359045 2.5252749816296389 1.4313952045310667 0.30047542935596744 0.29611588894525587 1.4248974589066787 2.5166884038834758 3.4372737744060173 4.3102236092308379 5.2106028755591796 6.8764884163750635 8.0723874242306746 9.3079040713661083 9.3119111323345365 9.0420877963012067 8.471167547187811 9.2149020594772324 8.5135290544475399 7.8880058880891468 8.5133305020389916 8.0273366482481805 7.7721606760883519 8.2279838610946427 7.9300589540718276 7.7054492767667115 7.6550867561303662 7.9285335020523755 7.9391701795765757 7.8738436614501497 7.8233852346818891 7.78726972455644 7.7658082832166313 7.7585109623897122 7.7658082832166313 7.78726972455644 7.8233852346818891 7.8738436614501497 7.9391701795765757 7.9285335020523755 7.6550867561303662 7.7054492767667115 7.9300589540718276 8.2279838610946427 7.7721606760883519 8.0273366482481805 8.5133305020389916 7.8880058880891468 8.5135290544475399 9.2149020594772324 8.471167547187811 9.0420877963012067 9.3119111323345365 9.3079040713661083 8.0723874242306746 6.8764884163750635 5.2106028755591796 4.3102236092308379 3.4372737744060173 2.5166884038834758 1.4248974589066787 0.29611588894525587 0.25806821574518596 1.3681880636367916 2.4417490147694139 3.1480458721882085 4.1707587212131729 5.0849277445923553 6.7356485163680251 7.9174547016717733 9.1400575379000557 9.1324282904813376 8.852334660978272 8.2777066265979169 9.0179690758845705 8.3133639330050286 7.684852437702788 8.3074363132444677 7.8189525616585298 7.561540538829651 8.0153843243463569 7.7157390035544546 7.4896700361542283 7.4381111061299299 7.7106258155217402 7.7208959586147632 7.6552694100949079 7.6045775242447586 7.5682952128347205 7.5467336665272953 7.5394029740179542 7.5467336665272953 7.5682952128347205 7.6045775242447586 7.6552694100949079 7.7208959586147632 7.7106258155217402 7.4381111061299299 7.4896700361542283 7.7157390035544546 8.0153843243463569 7.561540538829651 7.8189525616585298 8.3074363132444677 7.684852437702788 8.3133639330050286 9.0179690758845705 8.2777066265979169 8.852334660978272 9.1324282904813376 9.1400575379000557 7.9174547016717733 6.7356485163680251 5.0849277445923553 4.1707587212131729 3.1480458721882085 2.4417490147694139 1.3681880636367916 0.25806821574518596 0.10407178966666208 0.0092349663918760427 0.81874899989167016 2.1153647627269057 3.6040086026997553 4.5876153353034965 6.1750798744429689 7.2903712469580837 8.4607064647307588 8.4059797494095267 8.0843174211478122 7.4946822819669743 8.2208916101966167 7.50320447805505 6.8625981096410893 7.4740888175709639 6.9755272215185506 6.7090649505593127 7.1548970771003777 6.8482884898237959 6.6163131068008552 6.5599118086521431 6.8286541058950805 6.8374407576885234 6.7705998263167784 6.7189630368980433 6.6820055898928228 6.6600388834336988 6.6525731273515349 6.6600388834336988 6.6820055898928228 6.7189630368980433 6.7705998263167784 6.8374407576885234 6.8286541058950805 6.5599118086521431 6.6163131068008552 6.8482884898237959 7.1548970771003777 6.7090649505593127 6.9755272215185506 7.4740888175709639 6.8625981096410893 7.50320447805505 8.2208916101966167 7.4946822819669743 8.0843174211478122 8.4059797494095267 8.4607064647307588 7.2903712469580837 6.1750798744429689 4.5876153353034965 3.6040086026997553 2.1153647627269057 0.81874899989167016 0.0092349663918760427 0.10407178966666208 -1.5419685684285633 -1.1886741233686129 0.10008618012790582 1.7424232966306974 3.423698947294151 4.4365657927125861 6.024361530717127 7.1313540502134751 8.2853554304444081 8.2177307970687767 7.8823636255290888 7.2848109666164378 8.011940410179335 7.2850663229221908 6.6360816494805306 7.2481900781934092 6.742734119849386 6.4714941614411519 6.9174712811583774 6.6061789130905719 6.3704117497299517 6.3117376982711217 6.5809013470316007 6.5892184989305322 6.5214596764222268 6.4691113507078537 6.4316451740978717 6.4093746331229582 6.4018066337240658 6.4093746331229582 6.4316451740978717 6.4691113507078537 6.5214596764222268 6.5892184989305322 6.5809013470316007 6.3117376982711217 6.3704117497299517 6.6061789130905719 6.9174712811583774 6.4714941614411519 6.742734119849386 7.2481900781934092 6.6360816494805306 7.2850663229221908 8.011940410179335 7.2848109666164378 7.8823636255290888 8.2177307970687767 8.2853554304444081 7.1313540502134751 6.024361530717127 4.4365657927125861 3.423698947294151 1.7424232966306974 0.10008618012790582 -1.1886741233686129 -1.5419685684285633 -3.2510448746866492 -2.3382445847499129 -0.5579348219219159 1.4402397839876615 3.3219450919658646 4.3696405841542152 5.9675106391807073 7.0778121886084513 8.2325511122387205 8.1483200935616296 7.8060480432663537 7.2030328083328845 7.9333814293664515 7.1994604131698381 6.5440759712983541 7.1586168316388745 6.6479151042411884 6.3733779951002516 6.8208106640812085 6.5059736515580058 6.2673809296635117 6.2072262838907877 6.4774283984409129 6.4855187373725478 6.4170406767788464 6.364135387375673 6.3262709301252427 6.3037628348816126 6.2961146873836364 6.3037628348816126 6.3262709301252427 6.364135387375673 6.4170406767788464 6.4855187373725478 6.4774283984409129 6.2072262838907877 6.2673809296635117 6.5059736515580058 6.8208106640812085 6.3733779951002516 6.6479151042411884 7.1586168316388745 6.5440759712983541 7.1994604131698381 7.9333814293664515 7.2030328083328845 7.8060480432663537 8.1483200935616296 8.2325511122387205 7.0778121886084513 5.9675106391807073 4.3696405841542152 3.3219450919658646 1.4402397839876615 -0.5579348219219159 -2.3382445847499129 -3.2510448746866492 -4.932939948938758 -3.4492764018971425 -1.1682639014487968 1.1928124594804812 3.2798157128392194 4.3651222856599805 5.9801892725499046 7.1005635585377869 8.2652207227649708 8.1791375159961497 7.8225804291317065 7.2159168657902919 7.9511834295357735 7.2117970834586078 6.5514751250864585 7.1697894427833697 6.6550603357403899 6.3783201406506089 6.8281769528215497 6.5106370980474821 6.2699328391388702 6.2088830053347692 6.4805796555243322 6.4886225256081334 6.4195720444376994 6.3662240257182869 6.3280429049035867 6.3053462347208225 6.2976342703621899 6.3053462347208225 6.3280429049035867 6.3662240257182869 6.4195720444376994 6.4886225256081334 6.4805796555243322 6.2088830053347692 6.2699328391388702 6.5106370980474821 6.8281769528215497 6.3783201406506089 6.6550603357403899 7.1697894427833697 6.5514751250864585 7.2117970834586078 7.9511834295357735 7.2159168657902919 7.8225804291317065 8.1791375159961497 8.2652207227649708 7.1005635585377869 5.9801892725499046 4.3651222856599805 3.2798157128392194 1.1928124594804812 -1.1682639014487968 -3.4492764018971425 -4.932939948938758 -6.1781951035635947 -4.5350211882903668 -1.7484131235356883 1.1093805098776763 3.2864426272097007 4.393642953946034 6.0294857204276466 7.1634032537026826 8.341203495472298 8.2588363641441909 7.9014594489682279 7.2866939103970045 8.0225976849730483 7.275301477193949 6.6108057912312574 7.2335943080852489 6.7154742579278839 6.4371026052947409 6.8898895297371423 6.5700866111216039 6.3276438796558638 6.2660046862701222 6.5394341345808877 6.547523218824371 6.4779770109372219 6.4242459329431929 6.3857907862856766 6.3629311343996138 6.3551638820555132 6.3629311343996138 6.3857907862856766 6.4242459329431929 6.4779770109372219 6.547523218824371 6.5394341345808877 6.2660046862701222 6.3276438796558638 6.5700866111216039 6.8898895297371423 6.4371026052947409 6.7154742579278839 7.2335943080852489 6.6108057912312574 7.275301477193949 8.0225976849730483 7.2866939103970045 7.9014594489682279 8.2588363641441909 8.341203495472298 7.1634032537026826 6.0294857204276466 4.393642953946034 3.2864426272097007 1.1093805098776763 -1.7484131235356883 -4.5350211882903668 -6.1781951035635947 -5.1387890784361216 -4.7574008388797129 -2.0030565499170527 1.1654726138955998 3.3326266674322444 4.4352758425750194 6.0965701888018291 7.2456172334200657 8.4380589841241367 8.3607747078542118 8.0051793579421293 7.3879580298738716 8.12982092243859 7.3763584859124522 6.703169661536859 7.3262358592813861 6.8012965588008889 6.5215660515307388 6.9775244795832414 6.6556682567614702 6.4116649792830822 6.3495823079654832 6.6248581718935844 6.6330381800254949 6.5630328260252293 6.5089471589746823 6.4702383278736733 6.4472278950696058 6.4394094241057864 6.4472278950696058 6.4702383278736733 6.5089471589746823 6.5630328260252293 6.6330381800254949 6.6248581718935844 6.3495823079654832 6.4116649792830822 6.6556682567614702 6.9775244795832414 6.5215660515307388 6.8012965588008889 7.3262358592813861 6.703169661536859 7.3763584859124522 8.12982092243859 7.3879580298738716 8.0051793579421293 8.3607747078542118 8.4380589841241367 7.2456172334200657 6.0965701888018291 4.4352758425750194 3.3326266674322444 1.1654726138955998 -2.0030565499170527 -4.7574008388797129 -5.1387890784361216 -4.0804518538192802 -2.7609766689777664 -0.75756720630882302 1.2271992525912923 3.3860068019199985 4.4805056907223486 6.1672700871418407 7.3389881583474033 8.5468846621972947 8.4754330608436241 8.1222840435970447 7.5028462847061448 8.250891938571657 7.4930674425567814 6.8158910819822767 7.4435389345601424 6.9148320467765618 6.629696261251584 7.085146373937385 6.7579055498886795 6.510551716038802 6.4481079887511372 6.7252944911017067 6.7335906596535917 6.6631468370787204 6.60872266326332 6.5697716345593893 6.5466173214179042 6.5387499299217025 6.5466173214179042 6.5697716345593893 6.60872266326332 6.6631468370787204 6.7335906596535917 6.7252944911017067 6.4481079887511372 6.510551716038802 6.7579055498886795 7.085146373937385 6.629696261251584 6.9148320467765618 7.4435389345601424 6.8158910819822767 7.4930674425567814 8.250891938571657 7.5028462847061448 8.1222840435970447 8.4754330608436241 8.5468846621972947 7.3389881583474033 6.1672700871418407 4.4805056907223486 3.3860068019199985 1.2271992525912923 -0.75756720630882302 -2.7609766689777664 -4.0804518538192802 -1.52201294843672 -0.29931817336655042 1.1822236087977103 2.5471736977214507 3.7372607384278438 4.5331362978334582 6.2398581157016544 7.4301699569825903 8.6632928723588787 8.6010703334388054 8.2509327434077715 7.6294819635004023 8.3839002121874486 7.6218896921071062 6.9408879591306398 7.5732655062634162 7.0413445555535246 6.7546909727710256 7.2131381030599542 6.8836712636006947 6.6333744952731442 6.5675298855064748 6.8438730333767603 6.8510027249617007 6.778877968198433 6.7229210602499538 6.682562924876791 6.6589741658526771 6.651059830442982 6.6589741658526771 6.682562924876791 6.7229210602499538 6.778877968198433 6.8510027249617007 6.8438730333767603 6.5675298855064748 6.6333744952731442 6.8836712636006947 7.2131381030599542 6.7546909727710256 7.0413445555535246 7.5732655062634162 6.9408879591306398 7.6218896921071062 8.3839002121874486 7.6294819635004023 8.2509327434077715 8.6010703334388054 8.6632928723588787 7.4301699569825903 6.2398581157016544 4.5331362978334582 3.7372607384278438 2.5471736977214507 1.1822236087977103 -0.29931817336655042 -1.52201294843672 1.2548046576313001 2.173743318684219 3.1347439249413727 3.9106000114920461 4.5437543174116017 4.6914009300513646 6.3552435779378884 7.5352164322366022 8.777667886412635 8.7276427843652034 8.3877161267366454 7.7667079404745714 8.5297000096520534 7.7642668089540754 7.0796233196192562 7.7168983116626295 7.1819150840429815 6.8938794260079383 7.3554433230895997 7.0238541211268206 6.7733440823656217 6.7086628275002278 6.9885177256219153 6.9966253783513528 6.9249162319831186 6.869563206432491 6.8298993075736005 6.8063687899612688 6.7983312264671545 6.8063687899612688 6.8298993075736005 6.869563206432491 6.9249162319831186 6.9966253783513528 6.9885177256219153 6.7086628275002278 6.7733440823656217 7.0238541211268206 7.3554433230895997 6.8938794260079383 7.1819150840429815 7.7168983116626295 7.0796233196192562 7.7642668089540754 8.5297000096520534 7.7667079404745714 8.3877161267366454 8.7276427843652034 8.777667886412635 7.5352164322366022 6.3552435779378884 4.6914009300513646 4.5437543174116017 3.9106000114920461 3.1347439249413727 2.173743318684219 1.2548046576313001 1.283338382394658 2.8094949806282452 4.0497767425960634 4.7935200236095143 5.1945617322739599 4.8605671965162633 6.5174576808768023 7.6966647170733395 8.9398951698066664 8.8847832735970851 8.5426497998601985 7.9187680797353908 8.6878031533129647 7.919475478756592 7.2329846989642901 7.8770284713314025 7.3408836635110086 7.0533616081798272 7.5199120308862408 7.1880380322783264 6.9363018108674916 6.8712919533182264 7.1531572319025667 7.1614964514437949 7.0894414040145195 7.0339380535268905 6.9939742730428414 6.9702635518404712 6.9621165985768521 6.9702635518404712 6.9939742730428414 7.0339380535268905 7.0894414040145195 7.1614964514437949 7.1531572319025667 6.8712919533182264 6.9363018108674916 7.1880380322783264 7.5199120308862408 7.0533616081798272 7.3408836635110086 7.8770284713314025 7.2329846989642901 7.919475478756592 8.6878031533129647 7.9187680797353908 8.5426497998601985 8.8847832735970851 8.9398951698066664 7.6966647170733395 6.5174576808768023 4.8605671965162633 5.1945617322739599 4.7935200236095143 4.0497767425960634 2.8094949806282452 1.283338382394658 1.3125571456469953 2.8543397606314609 4.1049363847653382 4.8553764811688938 5.2627175989380577 4.9321155226230609 6.6147625002549502 7.8168614690351905 9.0799797093524255 9.0334443797316339 8.6953828729228224 8.0697290968570954 8.8453070010913155 8.072907805273406 7.3826600657522636 8.0314610827094466 7.4920912018342234 7.2030013285891084 7.6724570475796163 7.3382179554747182 7.0845718016205135 7.0187348712275144 7.3020268607536742 7.3102323859501253 7.237480022143405 7.1813711103236191 7.1411097053969641 7.1172768162632094 7.1090883310488762 7.1172768162632094 7.1411097053969641 7.1813711103236191 7.237480022143405 7.3102323859501253 7.3020268607536742 7.0187348712275144 7.0845718016205135 7.3382179554747182 7.6724570475796163 7.2030013285891084 7.4920912018342234 8.0314610827094466 7.3826600657522636 8.072907805273406 8.8453070010913155 8.0697290968570954 8.6953828729228224 9.0334443797316339 9.0799797093524255 7.8168614690351905 6.6147625002549502 4.9321155226230609 5.2627175989380577 4.8553764811688938 4.1049363847653382 2.8543397606314609 1.3125571456469953 1.4279792654878753 3.0348186386037539 4.3256428953266637 5.0994563123939871 5.5290971070475772 5.206411845404407 6.9933980320295319 8.2744291771039737 9.6170396078303089 9.6033121389077571 9.2827254887236066 8.6485571717402259 9.4578465439618018 8.6666232595621651 7.9595595666878358 8.6344573282042845 8.0815261985450988 7.787333330076649 8.2741493569323534 7.9309546437333669 7.6706211312184651 7.6034836955191496 7.8967237311749017 7.9056653450227881 7.830848559141125 7.7731460683955813 7.7317451829006334 7.7072350778541141 7.6988167216671144 7.7072350778541141 7.7317451829006334 7.7731460683955813 7.830848559141125 7.9056653450227881 7.8967237311749017 7.6034836955191496 7.6706211312184651 7.9309546437333669 8.2741493569323534 7.787333330076649 8.0815261985450988 8.6344573282042845 7.9595595666878358 8.6666232595621651 9.4578465439618018 8.6485571717402259 9.2827254887236066 9.6033121389077571 9.6170396078303089 8.2744291771039737 6.9933980320295319 5.206411845404407 5.5290971070475772 5.0994563123939871 4.3256428953266637 3.0348186386037539 1.4279792654878753 1.5161905939075073 3.1776440085708675 4.5005770688190134 5.2911666019205477 5.7374910378228332 5.4168415245556236 7.3006493896327145 8.653549903302169 10.069154653201428 10.082367926695877 9.7740694610588594 9.1295120024509409 9.9707565284290602 9.1590730629314852 8.4336799580571746 9.1332855449782517 8.565530643476114 8.2651004634689613 8.768272157152678 8.4152482771265404 8.1474861564932457 8.0784403065170949 8.3811546728048398 8.390646137191073 8.3136123412938758 8.2541976512029649 8.211572397229606 8.1863342701317414 8.1776689767030124 8.1863342701317414 8.211572397229606 8.2541976512029649 8.3136123412938758 8.390646137191073 8.3811546728048398 8.0784403065170949 8.1474861564932457 8.4152482771265404 8.768272157152678 8.2651004634689613 8.565530643476114 9.1332855449782517 8.4336799580571746 9.1590730629314852 9.9707565284290602 9.1295120024509409 9.7740694610588594 10.082367926695877 10.069154653201428 8.653549903302169 7.3006493896327145 5.4168415245556236 5.7374910378228332 5.2911666019205477 4.5005770688190134 3.1776440085708675 1.5161905939075073 1.5969228228655605 3.3117644652965041 4.6673377057396124 5.4762413333516413 5.9412845624779003 5.6240213305958937 7.6044036905510346 9.02888311342757 10.517195473083248 10.55708127208433 10.260827001840635 9.6057905942859936 10.478905078591437 9.6466813631616262 8.9028839877891475 9.627127992964013 9.0444856599733097 8.7377604932133615 9.257236306936516 8.8943382052794995 8.6191089739617315 8.5481229952853859 8.8602868711115867 8.870318480227775 8.7910595503981934 8.7299265024099864 8.6860723209141177 8.6601035732348741 8.6511903541710264 8.6601035732348741 8.6860723209141177 8.7299265024099864 8.7910595503981934 8.870318480227775 8.8602868711115867 8.5481229952853859 8.6191089739617315 8.8943382052794995 9.257236306936516 8.7377604932133615 9.0444856599733097 9.627127992964013 8.9028839877891475 9.6466813631616262 10.478905078591437 9.6057905942859936 10.260827001840635 10.55708127208433 10.517195473083248 9.02888311342757 7.6044036905510346 5.6240213305958937 5.9412845624779003 5.4762413333516413 4.6673377057396124 3.3117644652965041 1.5969228228655605 1.6722988681701627 3.4399430575784611 4.8290094333181006 5.6578673022560082 6.1436263151076096 5.8310341812090609 7.9080782800669729 9.4041708010240477 10.96520620945248 11.031770071091207 10.747558970921849 10.0820415392729 10.987023291975186 10.134255985135333 9.37205047287258 10.120928712305341 9.5233947240020491 9.2103701332273644 9.7461459141417031 9.3733695957862082 9.0906696284030986 9.0177404277086275 9.339351304156537 9.3499221105527912 9.2684371616362142 9.205585170455949 9.1605014989929181 9.1338019389317768 9.1246406022821542 9.1338019389317768 9.1605014989929181 9.205585170455949 9.2684371616362142 9.3499221105527912 9.339351304156537 9.0177404277086275 9.0906696284030986 9.3733695957862082 9.7461459141417031 9.2103701332273644 9.5233947240020491 10.120928712305341 9.37205047287258 10.134255985135333 10.987023291975186 10.0820415392729 10.747558970921849 11.031770071091207 10.96520620945248 9.4041708010240477 7.9080782800669729 5.8310341812090609 6.1436263151076096 5.6578673022560082 4.8290094333181006 3.4399430575784611 1.6722988681701627 1.8438646742543605 3.7420159650594353 5.2179513581647834 6.102183733647716 6.646142997442813 6.3485331738032942 8.6675031252021348 10.342748166795879 12.085653783484831 12.218943469376125 11.964845548641788 11.273121589262797 12.257764507291617 11.353628732109268 10.545391404056302 11.355842522429155 10.72106540238485 10.392278329600169 10.968790070776111 10.571305048244092 10.26991641863698 10.192118824178998 10.537338780191639 10.54925448353408 10.462201341499144 10.395050122523019 10.346890791541835 10.318363601827484 10.308581260459121 10.318363601827484 10.346890791541835 10.395050122523019 10.462201341499144 10.54925448353408 10.537338780191639 10.192118824178998 10.26991641863698 10.571305048244092 10.968790070776111 10.392278329600169 10.72106540238485 11.355842522429155 10.545391404056302 11.353628732109268 12.257764507291617 11.273121589262797 11.964845548641788 12.218943469376125 12.085653783484831 10.342748166795879 8.6675031252021348 6.3485331738032942 6.646142997442813 6.102183733647716 5.2179513581647834 3.7420159650594353 1.8438646742543605 1.8851646991004092 3.8471520971057296 5.3752411471168022 6.3052138807457343 6.9059319746872792 6.6520392198731848 9.1181823961792556 10.90185924527729 12.754468412230507 12.928217741810496 12.692545109592269 11.985228869622805 13.017793774904254 12.082955943544704 11.247211495139865 12.094710429135885 11.437683307584331 11.09952559031586 11.70055635548588 11.288313714610073 10.975769435739014 10.89509798144039 11.254520181275854 11.267256348520355 11.176875097910601 11.107152518512056 11.057155473031871 11.0275345258549 11.017382115919514 11.0275345258549 11.057155473031871 11.107152518512056 11.176875097910601 11.267256348520355 11.254520181275854 10.89509798144039 10.975769435739014 11.288313714610073 11.70055635548588 11.09952559031586 11.437683307584331 12.094710429135885 11.247211495139865 12.082955943544704 13.017793774904254 11.985228869622805 12.692545109592269 12.928217741810496 12.754468412230507 10.90185924527729 9.1181823961792556 6.6520392198731848 6.9059319746872792 6.3052138807457343 5.3752411471168022 3.8471520971057296 1.8851646991004092 1.6832147572104905 3.5926769733634245 5.1143490481721994 6.0809989022302986 6.7523212988350902 6.6250209004329639 9.0983324759538498 10.885351436022045 12.740045125489354 12.915341430617591 12.681014580627815 11.974206419915742 13.007262171130021 12.072895567797238 11.237600130472453 12.085521773665619 11.428887556595523 11.091089374985989 11.692443324989009 11.280485028862271 10.968184099852509 10.887713499313362 11.247293039402058 11.260087040407239 11.169761001539747 11.100073359196255 11.050109582329998 11.020500525508703 11.01035928503852 11.020500525508703 11.050109582329998 11.100073359196255 11.169761001539747 11.260087040407239 11.247293039402058 10.887713499313362 10.968184099852509 11.280485028862271 11.692443324989009 11.091089374985989 11.428887556595523 12.085521773665619 11.237600130472453 12.072895567797238 13.007262171130021 11.974206419915742 12.681014580627815 12.915341430617591 12.740045125489354 10.885351436022045 9.0983324759538498 6.6250209004329639 6.7523212988350902 6.0809989022302986 5.1143490481721994 3.5926769733634245 1.6832147572104905 1.5606089104529683 3.4381549890961618 4.955879759425593 5.9447213663539253 6.6588148831101615 6.608247192468637 9.0858599300664977 10.874862841519738 12.730780929336554 12.906979954301519 12.673437861403587 11.966926333439265 13.000269133119755 12.066178518288442 11.231146186597616 12.079315826266997 11.422912249800472 11.085325208330362 11.68686915382184 11.275078020943335 10.96292022809774 10.882567730723158 11.242239882698041 11.255067825693349 11.164774342490764 11.095107165039323 11.045163052672933 11.015560901946886 11.005426327709898 11.015560901946886 11.045163052672933 11.095107165039323 11.164774342490764 11.255067825693349 11.242239882698041 10.882567730723158 10.96292022809774 11.275078020943335 11.68686915382184 11.085325208330362 11.422912249800472 12.079315826266997 11.231146186597616 12.066178518288442 13.000269133119755 11.966926333439265 12.673437861403587 12.906979954301519 12.730780929336554 10.874862841519738 9.0858599300664977 6.608247192468637 6.6588148831101615 5.9447213663539253 4.955879759425593 3.4381549890961618 1.5606089104529683 1.4861364285244174 3.3442711252670949 4.8595495498592278 5.8618003683313944 6.6017879483890924 6.5977151546699311 9.0778934058061509 10.868059421141337 12.72468361060362 12.901396735000688 12.668301013292796 11.961958928481717 12.995466060039041 12.061533491388998 11.226652098090463 12.074964460324223 11.418693725982662 11.081228420717242 11.682881860370264 11.271187239215463 10.959112074416693 10.878827879728325 11.238553481816737 11.25140093421199 11.161126365540518 11.091470922706559 11.041538278160257 11.011940026952594 11.001809405029229 11.011940026952594 11.041538278160257 11.091470922706559 11.161126365540518 11.25140093421199 11.238553481816737 10.878827879728325 10.959112074416693 11.271187239215463 11.682881860370264 11.081228420717242 11.418693725982662 12.074964460324223 11.226652098090463 12.061533491388998 12.995466060039041 11.961958928481717 12.668301013292796 12.901396735000688 12.72468361060362 10.868059421141337 9.0778934058061509 6.5977151546699311 6.6017879483890924 5.8618003683313944 4.8595495498592278 3.3442711252670949 1.4861364285244174 1.4408672473434834 3.2871798528010019 4.8009268960888001 5.8112655205768533 6.5669141741035828 6.5909996931800841 9.0726945892133273 10.863529308603141 12.720548245874337 12.897542812162692 12.664691400276103 11.958442329462116 12.992039763640134 12.058194918994813 11.223397440498005 12.071789055600059 11.415592340302295 11.0781949930566 11.679909791004311 11.268269198236819 10.956240509799573 10.875994491393005 11.235750134357481 11.248608522892846 11.158344606969036 11.088695678970033 11.038769537769802 11.009173406580198 10.999045098051985 11.009173406580198 11.038769537769802 11.088695678970033 11.158344606969036 11.248608522892846 11.235750134357481 10.875994491393005 10.956240509799573 11.268269198236819 11.679909791004311 11.0781949930566 11.415592340302295 12.071789055600059 11.223397440498005 12.058194918994813 12.992039763640134 11.958442329462116 12.664691400276103 12.897542812162692 12.720548245874337 10.863529308603141 9.0726945892133273 6.5909996931800841 6.5669141741035828 5.8112655205768533 4.8009268960888001 3.2871798528010019 1.4408672473434834 
end_dependent_variable

end_regular_table
