# ****************************************************************************
# CUI
#
# The Advanced Framework for Simulation, Integration, and Modeling (AFSIM)
#
# The use, dissemination or disclosure of data in this file is subject to
# limitation or restriction. See accompanying README and LICENSE for details.
# ****************************************************************************

# ##################################################################################################
# 
# This file was auto-generated by AFSIM Mover Creator 2.5.0.200324
# 
# Creation Date:  24 Mar 2020
# 
# ##################################################################################################

regular_table

independent_variable mach precision double
0.10000000000000001 0.5 0.70000000000000007 0.75 0.80000000000000004 
end_independent_variable

independent_variable beta units rad
-1.0471975511965976 -0.95993108859688125 -0.87266462599716477 -0.78539816339744828 -0.69813170079773179 -0.6108652381980153 -0.52359877559829882 -0.48869219055841229 -0.4537856055185257 -0.41887902047863912 -0.38397243543875248 -0.3490658503988659 -0.31415926535897931 -0.27925268031909273 -0.24434609527920614 -0.20943951023931956 -0.17453292519943295 -0.13962634015954636 -0.10471975511965978 -0.087266462599716474 -0.069813170079773182 -0.05235987755982989 -0.034906585039886591 -0.017453292519943295 0 0.017453292519943295 0.034906585039886591 0.05235987755982989 0.069813170079773182 0.087266462599716474 0.10471975511965978 0.13962634015954636 0.17453292519943295 0.20943951023931956 0.24434609527920614 0.27925268031909273 0.31415926535897931 0.3490658503988659 0.38397243543875248 0.41887902047863912 0.4537856055185257 0.48869219055841229 0.52359877559829882 0.6108652381980153 0.69813170079773179 0.78539816339744828 0.87266462599716477 0.95993108859688125 1.0471975511965976 
end_independent_variable

dependent_variable precision double
0.00013317866850067183 0.00052441347746675173 0.0010119071207028805 0.001571068944858645 0.0021723746481219375 0.0027844022026451915 0.0033765943553193851 0.0036016127983541958 0.0038174273323285522 0.0040225870191446748 0.00421577037810285 0.0043957874752834176 0.0045615793708645679 0.0047122153293405484 0.0048468882432881628 0.0049649087529421154 0.0050656985625890166 0.0051487834467084442 0.0052137864168790467 0.0052394144097159612 0.0052604214822621932 0.0052767852385306544 0.0052884883788946188 0.0052955186093434307 0.0052978685756431675 0.0052955186093434307 0.0052884883788946188 0.0052767852385306544 0.0052604214822621932 0.0052394144097159612 0.0052137864168790467 0.0051487834467084442 0.0050656985625890166 0.0049649087529421154 0.0048468882432881628 0.0047122153293405484 0.0045615793708645679 0.0043957874752834176 0.00421577037810285 0.0040225870191446748 0.0038174273323285522 0.0036016127983541958 0.0033765943553193851 0.0027844022026451915 0.0021723746481219375 0.001571068944858645 0.0010119071207028805 0.00052441347746675173 0.00013317866850067183 0.00023766877221291166 0.00064426406535060402 0.0011462012410856863 0.0017187800209001413 0.0023323743216758417 0.002955468898752723 0.0035574225344115174 0.0037859630846091893 0.0040050745981593154 0.004213302137944284 0.0044093205042757171 0.0045919363324842715 0.0047600875400994856 0.0049128405463103996 0.005049385696858609 0.0051690313876370563 0.0052711973826819018 0.0053554078242565644 0.0054212843999072594 0.0054472543842931055 0.0054685401044123338 0.0054851190860392583 0.005496973970646921 0.005504092424764814 0.0055064670742867956 0.005504092424764814 0.005496973970646921 0.0054851190860392583 0.0054685401044123338 0.0054472543842931055 0.0054212843999072594 0.0053554078242565644 0.0052711973826819018 0.0051690313876370563 0.005049385696858609 0.0049128405463103996 0.0047600875400994856 0.0045919363324842715 0.0044093205042757171 0.004213302137944284 0.0040050745981593154 0.0037859630846091893 0.0035574225344115174 0.002955468898752723 0.0023323743216758417 0.0017187800209001413 0.0011462012410856863 0.00064426406535060402 0.00023766877221291166 0.00024047231852110325 0.00064747912431375456 0.0011498030284278825 0.0017227408321123798 0.0023366637431659698 0.0029600540387676928 0.0035622682666047265 0.0037909027689151317 0.0040101021829618737 0.0042184114648568336 0.0044145053162339852 0.0045971902841612875 0.004765404201400222 0.0049182134132925289 0.0050548081997333948 0.0051744968967700191 0.0052766992194675944 0.005360939268291785 0.0054268386987622519 0.0054528175698498969 0.005474110480298197 0.0054906949534616568 0.0055025536297815952 0.0055096741752127263 0.0055120492152398136 0.0055096741752127263 0.0055025536297815952 0.0054906949534616568 0.005474110480298197 0.0054528175698498969 0.0054268386987622519 0.005360939268291785 0.0052766992194675944 0.0051744968967700191 0.0050548081997333948 0.0049182134132925289 0.004765404201400222 0.0045971902841612875 0.0044145053162339852 0.0042184114648568336 0.0040101021829618737 0.0037909027689151317 0.0035622682666047265 0.0029600540387676928 0.0023366637431659698 0.0017227408321123798 0.0011498030284278825 0.00064747912431375456 0.00024047231852110325 0.00024103305081978849 0.00064812219697292961 0.0011505234975869145 0.0017235331653623676 0.0023375218671642392 0.0029609713830587654 0.0035632378107749948 0.0037918911374335619 0.0040111081658317149 0.0042194338309065656 0.004415542817209725 0.0045982416475880659 0.0047664681446755062 0.0049192886340299734 0.0050558933844879542 0.0051755907199228773 0.0052778003449677402 0.0053620463524264349 0.0054279503894958565 0.005453931055904024 0.0054752254218562862 0.0054918110106266802 0.0055036704626320954 0.0055107914431806243 0.0055131665780173275 0.0055107914431806243 0.0055036704626320954 0.0054918110106266802 0.0054752254218562862 0.005453931055904024 0.0054279503894958565 0.0053620463524264349 0.0052778003449677402 0.0051755907199228773 0.0050558933844879542 0.0049192886340299734 0.0047664681446755062 0.0045982416475880659 0.004415542817209725 0.0042194338309065656 0.0040111081658317149 0.0037918911374335619 0.0035632378107749948 0.0029609713830587654 0.0023375218671642392 0.0017235331653623676 0.0011505234975869145 0.00064812219697292961 0.00024103305081978849 0.00024157924264943796 0.00064874861398510537 0.0011512253275218387 0.0017243050246552928 0.0027991106438948047 0.003943263986827472 0.0039231118208006895 0.0039702284491359083 0.0040406320619434935 0.0042204299127433162 0.0044165536557694667 0.0045992660086299703 0.0047675047751175679 0.0049203362674898558 0.0050569507400759581 0.0051766565070585696 0.0052788732622821317 0.0053631250901530481 0.0054290336317755847 0.0054550160553046194 0.0054763118472000829 0.0054928985311670933 0.0055047587464916664 0.0055118801589963207 0.0055142553939991684 0.0055118801589963207 0.0055047587464916664 0.0054928985311670933 0.0054763118472000829 0.0054550160553046194 0.0054290336317755847 0.0053631250901530481 0.0052788732622821317 0.0051766565070585696 0.0050569507400759581 0.0049203362674898558 0.0047675047751175679 0.0045992660086299703 0.0044165536557694667 0.0042204299127433162 0.0040406320619434935 0.0039702284491359083 0.0039231118208006895 0.003943263986827472 0.0027991106438948047 0.0017243050246552928 0.0011512253275218387 0.00064874861398510537 0.00024157924264943796 
end_dependent_variable

end_regular_table
