# ****************************************************************************
# CUI
#
# The Advanced Framework for Simulation, Integration, and Modeling (AFSIM)
#
# The use, dissemination or disclosure of data in this file is subject to
# limitation or restriction. See accompanying README and LICENSE for details.
# ****************************************************************************

# ##################################################################################################
# 
# This file was auto-generated by AFSIM Mover Creator 2.5.0.200324
# 
# Creation Date:  24 Mar 2020
# 
# ##################################################################################################

regular_table

independent_variable mach precision double
0.10000000000000001 0.5 0.70000000000000007 0.75 0.80000000000000004 0.84999999999999998 0.90000000000000002 0.92000000000000004 0.94000000000000006 0.95999999999999996 0.97999999999999998 1 1.02 1.04 1.0600000000000001 1.0800000000000001 1.1000000000000001 1.2 1.3 1.4000000000000001 1.5 1.75 2 2.5 3 3.5 4 5 
end_independent_variable

independent_variable surface_angle units deg
-20 -16 -14 -12 -10 -9 -8 -7 -6 -5 -4 -3 -2 -1 0 1 2 3 4 5 6 7 8 9 10 12 14 16 18 20 
end_independent_variable

dependent_variable precision double
-3.0457645664816062 -1.9635596033809106 -0.95051644927032841 -1.1043417449052515 -1.2321477849341824 -0.46721367138561348 -0.51049720129206255 -0.54141900338495819 -0.5583833840259943 -0.56288952229525746 -0.13996956038465461 -0.12128316516300963 -0.091651065697923306 -0.051227208205423237 0 0.062234254919562554 0.13547525775793698 0.21973932939007593 0.3149720809800991 0.42078924409735108 0.11728557580400775 0.23757267718686259 0.36467204803644326 0.50011099768064748 0.64507683256285542 0.13014814828911547 0.48257899455169889 -0.35138705397469278 0.024043620800671361 0.42722532194226881 -3.045021830903992 -1.962965044753096 -0.94999743301685602 -1.1038946391542281 -1.2317774478101762 -0.46688123422820849 -0.51020124452200655 -0.54115863347509219 -0.55815918144265797 -0.5627020196740663 -0.13981926711852671 -0.12117029349899401 -0.091575683095660276 -0.05118942756517221 0 0.06219658974857601 0.13539988074451229 0.21962617922873534 0.31482096833731515 0.42059993693257031 0.11705672385102332 0.23730470473940454 0.36436457075990225 0.49976521354717451 0.64469253808434901 0.1296877546992333 0.48204184000603489 -0.35200703318684429 0.023346724860864605 0.42645250132581536 -3.0451065019909986 -1.9630341721428564 -0.95005856692226831 -1.1039473226788123 -1.231821852068276 -0.46692140296262613 -0.51023703870591552 -0.54118995364005062 -0.55818603551751711 -0.56272441490070135 -0.13983721030945254 -0.12118377440681424 -0.091584681647786506 -0.0511939303584108 0 0.062201117999295286 0.13540894901757577 0.21963979562831645 0.31483912958596449 0.42062263548786077 0.11708386791574832 0.23733632806127425 0.36440064746280981 0.49980582715598693 0.64473767110979496 0.12974196955121256 0.48210505212921584 -0.35193532236550296 0.02342727924246309 0.42654187356330819 -3.0451232754044257 -1.9630478500125037 -0.9500706525239988 -1.1039577386419219 -1.2318306213492223 -0.46692933237212353 -0.5102441044717223 -0.54119613758591911 -0.55819133887427996 -0.56272883851276678 -0.13984075491388884 -0.12118643708397224 -0.091586459177464843 -0.051194819810226264 0 0.062202012406642831 0.13541073969283166 0.21964248450360147 0.31484271611026643 0.42062711786502283 0.11708923192679253 0.23734257917338694 0.36440778128220513 0.4998138579087989 0.6447465958191263 0.12975268898609735 0.48211754922974304 -0.35192112894877559 0.02344322213018106 0.42655956171428699 -3.0451387901627966 -1.9630604975894623 -0.95008182673718677 -1.1039673685896616 -1.231838727755298 -0.46693665981864818 -0.51025063342280763 -0.54120185318570302 -0.55819624123725842 -0.56273292799673991 -0.13984403161188466 -0.12118889864882181 -0.091588102295938764 -0.051195642314055621 0 0.062202838742511798 0.13541239451852649 0.21964496933261682 0.31484603094975827 0.42063126124801059 0.11709419010659436 0.23734835847590954 0.36441437739953475 0.49982128297751655 0.64475484528801419 0.12976259893392228 0.48212910288283423 -0.35190800452440107 0.023457969564661091 0.42657592033715558 -3.0451532168938451 -1.9630722539005581 -0.95009221158599488 -1.1039763166561862 -1.2318462575878995 -0.46694346679476217 -0.51025669833572207 -0.5412071630544284 -0.55820079548931445 -0.56273672651763074 -0.1398470751315225 -0.12119118554279398 -0.091589628996977757 -0.051196406254945363 0 0.062203606431358117 0.13541393187485395 0.21964727764450598 0.3148491097413349 0.42063511017578659 0.11709879850096926 0.23735372856955625 0.36442050708858831 0.49982818282423752 0.64476251583625865 0.12977180724996457 0.48213984126681486 -0.35189580362515016 0.02347167373977508 0.42659112647142811 -3.0451666862089408 -1.9630832286043822 -0.95010190075681511 -1.1039846673395806 -1.2318532825501771 -0.46694981770449279 -0.51026235824749056 -0.54121211712668449 -0.55820504521050684 -0.56274027194500742 -0.13984991572122721 -0.12119331955591801 -0.0915910535460739 -0.051197119023257638 0 0.062204322761570889 0.13541536626345421 0.21964943122929823 0.31485198296956934 0.42063870191681468 0.11710309798500651 0.23735874063406071 0.3644262284847346 0.49983462262583744 0.64476967229724746 0.12978040392811807 0.48214986210406235 -0.35188441186947111 0.023484467843050961 0.42660532154834829 -3.0447610020481668 -1.9631012309325166 -0.9498847584291632 -1.1041650443908164 -1.2323295641841701 -0.46702784063571634 -0.51043281345476221 -0.54145203609593162 -0.55849255017425881 -0.56305658180735918 -0.13991465112559334 -0.12125659868504871 -0.091641445260511933 -0.051225635827617029 0 0.062237239624011738 0.13548321756613504 0.21975186271715266 0.31498619060575606 0.42079923493090909 0.1170164824287895 0.2372780422164337 0.36433718195414966 0.49972170922228748 0.64461584834510921 0.12897701814509688 0.48113243010392442 -0.35395279741587288 0.021003133533369377 0.4235916790359272 -3.0443522433822627 -1.9631175554241134 -0.94966646153481216 -1.1043446914610484 -1.2328054225377232 -0.46710556178398127 -0.51060306235160491 -0.54169182642314395 -0.5587799815971991 -0.56337285744111754 -0.13997937545819164 -0.12131988069089263 -0.09169184356705995 -0.051254157614701319 0 0.062270161615875542 0.13555107641553665 0.21985429740803408 0.3151203893227007 0.42095973296646089 0.11692979402446191 0.23719721637615485 0.36424793333803995 0.49960849757370679 0.6444616076044567 0.12817290879285029 0.48011385391042932 -0.3560228533336704 0.01851949436099205 0.42057497626168366 -3.0371659030124296 -1.9597844335239389 -0.9472685946266336 -1.1032218231759814 -1.2326138351326215 -0.46675787048411072 -0.51054742055255276 -0.54186769368686394 -0.55906733875800241 -0.56368909621859797 -0.14004408863315004 -0.12138316475766538 -0.091742248371258675 -0.051282684133334783 0 0.062303087646587436 0.13561894083230855 0.21995673302633345 0.31525457522181266 0.42112019482126134 0.11684303065957162 0.23717723552196063 0.36437280264792177 0.49989555038111516 0.64493060817141179 0.12856919407608394 0.48107686927075272 -0.35508563175755287 0.02035160219871553 0.42350302868456779 -3.0246667661043412 -1.9514322683447702 -0.94036222595879504 -1.0982454757595534 -1.2292917841530255 -0.46364292450748806 -0.5080845418837594 -0.53997447303390012 -0.5577206917024462 -0.56285300107861747 -0.13935998729181459 -0.12100272252732053 -0.091570065166730261 -0.051236163151729554 0 0.062362732787079538 0.13580498917908257 0.22033372251957742 0.31590626551705492 0.42211861959007468 0.11798101012161359 0.23872300965043036 0.36631051340239773 0.50224639060798371 0.64771318444597636 0.13178733112165603 0.48528588833165759 -0.35061074907175238 0.025814598843390577 0.42989956104858074 -3.0124536100744841 -1.9433925578887665 -0.93377944192306361 -1.0936024311021033 -1.2263113592455213 -0.46087326764067449 -0.50597031585228014 -0.5384329521473763 -0.55666281684717711 -0.56220671749858298 -0.13879090612138723 -0.12068287494890086 -0.091422094089412625 -0.051194026459953156 0 0.062413013577746208 0.13595678136449899 0.22063522238108382 0.31642409720586329 0.422905136676058 0.11880651170938938 0.23989128095407419 0.36786879673362688 0.5042157054203692 0.65011193745052043 0.1346163670415772 0.48909949519894325 -0.34653872654749812 0.030866080501547807 0.43587464532142517 -3.0001598250803028 -1.9352987230555605 -0.92715368049043279 -1.0889261437651019 -1.2233060299820115 -0.45808237543226638 -0.50383822235183651 -0.53687661708662593 -0.55559287487556452 -0.56155087195856257 -0.13821454606507166 -0.12035779519877393 -0.091270759202643423 -0.051150259368067004 0 0.062461773117385752 0.13610555744635622 0.22093220942951622 0.3169359059359716 0.42368406151764398 0.11962275832398328 0.24104851537109037 0.36941411600364643 0.50616994998811682 0.65249331857651927 0.13742273704903121 0.49288411684207806 -0.34250315785895941 0.035872435465890418 0.44179465588453454 -2.9877852885194289 -1.9271506843963448 -0.92048487268848311 -1.0842165618703898 -1.220275754273749 -0.45527021030466069 -0.50168822876822894 -0.53530543991461332 -0.55451084370132087 -0.56088544584722344 -0.13763089412756643 -0.12002747455234089 -0.091116053643815767 -0.051104859001504681 0 0.062509008236604435 0.13625131085830594 0.22122467470842125 0.31744167684293034 0.42445537521153498 0.12042972749554584 0.24219468926376972 0.37094643899899321 0.50810908951587752 0.65485728547188482 0.14020639131533794 0.4966396816323343 -0.33850411989023249 0.040833565521708387 0.44765947241401194 -2.9753298806404458 -1.9189483570809971 -0.91377295458262153 -1.0794736289256168 -1.2172204928714885 -0.45243674092028924 -0.49952030690108112 -0.53371939621505637 -0.55341670353952888 -0.56021042302634783 -0.13703993707312839 -0.11969190350356736 -0.090957971195794241 -0.051057822356176126 0 0.062554715855458548 0.13639403528159744 0.22151260881481097 0.31794139782164493 0.42521906119587777 0.12122739962235364 0.24332977392222821 0.37246573722160081 0.51003308838965533 0.65720380062771167 0.14296727594720751 0.50036612981422446 -0.3345416963264789 0.045749379484349012 0.45346898414638037 -2.9768572053566129 -1.9196509968868001 -0.91388534846035352 -1.0797623710935911 -1.2176852441580615 -0.45247166938812922 -0.49963128499510501 -0.53389400036982382 -0.55363986050488079 -0.56046987665868997 -0.13705987553802323 -0.11972163686493319 -0.090985845348863434 -0.051075173894498359 0 0.062581822547957897 0.1364491417329087 0.2215936482760916 0.31804628292832332 0.42534001313797093 0.12108510051610073 0.24317080157514112 0.37226872921864607 0.5097698657535038 0.65684232381473473 0.14178972011322702 0.49871317611834687 -0.33762574742798901 0.041727310177567908 0.44821903871381558 -2.9767228691699881 -1.9198570439863629 -0.91381659332014431 -1.0800538972215241 -1.218238800663348 -0.45261173596456472 -0.49984959358522729 -0.53416915678594612 -0.5539518875910312 -0.56080149324581741 -0.13713230225735473 -0.11978752774624207 -0.091035970693970417 -0.051102523082471499 0 0.062610250985698584 0.13650602576971507 0.22167657697655097 0.31814949477258059 0.42545543158338223 0.12093707984768226 0.24300985950674051 0.37207751085148211 0.50953066217846421 0.65653585959350236 0.14077269365809136 0.49741213808265722 -0.34005676595701162 0.038796017424926395 0.44466010805111872 -2.9759011752856859 -1.9207915335379282 -0.91340021556051909 -1.0814591984728819 -1.2209712519992664 -0.45328405223625917 -0.50091966097008611 -0.53552909255625636 -0.55550085897012003 -0.56245230951802005 -0.13749032473028616 -0.12011503981320305 -0.091285994254324182 -0.051239303864915847 0 0.062753403909734412 0.13679299768423439 0.22209580063563503 0.31867285766814973 0.42604308366645655 0.12021117132489394 0.24222339216356525 0.37114423126552853 0.50836224151472564 0.65503610906363974 0.13573114831047409 0.49096193348633604 -0.35214495982069177 0.024218681308062272 0.42695659519484602 -2.974838633926435 -1.9215726617013897 -0.91286765305060724 -1.0827808003079449 -1.2236471986194921 -0.4539115569301625 -0.50195533809295345 -0.53686361670154503 -0.55703187416298172 -0.56409138728326214 -0.13784163571680763 -0.12043930875097834 -0.091534940056221439 -0.051376069290577753 0 0.062898063673322929 0.13708379535539206 0.22252191737186131 0.31920723936283335 0.42664669755772083 0.11950670991559066 0.24146447236918847 0.37024537113805878 0.50723539450916266 0.65358531830339006 0.13075488082373715 0.48459371275477359 -0.36413390118215466 0.0097581136423379039 0.40938681475318783 -2.9735470255906211 -1.922208385952088 -0.91222509292785448 -1.0840232513684624 -1.2262697221851588 -0.45449668927008285 -0.50295846748148276 -0.53817404189037921 -0.55854581003760018 -0.56571922909332251 -0.13818643897694868 -0.12076035276443957 -0.091782733627138888 -0.051512738496623252 0 0.063044007896514737 0.13737789234467099 0.22295400917022831 0.31975121227696807 0.42726421934119257 0.1188209347765652 0.24072953211188794 0.36937642836996643 0.50614459933224076 0.65217685558715266 0.12583472258334288 0.4782954092639593 -0.37603889919349209 -0.0046045595587953722 0.39192801452945497 -2.9720373188851545 -1.9227061335341662 -0.91147830699529242 -1.0851908048963812 -1.2288417210492282 -0.45504174075130249 -0.50393078057353746 -0.53946161498472245 -0.56004350401807135 -0.56733633094508151 -0.13852495412844157 -0.1210782091220504 -0.092029321447330101 -0.051649244052036053 0 0.063191042669518457 0.13767482451371635 0.22339126720202851 0.32030350683543685 0.42789382981778812 0.11815139451880434 0.24001538837290337 0.36853337487578436 0.50508491920060739 0.65080479196607022 0.12096244825044572 0.47205620657223191 -0.38787367792350658 -0.01888625680388115 0.37455981468507471 -2.9673739588217827 -1.9233908343567725 -0.90918963146458276 -1.0878072821833653 -1.2350679629028096 -0.45624275957057603 -0.50623724542679627 -0.54258818604852055 -0.56372187497447446 -0.57133523301558653 -0.1393451813827716 -0.12185928334356121 -0.092640313059618062 -0.051989461142558514 0 0.063562334971438511 0.13842699438679104 0.22450250727274654 0.32171357636774484 0.42951052940199419 0.11653477050198996 0.23830311929517034 0.36651639116803031 0.5025440083035112 0.64750040295793143 0.10894485803132196 0.45665567661558815 -0.41723101795173717 -0.054331936926112351 0.33142039843542287 -2.9652520904367106 -1.9242892701046401 -0.908215364840956 -1.0896926383718528 -1.239041481557257 -0.4571654791430797 -0.50778918661869221 -0.54460070111863834 -0.56603706571467705 -0.57381669262688084 -0.13989593954023927 -0.12236704311843508 -0.093029917367491818 -0.052203514644128486 0 0.063789996113641945 0.13888508098148858 0.22517482624225416 0.32255957732653656 0.43047098486826213 0.11554249443716152 0.23723694912679588 0.36524641044872164 0.5009354216945916 0.64540612239564277 0.10155633673853239 0.44715812151535539 -0.43519375850530023 -0.076048816696811447 0.30497548980219918 -2.9699127462465476 -1.9274501725222133 -0.91071377165636591 -1.0915938741603677 -1.2404176135664158 -0.45830824616577509 -0.50871643443833714 -0.54533462851527359 -0.56660205977406208 -0.57423216658332654 -0.14018128537472788 -0.12254936125838528 -0.093131959251056301 -0.052244857127627019 0 0.063802108167537452 0.13889296313989807 0.22516250031331886 0.32250446279323558 0.43035442746196301 0.11535045980477167 0.23695328688513423 0.36485161261799731 0.50041805427008379 0.64475511933430518 0.10059461916801458 0.44584900232569358 -0.43688451992976279 -0.078146744387591519 0.30245064813921013 -2.9727640547850105 -1.9293872089350395 -0.91224660238443778 -1.092762087357267 -1.2412648963442454 -0.45901274664685471 -0.50928897149736918 -0.54578866488383049 -0.5669523803268316 -0.57449053679108875 -0.14035946376693989 -0.12266377851886583 -0.093196411938918144 -0.052271214082113548 0 0.063810738861751232 0.13890031561096516 0.22515888681804164 0.32247618870976408 0.43029017786146639 0.11524172104735535 0.23679026483572588 0.36462248026419108 0.5001158698596051 0.64437316881889495 0.10002678918463895 0.4450730334114063 -0.43788942197473252 -0.079396072023508596 0.30094490660363216 -2.9745161783627569 -1.9305805070711111 -0.9131925349572878 -1.0934846266907206 -1.241790506482374 -0.45945061603030357 -0.50964565230560921 -0.54607230551436303 -0.5671719443890203 -0.57465315967864938 -0.14047227464786596 -0.1227367367603389 -0.093237881441469994 -0.052288391101265687 0 0.063817167045580242 0.13890716397740058 0.22516028087898696 0.32246382435309262 0.43025719255185679 0.11518295065523933 0.23669977188229044 0.36449308627658222 0.49994337082917761 0.64415348353401525 0.099696760909589469 0.44461914102162975 -0.43847979880613486 -0.08013235431761255 0.30005544376793203 -2.9755996433023131 -1.9313210998551851 -0.91378108643544398 -1.0939356375012073 -1.2421200066444018 -0.45972584434994412 -0.50987057707276873 -0.54625187381703866 -0.56731158534357162 -0.57475719808705228 -0.14054502679645253 -0.12278423952480397 -0.093265205601322634 -0.052299896988036686 0 0.06382215554894477 0.13891349961622074 0.22516440051835668 0.3224606931008579 0.43024264940695056 0.11515386565350737 0.23665254126061969 0.36442335388970359 0.49984858914002156 0.64403117713802238 0.099509713009453396 0.44435913738462168 -0.43882041853811143 -0.080559309508398874 0.29953770723678924 -2.9767029758823713 -1.9320813415923093 -0.91438855953050469 -1.0944043957716256 -1.2424656043783087 -0.46001617512768578 -0.5101094770844361 -0.54644413815712511 -0.56746250258453745 -0.57487096937514159 -0.14062584740998682 -0.12283798754777124 -0.093296809945472417 -0.052313600375990352 0 0.063829516642995493 0.13892467836631439 0.22517593069975791 0.32246766805698651 0.4302410184107458 0.1151405806770494 0.23662408069170993 0.36437548652688551 0.49977882211808838 0.64393710947484606 0.099357572378213882 0.44414091020691437 -0.43911225236272422 -0.080930337959543158 0.29908312185968183 
end_dependent_variable

end_regular_table
