# ****************************************************************************
# CUI
#
# The Advanced Framework for Simulation, Integration, and Modeling (AFSIM)
#
# The use, dissemination or disclosure of data in this file is subject to
# limitation or restriction. See accompanying README and LICENSE for details.
# ****************************************************************************

# ##################################################################################################
# 
# This file was auto-generated by AFSIM Mover Creator 2.8.0.201104
# 
# Creation Date:  05 Nov 2020
# 
# ##################################################################################################

regular_table

independent_variable mach precision double
0.10000000000000001 0.5 0.70000000000000007 0.75 0.80000000000000004 0.84999999999999998 0.90000000000000002 0.92000000000000004 0.94000000000000006 0.95999999999999996 0.97999999999999998 1 1.02 1.04 1.0600000000000001 1.0800000000000001 1.1000000000000001 1.2 1.3 1.4000000000000001 1.5 1.75 2 2.5 3 3.5 4 
end_independent_variable

independent_variable surface_angle units deg
-40 -30 -28 -26 -24 -22 -20 -18 -16 -14 -12 -10 -9 -8 -7 -6 -5 -4 -3 -2 -1 0 1 2 3 4 5 6 7 8 9 10 12 14 16 18 20 22 24 26 28 30 35 40 
end_independent_variable

dependent_variable precision double
0.33132087743995564 0.22796420478745466 0.20321473998075723 0.18043959809653068 0.15759215730785875 0.13498027983798477 0.11434642776979564 0.093131941059638013 0.074515592908524969 0.057588742592345116 0.042495923038301783 0.029900157893624615 0.02417721483436169 0.019093247781808136 0.014636074550921002 0.010793335967683129 0.0075475150643584347 0.0048170551356624281 0.0027066561735546411 0.0012049511127196957 0.00030376000009398139 0 0.00030318726111832738 0.0012015302563229526 0.002698181518712461 0.0048057555958728598 0.0075280078091780576 0.010763776840120733 0.01459751043369199 0.019046143155829899 0.024116229540766219 0.029824325428078065 0.042396265353413232 0.057458914916686976 0.074356166392392078 0.092943156638527827 0.11412511054543946 0.13472827882640576 0.15730060304543475 0.18010615192869123 0.20281703568290499 0.22748547977726533 0.28313611098898261 0.32960421917146487 0.33132087743995564 0.22796420478745463 0.20321473998075718 0.18043959809653068 0.15759215730785875 0.13498027983798477 0.11434642776979566 0.093131941059638026 0.074515592908524983 0.05758874259234513 0.042495923038301797 0.029900157893624619 0.02417721483436169 0.019093247781808136 0.014636074550921002 0.010793335967683129 0.0075475150643584364 0.0048170551356624333 0.0027066561735546411 0.0012049511127196974 0.00030376000009398399 0 0.00030318726111832825 0.0012015302563229534 0.0026981815187124593 0.0048057555958728598 0.0075280078091780576 0.010763776840120733 0.01459751043369199 0.019046143155829899 0.024116229540766223 0.029824325428078068 0.042396265353413232 0.05745891491668699 0.074356166392392078 0.092943156638527841 0.11412511054543947 0.13472827882640573 0.15730060304543478 0.18010615192869123 0.20281703568290499 0.22748547977726538 0.28313611098898261 0.32960421917146487 0.33132087743995564 0.22796420478745463 0.20321473998075723 0.18043959809653071 0.15759215730785875 0.13498027983798477 0.11434642776979567 0.09313194105963804 0.074515592908524997 0.057588742592345116 0.042495923038301776 0.029900157893624622 0.0241772148343617 0.01909324778180814 0.014636074550921002 0.010793335967683133 0.0075475150643584347 0.0048170551356624333 0.0027066561735546411 0.0012049511127196991 0.00030376000009398225 0 0.00030318726111832998 0.0012015302563229534 0.002698181518712461 0.0048057555958728633 0.0075280078091780594 0.010763776840120733 0.014597510433691993 0.019046143155829903 0.024116229540766226 0.029824325428078065 0.042396265353413225 0.057458914916686976 0.074356166392392092 0.092943156638527827 0.11412511054543947 0.13472827882640576 0.15730060304543478 0.18010615192869123 0.20281703568290504 0.22748547977726535 0.28313611098898261 0.32960421917146498 0.33132087743995564 0.22796420478745466 0.20321473998075718 0.18043959809653065 0.15759215730785869 0.13498027983798477 0.11434642776979567 0.09313194105963804 0.074515592908524997 0.057588742592345116 0.042495923038301783 0.029900157893624622 0.0241772148343617 0.01909324778180814 0.014636074550921002 0.010793335967683133 0.0075475150643584364 0.0048170551356624351 0.0027066561735546429 0.0012049511127196991 0.00030376000009398399 0 0.00030318726111832998 0.0012015302563229534 0.0026981815187124628 0.0048057555958728616 0.0075280078091780576 0.010763776840120733 0.014597510433691997 0.019046143155829903 0.024116229540766219 0.029824325428078072 0.042396265353413239 0.057458914916686976 0.074356166392392106 0.092943156638527855 0.11412511054543949 0.13472827882640576 0.15730060304543475 0.18010615192869123 0.20281703568290499 0.22748547977726535 0.28313611098898256 0.32960421917146498 0.33132087743995564 0.22796420478745463 0.20321473998075718 0.18043959809653068 0.15759215730785872 0.13498027983798477 0.11434642776979564 0.093131941059638013 0.074515592908524969 0.057588742592345109 0.042495923038301776 0.029900157893624622 0.0241772148343617 0.01909324778180814 0.014636074550921002 0.010793335967683129 0.0075475150643584347 0.0048170551356624316 0.0027066561735546411 0.0012049511127196974 0.00030376000009398225 0 0.00030318726111832998 0.0012015302563229534 0.002698181518712461 0.0048057555958728633 0.0075280078091780594 0.010763776840120733 0.014597510433691993 0.019046143155829899 0.024116229540766219 0.029824325428078065 0.042396265353413225 0.057458914916686969 0.074356166392392065 0.092943156638527813 0.11412511054543947 0.13472827882640573 0.15730060304543475 0.18010615192869123 0.20281703568290499 0.22748547977726533 0.28313611098898261 0.32960421917146493 0.33132087743995564 0.22796420478745466 0.2032147399807572 0.18043959809653065 0.15759215730785875 0.1349802798379848 0.11434642776979567 0.09313194105963804 0.074515592908524997 0.057588742592345102 0.042495923038301776 0.029900157893624615 0.024177214834361693 0.019093247781808136 0.014636074550921002 0.010793335967683133 0.0075475150643584373 0.0048170551356624325 0.0027066561735546403 0.0012049511127196965 0.00030376000009398139 0 0.00030318726111832912 0.0012015302563229543 0.0026981815187124619 0.0048057555958728607 0.0075280078091780585 0.010763776840120736 0.01459751043369199 0.019046143155829899 0.024116229540766219 0.029824325428078072 0.042396265353413225 0.057458914916686962 0.074356166392392106 0.092943156638527841 0.11412511054543949 0.13472827882640576 0.15730060304543472 0.18010615192869123 0.20281703568290496 0.22748547977726533 0.28313611098898261 0.32960421917146493 0.33132087743995559 0.22796420478745466 0.20321473998075723 0.18043959809653068 0.15759215730785875 0.13498027983798477 0.11434642776979567 0.093131941059638026 0.074515592908524983 0.057588742592345116 0.042495923038301783 0.029900157893624615 0.024177214834361686 0.01909324778180814 0.014636074550921004 0.010793335967683131 0.0075475150643584381 0.0048170551356624333 0.0027066561735546411 0.0012049511127196974 0.00030376000009398399 0 0.00030318726111832825 0.0012015302563229534 0.002698181518712461 0.0048057555958728598 0.0075280078091780576 0.010763776840120734 0.014597510433691988 0.019046143155829899 0.024116229540766219 0.029824325428078065 0.042396265353413225 0.057458914916686976 0.074356166392392092 0.092943156638527827 0.11412511054543946 0.13472827882640576 0.15730060304543475 0.18010615192869125 0.20281703568290502 0.22748547977726533 0.28313611098898261 0.32960421917146487 0.33132087743995564 0.22796420478745466 0.20321473998075723 0.18043959809653071 0.15759215730785875 0.13498027983798477 0.11434642776979564 0.093131941059638013 0.074515592908524969 0.057588742592345116 0.042495923038301776 0.029900157893624615 0.024177214834361686 0.01909324778180814 0.014636074550921 0.010793335967683131 0.0075475150643584347 0.0048170551356624298 0.0027066561735546411 0.0012049511127196957 0.00030376000009398399 0 0.00030318726111832825 0.0012015302563229517 0.0026981815187124593 0.0048057555958728598 0.0075280078091780559 0.010763776840120731 0.014597510433691991 0.019046143155829899 0.024116229540766219 0.029824325428078058 0.042396265353413225 0.057458914916686976 0.074356166392392078 0.092943156638527827 0.11412511054543946 0.13472827882640576 0.15730060304543478 0.18010615192869123 0.20281703568290496 0.22748547977726538 0.28313611098898267 0.32960421917146498 0.33132087743995559 0.22796420478745461 0.2032147399807572 0.18043959809653065 0.15759215730785872 0.13498027983798475 0.11434642776979564 0.093131941059638026 0.074515592908524983 0.057588742592345116 0.042495923038301769 0.029900157893624612 0.02417721483436169 0.019093247781808136 0.014636074550921002 0.010793335967683129 0.0075475150643584381 0.0048170551356624316 0.0027066561735546394 0.0012049511127196974 0.00030376000009398225 0 0.00030318726111832825 0.0012015302563229534 0.0026981815187124593 0.0048057555958728598 0.0075280078091780594 0.010763776840120729 0.01459751043369199 0.019046143155829899 0.024116229540766216 0.029824325428078061 0.042396265353413232 0.057458914916686976 0.074356166392392092 0.092943156638527827 0.11412511054543947 0.13472827882640576 0.15730060304543472 0.1801061519286912 0.20281703568290499 0.22748547977726533 0.28313611098898256 0.32960421917146493 0.3313208774399557 0.22796420478745469 0.20321473998075723 0.18043959809653071 0.15759215730785875 0.13498027983798477 0.11434642776979566 0.093131941059638013 0.074515592908524983 0.057588742592345123 0.04249592303830179 0.029900157893624612 0.02417721483436169 0.019093247781808136 0.014636074550921002 0.010793335967683126 0.0075475150643584355 0.0048170551356624307 0.0027066561735546403 0.0012049511127196983 0.00030376000009398312 0 0.00030318726111832912 0.0012015302563229526 0.0026981815187124602 0.0048057555958728607 0.0075280078091780568 0.010763776840120729 0.01459751043369199 0.019046143155829899 0.024116229540766223 0.029824325428078061 0.042396265353413239 0.057458914916686983 0.074356166392392078 0.092943156638527827 0.11412511054543947 0.13472827882640576 0.15730060304543478 0.18010615192869125 0.20281703568290499 0.22748547977726535 0.28313611098898267 0.32960421917146498 0.33132087743995564 0.22796420478745469 0.20321473998075723 0.18043959809653065 0.15759215730785875 0.13498027983798477 0.11434642776979567 0.093131941059638026 0.074515592908524983 0.057588742592345123 0.042495923038301783 0.029900157893624615 0.0241772148343617 0.019093247781808143 0.014636074550921009 0.010793335967683129 0.0075475150643584373 0.0048170551356624307 0.0027066561735546403 0.0012049511127196983 0.00030376000009398312 0 0.00030318726111832738 0.0012015302563229526 0.0026981815187124619 0.0048057555958728607 0.0075280078091780585 0.010763776840120733 0.014597510433691993 0.019046143155829906 0.024116229540766219 0.029824325428078065 0.042396265353413232 0.057458914916686983 0.074356166392392092 0.092943156638527827 0.11412511054543949 0.13472827882640576 0.15730060304543475 0.18010615192869123 0.20281703568290499 0.22748547977726533 0.28313611098898267 0.32960421917146498 0.33213916144052619 0.22796420478745463 0.2032147399807572 0.18043959809653065 0.15759215730785872 0.13498027983798477 0.11434642776979569 0.09313194105963804 0.074515592908524997 0.057588742592345102 0.042495923038301783 0.029900157893624612 0.024177214834361697 0.019093247781808136 0.014636074550921002 0.010793335967683133 0.0075475150643584373 0.0048170551356624342 0.002706656173554642 0.0012049511127196983 0.00030376000009398312 0 0.00030318726111832912 0.0012015302563229543 0.0026981815187124619 0.0048057555958728607 0.0075280078091780585 0.010763776840120733 0.014597510433691993 0.019046143155829903 0.024116229540766223 0.029824325428078068 0.042396265353413225 0.057458914916686976 0.074356166392392106 0.092943156638527827 0.1141251105454395 0.13472827882640573 0.15730060304543475 0.1801061519286912 0.20281703568290496 0.2274854797772653 0.28313611098898261 0.33034279465547145 0.33784719882908198 0.22826964113390072 0.20321473998075723 0.18043959809653073 0.15759215730785875 0.13498027983798483 0.11434642776979569 0.09313194105963804 0.074515592908524997 0.05758874259234513 0.042495923038301783 0.029900157893624629 0.024177214834361707 0.019093247781808143 0.014636074550921009 0.010793335967683129 0.0075475150643584355 0.0048170551356624342 0.002706656173554642 0.0012049511127197 0.00030376000009398486 0 0.00030318726111832912 0.001201530256322956 0.0026981815187124619 0.0048057555958728642 0.0075280078091780602 0.010763776840120733 0.014597510433691997 0.019046143155829906 0.024116229540766226 0.029824325428078072 0.042396265353413239 0.05745891491668699 0.074356166392392092 0.092943156638527855 0.1141251105454395 0.13472827882640578 0.15730060304543478 0.18010615192869123 0.20281703568290502 0.22777652759100248 0.28541302474321523 0.33549481580465723 0.34355523621763784 0.23156531433745037 0.20599591723817809 0.18254464528578976 0.15914123395184199 0.13607201421565571 0.11506726945913036 0.0935573017395087 0.07471189256521639 0.057613293000911309 0.042495923038301783 0.029900157893624619 0.02417721483436169 0.01909324778180814 0.014636074550921009 0.010793335967683133 0.0075475150643584355 0.0048170551356624325 0.002706656173554642 0.0012049511127196965 0.00030376000009398312 0 0.00030318726111832912 0.0012015302563229526 0.0026981815187124602 0.0048057555958728607 0.0075280078091780585 0.010763776840120736 0.014597510433691993 0.019046143155829903 0.024116229540766223 0.029824325428078068 0.042396265353413225 0.057482842314532046 0.074546902979337984 0.093355496516551686 0.11482227338142724 0.13578249018817881 0.15879293003679618 0.18212978175214375 0.20547992705811088 0.23091694781880409 0.28931738458811862 0.34064683695384312 0.34853018734328428 0.23412790127809063 0.208297375672371 0.1846109430794293 0.16099347955443122 0.13772136353791359 0.11652349714048349 0.094827803324327734 0.075805626312988039 0.058540482397897123 0.043170995559579976 0.030354166641506988 0.024539765740201079 0.019375471343431899 0.014849417404715818 0.010949014396173519 0.0076548565106329455 0.0048848514878476936 0.002745081116246606 0.0012227938890037593 0.00030884503345912639 0 0.00030814043521059861 0.0012185802293641721 0.0027346208028486575 0.0048708640741666181 0.007630619478600954 0.010912122591948908 0.014801031376764329 0.019316009863814682 0.024462254751697318 0.030257052582199302 0.043041143394203361 0.058367899234034459 0.075588865229883201 0.094564665868321074 0.11620658451774181 0.13734995496950228 0.16055046329196923 0.18408780716266143 0.20765232367301134 0.23332428178369632 0.29248865817011249 0.34506577184011955 0.34917493754689199 0.23506394262463501 0.20922471913775428 0.18551308012327639 0.16185665883116149 0.13852919604736813 0.1172617556398661 0.095483078637380259 0.07636816155938056 0.059003910142420943 0.043533985103437929 0.030620554645905351 0.024760966264940426 0.019553637125805205 0.014988370154195591 0.011053631820923081 0.0077288782232675032 0.0049323174943882962 0.0027727283682623758 0.0012362976190785201 0.00031309897140507741 0 0.00031221536195023998 0.001231016175462514 0.002759628623069459 0.0049148217463638195 0.0076986087080587289 0.011007643938864199 0.014928186210723709 0.019479862525536889 0.024665067630675122 0.030500775439059338 0.043374952412479108 0.058794243615124891 0.076107178744641735 0.095169336044128167 0.11688781271472126 0.13809572489231858 0.16134546350914891 0.18491645675334994 0.20849778562283211 0.23416921962658499 0.29325315623443826 0.3455505142871676 0.34903480732233366 0.23500804297741998 0.20917737510002746 0.18547309393118208 0.16182303315251387 0.13850120084402825 0.11723874933360155 0.09546451791764668 0.076353531909492858 0.058992731345054908 0.043525783049272841 0.030614861302814773 0.024756352389494377 0.019549997975740814 0.014985585218684384 0.011051574000203087 0.007727444332700022 0.0049314061745951449 0.0027722059377484811 0.0012360497367216901 0.00031302510506095796 0 0.00031214395691594315 0.001230783024021069 0.0027591428100061342 0.0049139594809036978 0.0076972600163305507 0.011005716167751292 0.014925572405248095 0.019476434462605052 0.024660730061815864 0.030495429858501566 0.043367220100385878 0.058783696288235793 0.076093352089054669 0.095151763016166277 0.11686601233356513 0.13806916292820021 0.16131357176553696 0.18487854718622462 0.20845303805267854 0.2341165989225073 0.29317362117572193 0.34542536905034249 0.34837469497520684 0.23474471615094131 0.20895435123801029 0.18528473071975329 0.16166463245255214 0.13836932366019269 0.11713037337919985 0.095377083816214805 0.076284615923983987 0.058940071312641354 0.043487145580138345 0.030588041635021001 0.024734617776853606 0.019532855008203856 0.014972466205119044 0.011041880210945831 0.0077206896952118804 0.0049271132146035766 0.0027697449209776459 0.0012348820357143304 0.00031267714240019832 0 0.0003118075887631501 0.0012296847160312568 0.0027568542872944638 0.0049098976014731888 0.0076909067255608796 0.01099663500401182 0.014913259535038415 0.019460285864576637 0.024640297048384708 0.030470248397900395 0.043330795448240617 0.058734010927846053 0.07602821877394543 0.095068981640694855 0.11676331713830246 0.13794403731355298 0.1611633391244629 0.18469996634534921 0.20824224538710318 0.23386871823448555 0.29279895486477003 0.34483584658099137 0.34777740062341883 0.2345064481851708 0.20875255090254236 0.18511429263787116 0.16152130557218369 0.1382499962496731 0.11703231076044181 0.095297970169626933 0.076222258161594711 0.058892422544878642 0.04345218495232725 0.030563774196061905 0.024714951486069711 0.019517343409720233 0.014960595630757398 0.011033108907703312 0.0077145778464673478 0.0049232287837690757 0.002767518100916978 0.0012338254561497924 0.00031236229276466673 0 0.0003115032302722677 0.0012286909258655485 0.0027547835463129118 0.0049062222609769154 0.0076851580303448179 0.010988418027261044 0.014902118389349277 0.019445674008831695 0.024621808493268962 0.030447463270107673 0.043297837060040645 0.058689053754636816 0.075969283713273841 0.09499407795465184 0.11667039468297623 0.13783081897546545 0.16102740300940876 0.18453837971838083 0.20805151229584312 0.23364442651275497 0.29245994276734316 0.34430242459194943 0.34723694634433944 0.23429085441422234 0.20856995440803872 0.18496007388392591 0.16139161804781602 0.13814202434363765 0.11694358003367901 0.095226385181916923 0.076165834524879919 0.058849308156883599 0.043420551268125739 0.030541816109251801 0.024697156690294465 0.019503307934998715 0.014949854690901399 0.011025172304324539 0.0077090476170299117 0.004919714005402245 0.0027655031908028552 0.0012328694234246661 0.00031207740503337751 0 0.0003112278353212157 0.0012277917073379337 0.0027529098623897425 0.0049028966753718595 0.0076799563958084415 0.010980982999233798 0.01489203746384995 0.019432452655006732 0.024605079356794825 0.030426846433906078 0.043268015077159147 0.058648374822107975 0.07591595706514398 0.094926302296771306 0.11658631496842133 0.13772837478675609 0.16090440292604538 0.18439217009204564 0.20787892985801334 0.23344147897037748 0.29215319193642447 0.34381976441666112 0.34674792308989089 0.23409577710317264 0.20840473426740963 0.1848205309847934 0.16127427192311566 0.13804432732296004 0.11686329315197444 0.095161612406467283 0.076114780307118712 0.058810296645369985 0.043391927926989877 0.030521947610677558 0.024681055293230718 0.01949060811229078 0.014940135886614829 0.011017990968615317 0.007704043658504604 0.0049165337024198331 0.0027636800247376175 0.0012320043692421057 0.00031181962795417094 0 0.00031097864766477246 0.0012269780607671605 0.0027512144830664931 0.0048998875610795269 0.0076752497622449758 0.010974255507670607 0.014882915865249735 0.019420489479348817 0.024589942208141598 0.030408191549069354 0.043241031031167942 0.058611567001830116 0.075867705118537646 0.094864976345488988 0.11651023649659425 0.13763567945155142 0.16079310784819661 0.18425987415126049 0.20772277081056903 0.23325784444013581 0.29187563230659574 0.34338303542986454 0.34571939198145185 0.23368548356162841 0.2080572373890264 0.18452703939433429 0.16102746537841423 0.13783884747296402 0.11669443092572755 0.095025380000495027 0.076007401259789678 0.05872824624630614 0.04333172629748068 0.030480159477545427 0.024647190262030778 0.019463897393305646 0.014919694951639558 0.011002886927836289 0.0076935191548909102 0.004909844776030509 0.0027598454770000787 0.0012301849565062965 0.00031127746202934577 0 0.0003104545473195143 0.0012252667703495698 0.0027476487009514116 0.0048935586848341522 0.0076653506030700102 0.010960106008047506 0.014863730994522878 0.019395328102649524 0.024558105218507063 0.030368955931530973 0.043184277225533883 0.058534151484581742 0.075766219907607707 0.094735993422745149 0.11635022554773893 0.13744071932440444 0.1605590280805326 0.1839816246214479 0.20739433154577019 0.23287161776232665 0.2912918590174346 0.34246449148580638 0.34491837114878615 0.23336594663018453 0.20778660654802661 0.18429846791385981 0.16083525224813361 0.13767881960488165 0.11656292089169527 0.094919282096044166 0.075923774373644379 0.05866434533126394 0.043284841221276751 0.030447614846739034 0.024620816149213538 0.019443095064443621 0.014903775535474114 0.010991123889050047 0.0076853226632351244 0.0049046354349206005 0.0027568591282193591 0.0012287679964429199 0.00031085522278254119 0 0.00031004637756022052 0.0012239340160322878 0.0027448716670479233 0.0048886297510582957 0.007657641130152798 0.010949086366660973 0.01484878980217768 0.019375732402772964 0.024533310546049066 0.030338399201867806 0.043140077317263811 0.058473860219126844 0.075687183145865297 0.094635541421509428 0.11622560889547039 0.13728888422471461 0.16037672657417473 0.18376492366974059 0.20713854278915339 0.23257082412320573 0.29083721592269968 0.34174912874288838 0.34380869180296941 0.2329232820719247 0.20741169313460261 0.18398182065503493 0.16056897335503995 0.13745712796750553 0.1163807359065088 0.094772301332994871 0.075807923418805157 0.058575821384433263 0.043219889851014125 0.030402529746389149 0.02458427926145227 0.01941427694418793 0.014881721867709348 0.010974828181556774 0.0076739678056238578 0.0048974187708848548 0.0027527220453543132 0.0012268050371139552 0.00031027028147756139 0 0.00030948092715867709 0.0012220877095710549 0.0027410245546637488 0.0048818015441191992 0.0076469609549133007 0.010933820510959999 0.014828091298629194 0.01934858586359061 0.024498961706679472 0.030296068003476756 0.043078845794569103 0.058390336833366946 0.075577691034687727 0.094496382105706975 0.11605297352878829 0.13707854228699609 0.1601241785653503 0.18346472102765926 0.20678419058190159 0.23215412523714221 0.29020738454831879 0.34075811424212776 0.34313563725728163 0.23265479244537199 0.2071842966546234 0.18378976438424371 0.16040746704234432 0.137322665192435 0.11627023512725389 0.094683152993817507 0.075737656262738193 0.058522128896561706 0.043180494853559487 0.030375184250730724 0.024562118518814593 0.019396797870697566 0.014868345642050904 0.010964944335340395 0.0076670807363459527 0.00489304164288633 0.0027502127777548919 0.0012256144420971712 0.00030991549664196281 0 0.0003091379641535965 0.0012209678680950905 0.0027386911630513881 0.0048776600272597784 0.0076404831011794364 0.010924561301430609 0.014815537021616872 0.019332120655271418 0.024478128082476267 0.030270392833790207 0.043041706998713875 0.05833967733910056 0.075511280712261875 0.09441197771408813 0.11594826488594487 0.1369509634527464 0.15997100045494889 0.18328263892111021 0.20656926510386653 0.23190138458687659 0.2898253725093079 0.34015703356319665 0.34272740903966309 0.2324919452550529 0.20704637371760529 0.18367327636761871 0.16030950851195724 0.13724110939676468 0.11620321301671363 0.094629081792843989 0.075695037078212749 0.058489562756471346 0.043156600579763948 0.030358598369208852 0.024548677348962829 0.019386196276722292 0.014860232551077825 0.01095894947957427 0.0076629035176733352 0.0048903867805537363 0.0027486908300224135 0.001224892309716185 0.00030970030876156622 0 0.00030892994657586402 0.0012202886499058981 0.0027372758894973689 0.0048751480703068169 0.0076365540842807129 0.010918945306966332 0.014807922467698369 0.019322134001607275 0.024465491850644082 0.030254820056181984 0.043019181180362853 0.05830895080262246 0.07547100081558919 0.094360783862756939 0.11588475588372345 0.13687358297824365 0.15987809323459357 0.18317220054090316 0.20643890621188485 0.23174808963353472 0.28959367049526835 0.33979245970246402 0.34247980610951756 0.23239317344127636 0.20696271922762621 0.1836026228140466 0.16025009365989712 0.13719164330621336 0.11616256205179235 0.09459628595164607 0.075669187236106134 0.058469810394038049 0.043142107970115369 0.030348538523547471 0.024540524867345336 0.019379766084934462 0.014855311712657613 0.01095531341575157 0.0076603699064760715 0.0048887765251517043 0.0027477677220601928 0.0012244543142867527 0.00030956979071451209 0 0.00030880377753721502 0.0012198766832495211 0.0027364174826949809 0.0048736244913989719 0.0076341710150691112 0.010915539034138971 0.014803304007286765 0.019316076789972044 0.024457827588614638 0.030245374689105715 0.043005518580897843 0.058290314216181707 0.075446569823287124 0.094329733222335788 0.11584623572670837 0.13682664934799454 0.15982174215693939 0.18310521627729859 0.20635983954713183 0.2316551115443537 0.28945313611983625 0.33957133447819982 
end_dependent_variable

end_regular_table
