# ****************************************************************************
# CUI
#
# The Advanced Framework for Simulation, Integration, and Modeling (AFSIM)
#
# The use, dissemination or disclosure of data in this file is subject to
# limitation or restriction. See accompanying README and LICENSE for details.
# ****************************************************************************

# ##################################################################################################
# 
# This file was auto-generated by AFSIM Mover Creator 2.8.0.201104
# 
# Creation Date:  05 Nov 2020
# 
# ##################################################################################################

regular_table

independent_variable mach precision double
0.10000000000000001 0.5 0.70000000000000007 0.75 0.80000000000000004 0.84999999999999998 0.90000000000000002 0.92000000000000004 0.94000000000000006 0.95999999999999996 0.97999999999999998 1 1.02 1.04 1.0600000000000001 1.0800000000000001 1.1000000000000001 1.2 1.3 1.4000000000000001 1.5 1.75 2 2.5 3 3.5 4 
end_independent_variable

independent_variable surface_angle units deg
-40 -30 -28 -26 -24 -22 -20 -18 -16 -14 -12 -10 -9 -8 -7 -6 -5 -4 -3 -2 -1 0 1 2 3 4 5 6 7 8 9 10 12 14 16 18 20 22 24 26 28 30 35 40 
end_independent_variable

dependent_variable precision double
0.28519372416639499 0.059689242354348832 0.094313807001420488 0.12671796609357658 0.024619655248279464 0.057424522709524126 -0.037972317552383485 -0.0020561962899948443 0.03040149908231371 -0.023503274547361883 0.0039239080392174663 -0.029019612624032402 -0.018246054185689909 -0.0085839553447826459 -4.4641842211419158e-05 0.0073633698204643994 -0.01469403843421256 -0.0094081914141512565 -0.0052964752341721566 -0.0023576740832275522 -0.00059165009871015907 0 -0.00059127477126234677 -0.0023552071487735748 -0.0052902509562606469 -0.0093998886217732131 0.013664174017058779 0.0073853709836156113 -1.5877125744225823e-05 -0.0085487695873251012 -0.01820039474757679 0.02750142183396985 0.0039989020104830002 -0.02340529958674643 0.030522222159002577 -0.0019128380074219966 0.072829108205057655 0.05761733239988457 0.024843484986674977 0.12697504159578765 0.094621585689053475 0.21630515240350912 0.3144405488879034 0.47365440189027141 0.28512456338827086 0.059647158320464862 0.094276688526613528 0.12668558614475231 0.024591698519425616 0.057400785847410853 -0.037992220638053423 -0.0020724757819539806 0.030388513389294998 -0.023513336957918185 0.0039164416694382961 -0.029024871692157509 -0.018250341230482709 -0.0085873683408846171 -4.7278030252070133e-05 0.0073614111733442478 -0.014695422078693338 -0.0094090957807278861 -0.0052970019436108014 -0.002357923822822633 -0.00059172405041633773 0 -0.00059130329002097604 -0.0023553650331530731 -0.005290639775167639 -0.009400610522547672 0.01366301620891364 0.0073836791817608457 -1.82028586342854e-05 -0.008551827002496985 -0.018204281819671979 0.027496594620192775 0.003991929375452472 -0.023414788191422013 0.030509829292348727 -0.0019284556120637744 0.072809887686694524 0.057594195129811725 0.024816181400821952 0.12694323009136535 0.094585083337513101 0.21626363809056964 0.31438575470271229 0.47358540450959496 0.28513389044648552 0.059652783915872525 0.094281647639150604 0.12668990928378601 0.024595414279509259 0.057403936226794676 -0.037989603470496923 -0.0020703421687192011 0.030390209084604575 -0.023512034118581455 0.0039174008635178784 -0.029024205719903964 -0.018249802146559625 -0.0085869432522121397 -4.6953596960446755e-05 0.007361648658130754 -0.014695258569548186 -0.009408992316953399 -0.0052969452012940101 -0.0023578994967084744 -0.00059171870888356337 0 -0.00059129484489410262 -0.0023553341408231211 -0.0052905728045535855 -0.0094004938146441241 0.013663195244007682 0.0073839353200255099 -1.7855734798658061e-05 -0.0085513772127259711 -0.018203714428417624 0.027497291420949154 0.0039929235467981985 -0.023413445013340386 0.030511568390105343 -0.0019262743199643787 0.072812554064966728 0.057597389103123973 0.024819944073844673 0.12694759356914395 0.094590086809904148 0.21626930504595626 0.31439320281793287 0.47359474395027246 0.28513574845418155 0.059653905486165733 0.094282635459697089 0.12669077162019884 0.02459615476993475 0.057404563615549346 -0.037989080343355831 -0.0020699151971464457 0.030390546602457436 -0.023511774629392568 0.0039175925523400436 -0.029024072257379314 -0.018249695299947351 -0.0085868574845088877 -4.6888525203450875e-05 0.0073616964008224968 -0.014695226009734512 -0.0094089719162076101 -0.0052969336685298194 -0.0023578946418575508 -0.00059171780732538033 0 -0.00059129316743739479 -0.0023553281929326307 -0.005290559851635796 -0.0094004711001649463 0.013663231346226955 0.0073839863897062997 -1.778790251837619e-05 -0.0085512876632653865 -0.018203601661839229 0.027497429718378742 0.0039931219055552398 -0.023413177992550396 0.030511913726781383 -0.0019258393380870594 0.072813084947103854 0.057598023959652619 0.024820693500068082 0.12694846247975097 0.094591081332299071 0.21627043089266704 0.31439468411791943 0.4735966036174738 0.28513746872293544 0.059654944719463837 0.094283550836453317 0.12669156981034807 0.024596840241375907 0.057405146708277205 -0.037988596342244219 -0.0020695210965446108 0.030390862674395298 -0.023511532947972404 0.0039177696247498983 -0.029023950092256327 -0.018249594133949477 -0.0085867786739625921 -4.6828176653927e-05 0.0073617401383619611 -0.014695195923222056 -0.0094089525047823096 -0.0052969230373238127 -0.0023578900183799669 -0.00059171666641546746 0 -0.00059129160965655221 -0.0023553226998104275 -0.0052905477284706732 -0.0094004497100986777 0.013663263937954192 0.0073840331670127343 -1.7724282828542313e-05 -0.0085512050071346272 -0.018203498182107963 0.027497558792788347 0.0039933041798760269 -0.023412931268787119 0.03051223174544665 -0.0019254377377976846 0.072813575043706225 0.057598611839415073 0.024821385609530552 0.12694926749940288 0.094592004878927674 0.21627147695546789 0.31439605806067683 0.4735983263116586 0.28513907282631629 0.059655912594032814 0.094284405226388701 0.12669231256663657 0.02459748128913597 0.057405688313371832 -0.037988145307844196 -0.002069153611855151 0.030391153502704021 -0.023511308467963222 0.0039179350965792368 -0.029023834549197859 -0.018249500691034079 -0.0085867051291543522 -4.6772104521979097e-05 0.0073617821445905738 -0.014695167153144105 -0.0094089343778779554 -0.0052969130324214972 -0.002357885678135262 -0.00059171569903555853 0 -0.00059129021942192037 -0.0023553174061479985 -0.0052905361278901579 -0.0094004299396457779 0.01366329459093241 0.0073840763540432156 -1.7664524679952424e-05 -0.0085511284145810256 -0.018203401595706513 0.027497676474055592 0.0039934748855298616 -0.023412701906002645 0.030512530073442914 -0.0019250634555190928 0.072814032811868212 0.057599160146358144 0.02482203252938639 0.12695001622352786 0.094592862077256687 0.21627245134040388 0.31439733728397612 0.47359992837257131 0.2851405718702445 0.059656817918016372 0.094285201788946157 0.12669300687813498 0.024598077147289416 0.057406195707125872 -0.037987723506268813 -0.0020688094878945399 0.030391427416823835 -0.023511098412884977 0.0039180905475494814 -0.029023727590888115 -0.018249413726572183 -0.008586636371380716 -4.6719542882071204e-05 0.0073618199063151778 -0.014695140776583461 -0.0094089174158186913 -0.0052969036418552915 -0.0023578815612855064 -0.00059171488723427435 0 -0.00059128904460384562 -0.0023553125752322481 -0.0052905260192687613 -0.0094004116212600426 0.013663323903540947 0.0073841178177412436 -1.760929825745053e-05 -0.0085510561622721311 -0.018203310562265207 0.027497788506622017 0.0039936328257580977 -0.023412487031976237 0.030512809763917813 -0.0019247147679188298 0.072814458921774752 0.057599670795295717 0.024822634259635611 0.12695071343916059 0.094593666235242374 0.21627335998339811 0.31439853365966342 0.47360143239501556 0.28521680768126056 0.059980545792221097 0.094608332751849822 0.12700683022456721 0.024892896808877778 0.057674448118140674 -0.037669155583042124 -0.0017958783186196841 0.030618876638463112 -0.023329034389720657 0.0040564138143646322 -0.028923538288486386 -0.018166792196498426 -0.0085201766743383429 5.0341477087552337e-06 0.0074003765243961465 -0.014668033261284944 -0.0093914823560466102 -0.0052870649661264386 -0.0023535000938308959 -0.00059061843929864119 0 -0.00059019219854650163 -0.0023509309785277035 -0.005280686695694559 -0.0093829761849079079 0.013690432223061275 0.0074226758081054646 3.41459433325863e-05 -0.0084845923611454287 -0.01812068273883663 0.027597986068254105 0.004131971832343013 -0.023230399035342637 0.030740296311661541 -0.0016517254138340893 0.073133104905578977 0.057868029389120654 0.02511759783863219 0.12726472562453373 0.094917054664014969 0.21659744128117597 0.31469493634891499 0.47367974388976497 0.28528694526975151 0.060301710445557904 0.094929442947881026 0.12731907909617138 0.025186531851735895 0.057941832965300852 -0.037351205034093733 -0.0015233599321470294 0.030846057658510534 -0.023147136419212542 0.0041946460381644046 -0.02882339402888889 -0.018084202956568728 -0.0084537368913599076 5.6772934665193689e-05 0.0074389253715242826 -0.014640930663866639 -0.0093740503982729512 -0.0052772271345113532 -0.0023491188784934411 -0.00058952201370250288 0 -0.00058909569396429237 -0.0023465493355484912 -0.0052708484252679691 -0.0093655430527150932 0.013717535685337165 0.0074612264423931842 8.5887921645424759e-05 -0.0084181487740701642 -0.01803808797786036 0.027698135510614397 0.0042702152897173143 -0.023048474729761511 0.030967513598283095 -0.0013791559401281834 0.073451138200016114 0.05813552229560854 0.025411376684009689 0.12757716674344741 0.095238425874703408 0.21691896208988704 0.3149871766669029 0.47375198963723208 0.28535098609097592 0.060620312567359766 0.095248535823704641 0.12762976027138845 0.025478979863198314 0.058208348716755329 -0.037033870365868832 -0.0012512612983989527 0.0310729684855597 -0.022965401590843593 0.0043327843850243146 -0.028723300728870381 -0.018001647442893461 -0.0083873205839991478 0.00010849917320826737 0.007477465231792795 -0.014613832725828677 -0.0093566206425352069 -0.0052673906209264616 -0.0023447381833470791 -0.00058842566310323991 0 -0.00058799931065362627 -0.0023421682733961433 -0.0052610113803222367 -0.0093481132012366557 0.013744634998849732 0.0074997672983648928 0.00013761567927414483 -0.0083517280243412956 -0.017955526164447559 0.027798238231516992 0.004408368367878366 -0.022866716681083397 0.031194462657781932 -0.0011069989173234126 0.073768549996942476 0.058402148710537539 0.025703969570287245 0.12788804322967617 0.095557780403455556 0.21723792792419508 0.31527525560933028 0.47381816879489869 0.28540893126829125 0.060936357493574594 0.095565604473225471 0.12793887138861473 0.025770240090104937 0.058474001155241907 -0.036717153620835524 -0.00097957406878711249 0.031299608634524453 -0.022783830568415944 0.0044708293655613867 -0.02862325423328484 -0.017919124544880607 -0.008320924860887171 0.00016021050173424027 0.0075159968743185781 -0.014586738978041669 -0.0093391939728391018 -0.0052575550535787418 -0.0023403579110554407 -0.00058732943377552021 0 -0.00058690291697105197 -0.002337787629311484 -0.0052511750502403382 -0.0093306849039487879 0.013771728931735411 0.0075383005365688765 0.00018933092678577693 -0.0082853295119838244 -0.017872997553906748 0.027898293260789547 0.0045464305051474444 -0.022685120740544976 0.031421144422034142 -0.00083525735806021879 0.074085344368528858 0.058667906719093832 0.025995379663290411 0.12819735167485136 0.095875123535157633 0.21755434016276612 0.31555916664029932 0.47387827878414901 0.2848056013580596 0.061249839632945981 0.095880655955723829 0.12824641154150496 0.026060313183492466 0.058738782761924908 -0.036401056611684253 -0.00070830431965409365 0.031525982700957994 -0.022602424909311518 0.0046087829839474397 -0.028523256527155944 -0.017836634211468458 -0.0082545518347019106 0.00021190925631599722 0.0075545203086757008 -0.014559650527906285 -0.0093217687009571008 -0.0052477203798108156 -0.0023359779419426597 -0.00058623322200026075 0 -0.00058580681689326649 -0.0023334075437141948 -0.005241340539231587 -0.0093132600660912578 0.013798818875425592 0.0075768259750978182 0.00024103102173722186 -0.0082189522540599778 -0.017790500920757065 0.02799829850490226 0.0046843980250819758 -0.022503688171923386 0.031647556146473209 -0.00056393118574604815 0.07440152786343858 0.058932802550805102 0.026285606350278757 0.12850509331721927 0.096190449218997887 0.21786819655888526 0.31583891649995471 0.47334096767230766 0.28027260904197215 0.061321534016150571 0.096193688854237513 0.12855238042368894 0.026349200253952928 0.059002696217543713 -0.036085579185229893 -0.00043745565084991574 0.031752086816936378 -0.022421180056273377 0.0047466428658133122 -0.028423307495594862 -0.017754176232027491 -0.0081882002991106474 0.00026359369447294379 0.0075930350753088413 -0.014532566015904701 -0.0093043462534255147 -0.0052378874947981505 -0.0023315983621753603 -0.00058513706128670369 0 -0.00058471055086494828 -0.0023290279065024799 -0.0052315066026669896 -0.0092958367154058093 0.01382590424590205 0.0076153423597486534 0.00029271782149790443 -0.0081525967292732145 -0.017708039213811824 0.028098256912668453 0.004822272172310957 -0.022322421694254278 0.031873699822505527 -0.00029302120460271349 0.074717088839603499 0.059196826899676092 0.026574648405771426 0.12881126386759689 0.096503756803939619 0.21795153186134872 0.31431049289366952 0.46925621581306109 0.27571846359867824 0.059045733267041253 0.094333880058732278 0.12722072463221826 0.025437831637134249 0.058423917948245099 -0.03632456561981047 -0.00049275957225062823 0.031828046984117439 -0.022258795608942172 0.0048844100834547549 -0.028323404725936148 -0.017671752617112239 -0.0081218693286200256 0.00031526452468620079 0.0076315424252297072 -0.014505487312171762 -0.0092869263717444729 -0.0052280548874334924 -0.0023272192451547383 -0.00058404120215632628 0 -0.00058361450184886508 -0.0023246484224758719 -0.0052216740894473444 -0.0092784152667687754 0.013852984254899756 0.0076538513213045018 0.00034439183030213579 -0.00808626331420359 -0.017625609739566221 0.028198166505447146 0.0049600556467219005 -0.022159536612461894 0.031953947015331247 -0.00033829480772707538 0.074496377069176195 0.058647095526577556 0.025707359863079791 0.12754308752499444 0.094736555043757928 0.21579785372636393 0.31148199162282508 0.46515181193853528 0.27169599810609246 0.05731518106928795 0.09282328197786606 0.12589794123279863 0.02427408768398329 0.057400582838847539 -0.037140412152542726 -0.0012047016041762445 0.031211478127588614 -0.022789260725157662 0.0045053421808430036 -0.02857045539900387 -0.017866166832112618 -0.0082708915667044532 0.0002042422140463958 0.007551399350406534 -0.01456017883461881 -0.0093211356730756676 -0.0052474729395880198 -0.0023364144237574872 -0.0005868093264554267 0 -0.00058628291461076498 -0.002333245127608608 -0.0052395930418249305 -0.009310595088824522 0.013801866186763117 0.007579252114442935 0.00024080155682934949 -0.0082259292548660604 -0.017807500644411264 0.027967259564037304 0.0046039407388817292 -0.022657886866681159 0.031376959786306009 -0.001003184604248634 0.073735906646326427 0.05768706792853083 0.024617166973225236 0.1263047829548635 0.093327155665791903 0.2141896704643875 0.30919412573383337 0.4615806096534491 0.2711281784185236 0.056846302110608274 0.092373512082618597 0.12546996507211045 0.023867547213197147 0.057019210259915271 -0.037410229170711629 -0.0014499388591795099 0.030997061128944361 -0.022969152634563599 0.0043615131795838712 -0.028676512290986358 -0.017954513687481528 -0.0083419368918444155 0.00014889316686618744 0.0075094211770057283 -0.014589995553001058 -0.0093401813529784116 -0.0052588604890839085 -0.0023423813921765353 -0.00058896200724685769 0 -0.00058830041991700052 -0.0023384058365337967 -0.0052489873451102582 -0.0093269906216937228 0.013776608139090952 0.0075441518406579216 0.00019437811437678258 -0.0082861353869192415 -0.017881910380443369 0.027878399117300241 0.0044823053427560846 -0.022809493465178309 0.031196382450137925 -0.0012095525935584917 0.073510077701862284 0.057353780780254403 0.024263713771511496 0.12593434181836613 0.092941883670597886 0.21379302617278556 0.30879732795075404 0.46114644366554186 0.2712365357933843 0.057184053366513297 0.092710244044820297 0.12579680634426102 0.02417476963464419 0.05729906691512119 -0.037081115384730308 -0.0011676458203744207 0.031232496630616637 -0.022780555253811782 0.0045049171942939297 -0.028572629459489667 -0.017868836976185364 -0.00827302423529774 0.00020255188021557502 0.0075494049313724974 -0.014561882562572443 -0.0093221010807261612 -0.0052486486336901002 -0.0023378214768374627 -0.00058781157512420123 0 -0.00058715199755103706 -0.0023338567271274941 -0.0052388028444278322 -0.0093089469160031035 0.013804659073594364 0.0075840397968882757 0.00024791270311034879 -0.0082173769686273782 -0.017796434482057321 0.027982032703862084 0.0046253744629082411 -0.022621337589436293 0.031431273327692404 -0.00092791712735690833 0.073838405431231421 0.057632732864636882 0.024569872003253397 0.12625994555909734 0.093277118299438425 0.21412894515609249 0.30910725913168619 0.46124767185657511 0.27165489376756158 0.05882183270606451 0.094353002666281036 0.12739852980303221 0.025685590114755207 0.058679099418729036 -0.035449935131942986 0.00023346942188307625 0.032402407803418021 -0.021842505889020529 0.0052187251676276318 -0.028055189858038031 -0.017441963824861548 -0.0079295872460650556 0.00047002897034113854 0.0077487503122019592 -0.014421699615790458 -0.0092319394541576835 -0.0051977217660980962 -0.0023150821210373672 -0.00058207808394585957 0 -0.00058142671214783876 -0.0023111690074739508 -0.005188004181600806 -0.0092189570163225074 0.013944544474262389 0.0077829333773921901 0.00051479846680855743 -0.0078746638747669035 -0.01737050373827842 0.028498294630974981 0.0053376266819105097 -0.021685337969033627 0.032598636393889782 0.00047014424213430634 0.075465965217837189 0.059008585265804887 0.026075797006473955 0.12785598955236482 0.094913012951554049 0.21575836046113631 0.31057645992026944 0.46163426715408301 0.27187101267827779 0.060376039867914851 0.095928762589751623 0.1289471053697249 0.027155096379973095 0.060027761973986148 -0.033842129522317535 0.0016178027888569494 0.033560568721090291 -0.020912389151178497 0.0059274140776414911 -0.027540898178625803 -0.017017489903365695 -0.0075879346080227391 0.00073621174205155677 0.0079471859809328235 -0.014282123122465172 -0.0091421488865978378 -0.0051470006851451573 -0.0022924378596796023 -0.00057637197460543011 0 -0.00057572813839770884 -0.0022885707973890374 -0.0051373986835982844 -0.0091293213252887535 0.014083852478773752 0.0079809614779972112 0.00078044668632197675 -0.007533664635033922 -0.01694687421777244 0.029011528567222014 0.006044917011895635 -0.020757052814456677 0.033754531703826564 0.0018517781045565525 0.077070581322049386 0.060353597547611687 0.027541053342373969 0.12939967985450754 0.096482908757639652 0.21730547515252335 0.3119135502980846 0.46182470687935384 0.27188923557863021 0.06184843367240344 0.097439020689037828 0.130443803140359 0.028584358492098741 0.061345942480070074 -0.03225698394732885 0.0029859397667923405 0.034707440662287453 -0.019989843714914055 0.0066312391051932444 -0.027029572099061816 -0.016595263654182346 -0.0072479503472792084 0.001001190032029489 0.0081447791954012156 -0.014143106010089671 -0.0090527000494812979 -0.0050964683410097116 -0.0022698799883395836 -0.00057069076582331134 0 -0.00057005381097782748 -0.0022660552434348828 -0.0050869710398879315 -0.0090400121100147144 0.014222626345964443 0.0081781854525301238 0.0010449441665446859 -0.0071942680944850138 -0.01652541118147215 0.029521908218132008 0.0067474956232918071 -0.01983613548057326 0.034899407515422656 0.0032175467130803807 0.07865295226795678 0.061668613249380867 0.028966659628089166 0.13089221130936146 0.097988223764997898 0.218771945033608 0.31312100701300632 0.46182286048819499 0.27171344724293761 0.063240598819464269 0.098885126524934128 0.13188976549287154 0.029974327347685105 0.062634440563240426 -0.030693818648063739 0.0043384166950458337 0.035843451013458628 -0.019074558805940982 0.0073304430486778064 -0.026521044360357168 -0.016175155827377316 -0.0069095305851836469 0.0012650433050492955 0.0083415880223368342 -0.014004607828221591 -0.0089635671885619217 -0.0050461093912458682 -0.0022474024035481982 -0.00056503302148912346 0 -0.00056440179113918223 -0.0022436153804761454 -0.0050367074159397562 -0.0089510055310680868 0.014360906574147183 0.0083746637985537414 0.0013083650107722931 -0.006856376789095728 -0.016105987964442046 0.030029586481590102 0.0074455875067252278 -0.018922291851977552 0.036033652344406232 0.0045679454300461978 0.080213704008203698 0.062954391594800013 0.030353522719454185 0.13233466195711857 0.09943020604928976 0.2201592483406748 0.314201058142419 0.46163220719735398 0.27044727659124002 0.066378964980385785 0.10222732876788658 0.13528914551319668 0.033282843706860882 0.065730400299454469 -0.026878354048206373 0.0076541509449914715 0.038638361164663321 -0.016816218905954815 0.0090595710078969199 -0.025261033824350666 -0.015133376385363466 -0.0060697138989939331 0.0019202186414114801 0.0088305269601498051 -0.013660393033628711 -0.0087419623122590596 -0.0049208869488229067 -0.002191513794539282 -0.00055097473751955527 0 -0.00055035691086649388 -0.0021878073931082842 -0.0049116839146963794 -0.008729666654321162 0.014704664446287496 0.0088629108502991938 0.0019626402250618596 -0.0060176556157742218 -0.015065619022173085 0.031287851983917092 0.0091724496826842555 -0.016666863745570741 0.038825054556656045 0.0078796312848306224 0.084024548800536433 0.066045256490089285 0.033656361176890907 0.13572783622535609 0.10276537661711829 0.22328965749268423 0.31635646195869815 0.46034924777704295 0.26940239203923289 0.068135734873063444 0.10413641922931519 0.13725727207882968 0.035217494858671781 0.067554683336773988 -0.024609518096156264 0.0096331246118924099 0.040311329867904817 -0.015461216689295572 0.010099076049988404 -0.024502431493883186 -0.014505766070770589 -0.0055635094837052654 0.002315306728700799 0.0091254905487204545 -0.01345266983961063 -0.0086081997602177572 -0.0048452749394769503 -0.0021577467505801587 -0.00054246891503653889 0 -0.00054186167969753007 -0.0021541023811391855 -0.0048362274440829677 -0.0085961112213102202 0.014912028931846216 0.0091573294349806336 0.0023570177568487199 -0.0055123162974216825 -0.014439127996053595 0.032045061925587252 0.010210129508266674 -0.015314224090054411 0.040495137954576307 0.0098552047210551871 0.08628944023607614 0.067865084872577891 0.035585919083455236 0.13769020382879749 0.1046676996477329 0.22503841995301865 0.31743361814489329 0.45927890928552512 0.2704045819870497 0.068520090987266968 0.10445926067236627 0.13752771591769181 0.035443079715433035 0.067741028232647854 -0.024457524641436315 0.0097548802838580608 0.040406682490966406 -0.015388781196542353 0.010151948049306206 -0.024465896367112602 -0.014476215227481387 -0.00554024258073547 0.0023330857752051656 0.0091386022364898321 -0.0134435437570653 -0.0086024036985080012 -0.0048419584420141227 -0.0021561799142636269 -0.00054200640771026988 0 -0.00054141321433942102 -0.0021526227486362839 -0.0048331289561542139 -0.0085906064506558726 0.014920646312181393 0.0091696645061700721 0.0023737715801095886 -0.0054903193947312655 -0.014411240009016611 0.032079500969474331 0.010260151785887101 -0.015245644074968024 0.040585565995577062 0.0099708537325494499 0.08643389889833572 0.068042400782924881 0.035800471740277361 0.13794731545716302 0.10497369934565429 0.22540126121891602 0.31799336099450004 0.46017703612212219 0.27101537887980087 0.068754986945460839 0.10465664542743459 0.13769312009027579 0.035581080348881571 0.067855051248056297 -0.024364508729530807 0.0098294134551729969 0.040465056229149962 -0.015344433469736754 0.010184323243009403 -0.02444352256523134 -0.014458118800583038 -0.0055259947700876961 0.0023439724492924645 0.0091466348805486139 -0.013437957686606657 -0.0085988535538647354 -0.0048399277420448509 -0.0021552208717734735 -0.00054172429180451029 0 -0.00054113931617639143 -0.0021517162837428202 -0.0048312294608249366 -0.0085872325486697973 0.01492592696983255 0.0091772269038633159 0.0023840399288943886 -0.0054768347969665499 -0.01439415061463028 0.032100602696694541 0.01029080316843084 -0.015203631463640302 0.040640943369236668 0.010041678228591953 0.086522351170589221 0.068150949345564787 0.03593179382218762 0.13810462124374637 0.10516087144110699 0.22562310835906155 0.31833520441182789 0.46072471755935068 0.27138860035152479 0.068899116898011203 0.10477781548550084 0.13779469968794505 0.035665874688429411 0.067925139498177328 -0.024307316112350878 0.0098752518645530297 0.040500963456548862 -0.015317143862024766 0.010204248955396225 -0.024429749947551527 -0.014446978094526301 -0.0055172196569624535 0.0023506766912497522 0.0091515790096673953 -0.013434517005487914 -0.0085966687512733005 -0.0048386776079590629 -0.0021546322659774498 -0.00054155012352898068 0 -0.00054097069288260675 -0.0021511593122671112 -0.0048300595893526095 -0.0085851549756534012 0.014929180557682343 0.0091818836513382785 0.0023903650377113564 -0.0054685296110712055 -0.01438362663819784 0.032113599016930061 0.010309682435054104 -0.015177756584220431 0.040675030566080649 0.010085263221217951 0.086576763478073485 0.068217704223926021 0.03601252556503827 0.13820130530069805 0.10527583207702577 0.22575932885391017 0.31854472717182797 0.46105963254193422 0.27161744613625555 0.068988041491011912 0.10485264258074022 0.1378574870720298 0.035718299100012105 0.067968484819937683 -0.024271924927281866 0.0099036290865261358 0.040523197636587613 -0.015300245949022438 0.010216590090162821 -0.02442122040930126 -0.014440078381989513 -0.0055117852557167238 0.0023548316777147241 0.0091546407172136395 -0.013432383982654068 -0.0085953133822102221 -0.0048379035444642447 -0.0021542670551294254 -0.00054144281417003082 0 -0.00054086709347547193 -0.0021508127309620719 -0.0048293334759877005 -0.0085838653485321645 0.014931200048012259 0.0091847741426136619 0.0023942908847868092 -0.0054633762087564954 -0.014377089942451552 0.032121667244612705 0.010321390404710942 -0.01516172065658174 0.040696181918892883 0.010112285074127978 0.08661049451954321 0.068259048884359214 0.036062490717379131 0.13826110940482009 0.10534690198837544 0.22584345875305553 0.31867378179501604 0.4612652605705837 
end_dependent_variable

end_regular_table
