# ****************************************************************************
# CUI
#
# The Advanced Framework for Simulation, Integration, and Modeling (AFSIM)
#
# The use, dissemination or disclosure of data in this file is subject to
# limitation or restriction. See accompanying README and LICENSE for details.
# ****************************************************************************

# ##################################################################################################
# 
# This file was auto-generated by AFSIM Mover Creator 2.8.0.201104
# 
# Creation Date:  05 Nov 2020
# 
# ##################################################################################################

regular_table

independent_variable mach precision double
0.10000000000000001 0.5 0.70000000000000007 0.75 0.80000000000000004 0.84999999999999998 0.90000000000000002 0.92000000000000004 0.94000000000000006 0.95999999999999996 0.97999999999999998 1 1.02 1.04 1.0600000000000001 1.0800000000000001 1.1000000000000001 1.2 1.3 1.4000000000000001 1.5 1.75 2 2.5 3 3.5 4 
end_independent_variable

independent_variable surface_angle units deg
-40 -30 -28 -26 -24 -22 -20 -18 -16 -14 -12 -10 -9 -8 -7 -6 -5 -4 -3 -2 -1 0 1 2 3 4 5 6 7 8 9 10 12 14 16 18 20 22 24 26 28 30 35 40 
end_independent_variable

dependent_variable precision double
1.3054701068722416 0.68691352230721037 0.83871779571754645 0.97573223557308675 0.58158566697210134 0.69983691736824649 0.46511504626179573 0.57378777985602569 0.66336276886562462 0.41047450592471857 0.46146301750163554 0.27868546295884145 0.28885634430443474 0.29329298530077158 0.29158652720556694 0.28318914806617002 0.15956838343366916 0.13852105902664821 0.11187268824237748 0.079829246321104386 0.042514486065683706 0 -0.047702579357933594 -0.10050834336216138 -0.15832956798003595 -0.22104603499548334 -0.17930497310417975 -0.24890121694710329 -0.32211181006683853 -0.39832540611480277 -0.47800035127148244 -0.34394029603997178 -0.5138521949140018 -0.70173935704293744 -0.56814528762043126 -0.7598171574285244 -0.53362341743947361 -0.44270933266752499 -0.60374348800072064 -0.23013050603511742 -0.36365296052642798 0.10890373699119567 0.51606566099207984 1.4008889421539394 1.3042116065818241 0.68595243600859135 0.83781901324869046 0.97489654302890227 0.58081298814299753 0.6991280501571504 0.46446996481872066 0.57320703545587604 0.6628465723932313 0.41002314951684654 0.46107646231947741 0.27836342273772807 0.28856673455131748 0.29303574745426036 0.29136174905987644 0.28299673416783028 0.15940839906187532 0.13839326634556459 0.11177696773570688 0.079765522999949781 0.04248267117842365 0 -0.047670868552773325 -0.10044501896853518 -0.15823474930281362 -0.22091986385854331 -0.17914788670739204 -0.24871312337940357 -0.32189290874013143 -0.39807589945682481 -0.4777202634088879 -0.34363047207584912 -0.51348167725516047 -0.70130934353308882 -0.56765774091184762 -0.75927187895501069 -0.53302282050473937 -0.44205468775055318 -0.6030344097771394 -0.22937001512375951 -0.36284060432912862 0.10976492515400528 0.51704685909107706 1.401979399658301 1.3043800899027171 0.68608026846993253 0.83793851027007771 0.97500765488900276 0.58091562229247562 0.69922218489478261 0.46455553695565033 0.57328403401383721 0.66291498039420782 0.41008296555664159 0.46112767417519596 0.27840601537808152 0.28860503800866932 0.29306976140947499 0.29139148832084749 0.28302220144721074 0.15942960983774374 0.13841021699573144 0.11178966395674332 0.079773975650445986 0.04248689126456999 0 -0.04767507521128761 -0.10045341661600382 -0.15824732284811008 -0.22093659795922166 -0.1791687854324317 -0.24873815117709422 -0.32192205041961663 -0.39810913775286644 -0.47775756493989802 -0.34367186431940627 -0.51353105165551816 -0.7013666294017028 -0.56772290853718987 -0.75934473040915706 -0.53310333983090807 -0.44214275967695099 -0.60312978537796713 -0.22947268859074843 -0.36295030056735711 0.10964823997291508 0.51691372208478215 1.401830843294424 1.3044136679505611 0.68610575611016678 0.83796233530936814 0.97502981056167393 0.58093608705687194 0.69924095348516591 0.46457260011708701 0.57329938820392168 0.66292862200670732 0.41009489360223572 0.46113788579762072 0.27841450941249185 0.28861267556280573 0.29307654415879969 0.29139741877057523 0.2830272801558289 0.15943383959768914 0.1384135969214027 0.11179219579141887 0.079775661021717598 0.042487732639755076 0 -0.047675913947619872 -0.10045509130819909 -0.15824983001758985 -0.22093993481753829 -0.17917295213915302 -0.2487431406793226 -0.32192785999672069 -0.39811576292896889 -0.47776500183750081 -0.34368011386400271 -0.5135408943890567 -0.70137804992588859 -0.56773589611310882 -0.75935925254880099 -0.53311938360928346 -0.44216030441406845 -0.60314878783094739 -0.22949314148329894 -0.36297215028469032 0.10962500236659703 0.51688720797667531 1.4018012654841732 1.3044447850796581 0.68612937425382214 0.83798441601707785 0.97505034253603629 0.58095505111783485 0.69925834947316168 0.46458841386249322 0.57331362037692324 0.66294126408638265 0.41010595015222429 0.46114735144048707 0.27842238330252655 0.28861975683160818 0.29308283199257401 0.29140291628089388 0.28303198703951293 0.15943775984393416 0.13841672938929875 0.11179454178543291 0.079777222831647815 0.042488512489577974 0 -0.047676691366028118 -0.10045664328476239 -0.15825215370801185 -0.22094302721795475 -0.1791768133692398 -0.24874776542547131 -0.32193324429367104 -0.39812190544432952 -0.47777189361951705 -0.343687759635882 -0.51355001609944384 -0.7013886309318601 -0.56774793413284463 -0.75937270960516012 -0.53313425437270068 -0.44217656360900098 -0.60316639840574748 -0.22951208990661545 -0.36299239679222256 0.10960346830632532 0.51686264021300987 1.4017738636683703 1.3044737564045383 0.68615137182669717 0.83800497757531356 0.97506945990976035 0.58097271096717751 0.69927454873442074 0.46460314254672325 0.57332687242054692 0.66295304003193056 0.41011624438290939 0.46115616658917824 0.27842971558746649 0.28862635012606019 0.29308868781243225 0.29140803574313318 0.28303637102175633 0.15944141034077938 0.13841964670392465 0.11179672715449007 0.07977867788671722 0.042489238768494482 0 -0.047677415379081579 -0.10045808865007592 -0.15825431774285145 -0.22094590761656546 -0.17918040923006345 -0.24875207145883463 -0.32193825801031606 -0.39812762154660453 -0.47777831043196001 -0.34369487905735008 -0.51355851222419246 -0.70139848817011319 -0.56775914141059569 -0.7593852397639661 -0.53314809818954167 -0.4421917030846268 -0.60318279345672166 -0.22952973367152196 -0.36301124634731763 0.10958342601368919 0.51683977248489843 1.4017483558587633 1.3045008475098823 0.6861719403101767 0.83802420686990686 0.97508734037757117 0.58098922850241064 0.69928969880535008 0.46461691446230469 0.5733392649680652 0.66296404960515298 0.41012587232220543 0.46116441003828412 0.27843657251987081 0.28863251734251927 0.29309416389279264 0.29141282215541869 0.28304047097328022 0.15944482459746714 0.13842237550512804 0.11179877065179852 0.0797800382382855 0.042489917950968938 0 -0.047678092455260813 -0.10045944034110077 -0.15825634194043209 -0.22094860095382088 -0.17918377172295041 -0.24875609858360548 -0.32194294624052194 -0.39813296997270892 -0.47778431268720684 -0.34370153617893012 -0.51356645442521098 -0.70140770483931003 -0.56776962393130859 -0.75939695446738498 -0.5331610463202956 -0.44220585879272889 -0.60319812061601763 -0.22954623103738256 -0.36302887195340633 0.10956468439026747 0.51681839282244946 1.4017245115117667 1.2992105000581737 0.68323837912708907 0.83530770872841276 0.97255639003324557 0.5790924234099869 0.69754448679283765 0.46331029451712546 0.57213373036880677 0.66183870107786247 0.4093774242750623 0.46047635151129829 0.27800876020342014 0.28822868047398637 0.29271435271050988 0.29105806555907221 0.28271289304671454 0.15925393435160481 0.13826403712965057 0.11167547283982784 0.079694566962579191 0.042445416039363748 0 -0.047629617558650465 -0.10035816048360299 -0.15809758341490618 -0.22072737388145838 -0.17900230038253992 -0.2485037443836266 -0.32161477167711183 -0.39772420616689413 -0.47728932850338501 -0.34332545412213161 -0.5129934512408364 -0.70060555747199871 -0.56702790962063854 -0.75838761233244389 -0.53224728903703855 -0.44124562334802253 -0.60193452247841772 -0.22843715186630337 -0.36160667555541198 0.11081318611002192 0.51835456986740469 1.4032338863457245 1.2939253498963135 0.6803079950797174 0.83259393297987849 0.97002775066497815 0.57719753897796811 0.69580082560081979 0.46200490145700068 0.57092912373939708 0.66071403722417421 0.40862946084177126 0.4597886189941342 0.2775811561165919 0.28782500242649606 0.29233466114026502 0.29070339690374269 0.28238537990787516 0.15906308919322573 0.13810572954118833 0.11155219446800467 0.079609106890129525 0.042400919134996752 0 -0.047581147748264385 -0.10025689196499452 -0.15793884418272541 -0.22050617708549408 -0.17882087442321742 -0.24825145518200356 -0.32128668620998974 -0.39731556331348694 -0.47679450247680372 -0.34294957986731378 -0.51242077007708819 -0.69980389122081277 -0.56628688014952122 -0.75737919945665944 -0.53133475856224355 -0.44028693009438297 -0.60067283292513018 -0.22733037991824712 -0.3601871910954938 0.11205852529770738 0.51988650473165543 1.4047381026967287 1.2886453872970463 0.67738079038924559 0.82988288257311704 0.96750142395780481 0.57530456823643172 0.69405871109329842 0.46070074056681642 0.56972544959879645 0.65959006015038302 0.40788198129470293 0.45910121170171808 0.27715375750205412 0.28742148501912146 0.29195509079050164 0.2903488181042439 0.28205793183440997 0.1588722890457373 0.13794745232805627 0.11142893557941232 0.079523658178908649 0.042356427309673463 0 -0.047532683093514556 -0.10015563491931229 -0.15778012442101 -0.22028501055635383 -0.17863949304076113 -0.24799922966708882 -0.32095868962852603 -0.39690704011041383 -0.47629983554572158 -0.34257390941251559 -0.51184841575929685 -0.6990027126344156 -0.56554653413929035 -0.75637171112958945 -0.53042345435976235 -0.43932978638469516 -0.59941305854311455 -0.22622590967854994 -0.35877042600312942 0.11330069421747592 0.52141418845387277 1.4062371652369241 1.2833706178516295 0.67445676411103228 0.82717456140158363 0.96497740991172587 0.57341351792552264 0.69231814695948168 0.45939780637020527 0.56852270641515401 0.65846676780125579 0.40713498952731225 0.45841412929576625 0.2767265659810158 0.28701812576898739 0.29157564211439235 0.28999432797339136 0.28173054760722099 0.15868153367617052 0.13778920466369313 0.11130569547833509 0.079438220806577059 0.042311940773225573 0 -0.047484223506638702 -0.10005438898433737 -0.15762142400848847 -0.22006387434190805 -0.17845815712236809 -0.24774706849311048 -0.32063078155614078 -0.39649863746402014 -0.47580532877605181 -0.34219844672140176 -0.51127638341107018 -0.69820201469182319 -0.56480687074742808 -0.75536515010856586 -0.5295133728297452 -0.43837418367888958 -0.59815519245180648 -0.2251237447598273 -0.35735637669123432 0.11453969718404144 0.52293762619128881 1.4077310646986125 1.275102826789791 0.67153591621954656 0.82446896306979989 0.96245570773528477 0.57152438385818138 0.69057913622477529 0.45809610196916561 0.56732089324382828 0.65734416430002474 0.40638848116105819 0.45772737328898155 0.27629958212792122 0.28661492810361056 0.29119631297372844 0.28963992771113511 0.28140322848370258 0.1584908237004572 0.13763098789165995 0.11118247492431582 0.079352794371023855 0.042267459247207227 0 -0.047435769185500909 -0.099953153995714916 -0.15746274243773511 -0.21984276854747148 -0.17827686477875537 -0.24749497067393939 -0.32030296221622884 -0.39609035414882499 -0.4753109808082765 -0.3418231876388263 -0.51070467619823345 -0.69740180048226841 -0.56406789324188333 -0.75435951787437816 -0.52860451777628892 -0.43742012594701352 -0.59689923772767339 -0.22402388711518931 -0.35594504151306866 0.11577553473355177 0.52445682356069079 1.4075866313629575 1.248875709806921 0.66755438571935577 0.8217660888415429 0.95993631915181399 0.56963717093633115 0.6888416714214054 0.45679562456806916 0.56612001479526131 0.65622224811483887 0.40564246033193868 0.45704094268566092 0.27587280533002984 0.28621188995499208 0.29081710648965636 0.28928561620688303 0.28107597173524501 0.15830015894626404 0.13747280072903145 0.11105927340992885 0.079267379604665344 0.042222983018840511 0 -0.047387320130101176 -0.099851930345981749 -0.15730408035499965 -0.21962169214861874 -0.17809561845131058 -0.24724293739676015 -0.31997523260449351 -0.39568219248175313 -0.47481679192961779 -0.34144813733478657 -0.51013329331656498 -0.69660207192056522 -0.56332960051206415 -0.7533548113250278 -0.52769688441235885 -0.43646761345714097 -0.59564519670678839 -0.22292633119167582 -0.35453642724707329 0.11632533752920655 0.52080302092975472 1.3977476639058337 1.2225693974512328 0.65314332894525817 0.80947493009066429 0.95024345594796367 0.56253320227118386 0.68347168893009047 0.45312599217111776 0.56353854387492708 0.65447142442123274 0.40481917543677098 0.45635483659222431 0.27544623602136614 0.28580901206352649 0.29043801963038762 0.28893139523502925 0.28074878170528433 0.15810953939444294 0.13731464471404142 0.11093609161493305 0.07918197584210368 0.042178511903026746 0 -0.047338875900032308 -0.0997507182808723 -0.15714543749380375 -0.21940064543576318 -0.17791441617734952 -0.2469909676658695 -0.31964759057634318 -0.39527415051607701 -0.47432276145712521 -0.34107329260516062 -0.50956223429374403 -0.69586537190736719 -0.56308348826372845 -0.75339859351794847 -0.52853674339997758 -0.43812026174741875 -0.59802733283840503 -0.22669096618371884 -0.35943773734982559 0.11022073943997808 0.51351762873390727 1.3880250139855426 1.1982961737695506 0.64081550254334319 0.79839955907782434 0.94027931283370159 0.55403849779091485 0.67590923897519239 0.44673416612102862 0.55793993746197823 0.64960132358841916 0.40092749120607452 0.45337896139334521 0.27346970960144157 0.28416079732044836 0.28908056385424907 0.28782784794198568 0.27986478158969919 0.15752442251688978 0.13689625455822613 0.11065536866443666 0.079014815620873535 0.042104494453310368 0 -0.047289856123197818 -0.099668502100931686 -0.15704550723699234 -0.2193033119984199 -0.17794542751936435 -0.24706103672955587 -0.31977598500363275 -0.39548448863572372 -0.47463350236176871 -0.34171507736430895 -0.51052443800751002 -0.69717349680686658 -0.56479520951837714 -0.75520106291941025 -0.5308016429734761 -0.44071334677961815 -0.60069645706853536 -0.22990654589789936 -0.36275196181373737 0.10628666040111144 0.5084245072864344 1.3805304503086766 1.1897180061921426 0.63397980447994251 0.79189375370837878 0.93412675004921286 0.54873138148465705 0.67101598365174697 0.44258385487829383 0.5542325826707003 0.64634043822989617 0.39842219783535399 0.45130863593456821 0.27201402334554609 0.28289371824276882 0.28799371281239694 0.28690891604665947 0.27909962123565069 0.15700995950631788 0.13651511332710203 0.1103891212661635 0.078848841189601476 0.042027139143191429 0 -0.047232540351574419 -0.099561589402051592 -0.15689590798571407 -0.21912342839611473 -0.17785090443833729 -0.24695000345979823 -0.31965371477650939 -0.39535880516357264 -0.47450352685354336 -0.34178973405388208 -0.5105909477450209 -0.69719952700321997 -0.56506228920803847 -0.75536049602587374 -0.5311863798420291 -0.44114648255938343 -0.60087982348424673 -0.23025747492818216 -0.36276070028370855 0.10617497860305432 0.50896221900286209 1.3818504336375221 1.184855458559533 0.63123167971568506 0.78933537299199308 0.93173005951972165 0.5469477343075142 0.66936492677601689 0.44135446681752472 0.55308897012562153 0.64526354327537039 0.39771041705628446 0.45064713628403674 0.2716043584793999 0.28250443521043156 0.2876252397981568 0.28656270758778829 0.27877824537515589 0.1568232867655924 0.13635935786635281 0.11026722198475551 0.078763969440512782 0.041982772372764349 0 -0.047183731015972293 -0.099459353943941523 -0.15673528926162589 -0.21889905281769462 -0.17766465850323401 -0.24669097482513086 -0.31931665006434123 -0.39493855360445801 -0.47399419122296599 -0.34139616216406155 -0.50999308439852464 -0.69636397431703834 -0.56427729651749992 -0.75429665766354037 -0.53020558483687585 -0.44010484468913075 -0.59951871186893224 -0.22903237963749926 -0.36120101689469547 0.1075860214657392 0.51075136542322985 1.3837754581329622 1.1605049617994116 0.61749199032355195 0.77654466387093823 0.91974768950801111 0.53802993423343026 0.66110924679682748 0.43520649825864738 0.54736914232483003 0.6398769675689967 0.39414931572057443 0.44733758764871978 0.26955434758063879 0.28055653970616568 0.28578165192683802 0.28483070405688493 0.27717065615545111 0.15588944799665136 0.13558032330736747 0.10965762753924703 0.078339610503587995 0.041760977295609229 0 -0.046939855091485849 -0.098948616103167561 -0.1559330182452108 -0.2177785319541625 -0.17673549567777669 -0.24539875499808356 -0.31763528787037271 -0.39284252114437301 -0.47145419768519481 -0.33943667504699321 -0.50701622525340562 -0.69220379002607035 -0.56037612654158309 -0.74900856625826351 -0.5253413153908959 -0.43494584537356618 -0.59277311006035516 -0.22297874814824994 -0.35348739824645997 0.11454181251718676 0.51955464073685187 1.3931988871409915 1.1361030944135917 0.60375868606965 0.76376004826196675 0.90777061957335592 0.52911582911178645 0.65285539431596729 0.42905886198379861 0.54164803664110917 0.63448819512435883 0.39058555675090895 0.44402534187045511 0.26750202511861015 0.27860659174485841 0.2839363391273852 0.28309732766828555 0.27556203734034468 0.15495492369244213 0.13480092183813688 0.1090478964957063 0.077915260199282313 0.041539244645374521 0 -0.046696246598676557 -0.098438564842831158 -0.15513203076840468 -0.21666014207099624 -0.17580956434002615 -0.24411111850135736 -0.31596015281057988 -0.390754709299239 -0.46892474401681117 -0.33749041023010717 -0.50405908677602496 -0.6880715038068258 -0.5565127685222192 -0.74376998976876696 -0.52054033864837346 -0.42986531519299198 -0.5861232175408313 -0.21703976594618912 -0.34590909196069614 0.12133902685627826 0.52813136574457487 1.4023033185032729 1.11166467246564 0.59003792103800623 0.75098677613783738 0.89580331697644389 0.52020920682732064 0.64460653886095787 0.42291416775658769 0.53592777041177553 0.62909889316986689 0.38702040877528371 0.44071132795309037 0.26544802247126392 0.27665509514594439 0.28208968927725486 0.28136286755887968 0.27395259531485472 0.1540198486239453 0.13402122816831424 0.10843806452551936 0.077490928931417527 0.041317572854306331 0 -0.046452883098319679 -0.09792914339668024 -0.15433222222652301 -0.21554371222319005 -0.17488661334619038 -0.2428277126262427 -0.31429078025538409 -0.38867452639157896 -0.46640509253578277 -0.33555645530460843 -0.50112037436074508 -0.68396536079624703 -0.55268493106551253 -0.7385780169120878 -0.51579904295126988 -0.42485884937347734 -0.57956372453158167 -0.21120910833737599 -0.33845860945578388 0.1279865114335714 0.53649499520498067 1.4111101055854776 1.0872033669604495 0.57633535043981576 0.73822966861683681 0.88384987961037442 0.5113135218956818 0.63636557524736292 0.41677482173208619 0.53021027491806838 0.62371058876955843 0.38345504078754833 0.43739638879767817 0.26339291475293714 0.27470250659252454 0.28024206063811669 0.2796275892176065 0.27234251840092261 0.153084346344524 0.13324131530017727 0.1078281658320485 0.077066627279340119 0.041095960641872938 0 -0.046209745238827864 -0.097420301716268129 -0.15353349967928909 -0.21442908965646998 -0.17396641473768179 -0.24154822564104655 -0.31262675756240305 -0.38660143464592617 -0.46389457746133772 -0.33363400451683328 -0.49819893270463561 -0.67988380022957329 -0.54889057259694718 -0.73343005847695175 -0.51111421658233192 -0.41992252388702023 -0.57308990852723296 -0.20548115285393223 -0.33112929349844578 0.13449209707174628 0.54465750321493644 1.4196382188312815 1.0260305516716242 0.54219157754871716 0.70643579564084014 0.85405085346974108 0.48914241151648236 0.61581461853779895 0.40146374017067887 0.51593993121972981 0.61025306391945655 0.37454739892853989 0.42910991159095768 0.25825368166172336 0.2698189660132691 0.27562078413213459 0.27528737387409363 0.2683156640576792 0.15074446026753391 0.13129099726120338 0.10630333490640034 0.076006069038591681 0.04054218945836191 0 -0.045602783419008482 -0.096150454362700047 -0.15154092873979655 -0.21164959726716931 -0.17167670651693662 -0.23836491405215771 -0.30848780048278901 -0.3814467636872631 -0.45765453393007594 -0.3288736651344249 -0.49096441177656897 -0.66977866507032391 -0.53953969298118065 -0.72073818023829894 -0.49963117627765086 -0.40786659011041504 -0.55725377527726161 -0.19157909312026339 -0.31329882291316047 0.15017928892069082 0.56425074296422795 1.4398452735390719 0.990621194061863 0.52229527957469812 0.68786024162993331 0.83659428235984679 0.47619280715378925 0.60377443426459554 0.39251279990284915 0.50756423629392322 0.60232331685026297 0.36931216608697048 0.42421795109654431 0.25522640605859825 0.2669351122804931 0.27288547671046309 0.27271304580935757 0.26592277605327386 0.14935807377333365 0.13013346728266981 0.1053970530372266 0.075374978689466451 0.040212329763829775 0 -0.045240513385960787 -0.095392141947015521 -0.15035053965819961 -0.20998846857595571 -0.17031085783728073 -0.2364644265700685 -0.30601561257747384 -0.37836703925867882 -0.45392585890578768 -0.32603554146447916 -0.48664838388277948 -0.66374943296877642 -0.53397478233244788 -0.71318331765664933 -0.49282005356057829 -0.40073166343720118 -0.54787407260703291 -0.18338494344987286 -0.30277384168215793 0.15938944104853286 0.57573972014921992 1.4516597662046424 0.99532954959943987 0.52414489974788425 0.68942293077882366 0.83791191235695184 0.47730004027837625 0.60469726922071276 0.39327382351541734 0.50818257595752592 0.6028165821503797 0.36969636008026896 0.42450822698148299 0.255437087759675 0.26711114366988914 0.27302988750237667 0.27282916395024265 0.26601399642828488 0.14942715020390809 0.13018302936669737 0.10543039042488442 0.075394856092695778 0.040221120773899097 0 -0.045246103804642529 -0.095401399353876731 -0.15036159112595304 -0.20999881742670573 -0.17031837914626036 -0.23646742157826603 -0.30601215378540758 -0.3783548522664264 -0.45390339510765604 -0.32600126166927651 -0.48658464148529212 -0.66365020827299492 -0.53383393756217579 -0.71299518113329274 -0.49257926859241963 -0.40043248749753435 -0.54751074274447087 -0.18295036655568089 -0.30225951917424293 0.15999445967138631 0.57665182385030644 1.4530871865211628 0.99821465514176355 0.52528893144571243 0.69039145702279059 0.83873034272671421 0.47798937230336791 0.60527327139290599 0.39375020494449975 0.50857091775673735 0.60312757695933827 0.36993970547366739 0.42469312651204322 0.25557222718254308 0.26722451564859195 0.27312334382146536 0.27290472090869067 0.26607371396686452 0.149472700593373 0.13021600900330271 0.10545279773600785 0.075408366660123183 0.04022717878613135 0 -0.045250218380557081 -0.095408459830992151 -0.15037045842938626 -0.21000797382713682 -0.17032653457775659 -0.23647353884999739 -0.30601506525985128 -0.37835316962376442 -0.45389617833386081 -0.32598757888827928 -0.48655446098738508 -0.66359987388071839 -0.53375971171848213 -0.7128935948337749 -0.49244706314305775 -0.40026615368283097 -0.54730674198844953 -0.18270441159015408 -0.30196641255617745 0.16034137160094866 0.57718214813834656 1.4539273627934346 0.99999179067530786 0.5260033989128462 0.69099812908739489 0.83924460491799335 0.47842395877162919 0.60563774216538113 0.39405286297313469 0.5088188095564633 0.60332715928242364 0.37009688456340173 0.42481346825355587 0.25566099954784355 0.26729941167712956 0.27318546644601199 0.27295530374806276 0.26611400715514782 0.14950371299810949 0.13023871853587726 0.10546841527682252 0.075417910491221277 0.040231527228632095 0 -0.045253385343026593 -0.095414081365398792 -0.15037784235047286 -0.21001619763344398 -0.17033481104144435 -0.23648124031104578 -0.30602147669485885 -0.37835744556263701 -0.45389775023645562 -0.3259858676829776 -0.48654402445411804 -0.66357848126136232 -0.53372507209784525 -0.71284360383144718 -0.49237970701315076 -0.40017929294001414 -0.54719822916900129 -0.18257158988987146 -0.30180613465937878 0.16053318680082776 0.57748253966566632 1.454413206594243 1.0010945466460011 0.52645554709624098 0.69138365100409127 0.83957282252003584 0.47870260726866004 0.60587259663594184 0.39424897948316967 0.50898044282232502 0.60345823084285644 0.37020096267399649 0.42489394484746229 0.25572107140676753 0.26735043157276062 0.2732281147755346 0.27299032425708591 0.26614216233849941 0.14952562094174027 0.13025496573130962 0.10547973773062623 0.075424932033788639 0.040234778642370343 0 -0.045255919020710481 -0.095418716052622629 -0.15038415389602511 -0.21002362615373624 -0.17034287448209237 -0.23648955626776896 -0.30602960859010164 -0.37836488126348111 -0.45390413278968778 -0.3259908548156239 -0.48654488691818509 -0.66357385475198927 -0.53371353917408693 -0.71282387007914783 -0.4923505629082347 -0.40013940896340516 -0.54714627229113122 -0.18250595453933535 -0.30172486836433116 0.16063255861813946 0.57764533777661409 1.4546862086243952 
end_dependent_variable

end_regular_table
