# ****************************************************************************
# CUI
#
# The Advanced Framework for Simulation, Integration, and Modeling (AFSIM)
#
# The use, dissemination or disclosure of data in this file is subject to
# limitation or restriction. See accompanying README and LICENSE for details.
# ****************************************************************************

# ##################################################################################################
# 
# This file was auto-generated by AFSIM Mover Creator 2.8.0.201104
# 
# Creation Date:  05 Nov 2020
# 
# ##################################################################################################

regular_table

independent_variable mach precision double
0.10000000000000001 0.5 0.70000000000000007 0.75 0.80000000000000004 0.84999999999999998 0.90000000000000002 0.92000000000000004 0.94000000000000006 0.95999999999999996 0.97999999999999998 1 1.02 1.04 1.0600000000000001 1.0800000000000001 1.1000000000000001 1.2 1.3 1.4000000000000001 1.5 1.75 2 2.5 3 3.5 4 
end_independent_variable

independent_variable surface_angle units deg
-40 -30 -28 -26 -24 -22 -20 -18 -16 -14 -12 -10 -9 -8 -7 -6 -5 -4 -3 -2 -1 0 1 2 3 4 5 6 7 8 9 10 12 14 16 18 20 22 24 26 28 30 35 40 
end_independent_variable

dependent_variable precision double
0.66583417479288109 -0.49887295537810039 -0.36461894147218465 -0.23094995342633748 -0.60446451038624571 -0.4433402227869605 -0.96165498658514881 -0.76029536195186398 -0.56855418494621512 -0.70207372534616963 -0.51411143578344376 -0.56166821154977942 -0.47816058455311866 -0.39844925218903754 -0.32221327008438344 -0.24897883963863549 -0.28846804199825876 -0.22107399466038508 -0.15835065383025809 -0.10051610898543017 -0.047703216715687828 0 0.042515163550755471 0.079837297570770974 0.11189473374144748 0.13855065415000747 0.26873419651128938 0.2832714678439221 0.29169542659401593 0.29342723242039026 0.28903297273278605 0.49643590312594732 0.46176139145343914 0.41087000038337507 0.66385557601461642 0.57437977825538422 0.8932949979700785 0.70064961082809007 0.58253828577243838 0.97683658537099338 0.84005198859905883 1.2951672043781188 1.6208372346879365 2.0428250458904467 0.66693217908920321 -0.49801203362972291 -0.36380844060184198 -0.23019139111547923 -0.60376065494506737 -0.44269025946217322 -0.96106293980482704 -0.75975885696388368 -0.56807421611340325 -0.70165225509740381 -0.51374812950500537 -0.56136405051993421 -0.4778861659117738 -0.39820471712180017 -0.32199892623801052 -0.24879477359462615 -0.28831463399077123 -0.22095105513880603 -0.15825828751096938 -0.10045442046513782 -0.047672318226418021 0 0.042484145545188493 0.079775180243875934 0.1118014353466302 0.13842609519058005 0.26857852232162222 0.28308446200218096 0.29147707143604318 0.29317755106756299 0.28875178982007005 0.49612341970879575 0.46138523722092417 0.41043060498780887 0.6633530712909318 0.5738140691011604 0.89266610315049122 0.69995767389035024 0.58178381950369229 0.97601952677386561 0.83917328480430198 1.2942262334541972 1.6197428412198991 2.0415815397412844 0.66678416168159493 -0.49812873936314839 -0.36391826819629991 -0.23029420161931197 -0.60385640380693961 -0.44277866143864991 -0.96114406733969859 -0.75983233858326482 -0.56813992480130948 -0.70171015096188005 -0.51379801978812512 -0.56140584717217434 -0.47792387331949082 -0.39823830917969871 -0.3220283933401078 -0.24882008886970131 -0.2883357956037943 -0.22096801979902747 -0.15827103666863013 -0.10046293513964566 -0.047676582820018555 0 0.042488422441467943 0.079783747503958863 0.11181430469875137 0.13844327721408589 0.26860004107934005 0.28311031545164261 0.29150726878431188 0.29321210420244137 0.28879069440131344 0.49616669482071535 0.46143719279033824 0.41049127522605788 0.66342245686820078 0.57389214410363532 0.89275282992016647 0.70005301572662726 0.58188775445003904 0.97613197083378178 0.83929421646804514 1.2943555043236952 1.6198925764708305 2.0417510905070664 0.66675467520796428 -0.49815198003316852 -0.36394014181689255 -0.23031467512802484 -0.60387546829988825 -0.4427962657903049 -0.9611602174540691 -0.75984696185699296 -0.56815300336279939 -0.70172167284354514 -0.51380794820958287 -0.56141416502775454 -0.4779313771398373 -0.39824499491178889 -0.32203425734579527 -0.24882512702415799 -0.28834000523425923 -0.22097139544828115 -0.15827357275179887 -0.10046462893609817 -0.047677431437588069 0 0.042489273406679011 0.079785451943584967 0.11181686523568854 0.13844669555570982 0.26860432188503103 0.28311545829056761 0.29151327553937117 0.29321897758628784 0.28879843332888594 0.49617530334503651 0.46144752866822442 0.4105033454146661 0.66343626261215993 0.57390767669054255 0.89277008536082625 0.70007198891486933 0.58190843526926361 0.97615434578455118 0.8393182791357332 1.2943812306135609 1.6199223811865211 2.0417848489303738 0.66672735298458996 -0.4981735148593659 -0.36396040616410708 -0.23033364767799572 -0.60389313255330301 -0.44281257336620045 -0.96117517610744163 -0.75986051123929277 -0.56816511896440935 -0.70173234512230964 -0.51381714488493191 -0.56142187046204173 -0.47793832770663847 -0.39825118703678475 -0.32203968853972792 -0.24882979311432887 -0.2883439053031534 -0.2209745218206865 -0.15827592235603485 -0.10046619826965111 -0.04767821731309077 0 0.042490061701628785 0.079787030699617664 0.11181923694804595 0.1384498620514435 0.26860828708153095 0.28312022255483976 0.2915188401320013 0.29322534392742955 0.28880560125897142 0.4961832770128291 0.46145710245020238 0.41051452444891329 0.66344904718589848 0.57392206396346512 0.89278606693966556 0.70008956096999775 0.58192759017333928 0.97617507201677767 0.83934057040913812 1.2944050586846403 1.619949991142589 2.0418161187339612 0.6667019139168 -0.49819356257730779 -0.36397927662258656 -0.23035130835709114 -0.60390957557036395 -0.44282775672297681 -0.96118909855930423 -0.75987312124583595 -0.56817639788811158 -0.70174227949564705 -0.51382570609739431 -0.56142904153561313 -0.47794479760729514 -0.39825695188702881 -0.32204474401527139 -0.24883413667006507 -0.28834753524766338 -0.22097743149201379 -0.15827810872638007 -0.10046765861838294 -0.047678948841788561 0 0.042490795220935129 0.079788500267380297 0.11182144430554872 0.13845280902174872 0.2686119768161031 0.28312465607491288 0.2915240190172968 0.29323126837740721 0.28881227345971033 0.4961906972515514 0.46146601286088212 0.41052492996219608 0.66346094848792581 0.57393545556510417 0.89280094456449866 0.70010591609710338 0.58194542056876797 0.97619436344707966 0.83936131652351453 1.2944272400796439 1.619975690305925 2.04184523054235 0.66667812860989661 -0.49821230298801411 -0.36399691317502775 -0.2303678177224518 -0.60392494699377308 -0.44284194827001128 -0.96120211358088836 -0.75988491088230314 -0.56818693807663467 -0.70175156423647589 -0.51383370767359859 -0.56143574354362102 -0.47795084490853756 -0.3982623393912923 -0.32204947030240239 -0.24883819598764359 -0.28835092754781916 -0.22098015100637008 -0.1582801525069214 -0.10046902357747201 -0.047679632396421284 0 0.042491480869895487 0.079789873871056016 0.11182350722226087 0.13845556329795458 0.26861542665641475 0.28312880009109026 0.29152885843801213 0.29323680555628584 0.28881850799783271 0.49619763256366889 0.46147434075327831 0.41053465654631849 0.66347207192874458 0.57394797299039835 0.89281485093192536 0.70012120211981521 0.58196208528935822 0.97621239269592597 0.83938070905598772 1.2944479725988425 1.6199997140071516 2.0418724436213358 0.66875310266223298 -0.49644436065443165 -0.36257094943186485 -0.22925572671515282 -0.6026588501900626 -0.44187966641269238 -0.95989123248558206 -0.75887422586288522 -0.56744416780995899 -0.70094862527235757 -0.51326014509550888 -0.56084775929616948 -0.47745556665398892 -0.39785336232627744 -0.32172113206708791 -0.24858572632758152 -0.28806198444671433 -0.22075889088751205 -0.15812137164190071 -0.10036773750480765 -0.047631158286480291 0 0.042446979998672488 0.079704399640153689 0.11170019979473335 0.1382972150579945 0.26831711568922106 0.28280120085264654 0.29117408084892321 0.29285698033841767 0.28841466413384659 0.49555831366348735 0.46078633856649837 0.40978634528071062 0.66234696913589686 0.57274282407294363 0.89111335120886304 0.69837676593880915 0.58006632400025493 0.97368280363105553 0.83666603311517085 1.2910021451753608 1.6153999399797783 2.0360498180566062 0.67082289065829614 -0.49467958812921081 -0.36114770487753989 -0.22814594273939542 -0.60139466825125376 -0.4409189347631276 -0.95858157574777614 -0.75786446763889681 -0.56670207905105985 -0.70014616556061271 -0.51268690548906959 -0.56025997944871286 -0.4769604477630135 -0.39744450544136195 -0.32139288268551841 -0.24833331967127756 -0.28777308493953802 -0.22053766062379318 -0.1579626091926021 -0.10026646276624555 -0.047582689196542911 0 0.042402484057297282 0.079618936805585072 0.11157691111323333 0.13813889675934016 0.26801884871168402 0.28247366457966461 0.29081939037109861 0.29247727459855039 0.28801097847816265 0.49491919924627586 0.46009865877692474 0.40903851419935217 0.66122254963798544 0.57153860594649653 0.88941307711984352 0.69663387229353635 0.57817247495914104 0.97115552007864103 0.8339540757121553 1.2875594879176728 1.6108044085416031 2.0302323514854481 0.67288749497245481 -0.49291799016108978 -0.35972717851634961 -0.22703846659940136 -0.60013239987527323 -0.43995974788324538 -0.95727314344406267 -0.75685563881448448 -0.56596067436578779 -0.69934419226264477 -0.51211399002231706 -0.55967240518843531 -0.47646548624420476 -0.39703576707065763 -0.32106472037691686 -0.24808097689954595 -0.28748423086451136 -0.22031645991841725 -0.15780386596803445 -0.10016519864851753 -0.047534225246285013 0 0.04235799316783926 0.079533484543980182 0.11145364081394615 0.13798060755947347 0.26772062671950669 0.28214619188488482 0.29046478842150053 0.29209768866220231 0.28760745235200236 0.49428029136088503 0.45941130492696286 0.40829116567661222 0.66009881485197219 0.57033531198580112 0.88771402583094217 0.69489252214140362 0.57628053690223946 0.96863053974090574 0.83124483236627644 1.284119996536595 1.6062131315644717 2.0244200525628195 0.67494691550258601 -0.49115956562671131 -0.35830937676930319 -0.22593329883131855 -0.59887204655567583 -0.43900210336038054 -0.95596593784668782 -0.75584773600681066 -0.56521995669019065 -0.69854270020845655 -0.51154139804421472 -0.55908503717913938 -0.47597068406343845 -0.39662715045658276 -0.32073664748373898 -0.24782869716348599 -0.28719542039936991 -0.2200952888096806 -0.15764514139215793 -0.10006394569734557 -0.047485766277734459 0 0.042313507352637912 0.079448043594138082 0.11133039029309029 0.13782234896790602 0.26742244959460909 0.28181878412144235 0.29011027517884497 0.29171822116985574 0.28720408334270042 0.49364158880736508 0.4587242738635528 0.40754430304426692 0.6589757631821791 0.56913294742468212 0.88601620049521912 0.69315271876312545 0.57439051178266043 0.96610786725169928 0.82853830740501366 1.2806836786403217 1.6016261000359939 2.0186129162336122 0.67519182305217695 -0.48940431544518592 -0.35689429324092226 -0.2248304379798885 -0.59761360626275883 -0.43804601157282391 -0.9546599580620716 -0.75484076229234287 -0.56447992033088867 -0.69774169270429331 -0.51096913049940407 -0.55849787498680026 -0.47547604063350496 -0.39621865242054627 -0.32040866281241742 -0.24757648190559073 -0.2869066546196008 -0.21987414708057096 -0.1574864360250556 -0.099962703890390164 -0.047437312405780079 0 0.042269026522335267 0.079362613616179273 0.11120715823103985 0.13766411927726213 0.26712431599343006 0.28149143964898005 0.2897558508601441 0.29133887533201513 0.28680087407993443 0.4930030909346792 0.45803756738661944 0.40679792197483694 0.6578533956370749 0.56793151014407861 0.88431959844470065 0.69141446163531939 0.57250240247262452 0.96358750185786168 0.82583450234745281 1.2772505279482631 1.5970433205686603 2.0101047843510678 0.66469640098752114 -0.48836880454519688 -0.35548193241187132 -0.22372989082355216 -0.5963570793028925 -0.43709146352095063 -0.95335520328599233 -0.7538347191263397 -0.56374056743247336 -0.69694116829489661 -0.51039718778999599 -0.55791091849652941 -0.47498155434596057 -0.39581027483906578 -0.32008076695654447 -0.24732433098224918 -0.28661793357307436 -0.21965303647356896 -0.15732774993374593 -0.099861473323392 -0.047388863575370969 0 0.042224550837296981 0.079277194715418539 0.11108394566658134 0.13750592010555951 0.26682622696911723 0.28116415840047942 0.28940151441225043 0.29095964804668206 0.28639782278292752 0.49236479915978965 0.45735118250905327 0.40605202231513721 0.65673171168051148 0.56673099842065822 0.88262422404516205 0.6896777457794695 0.5706162031893941 0.96106944072546818 0.82313341696381592 1.2728068112999114 1.5843164869948649 1.9853871651076735 0.65433036912356157 -0.4943165679431083 -0.36065961386397427 -0.22768700991101024 -0.59887489664118787 -0.43883471065362373 -0.95385721798328427 -0.75391021237254863 -0.56350770893832858 -0.69620528174567942 -0.50982556825010228 -0.55732416672538876 -0.47448722806026061 -0.39540201739300557 -0.31975296053524327 -0.2470722431009619 -0.28632925719277208 -0.21943195482493491 -0.15716908229166757 -0.099760253715511699 -0.04734041953040078 0 0.042180080218536968 0.079191786837602793 0.11096075219600815 0.13734775035178015 0.26652818399607725 0.28083694076847721 0.28904726720744706 0.29058054126696664 0.28599492943253157 0.49172671538474477 0.45666512326472869 0.40523084693208078 0.65499897651838801 0.56419220244575896 0.878637562775756 0.6844334213890223 0.56370443665694125 0.95165544871149832 0.81125195162895791 1.2584250067794154 1.5657318728444098 1.9605985467627454 0.64620547811657858 -0.4980907781532396 -0.36427347023578999 -0.23115792389781914 -0.60177090385697407 -0.44162703367431833 -0.95590440511245811 -0.75586662475176247 -0.56535139338009199 -0.69762246906726089 -0.5108670670410429 -0.55781114403216336 -0.47484233001243131 -0.39564576948648095 -0.31990811222008375 -0.24716243576985406 -0.28626594319339366 -0.21934211077981586 -0.15707472641378065 -0.099680280803811777 -0.047291776644778731 0 0.042106445631858704 0.0790269376817887 0.11068585632082302 0.13693730800100512 0.26584974486512636 0.27997493033992571 0.28797338641883136 0.28926067391839577 0.28439733886965629 0.48960432066129056 0.45378368072298442 0.40147271467336926 0.65029519639018563 0.55879326844150401 0.87208751602826529 0.67714459314909692 0.55553029407214305 0.94206240730621216 0.80062447990419428 1.2461279141608663 1.5492157159454611 1.9378511701393759 0.64776510338460902 -0.49789094812983598 -0.3644685647969132 -0.2316793351869896 -0.60211537771790125 -0.4422094491835678 -0.9560332717647545 -0.75615201848691516 -0.56573038453058244 -0.69774389188075425 -0.51100985608775751 -0.55773447866457604 -0.47476157693217186 -0.39555870069914051 -0.31981791906291412 -0.2470763256244885 -0.28608067436864493 -0.21917199173239146 -0.15693252940357036 -0.099576386537685135 -0.047234971930586518 0 0.042029608463184313 0.078864072949680425 0.11042734926070188 0.13656653188059187 0.265245828827187 0.27923703097669633 0.28709006792910297 0.28821734139321586 0.28318656585034885 0.48800701747367659 0.4518046227340648 0.39908504457656996 0.64717653916557627 0.55525093083893307 0.86773029300185556 0.67245933317694773 0.55045480493260746 0.93616293558993824 0.7944045822314667 1.2391000922040649 1.541118882195059 1.9293443576401603 0.65031014238025586 -0.49594888988449959 -0.36289599619154633 -0.2304439751665201 -0.60074574398104874 -0.44116081614092573 -0.95465120085245581 -0.75508345581928327 -0.56494160377658964 -0.69690540803584267 -0.51040985141770945 -0.55712784106662083 -0.47425102338425157 -0.39513753250587524 -0.3194801217429708 -0.24681674996261194 -0.28578667435588612 -0.21894741862177561 -0.15677176590679046 -0.099474095026591269 -0.047186154484152101 0 0.041985234017545094 0.07877914880809371 0.11030532030171794 0.13641060525782486 0.26495145967023348 0.27891521634937555 0.28674329151091599 0.28784818061614065 0.28279639546136454 0.48738474651216168 0.45114170668935316 0.3983714328780375 0.64609741291677902 0.55410467693581622 0.86610236147329078 0.67080473051277589 0.54866701252816752 0.93376144786456827 0.79184038990189154 1.2358301437763284 1.5367767221410791 1.9239078389422244 0.66281845099038716 -0.48634127250776971 -0.35512053301356089 -0.22434107232581127 -0.59395925528020055 -0.43596824337307044 -0.94778173216200023 -0.74977272097442282 -0.56102225596227273 -0.69273116652203104 -0.50742272835979108 -0.55410333656612809 -0.47170519646185749 -0.39303710567568173 -0.31779524644005003 -0.24552190433538906 -0.28431880691600669 -0.21782595480816799 -0.15596880228625265 -0.098963090085243399 -0.046942240614438059 0 0.041763402359467239 0.078354542604875052 0.10969510676498143 0.13563075892946883 0.26347920928530144 0.27730553449345213 0.28500858719891842 0.28600133315722204 0.28084431478040212 0.48427199484789124 0.4478254668966401 0.39480171730547836 0.64070034747722704 0.54837248639477532 0.85796266783196706 0.6625324919255966 0.53972993123612167 0.92175679414296763 0.77902275083899097 1.2194840221676548 1.5150636953256476 1.8966995616715472 0.67498449709426855 -0.47689727354823686 -0.34748435416022255 -0.21835598351277855 -0.58727109903571195 -0.4308563020756479 -0.94097736350395866 -0.74451296109089582 -0.55714190358711613 -0.68858574799885486 -0.50445600809012792 -0.55109255362161302 -0.4691703068284635 -0.39094519976707642 -0.31611684081439134 -0.24423182054700754 -0.28285428917167521 -0.21670668600949239 -0.15516717058628685 -0.098452790122502742 -0.046698595680327873 0 0.041541635162799496 0.077929963001612035 0.10908480482767269 0.1348506086722861 0.26200638404134119 0.27569499379565127 0.28327273489219679 0.28415303567360967 0.27889054057425267 0.4811573880162322 0.44450714895646676 0.39123016587323672 0.63530212855381818 0.54264028972633038 0.84982485638882133 0.65426392020692126 0.53079875669798271 0.90976009181349238 0.76621450559748128 1.2031484455664532 1.4933536498753657 1.8694587630749582 0.68683214973999451 -0.46760752433239855 -0.33997956357752601 -0.21248207083376405 -0.58067569969264332 -0.42582037071780066 -0.93423430284482867 -0.73930112848716656 -0.55329814215555329 -0.68446730690490731 -0.50150832738891982 -0.54809453437936528 -0.4666455722826155 -0.38886118806148906 -0.31444441521618199 -0.24294613384138738 -0.2813928558733042 -0.21558943692454155 -0.15436676254810544 -0.097943136409433043 -0.046455198307712005 0 0.041319930843831204 0.07750541899792962 0.10847444461619604 0.13407022426528425 0.26053310865656065 0.27408378399806749 0.28153600266468842 0.28230365025660042 0.27693554650403274 0.47804151332250239 0.44118761625839309 0.3876579797440341 0.62990432578328348 0.5369100871450182 0.84169139974296447 0.6460020102532491 0.52187707350908541 0.89777555927485819 0.75342060780076592 1.18682919824237 1.4716551423273574 1.8421986322625312 0.69838261855454564 -0.45846369963264144 -0.33259913045201384 -0.20671340449326814 -0.5741681066912927 -0.42085632976903353 -0.92754917417632943 -0.73413450125536184 -0.54948882267201182 -0.68037419554287937 -0.49857847513641318 -0.54510842607704135 -0.46413029631077934 -0.38678451430549937 -0.31277753574860589 -0.24166451491841856 -0.2799342720253653 -0.21447404900672964 -0.15356747888861086 -0.097434078203467583 -0.04621202859449413 0 0.041098287978419593 0.077080919449841856 0.10786405662396194 0.13328967176954082 0.2590594973974758 0.27247208116783345 0.27979863810182298 0.28045351400917096 0.27497975727545221 0.4749249099782793 0.43786766325868154 0.38408623906435779 0.62450837010600613 0.53118370595768649 0.83356455986398592 0.63774950886503412 0.51296816040516857 0.88580707019546379 0.74064559977023636 1.1705315750386363 1.4499760506087238 1.8149313463014012 0.72607699557281424 -0.43619594460974193 -0.31465275155752676 -0.19271905631738515 -0.55825542014140528 -0.40873761818241278 -0.91107081890670394 -0.72140040105240155 -0.54010414276234164 -0.67024299928856412 -0.49132499858852141 -0.53769047428062977 -0.45787956021968329 -0.38162180814969238 -0.30863217449432007 -0.23847643141398067 -0.27629896093039796 -0.21169284569137098 -0.15157365889211533 -0.096163747758324439 -0.045604994330884462 0 0.040544448679395398 0.076019924272510295 0.10633814961282766 0.13133795180759236 0.25537468401652147 0.2684416858949884 0.27545389526076935 0.27582682576057355 0.27008933645093403 0.46713333627469944 0.42957054973978331 0.37516521106092959 0.61103494512048029 0.51689510211586631 0.81328957011423775 0.61717541322589209 0.49077086909547057 0.85597868038459402 0.70881728631424223 1.1299132236004907 1.3959095345687977 1.7468035122693772 0.74239863449938348 -0.42303269600982601 -0.30405417557355868 -0.184466072874786 -0.54882671036402686 -0.40156232499950234 -0.90126009371547366 -0.71381810652854449 -0.53451715590571203 -0.6641966377411076 -0.48699642619077871 -0.533256865647317 -0.45414372514795992 -0.37853667899947691 -0.30615566206173117 -0.23657270291000748 -0.27412550089831117 -0.21003054437614013 -0.15038240742623521 -0.095405100449677704 -0.045242674173595315 0 0.040214540496191963 0.07538852232732457 0.10543109348069932 0.13017940685804771 0.2531810303177861 0.26604618612439729 0.27287619369296678 0.27308744361505055 0.26720024953193333 0.46251324623524287 0.42467022118975351 0.3699191901581857 0.60309204184409559 0.50850384438100737 0.80135450417424769 0.60511427929360084 0.47779676756191553 0.83849368577805883 0.69020721746473379 1.1061142656700791 1.3642999233307846 1.7071300493366153 0.7440272589863115 -0.42237767266181242 -0.30349925901223579 -0.18399820055927291 -0.54843490370917203 -0.40123901985236643 -0.90099854833566184 -0.71361256498565351 -0.53436180865455141 -0.66408575661607505 -0.48692381006725338 -0.53321586597251081 -0.45411587003189391 -0.37852033366983528 -0.30614880287942076 -0.23657308698975027 -0.27413130398100505 -0.21003990693819474 -0.15039271443032445 -0.095414061858232813 -0.045248221469073702 0 0.040223286308676262 0.075408089251468136 0.10546363458504339 0.13022788787009479 0.25324819305149526 0.26613444061233793 0.27298835838154356 0.27322691945299499 0.26736974007681974 0.46271559737914097 0.42494898601172526 0.37028757161879344 0.6035647860842891 0.50909643841512442 0.80208346678215037 0.60599828469726369 0.4788561488503697 0.83975296756783158 0.69169564566501018 1.10786845662765 1.3669699244307651 1.7113660439159026 0.74498948996064385 -0.42200041859214138 -0.30318152469683157 -0.1837320481373618 -0.54821364186379018 -0.40105804409449985 -0.90085374915567418 -0.71350042231743582 -0.53427878328385603 -0.66402835560332207 -0.48688825612300785 -0.53319810830809422 -0.45410538706439113 -0.37851613081302427 -0.3061496479505954 -0.23657762190719461 -0.27413841871117922 -0.21004846400189392 -0.15040112967812361 -0.095420943459822008 -0.045252309476946223 0 0.040229317154487167 0.075421411808111627 0.10548555637118252 0.13026021104468866 0.25329258242550184 0.26619236061942531 0.27306152214182722 0.27331738531156907 0.26747914950784851 0.46284568025736106 0.42512690843935597 0.37052133592200781 0.60386333651810153 0.50946918182165957 0.80254041285075672 0.60655075093514266 0.47951648612592485 0.8405360121778308 0.69261915527387008 1.1089546200981484 1.3686151873734198 1.7139646390547039 0.74554937705955981 -0.42179021415841428 -0.30300629721011274 -0.18358697577726654 -0.54809465948053615 -0.40096230563644952 -0.90077876568397119 -0.71344402913503413 -0.53423881569370935 -0.6640026881620682 -0.4868745707889256 -0.53319393497132994 -0.45410498144299272 -0.37851888638970782 -0.30615481443747139 -0.23658436891332768 -0.27414606974879652 -0.21005632886039 -0.15040824333121505 -0.095426459679467446 -0.045255461938690095 0 0.040233650039125463 0.075430844779466766 0.1055008848947832 0.13028252907761681 0.25332290110914091 0.26623156707107049 0.2731106559458259 0.27337770561758878 0.26755164467896642 0.46293141413223304 0.42524302769721578 0.37067270738136543 0.60405539330366009 0.50970761093052386 0.80283130881624387 0.60690095570623848 0.47993349205004981 0.84102883356027225 0.69319851794435261 1.1096340088140046 1.3696370533099851 1.7155680173594228 0.74586728402734515 -0.42167967067888873 -0.3029159795900434 -0.18351390999162431 -0.54803635946268536 -0.40091705316010451 -0.90074500240980182 -0.71342044181988173 -0.53422407705244723 -0.66399546356944994 -0.48687346003733056 -0.53319742918745228 -0.454110179524297 -0.3785253975546029 -0.30616218902384046 -0.23659210539951253 -0.27415375621046978 -0.21006353980995968 -0.15041439167877943 -0.095431029901292014 -0.045257987338793312 0 0.040236893394688798 0.075437799582793411 0.10551203393825853 0.13029853732023874 0.25334438532042564 0.2662590706592291 0.2731448063315266 0.27341926553501117 0.26760122367718286 0.4629896346853094 0.42532094833378148 0.37077328010609045 0.60418190537320426 0.50986351922213968 0.80302028753855459 0.60712717500465208 0.48020149035250259 0.84134405595905393 0.6935675012947774 1.1100648968193338 1.3702787074277678 1.7165653762319213 
end_dependent_variable

end_regular_table
