# ****************************************************************************
# CUI
#
# The Advanced Framework for Simulation, Integration, and Modeling (AFSIM)
#
# The use, dissemination or disclosure of data in this file is subject to
# limitation or restriction. See accompanying README and LICENSE for details.
# ****************************************************************************

# ##################################################################################################
# 
# This file was auto-generated by AFSIM Mover Creator 2.8.0.201104
# 
# Creation Date:  05 Nov 2020
# 
# ##################################################################################################

regular_table

independent_variable mach precision double
0.10000000000000001 0.5 0.70000000000000007 0.75 0.80000000000000004 0.84999999999999998 0.90000000000000002 0.92000000000000004 0.94000000000000006 0.95999999999999996 0.97999999999999998 1 1.02 1.04 1.0600000000000001 1.0800000000000001 1.1000000000000001 1.2 1.3 1.4000000000000001 1.5 1.75 2 2.5 3 3.5 4 
end_independent_variable

independent_variable surface_angle units deg
-40 -30 -28 -26 -24 -22 -20 -18 -16 -14 -12 -10 -9 -8 -7 -6 -5 -4 -3 -2 -1 0 1 2 3 4 5 6 7 8 9 10 12 14 16 18 20 22 24 26 28 30 35 40 
end_independent_variable

dependent_variable precision double
2.4602302689538225 0.68668147686855296 1.4520938448004463 2.0655119548118099 0.47898609979791629 1.1313186643433859 0.37301189892346226 1.0500583044527187 1.6129488644480485 0.74939896795037719 1.1414351946874515 0.68445609911653904 0.78021824226518954 0.85624649218417892 0.8588341782455714 0.85408567231695343 0.40557826087477039 0.3692601501690071 0.3130614044111274 0.23502199500662269 0.13087780448938108 0 -0.16319787103721847 -0.3485672441288073 -0.5579547898367998 -0.79272826833568133 -0.62713893791272834 -0.87909409668706628 -1.142020997898112 -1.4052158721360677 -1.7315618136044997 -1.2753907789204808 -2.140847332534153 -2.9382467638293086 -2.6109408257189868 -3.4759935204565324 -2.9399722652587688 -2.9023614604106132 -3.6758328304520704 -2.6468491185202989 -3.3184671373617518 -2.1367191884402068 -2.0046362253795182 -0.047113469108192765 2.4589990952270235 0.68595523036025519 1.4514561244762161 2.0649571377569789 0.4785046180706895 1.1309092654002029 0.37266715864810285 1.0497748767718245 1.6127207491009703 0.74921974520458101 1.1412997039919841 0.68435832540285813 0.78013715219684221 0.85618053208121536 0.85878174540880758 0.85404527497875382 0.40554879348545098 0.369239706020773 0.31304833941290211 0.23501483653890892 0.13087500112213538 0 -0.16319669779886511 -0.34856635632537031 -0.55795572640416247 -0.79273264221728157 -0.62714926731216092 -0.87911094130441658 -1.1420459471565214 -1.4052503644436929 -1.7316073284741675 -1.275451492688831 -2.1409378987608854 -2.9383730879279599 -2.6111136951124609 -3.4762142438562615 -2.9402536259619492 -2.9027101607763015 -3.6762475451737808 -2.6473449473093571 -3.3190409049461929 -2.137387940492836 -2.0055529105918519 -0.04832188463423135 2.4591588131684285 0.68604470578137067 1.451534012975823 2.0650241733470494 0.47856130779392797 1.1309566991686473 0.37270601915671431 1.0498061306186295 1.6127452025502498 0.74923817720260488 1.1413129976508956 0.68436730728396455 0.78014429815443886 0.85618604853223423 0.8587858331533933 0.85404814592297129 0.40555068774695574 0.36924080563453421 0.31304884597690352 0.23501496556544821 0.13087496130996429 0 -0.16319645423454468 -0.34856565234406206 -0.55795435389751558 -0.79273039499175901 -0.62714600759690686 -0.87910638851537648 -1.1420398980042923 -1.4052426060009759 -1.7315976405373714 -1.275439864152035 -2.1409213952357073 -2.9383508765980335 -2.6110852958701289 -3.4761785039835926 -2.9402102472586011 -2.902658392890558 -3.6761860829685276 -2.6472736958098282 -3.3189584474454557 -2.1372943441370285 -2.0054272748049482 -0.048160544462541359 2.4591907042652794 0.68606262971545551 1.4515496159002252 2.0650376339777274 0.47857269353232906 1.1309662343032991 0.37271384180952194 1.0498124352070246 1.6127501491526697 0.74924191428094922 1.1413157016233459 0.68436914250537584 0.78014576407208758 0.85618718446363118 0.85878668211802278 0.85404874717451706 0.40555108823027036 0.36924104208212988 0.3130489615678323 0.23501500073419571 0.13087495771968835 0 -0.16319640965927415 -0.34856552250372691 -0.55795409378601213 -0.79272996706277932 -0.62714537944222659 -0.87910550658403519 -1.1420387219256318 -1.4052410897237231 -1.731595747041792 -1.2754375790131982 -2.1409181544771099 -2.9383465112692679 -2.6110796969544605 -3.476171459894092 -2.9402016547229755 -2.9026481265523274 -3.6761739014334944 -2.6472595491651782 -3.3189420762977404 -2.1372757324018119 -2.0054022811228571 -0.048128378653731561 2.4592202797139269 0.68607926127785279 1.4515641021051964 2.0650501114153261 0.4785832627941089 1.1309750928703945 0.37272111197470975 1.0498182991329286 1.6127547406209497 0.74924539962510095 1.1413182207524342 0.68437085926363783 0.78014713616385833 0.85618824992987907 0.8587874754253968 0.85404930993830475 0.40555146637409029 0.36924126614726277 0.31304906949950578 0.23501503484979569 0.13087495564530671 0 -0.16319637039761206 -0.34856540348209003 -0.55795385665227493 -0.79272957296217761 -0.6271448027960389 -0.87910469856450846 -1.142037640311121 -1.405239703270849 -1.7315940117098363 -1.2754354820367351 -2.1409151674951743 -2.9383424742672495 -2.611074522872157 -3.4761649404635846 -2.9401937265000986 -2.9026386389050591 -3.6761626382431798 -2.6472464531150557 -3.3189269250140967 -2.1372585113320612 -2.0053791098329259 -0.048098575469891817 2.4592478180559558 0.68609476744032893 1.451577610478566 2.0650617441647121 0.4785931260001986 1.1309833586111244 0.37272791275519801 1.0498237774153245 1.6127590449948075 0.74924865034072985 1.1413205845262921 0.68437246285640152 0.78014841813172398 0.85618924818616082 0.85878822143686873 0.85404984066087386 0.40555182169971177 0.36924148098937554 0.31304917698438928 0.23501507056107374 0.13087495484746758 0 -0.16319633439113343 -0.34856529496001559 -0.55795364023044047 -0.79272921256229911 -0.6271442704777912 -0.87910394824470506 -1.1420366413527403 -1.4052384106438525 -1.7315923950963379 -1.2754335317350116 -2.1409123988020151 -2.9383387397419898 -2.6110697188595404 -3.4761588883753065 -2.9401863493606437 -2.9026298104643677 -3.6761521538714792 -2.6472342718353308 -3.3189128318565793 -2.13724247234072 -2.0053575485184698 -0.04807081858377573 2.45927358506753 0.68610928453762987 1.4515902620365697 2.0650726505613823 0.47860236625351921 1.1309911127135968 0.3727342759368969 1.0498289003082721 1.6127630687846111 0.74925171008559199 1.1413228021360275 0.68437397492106389 0.78014963065567478 0.85619018976395311 0.85878892455651079 0.85405034566111071 0.40555215947287321 0.36924168536383944 0.31304927894822632 0.23501510365543962 0.13087495484746758 0 -0.16319630178344943 -0.34856519483120857 -0.55795343982921541 -0.79272887935277758 -0.62714377683878331 -0.87910325619906982 -1.1420357091575359 -1.4052372156723623 -1.7315908994990747 -1.2754317170021086 -2.1409098127820974 -2.938335256184998 -2.6110652408758943 -3.4761532373767023 -2.9401794746683412 -2.9026215692332551 -3.6761423613858479 -2.6472229019260576 -3.3188996677667384 -2.1372274821567467 -2.0053373842521922 -0.048044872856243787 2.4470579156949364 0.68107061745971853 1.4456453071344137 2.0583470383114681 0.47533690803870676 1.1268235076764808 0.37042559627677291 1.0465287378031767 1.6086280289098791 0.74699674008563088 1.1384833688866003 0.68270279818997182 0.77834283174523189 0.85428846324252861 0.8568877851936022 0.85217676893283678 0.40458255155056788 0.36837573807165014 0.31233072900224496 0.23448724789434017 0.13058643411919099 0 -0.16285328786595199 -0.34783480969533886 -0.55678966077752678 -0.79108554617227589 -0.6258098561416755 -0.87723815613465339 -1.139610166519474 -1.4022288066885149 -1.7279177790517015 -1.272687482450241 -2.136594013434105 -2.9324485434350183 -2.605983068614798 -3.4694273717075594 -2.9348751365144219 -2.8977839167081196 -3.6699626016451057 -2.6437265866571185 -3.3143412329361959 -2.136028140703718 -2.0069522716603854 -0.056780295873396766 2.4348594474780301 0.67604008849381236 1.439708926104831 2.0516304371754854 0.47207678623135046 1.1226618360602454 0.36812067496219236 1.0432329933097582 1.6044979812867295 0.74474476204612206 1.1356473266448295 0.6810336000487861 0.77653808543863301 0.852388829663693 0.85498872894390476 0.85030523347270903 0.4036140717982809 0.36751078597204068 0.3116129877459754 0.23395997710886884 0.13029822812567393 0 -0.16251063345794436 -0.34710518943185759 -0.55562709396894938 -0.78944391854199247 -0.62447735175577268 -0.87537503178792253 -1.1371871804897895 -1.3992235944480773 -1.724248523311398 -1.2699461765423148 -2.1322825437610446 -2.9265676858027989 -2.6009057934773319 -3.4627079345535634 -2.9295754696892851 -2.8929500796155114 -3.6637877593505519 -2.6402319998268058 -3.3097852833808328 -2.1348271613444614 -2.0085609555823538 -0.065500941429628409 2.4226781415077938 0.67101770039724318 1.4337811036293109 2.0449228289244052 0.4688220156904056 1.1185060379695135 0.36581953343907025 1.0399416930226697 1.6003729395486359 0.7424957660100332 1.1328146666791639 0.67936636104299797 0.77473539043380457 0.85049128496804072 0.85309175779882473 0.84843573751909829 0.40264671787993922 0.36664682492901302 0.3108960610387479 0.23343329195006232 0.13001033695308301 0 -0.16216833899025962 -0.34637633264295048 -0.554465740207705 -0.78780398876437541 -0.62314625697922621 -0.87351387546132542 -1.1347667547449249 -1.3962215785680863 -1.7205831423883808 -1.2672077785983398 -2.1279754080520981 -2.9206927019003293 -2.5958334151571258 -3.4559949144258311 -2.9242804760311518 -2.8881200824650461 -3.6576178706538705 -2.6367391206019444 -3.3052318010248056 -2.1336245819156985 -2.0101634908583659 -0.07420681687782385 2.4105140378166032 0.66600347533078996 1.4278618747361813 2.0382242223919036 0.46557259187138084 1.1143561637511241 0.36352213739394262 1.0366548182022663 1.5962528996617247 0.74024974671800925 1.1299853757901537 0.67770109284020652 0.77293473947998503 0.84859583380218706 0.85119686729046329 0.84656827784235233 0.40168048840411158 0.36578385584891249 0.31017994170639335 0.23290719308172275 0.12972276185562129 0 -0.16182640400334253 -0.34564824067537014 -0.55330559827469561 -0.78616576269875538 -0.62181657770966292 -0.8716546861591592 -1.1323488928209033 -1.3932227604016774 -1.7169216309722333 -1.2644723070515915 -2.1236725980608018 -2.9148235717369544 -2.5907659197653969 -3.4492883250599613 -2.9189901412938073 -2.8832938932921 -3.6514528980757732 -2.6332479730325966 -3.3006808268196011 -2.1324203925114591 -2.0117598503235961 -0.082897920584008619 2.3781362029468482 0.6609973782661247 1.4219512048056082 2.0315346136462287 0.4623285030811462 1.110212197065332 0.36122851266403083 1.0333723746185208 1.5921378547326657 0.73800672301181836 1.1271594675857421 0.67603780057211293 0.7711361465680806 0.84670247100889973 0.84930406219308963 0.84470285708491399 0.40071538688128994 0.36492187963808431 0.30946463175308359 0.23238167773375282 0.12943550104293786 0 -0.16148482949289625 -0.34492091091858701 -0.55214666598065065 -0.7845292392090093 -0.62048830621123474 -0.86979746582176831 -1.1299335924327136 -1.3902271358894451 -1.7132639895225108 -1.2617397494940756 -2.1193741199400904 -2.9089603046314338 -2.5857033405943755 -3.4425881609923512 -2.9137044793149727 -2.878471547227123 -3.6452928535646985 -2.6297585476723477 -3.2961323223668182 -2.1312146062035389 -2.0133500223359766 0.087915491213203148 2.1875076535431637 0.65933399653792857 1.4160490999649957 2.0248539945685695 0.45908978026309338 1.1060741235127374 0.35893865021141358 1.0300943717689097 1.5880278232968568 0.73576666149710712 1.1243369426786702 0.67437647566035108 0.76933960618342767 0.84481120294536094 0.84741333676226227 0.84283946731945414 0.39975141277532644 0.36406089307964118 0.30875013357233583 0.23185674979322457 0.12914855605645784 0 -0.16114361498021731 -0.34419434590015524 -0.55098894650416108 -0.78289441500165735 -0.6191614478454206 -0.86794221548315242 -1.127520852661245 -1.3872347101630906 -1.709610214515956 -1.2590101182571936 -2.1150799723878904 -2.9031029036474703 -2.5806456577299972 -3.4358944321800329 -2.908423475082508 -2.8736530160840559 -3.6391377688299626 -2.6262708439084568 -3.2915863209076255 -2.0381112477115417 -1.9187007123381734 0.0074022977592452244 1.9978030564532985 0.56734597814765031 1.3490110792556613 1.9755020476754268 0.4286125142949076 1.086994316087172 0.35178227929546252 1.0298654920281469 1.593134697524538 0.74727478188027929 1.1215177913672139 0.67271711728793371 0.7675451150580771 0.84292202167147567 0.84552469955081599 0.84097812625161783 0.39878856228212423 0.36320090133081501 0.30803644534507696 0.2313324057687941 0.12886192644619998 0 -0.16080275922067672 -0.3434685445988408 -0.5498324391175976 -0.78126128969373676 -0.61783600092718405 -0.86608893244980634 -1.1251106735064975 -1.3842454813078 -1.7059603133565149 -1.2562834045328013 -2.1107901580849409 -2.8626489437389924 -2.5383326100683132 -3.389671113049288 -2.8618017450273814 -2.8265057076197571 -3.5905696571096271 -2.5807633335081137 -3.2466535923813811 -2.0892543060580762 -1.9814046638479275 -0.072561724430193222 1.8095182893323609 0.47622457478344377 1.2638760808453977 1.8956339350900997 0.35803236320415605 1.0203747082433452 0.29186639166044787 0.97333522575477038 1.540329240591825 0.70040750799568852 1.095405732305571 0.65349079139656496 0.75092090373334786 0.82871034514377617 0.83288952459228371 0.83042786127614143 0.39103114337789097 0.35729695592007765 0.30311266631887457 0.22808967209869671 0.12726143527225819 0 -0.160006970627801 -0.34110675822151854 -0.54590380028824537 -0.77653750374371922 -0.61235141506591662 -0.85905000034737666 -1.1172930269923824 -1.3748957940785251 -1.6950618903033945 -1.2454992408214134 -2.0977547918591801 -2.8823694879077948 -2.5612072149654304 -3.414164547879702 -2.8908385116069404 -2.8597160819480423 -3.6262793182546291 -2.6224494715270761 -3.2911907898121973 -2.1396076411537153 -2.043229631961808 -0.15148026091820216 1.77171622516755 0.44318370003158347 1.2299353150751227 1.861270318477515 0.3280838059828084 0.99046203238664443 0.26530147281952571 0.9474240322223253 1.5158453900429518 0.68005605217217746 1.0774240089602383 0.63923579613748682 0.7381513084602852 0.81751297668180989 0.8225040618102164 0.82162939062617213 0.38467900269991934 0.35256702267723916 0.2988964858885374 0.22533211080631754 0.12592323545768697 0 -0.1599043568551336 -0.3399208020640091 -0.54372245848666501 -0.77453634783291381 -0.61045323169049093 -0.85657991841176739 -1.1153229290301607 -1.3726611162544067 -1.6926451176914361 -1.2446488959685407 -2.0978347538468674 -2.883729340494714 -2.5660624477793936 -3.4207542445497241 -2.9019611473356939 -2.8747191159564234 -3.6432606078172767 -2.6448667875273175 -3.3156060246666206 -2.1694822179849735 -2.0836659693534307 -0.21204044669701161 1.7656506578266484 0.44015843866900695 1.2257164471014375 1.8560291038723982 0.32604855249686771 0.98735220932163614 0.26386913635889109 0.94486943945450497 1.5123328388887474 0.67829832230672915 1.0749811916631682 0.63786696463104076 0.73660485269463671 0.81583123362498589 0.82079957122452851 0.81991721185866984 0.38382977145171382 0.35178950849639951 0.29825357811660269 0.22485277623005948 0.12565787563786004 0 -0.15956515938182284 -0.33921261540328268 -0.54259740549174262 -0.77293036556008843 -0.60916134895684604 -0.85476668568852576 -1.1129427201969702 -1.3697032491903596 -1.6890253338474279 -1.2419432584469001 -2.09353786703858 -2.8778334210900134 -2.560917516141556 -3.4139155000940957 -2.896458840714855 -2.8695893183944365 -3.6367001489248643 -2.6408594743651408 -3.3104195444789721 -2.1675039357254362 -2.0840509434418872 -0.21884461860154866 1.7339193728707019 0.42461246900014238 1.2042899100095388 1.8295657733096342 0.31562192085980839 0.9716106904382501 0.25652816773810261 0.93196541043768366 1.4946834171114762 0.66942256426827884 1.0627151264072427 0.63097245438814853 0.72883536060830267 0.80739731709295515 0.81225833856787244 0.81134662446757533 0.37956943678012678 0.34789437943901225 0.2950318847464975 0.22245264653534388 0.12433004541147263 0 -0.15787436297984861 -0.33567871501940383 -0.53698228826455729 -0.76491949204108445 -0.60271448957408258 -0.84571991951948022 -1.1010731904201589 -1.354954903141109 -1.6709781919595468 -1.2284541498913955 -2.072122305787266 -2.8484569367917971 -2.5352934377619047 -3.3798625319517068 -2.8690802508377962 -2.8440839737913759 -3.604084686678799 -2.6209887314328024 -3.2846975861772987 -2.1577914216551943 -2.0861934409022673 -0.25311285062644651 1.700062489835402 0.40843538690195574 1.1823679007945735 1.8027230772758061 0.30481963797991657 0.95558385893122644 0.24891805926667712 0.9188677715297987 1.4769097974448415 0.66041821728936678 1.0503752032071902 0.62400397731204837 0.72101236096402421 0.79892843120934476 0.80369199146819992 0.80276482667120075 0.37528928544480128 0.34398939445182797 0.29180062783866856 0.22004824498669207 0.12300119174900138 0 -0.15619223074349448 -0.33215703890282039 -0.53138499852866683 -0.75694104544767138 -0.59628941604961105 -0.83670650825863946 -1.0892567442615093 -1.3402753871178061 -1.6530177242477884 -1.2150302464915848 -2.0508203783973626 -2.8192494847277763 -2.5098324560765075 -3.3460372436000756 -2.8419136676172521 -2.8188053712309085 -3.5717643100109044 -2.6013740790224378 -3.2593015978691846 -2.1483477972332494 -2.0886535319392352 -0.28772413763521604 1.6643464634917635 0.391712775872605 1.160023110896077 1.7755628770233693 0.29369378883610797 0.93931594725557654 0.24107585748624816 0.90560759045774886 1.4590373488744453 0.65130589778764469 1.0379774985847017 0.61697401352107761 0.7131464286403677 0.79043334403438159 0.79510828007070034 0.79417803848699597 0.3709941088205817 0.34007798781729548 0.28856275984457558 0.21764143077260176 0.12167218688006384 0 -0.15451877465630354 -0.32864821986759263 -0.52580668312990642 -0.74899589823286106 -0.58988729118604888 -0.82772775985150981 -1.0774941427956939 -1.3256653875173838 -1.6351444295849833 -1.2016716872629518 -2.0296306805443969 -2.7902076829537434 -2.4845290446773109 -3.3124311222874843 -2.8149473437979662 -2.7937377806449901 -3.539718707597197 -2.5819904808154313 -3.234200835048302 -2.1391368216716287 -2.0913757073761103 -0.32259296353114586 1.6270098750486974 0.37452139543745711 1.137320725938642 1.7481406462411206 0.2822910512283231 0.92284665562960833 0.2330348855191105 0.89221269023255512 1.4410888730034948 0.64210421009438223 1.0255364330028063 0.6098937382517694 0.70524705192287318 0.78191995877070919 0.78651418310589549 0.78559186610692222 0.36668820604750174 0.33616326440605648 0.28532094015342024 0.21523389046110333 0.12034381884629593 0 -0.15285400836132451 -0.32515283398546435 -0.52024839081181673 -0.74108485136328306 -0.5835091679395269 -0.81878489882154226 -1.065786116715675 -1.3111255672483944 -1.617358792036071 -1.1883786893453867 -2.0085520618082149 -2.7613286458452437 -2.4593784326141526 -3.2790367469614154 -2.78817101367998 -2.7688673387814213 -3.5079299743964225 -2.5628158911770815 -3.2093681755254986 -2.130126675359866 -2.0943109747859836 -0.35764401945183444 1.5279256793707872 0.32992631553309576 1.0793695782337622 1.6787529722510899 0.25283758452040972 0.88101727092342363 0.2122512439826344 0.85829410423607466 1.3960142375469755 0.61881403192409001 0.99432586482028529 0.59203653511003174 0.68540631003847219 0.7606012416547846 0.76502312348943757 0.76416094744225438 0.35590103813361862 0.3263795800563068 0.27721427537537452 0.20922142095904692 0.11703017194289567 0 -0.14873020603595519 -0.3164764535286298 -0.50644628372232448 -0.72146111756531839 -0.5676750982206038 -0.79659193036365583 -1.0367592560106411 -1.2750872347798277 -1.5732815154520503 -1.1554348118884912 -1.9563357091103337 -2.6898276275632007 -2.3971443997304007 -3.1964365740829614 -2.722004810367205 -2.7074774056235 -3.4294832069849801 -2.5156716336495011 -3.1483089115696061 -2.1083028009924716 -2.1023100974754141 -0.44565307485197264 1.4740734689766977 0.30540354488660415 1.0466290240079241 1.6389817660501871 0.23657431550239641 0.8572223178261581 0.20078913067841067 0.8388867447211652 1.3698501823027172 0.60547999852469969 0.97618331388616175 0.581731928367764 0.67388169338088322 0.74815806262902684 0.75245606015699551 0.75159595641709065 0.34962435783088491 0.32066641239292731 0.27248298539438093 0.20570473545368811 0.11508840442534037 0 -0.14628643951300729 -0.31135110922046877 -0.49829784576446484 -0.70985632860965564 -0.55833870640548622 -0.78349717625047477 -1.01960572222209 -1.2537872646488033 -1.5472201389086053 -1.1359922293729949 -1.9254366833735297 -2.6474700089074172 -2.3602784141912108 -3.1474531244583677 -2.6827410508968534 -2.670994444126352 -3.3828228586579585 -2.4875398167712142 -3.1118577768315641 -2.0951076509557098 -2.1067205628708172 -0.49769748396887031 1.5065126340572055 0.31686657283357217 1.0564041039821161 1.6473260460614316 0.24363832161974014 0.86323929862962179 0.20585520216350636 0.84314487837807039 1.3733565051547099 0.60835501044500173 0.97844706361394962 0.583513045437553 0.6754092731414747 0.74944224721106001 0.75360056545211374 0.75252852341454957 0.35035429252594691 0.32120304375862091 0.27294800288202653 0.20600467013833917 0.11523242818550654 0 -0.14630253144895083 -0.31148466860278329 -0.49853954553493579 -0.71008360456617348 -0.55865118870566299 -0.78388431012128901 -1.0199519269470743 -1.254185318064676 -1.5476577613142102 -1.136455998561585 -1.9258266971243594 -2.6477470665132832 -2.36046167719421 -3.1474288727028132 -2.6825127425365407 -2.6704648870403909 -3.3819454552132813 -2.4863672358373035 -3.1102719356685351 -2.0933387255056406 -2.1041968624840113 -0.49483385178721956 1.526215882095554 0.32383506293040654 1.0623467912851301 1.6523990964047024 0.24793304481604234 0.86689738452040188 0.20893501938077791 0.84573329947266862 1.375487764445009 0.61010229786040804 0.97982266140870378 0.58459515460888078 0.67633724043695409 0.75022228939295821 0.75429561351555341 0.75309478971577337 0.35079746278551716 0.32152881518598275 0.27323020862446862 0.2061866573966166 0.1153197999442669 0 -0.14631227258565835 -0.31156560411374001 -0.49868598427427363 -0.71022116766465937 -0.55884026699829337 -0.78411847525886713 -1.0201610373838272 -1.2544255895435896 -1.5479217369119205 -1.1367355013847238 -1.9260606675891969 -2.6479115930628567 -2.3605682404140329 -3.1474083535577031 -2.6823671209440088 -2.6701350986527279 -3.3814030088770903 -2.485644048946213 -3.109296197597375 -2.092249934272282 -2.1026446390692985 -0.49306912871525738 1.5381923482255788 0.32807637303291337 1.0659640673868098 1.6554871077486666 0.25054737078881084 0.86912405004855031 0.210809582557315 0.84730860405340802 1.3767846282860192 0.61116528825381489 0.98065937059138297 0.58525307826159079 0.67690140969788759 0.75069644134045965 0.75471797708880262 0.75343884219000135 0.35106665976143381 0.32172666428340735 0.2734015206360203 0.20629710178452595 0.11537280901234209 0 -0.14631816247324625 -0.3116146215927979 -0.49877464542080352 -0.71030432260442455 -0.55895452457839723 -0.7842598925584775 -1.0202870407511615 -1.2545702339427918 -1.5480804832767829 -1.1369033475832251 -1.9262001528416428 -2.6480081335087706 -2.3606285966228122 -3.1473905572778746 -2.6822722048985028 -2.6699270694475232 -3.3810645412765625 -2.4851942898122195 -3.1086915019397892 -2.0915748487813954 -2.1016832289118326 -0.49197291821654043 1.5454800326833702 0.33066228827446653 1.0681697401725592 1.6573702033356748 0.25214166521667275 0.87048180624621485 0.2119525515334621 0.84826893425586858 1.377575062162627 0.61181297977963522 0.9811690295701907 0.58565365604037545 0.6772448136884951 0.75098499931824803 0.75497489436356335 0.75364804836744659 0.35123030964540469 0.32184689895491275 0.27350555853552444 0.20636414819329432 0.11540497102343776 0 -0.14632171676665284 -0.31164429083540957 -0.49882827472899505 -0.71035451849183318 -0.55902343362232843 -0.78434511836941057 -1.0203627208959665 -1.2546570088381215 -1.5481755288913588 -1.1370036417025364 -1.9262825689824012 -2.6480637058743062 -2.3606613310036781 -3.147374821337737 -2.6822085641457165 -2.6697935750093111 -3.3808505442348897 -2.4849113645784766 -3.1083129968584093 -2.0911519059769597 -2.1010819160920309 -0.49128434860659259 
end_dependent_variable

end_regular_table
