# ****************************************************************************
# CUI
#
# The Advanced Framework for Simulation, Integration, and Modeling (AFSIM)
#
# The use, dissemination or disclosure of data in this file is subject to
# limitation or restriction. See accompanying README and LICENSE for details.
# ****************************************************************************

# ##################################################################################################
# 
# This file was auto-generated by AFSIM Mover Creator 2.8.0.201104
# 
# Creation Date:  05 Nov 2020
# 
# ##################################################################################################

regular_table

independent_variable mach precision double
0.10000000000000001 0.5 0.70000000000000007 0.75 0.80000000000000004 0.84999999999999998 0.90000000000000002 0.92000000000000004 0.94000000000000006 0.95999999999999996 0.97999999999999998 1 1.02 1.04 1.0600000000000001 1.0800000000000001 1.1000000000000001 1.2 1.3 1.4000000000000001 1.5 1.75 2 2.5 3 3.5 4 
end_independent_variable

independent_variable surface_angle units deg
-40 -30 -28 -26 -24 -22 -20 -18 -16 -14 -12 -10 -9 -8 -7 -6 -5 -4 -3 -2 -1 0 1 2 3 4 5 6 7 8 9 10 12 14 16 18 20 22 24 26 28 30 35 40 
end_independent_variable

dependent_variable precision double
-2.266442375263229 -4.1213684618566724 -3.3184407685880153 -2.646429263161699 -3.6757509701179423 -2.9017503805083766 -4.4132236158065945 -3.4741744146290463 -2.6097717440435408 -2.9347042775478256 -2.1385796467150358 -2.0668481734387107 -1.7286429804035439 -1.4021059850652156 -1.1357501236300767 -0.87572730663873011 -1.0329957870317208 -0.7892212331091133 -0.55439160850264257 -0.34503103613894281 -0.15973903872790082 0 0.13435145793652373 0.23868600446975766 0.31696074487816073 0.37321572364426436 0.83995266669456126 0.85867260216881625 0.86645265100681279 0.86131718424272474 0.78568957950396723 1.5671114164322175 1.1479129970150792 0.7581586762706235 1.6209115409538113 1.0596977387591768 2.1737811810897343 1.1424796924470628 0.49126812732497427 2.0796635731268251 1.4684048270220704 3.3194360295904706 4.2233072443909618 5.7823135746336201 -2.2676487278964905 -4.1220795044877709 -3.3190616002541757 -2.6469657784258462 -3.6762177034383554 -2.902143763948601 -4.413563796527237 -3.4744521338669196 -2.6099932583890406 -2.9348803398295509 -2.1387114719461957 -2.0669447553722571 -1.7287227641858891 -1.40217054658815 -1.1358011309517633 -0.87576625395223551 -1.033025306312495 -0.78924171383029151 -0.5544046942446843 -0.34503820427646636 -0.15974184506310793 0 0.13435262817500201 0.23868688317782877 0.31695978788611695 0.37321131299823812 0.83994380812746594 0.85865720878887497 0.86642912828471375 0.86128408796204281 0.78564537143091751 1.5670548255133729 1.1478260967632699 0.75803551493381771 1.6207452769021586 1.0594827276320939 2.1735094827924981 1.1421470218816081 0.4908681663715545 2.0791860491921512 1.4678479521806329 3.3187880550551641 4.2224132081073433 5.7811360856488729 -2.2674872345396935 -4.1219889378780756 -3.3189825151235737 -2.6468974379539714 -3.6761599600568884 -2.902095180270619 -4.4135246117768157 -3.4744204822494535 -2.6099683336402482 -2.9348616825217655 -2.1386979158301345 -2.06693568528206 -1.7287155240194518 -1.4021649295455776 -1.1357969412114273 -0.8757632795442436 -1.0330234189443201 -0.78924061651430699 -0.55440418975506467 -0.3450380758881984 -0.1597418851465443 0 0.13435287181910638 0.23868758588259451 0.3169611594672706 0.37321355862808259 0.83994717398723395 0.85866186548847967 0.86643528096454447 0.86129195184717522 0.78565515574667721 1.567066754675942 1.1478428650433754 0.75805795450955449 1.6207741474440041 1.0595188729346805 2.1735535495522864 1.1421999327835606 0.49093067891602615 2.0792586063394105 1.4679316203543344 3.3188831329662669 4.2225404569334266 5.7812996413878306 -2.2674550483062026 -4.1219708336961807 -3.3189667084629781 -2.6468837688638929 -3.6761483980279595 -2.9020854585054443 -4.4135167374240334 -3.4744141031109721 -2.6099633145302108 -2.9348579100193648 -2.1386951685828905 -2.0669338358271991 -1.7287140450810687 -1.4021637799551749 -1.135796077438904 -0.87576266239974287 -1.0330230176312527 -0.7892403801624519 -0.55440407440348749 -0.34503804071945082 -0.15974188910382625 0 0.13435291595556539 0.23868771612184916 0.31696141882880519 0.37321398687619789 0.8399478201411642 0.8586627615894431 0.86643646968097632 0.86129348076219925 0.78565706264595325 1.5670690806641405 1.1478461493320737 0.7580623587090406 1.62077982907963 1.059525989021181 2.1735622416582312 1.1422103869012012 0.49094302665690043 2.0792729747195029 1.4679481850259015 3.3189019992440696 4.2225657357951247 5.7813321740749712 -2.2674252216339799 -4.1219540389916451 -3.3189520392018053 -2.6468711046681186 -3.6761376751981105 -2.902076425052019 -4.4135094173460327 -3.4744081830171969 -2.6099586469799947 -2.9348543921872055 -2.1386926078385158 -2.0669321089204242 -1.7287126600962186 -1.4021627005746138 -1.1357952665152429 -0.87576208157287827 -1.0330226417852097 -0.78924015766108391 -0.55440396489209276 -0.34503800669959167 -0.15974189074737483 0 0.13435295584752041 0.238687834936048 0.31696165534022808 0.37321437925346734 0.8399484119782088 0.85866358952303423 0.8664375692947377 0.86129488585259528 0.7856588139346915 1.5670712264045299 1.1478491758868294 0.75806642105042943 1.6207850674996795 1.0595325674279557 2.1735702811956203 1.1422200521155403 0.49095445937206789 2.0792862611021219 1.4679635114511855 3.3189194271137161 4.2225891340543242 5.7813622843949526 -2.2673974570886082 -4.1219384009623212 -3.3189383763667846 -2.646859294224007 -3.676127677061471 -2.9020680157002503 -4.4135025767374154 -3.474402649588161 -2.6099542889913487 -2.9348511089835676 -2.1386902152147949 -2.0669304907750745 -1.728711364533174 -1.4021616892975974 -1.1357945090148875 -0.87576153881889507 -1.0330222854383537 -0.78923994281897081 -0.55440385852418383 -0.34503797239251033 -0.15974189185637114 0 0.13435299095244077 0.23868794350599265 0.31696187259181491 0.37321473901507418 0.83994895581725271 0.85866435031048616 0.86643858197595025 0.86129618626650095 0.78566044427102177 1.5670732114920374 1.1478519811529317 0.75807018685098126 1.6207899386584339 1.059538668663121 2.1735777445016971 1.1422290216141835 0.49096508250394355 2.0792986126726234 1.4679777676231869 3.3189356637138445 4.2226108998708973 5.7813903366730157 -2.2673714858302252 -4.1219237599127387 -3.3189256004735359 -2.6468482402590174 -3.6761183105580919 -2.9020601350924107 -4.4134961818974618 -3.474397476399437 -2.6099502011191089 -2.9348480274736555 -2.1386879684998896 -2.0669289656896783 -1.7287101424989817 -1.4021607398052414 -1.1357937909596978 -0.87576102063835659 -1.0330219471545756 -0.78923974061462943 -0.55440375783688944 -0.34503793741524419 -0.15974189121012147 0 0.13435302390319562 0.23868804269334962 0.31696207139736188 0.37321507247990449 0.83994946333866105 0.85866505544068283 0.86643951997942348 0.86129739004613515 0.78566194733605921 1.5670750587129492 1.1478545928951827 0.75807370398104268 1.6207944712781019 1.0595443662555291 2.1735847097008674 1.142237389605973 0.49097497647470911 2.079310133979845 1.4679910699625878 3.3189508070829259 4.2226312369810381 5.7814165323475812 -2.2704010018580925 -4.116173404936994 -3.3143477932415966 -2.643336879148849 -3.6699269979539966 -2.8972131536963701 -4.4050033718701789 -3.4676657476724393 -2.604864244113569 -2.9289585537408342 -2.1343712795549181 -2.0625601801237226 -1.7250379834924028 -1.3991539224912504 -1.1333713066878317 -0.87389832767365294 -1.0308700116661356 -0.78759953658460891 -0.55324324640863609 -0.34431095180795246 -0.15940228521766067 0 0.13406105918117234 0.23815647068708032 0.31623941615433471 0.37234488079859202 0.83813374348925362 0.85678603586683422 0.86452777640299983 0.85938919347086862 0.78384784637239546 1.5636905546579518 1.1450056912232176 0.75580400528408609 1.6166467444596067 1.0562272743961882 2.1677841809857279 1.1380493106133542 0.487686331804639 2.0725559927398125 1.4620118574579213 3.3088104022271625 4.2087739829976449 5.7626712066460541 -2.2734217974663005 -4.1104263086169741 -3.3097725159127647 -2.6398272566896477 -3.6637406325140005 -2.8923700213825185 -4.39651861473292 -3.4609404537922401 -2.5997831946482468 -2.9230749397213267 -2.1300589212039891 -2.0581959696352405 -1.7213696956521991 -1.3961503004909415 -1.1309513870920924 -0.87203759943560344 -1.0287203095527315 -0.785961033049698 -0.55208394518740855 -0.34358473020500019 -0.15906303834534422 0 0.13376940885562483 0.23762548239266207 0.31551756776918077 0.37147567998238012 0.83631997154166948 0.85490905046355503 0.8626181178801321 0.85748309022115388 0.78203579558714498 1.5603096783071326 1.1421601668999037 0.75353728772250073 1.612504016530715 1.0529146387426775 2.1619907872243886 1.1338671324131882 0.4844030326820698 2.0658108655752905 1.4560412440503094 3.2986829955362391 4.1949345205453428 5.7439490910413538 -2.2764338490643423 -4.1046824639061628 -3.3051997375436475 -2.6363193836043703 -3.6575592142381024 -2.8875307242110106 -4.3880418806145878 -3.4542215970566148 -2.5947070389364821 -2.9171971978997182 -2.1257508857878462 -2.0538363418834868 -1.7177052770635561 -1.3931498728086111 -1.1285340289555921 -0.87017883776242932 -1.0265728414654001 -0.78432422851634176 -0.5509258560305762 -0.34285927028946256 -0.15872415138781981 0 0.13347807354886751 0.23709507807816865 0.31479652794608426 0.37060746815475104 0.8345081475725008 0.85303409831173438 0.86071054655541146 0.85557907095269903 0.78022579589941798 1.5569324311157495 1.1393180276610886 0.75127355941509721 1.6083662977548283 1.0496064232964966 2.1562045250467765 1.1296908571500663 0.48112508615351623 2.0590747406910244 1.450079224531458 3.2885685922184482 4.1811128545260541 5.7252502054475425 -2.2794371793236148 -4.0989418830083064 -3.3006294802950253 -2.6328132464637894 -3.6513827488452142 -2.8826952641732531 -4.3795731980586767 -3.447509176240084 -2.589635795820044 -2.911325318906187 -2.1214471920971976 -2.0494812936260436 -1.714044728134968 -1.3901526450610469 -1.12611923794618 -0.86832204851346095 -1.0244276086551529 -0.78268912359728082 -0.54976897660206636 -0.34213457350383281 -0.1583856234323596 0 0.13318705284602414 0.23656525859250105 0.31407629930195757 0.3697402485581231 0.83269827412206765 0.8511611871855167 0.85880506263308509 0.85367713936747769 0.77841784748793075 1.5535588149220243 1.1364792674814916 0.74901282102567779 1.6042335812386175 1.0463026505247948 2.1504254033886898 1.1255205074953847 0.47785250529077439 2.0523476391754985 1.4441257875656694 3.2784671823678209 4.1673089648214692 5.7065745281123359 -2.0791919225644695 -4.0932045470816387 -3.2960617448817611 -2.629308854918567 -3.6452112365395823 -2.877863655106967 -4.3711125575166463 -3.4408031919553874 -2.5845694440062021 -2.9054593075150019 -2.1171478246092841 -2.0451308259096761 -1.7103880425347837 -1.3871586122442019 -1.1237070084470688 -0.86646722414433175 -1.0222846080582877 -0.78105571839463861 -0.54861330851032264 -0.34141064035872781 -0.15804745493851882 0 0.13289634690666249 0.23603602431223919 0.31335687767527187 0.36887401774583128 0.83089034745010026 0.84929031510626107 0.85690166565359749 0.8517773046821272 0.77661194864211613 1.5501888241602313 1.1336438914672831 0.74675506320995089 1.6001058674416375 1.0430033188957208 2.1446534156631687 1.1213560663945346 0.47458527497958014 2.0456295532162714 1.4381809728789483 3.2683787858984203 4.1535229038208952 5.6720469634026731 -2.1311682547389386 -3.9910478319760259 -3.2914964986754276 -2.6258062120324053 -3.6390446627686215 -2.8730358775576441 -4.362659953320648 -3.4341036437429704 -2.5795079867118442 -2.8995991712322331 -2.112852791442918 -2.0407849330665355 -1.7067352325178116 -1.3841677738985207 -1.1212973447474417 -0.86461437039948341 -1.0201438453809502 -0.77942401631678371 -0.54745885296167762 -0.34068747125625859 -0.15770964537972373 0 0.13260595549143087 0.23550737366723579 0.31263826800624689 0.36800878096446549 0.82908436901185711 0.84742147537211898 0.85500035186391354 0.84987955625028255 0.77480809966834452 1.5468224641152566 1.1308118868275061 0.74450030067368678 1.5959831559043336 1.0397084209032048 2.138888568303988 1.1171975491660266 0.47132341620629337 2.038920473315867 1.432244721341843 3.2614702092543442 4.0864542351629165 5.5088422086990585 -2.1824205601594366 -4.0404376440320142 -3.2437032653946805 -2.577918004087318 -3.5885227887203648 -2.8241519608500329 -4.3114428987548958 -3.3865211250023575 -2.5360923601869816 -2.8582306236495629 -2.1085620942831338 -2.0364436237260484 -1.7030862864419831 -1.381180133343014 -1.1188902514428514 -0.86276348357694221 -1.0180053154531423 -0.7777940128575207 -0.54630560562226926 -0.33996506366248808 -0.15737219462512869 0 0.13231587928008812 0.23497930779361367 0.31192046678439056 0.36714453186960916 0.82728034225400304 0.84555467220844605 0.85310112200442789 0.8479838939442893 0.77300630148572613 1.5434597407868498 1.1279832652808217 0.75565366145425472 1.6008257187780799 1.0394489998816938 2.1284373085355655 1.0987689843268442 0.4420502538076253 1.9916478821563364 1.3684615597144456 3.1683926938558571 3.9673277969404221 5.3463017307962266 -2.2316784913780712 -4.0882541976518025 -3.2885038531795057 -2.6197528951598352 -3.6245070414207841 -2.8574680401019865 -4.3376536128807333 -3.4107404557123653 -2.5589062925991346 -2.8771232951185954 -2.0944277803705682 -2.0229902880546038 -1.6911708257958147 -1.3708538279430769 -1.1093499527039736 -0.85479582135549537 -1.0108151347713419 -0.7722162065439333 -0.54152599921066957 -0.3367851974986692 -0.15578979074761459 0 0.13150207377934148 0.23255520166165991 0.30784982219483858 0.3620990700620213 0.81958905145849936 0.83595649598730482 0.84215399147422754 0.83481236341708343 0.75750212127578453 1.5237527725460493 1.1032645529595639 0.71127647919501258 1.5502629843385756 0.98569485660182732 2.0677875945378403 1.0354112814671448 0.37508731065118073 1.9159801834369534 1.288204097052766 3.0769451157917285 3.8499390780128229 5.1856963969502026 -2.2848306331178949 -4.1154674626040402 -3.3135361920936917 -2.6425578418867857 -3.6418757378556377 -2.8726557300255458 -4.3459297211279679 -3.4170873294778583 -2.5636420094222889 -2.8776366419777979 -2.0939703903715214 -2.0198225459303418 -1.6879557880760745 -1.3677393090907313 -1.1055222642836111 -0.85133673731836779 -1.0070690289988042 -0.76915393319573044 -0.53826052825596249 -0.33451508418068926 -0.15462169628316613 0 0.13123833965880424 0.23093535808974319 0.30485022935219458 0.35860649296925334 0.81373924463899072 0.82860514261619844 0.83412992174757172 0.82521841658569051 0.7464624556051378 1.5096630327423473 1.0873111091694507 0.69358160075841446 1.5281924411758205 0.96259829434788036 2.0404848223019867 1.0085507474871382 0.34835194105644129 1.8851034190322489 1.2580262241769022 3.042350470915129 3.8135742870050966 5.1518611220018782 -2.2863978053055392 -4.1089439989873116 -3.3083254461085199 -2.6385347844103526 -3.6353025714926575 -2.8675193441252831 -4.3372693444650041 -3.4102525909149071 -2.5585002755746258 -2.8717562945796389 -2.0896847537838767 -2.015521259237282 -1.6843517863064517 -1.3647985764702573 -1.103175215609292 -0.84954241847520107 -1.0049833375419237 -0.76756796118708837 -0.53715586690507866 -0.3338272292430936 -0.15430244859464351 0 0.13095288330285648 0.23043474783819295 0.30418455336502381 0.35780578764824483 0.8120309532754848 0.82686555894366021 0.83237694508834559 0.82350577302904215 0.74488218851625798 1.5065670986391075 1.0848265828356392 0.69176274150788919 1.5246251834327753 0.95997258723226386 2.0355370387226959 1.0053519932677004 0.3462141246776283 1.8797358329432199 1.2536529315221299 3.0341505610762138 3.8026985898562087 5.1379540490557982 -2.2944386922549422 -4.0765885952681113 -3.2824834149371105 -2.6185853949674356 -3.6026238981780319 -2.8419802888416066 -4.2941508221916527 -3.3762169377958018 -2.5328902115898151 -2.8424524911256559 -2.0683220161190041 -1.9940748153577397 -1.6663793927511339 -1.350131484014456 -1.0914630024696761 -0.84058553768891398 -0.9945749953769113 -0.75965235999661895 -0.53163786590832862 -0.3303902025465637 -0.15270673347065297 0 0.12952926973199097 0.22793319798597386 0.30085428140161496 0.35380004292285028 0.80349340689077919 0.81816411694054092 0.82360396595929963 0.81492423430697969 0.73695116732993515 1.4910700913984027 1.0723610424862036 0.68259448901735809 1.5067140454104704 0.94672834634716052 2.0106845187507436 0.98918510308531249 0.33529713857662474 1.8526682535127661 1.2314882750548914 2.9928368384178787 3.7478004787822332 5.0674795646434978 -2.3027632080683476 -4.0446390886805457 -3.256969007137184 -2.5988920863447684 -3.5702405522187379 -2.8166666239972606 -4.2513283332016689 -3.3424045333329202 -2.5074401065576462 -2.8133097052610596 -2.0470675713891251 -1.9727289498835379 -1.6484871718130265 -1.3355264188893001 -1.0797907765151358 -0.8316547831971044 -0.98420169309245575 -0.75176179818846434 -0.52613020851254766 -0.32695800702109301 -0.15111246294605052 0 0.12811188235385088 0.22543501338716512 0.29752256155172119 0.34979267379704831 0.79496548104142317 0.80946101364493439 0.81482241816597434 0.80631834451435169 0.72897816410547922 1.4755531186490976 1.05983571284054 0.67331789074297321 1.4886970281398466 0.93331414709623672 1.985670575631836 0.97276275937569079 0.32403910600381364 1.8252640120235823 1.2088805528769191 2.9510640062066082 3.6921360576776423 4.9956035651758137 -2.3113005633546315 -4.0130575347629396 -3.2317511039201348 -2.5794296848677565 -3.5381321030617161 -2.791562693053053 -4.20879012258054 -3.3088073095219719 -2.4821447557587901 -2.7843253401153172 -2.0259205426094984 -1.9514844130387372 -1.630676262551054 -1.3209847307832367 -1.0681605946386965 -0.82275220212724776 -0.97386530471686161 -0.74389789058896216 -0.5206347902876961 -0.3235320073225913 -0.14952036899033994 0 0.12670087529499344 0.22294130032546255 0.29419154226838418 0.34578630777838987 0.78645108960690491 0.80076152781563414 0.80603841047513558 0.79769582801018779 0.72097261491783882 1.4600274013279473 1.0472652400544016 0.6639516066732587 1.4705977193190174 0.91975869892166573 1.9605299514929755 0.95612621693067112 0.31248864204012416 1.79758062948342 1.1858971319687304 2.9089124595609768 3.6358299625412034 4.9225307978670223 -2.3199893906279994 -3.9818104434212342 -3.206802256046605 -2.5601760024395492 -3.5062805843916713 -2.7666546641597307 -4.1665258595246373 -3.2754181968702607 -2.456999621084448 -2.7554971817806684 -2.0048802549997284 -1.9303419577281402 -1.6129477407076327 -1.3065077007067256 -1.0565743494423587 -0.81387964361506993 -0.96356755779517556 -0.73606209456292637 -0.51515332106679257 -0.32011344511209344 -0.14793110790596495 0 0.12529638646988547 0.22045305641887694 0.29086315961987769 0.34178330238567484 0.77795374550469565 0.79207040225504066 0.79725742806250988 0.78906363327095108 0.7129429893715914 1.444503026291299 1.0346628072381139 0.65451234547378279 1.4524372278557556 0.90608773002812781 1.9352938003553397 0.93931247684697283 0.30068934469891645 1.7696697369326617 1.1625984247069776 2.8664543210931575 3.5789938285516403 4.8484447708162977 -2.3420427624551019 -3.9049701588660168 -3.1454551394026886 -2.5128322347135383 -3.427676361838166 -2.7051657549126911 -4.0620070672899855 -3.1928173346588244 -2.3947695371851059 -2.6840987490118318 -1.9527433865434813 -1.8779373073434045 -1.5689934807004913 -1.2706056685169176 -1.0278120761180576 -0.79184048401499163 -0.9380021923948938 -0.71660405678708838 -0.50152054854464256 -0.31160665086105332 -0.1439741315024558 0 0.1218144886242085 0.21426206603008083 0.28256477147323328 0.331803972410527 0.75680498519082751 0.77040615985390937 0.77534941757282494 0.76748024005458604 0.69281168948634608 1.405755090542913 1.0030915251478718 0.63068984139671624 1.4068883038616811 0.8715507893686697 1.8719621068205228 0.89671258445527047 0.27034934471393596 1.699189477186513 1.1033147689014562 2.7593761669787433 3.4352169421425187 4.659834376989628 -2.3563408471785152 -3.8591338634404631 -3.1088774533414187 -2.4846190976062803 -3.3809493639475443 -2.6686496499027865 -4.0000005749261964 -3.1438596775766552 -2.3579235863431238 -2.641833067589491 -1.9219105485810062 -1.8469614924654463 -1.543024666896343 -1.2494061629236364 -1.0108532281544673 -0.77885670788451 -0.9229072633172718 -0.70511682990151403 -0.49349195216296382 -0.30660085819434418 -0.14164771426590819 0 0.11975447129926077 0.21062015576856566 0.27769940487083672 0.32595420272564124 0.74435277733911076 0.75767957274218589 0.76249692012180648 0.75485479468643368 0.68108767911483503 1.3830137691864115 0.98470306871424573 0.61699656977280415 1.3804025477651489 0.85172673572515545 1.8351771613092118 0.87239894849984068 0.25348971458471115 1.6586862319101381 1.0696828720244564 2.6976287795645275 3.3525833985267322 4.5520415377575736 -2.3602203595886677 -3.8572873446274274 -3.1074606315195035 -2.4835954342977908 -3.3801778075823141 -2.6682296801659735 -3.999835641797818 -3.1439638511088073 -2.3581941737930245 -2.6422770624955554 -1.9224050109589088 -1.8475357323706358 -1.5435751484296771 -1.2499187649713164 -1.0114199377350954 -0.77936112729438034 -0.92333692616087937 -0.70546034718527384 -0.49385092917496431 -0.30684945480513109 -0.14177566021188295 0 0.11978622848679714 0.21080222664038087 0.27803994765086387 0.32636492231592951 0.74494850943397595 0.75846864614356069 0.76340106298435328 0.75598142902398324 0.68244580231848573 1.3846127319304156 0.98676441176853413 0.61958986151554041 1.383649720988579 0.85565915699479211 1.8399146775467583 0.87800982154214968 0.2600866490978625 1.6664663656382153 1.0787738592234586 2.7083932195955374 3.3689828037877856 4.5783606259043879 -2.362545477185213 -3.856151543437754 -3.1065874636430393 -2.4829625896002141 -3.379699659418328 -2.6679663728382925 -3.9997285283881503 -3.1440212929709213 -2.3583537428895665 -2.6425428609960413 -1.9227023675062915 -1.8478822728263129 -1.5439075939406781 -1.250228539724723 -1.0117627883445028 -0.779666431595742 -0.92359708457719969 -0.70566841245280587 -0.49406849782315215 -0.30700016708982425 -0.14185324463905188 0 0.11980550699210601 0.21091272911097664 0.27824665611322258 0.32661432139328311 0.74531028638251373 0.75894789309155453 0.76395035765224195 0.75666591752736656 0.68327099964035876 1.3855843327271382 0.98801727574058618 0.62116627222040799 1.3856238238477743 0.85805009440227364 1.8427952711494036 0.8814215691854993 0.26409814834946316 1.6711972451309915 1.0843016561525052 2.7149380890438359 3.3789510897549753 4.5943518311510294 -2.3639298824853601 -3.8554479399860773 -3.1060450313488173 -2.4825676477568321 -3.3794001863633802 -2.6677986964199518 -3.9996569922196308 -3.1440507938694831 -2.358446287118996 -2.6427008637748624 -1.9228803609416023 -1.8480908152016269 -1.544107900063395 -1.250415391727129 -1.0119699329057137 -0.77985103018139379 -0.92375447812608413 -0.7057943583757248 -0.49420031775666085 -0.30709151727325679 -0.14190028890244766 0 0.11981721966901356 0.21097982514533703 0.27837218891505544 0.32676586901551397 0.745530142754537 0.75923918031733628 0.76428432065321139 0.75708217252533061 0.68377285511449726 1.3861753432102095 0.98877957142781536 0.62212569224802328 1.386825444848383 0.85950563758966181 1.8445490848886479 0.88349892518966022 0.26654076019977352 1.6740778208620413 1.0876673691180563 2.718922505168484 3.3850171306421046 4.6040768744864975 -2.3647459710377965 -3.855007694923783 -3.1057043055445006 -2.4823179917752882 -3.3792099010997592 -2.667689761384052 -3.9996075938521867 -3.1440638171566797 -2.3584986330232112 -2.6427937552238681 -1.9229861327050386 -1.848215787441708 -1.5442281988811639 -1.250527751088446 -1.0120948355742254 -0.77996245160306499 -0.92384957256841294 -0.70587050701164933 -0.49428013613330979 -0.30714686672254787 -0.14192880893761967 0 0.11982434030319712 0.2110205848301421 0.27844846408826129 0.32685802804822606 0.74566387462966488 0.75941641740118015 0.76448764867130337 0.75733561473210731 0.68407850855024921 1.3865353033195489 0.98924411100984 0.62271059894284386 1.3875581458111725 0.86039339251795888 1.8456188811687133 0.8847662255815234 0.26803092322138877 1.6758350748834847 1.0897205154925669 2.7213526694522918 3.3887145570214985 4.6099990822172217 
end_dependent_variable

end_regular_table
