# ****************************************************************************
# CUI
#
# The Advanced Framework for Simulation, Integration, and Modeling (AFSIM)
#
# The use, dissemination or disclosure of data in this file is subject to
# limitation or restriction. See accompanying README and LICENSE for details.
# ****************************************************************************

# ##################################################################################################
# 
# This file was auto-generated by AFSIM Mover Creator 2.5.0.200324
# 
# Creation Date:  24 Mar 2020
# 
# ##################################################################################################

regular_table

independent_variable mach precision double
0.10000000000000001 0.5 0.70000000000000007 0.75 0.80000000000000004 0.84999999999999998 0.90000000000000002 0.92000000000000004 0.94000000000000006 0.95999999999999996 0.97999999999999998 1 1.02 1.04 1.0600000000000001 1.0800000000000001 1.1000000000000001 1.2 1.3 1.4000000000000001 1.5 
end_independent_variable

independent_variable surface_angle units deg
-20 -16 -14 -12 -10 -9 -8 -7 -6 -5 -4 -3 -2 -1 0 1 2 3 4 5 6 7 8 9 10 12 14 16 18 20 
end_independent_variable

dependent_variable precision double
2.985250459717288 2.8243955362740181 1.5903055726728652 2.2069376470165194 2.3934045550164975 1.1810848940402343 1.3062896786405775 1.4713489296386502 1.5541984340097843 1.5662408457928212 0.78423602692436756 0.66293295765577309 0.48735566904293748 0.26436090994490175 0 -0.30919880294571106 -0.6636384078319566 -1.0655012099970829 -1.5145193886751342 -2.0359772013084259 -1.8350711111955003 -2.4676955418624353 -3.1835508075648429 -3.8629352868087259 -4.6048812860496886 -4.2426152551718523 -5.8734459665684335 -5.2462446945965633 -5.7996089812613549 -7.4998771457314639 2.9851003036307833 2.8243297982458873 1.5902770539972109 2.2069311418014186 2.3934150020404759 1.1811033699545559 1.3063120478403525 1.4713739664360508 1.55422453162452 1.5662665917863765 0.78425926076394881 0.66295270500291015 0.48737021619711363 0.26436878722434837 0 -0.30920843433705469 -0.66365916030364269 -1.0655345829502376 -1.5145666403698026 -2.0360400867743818 -1.8351471676456483 -2.4677894382624226 -3.1836642705150746 -3.863069889698628 -4.6050385466007091 -4.2428104483399309 -5.8736947067750247 -5.2465331724122448 -5.7999367973849747 -7.5002709999544575 2.9850594602035945 2.824305746900706 1.5902601658606523 2.2069197534825293 2.3934081503145355 1.1810985325957546 1.3063087787110226 1.4713720262928829 1.5542236531421414 1.5662665276342407 0.78425970174166149 0.66295343007585028 0.48737095064728009 0.26436927399666366 0 -0.3092091981716778 -0.66366094718621682 -1.0655376517343826 -1.5145712347145581 -2.0360464816954389 -1.835155340717048 -2.4677998727834334 -3.1836772444286687 -3.8630856611017981 -4.6050573745827457 -4.2428353183318555 -5.8737273212643748 -5.2465731378532041 -5.7999846688696497 -7.5003292570397981 2.9850510354851476 2.8243007020521667 1.5902565580596453 2.2069172682198603 2.3934066017325861 1.1810973955698501 1.3063079727160922 1.4713715035497259 1.5542233631923492 1.5662664132965789 0.78425970977928405 0.6629535145949248 0.48737105648838108 0.26436935072619033 0 -0.30920933022808017 -0.66366126149695159 -1.0655382006246206 -1.514572065268891 -2.0360476487135832 -1.8351568502520286 -2.4678018122319916 -3.1836796677718753 -3.8630886200880497 -4.6050609202162152 -4.2428400520946328 -5.873733554291837 -5.2465808360102626 -5.7999939622467149 -7.5003405759969821 2.9850431585157948 2.8242959542979729 1.5902531493138345 2.206914910070704 2.3934051166577786 1.1810962987320586 1.3063071857733042 1.4713709815011784 1.5542230593503703 1.5662662833302068 0.78425969623440162 0.66295357594381565 0.48737114399675657 0.264369416875328 0 -0.30920944640769726 -0.66366154184625015 -1.0655386920607417 -1.5145728130654803 -2.0360487041973108 -1.83515821838439 -2.4678035731659453 -3.1836818684431676 -3.8630913172065733 -4.6050641538708534 -4.242844372465612 -5.8737392598131066 -5.2465879030651044 -5.8000024977057407 -7.5003509921604605 2.9850357593384498 2.8242914803190957 1.5902499222579853 2.2069126684670746 2.3934036945939621 1.1810952367239644 1.3063064172872791 1.4713704673414083 1.5542227515143869 1.5662661391243422 0.78425966778022538 0.66295362079573417 0.48737121731525501 0.26436947404415889 0 -0.30920954969982994 -0.66366179318320406 -1.0655391360897739 -1.5145734914507485 -2.0360496614682364 -1.8351594657539523 -2.4678051794004712 -3.183683884199525 -3.8630937809859667 -4.6050671147424724 -4.2428483489057278 -5.8737445122506138 -5.2465944198901031 -5.8000103971010519 -7.5003606295676164 2.9850287918112066 2.8242872554072891 1.5902468539699901 2.2069105298640905 2.3934023307781018 1.1810942149039836 1.306305673807191 1.471369957944674 1.5542224443730133 1.5662659872281601 0.78425962404464333 0.6629536522020002 0.48737127689041126 0.26436952409324393 0 -0.30920964334185408 -0.66366202105228489 -1.065539539335314 -1.514574109206543 -2.0360505393552355 -1.8351606093290309 -2.4678066583230249 -3.183685739004972 -3.863096054144707 -4.6050698445076357 -4.2428520219007853 -5.8737493735238235 -5.2466004671591771 -5.8000177360458434 -7.5003695918144775 2.9933333970189144 2.8310945229351594 1.5933034958274397 2.2116491067204609 2.3990822216565757 1.1834951589827609 1.3091239680246545 1.4745955750987405 1.557694762688054 1.5698340169078269 0.78584666442046758 0.66433880004140666 0.48842043483522685 0.26495449841411517 0 -0.30992013787786982 -0.66520946206116593 -1.0680534848162504 -1.5181817990761253 -2.0409164919292868 -1.8394008947661775 -2.4735520221270062 -3.1911107855469525 -3.8722163610913842 -4.6160287970125653 -4.2531031377006201 -5.8880981796956258 -5.2590805020687084 -5.813649994317359 -7.5181212940353843 3.0016495780701922 2.8379100350791933 1.5963628047863652 2.2163925802354254 2.4047687859249978 1.1858983528615579 1.3119451721591795 1.4778245913931629 1.5611708472841883 1.5734060183141894 0.78743517045180667 0.66572530008677389 0.48947066608049983 0.26554009708708887 0 -0.31063143222679263 -0.66675867770268893 -1.0705703581847852 -1.5217937435272568 -2.0457882053552043 -1.8436459964460006 -2.4793039739633689 -3.1985443675678034 -3.8813473147721531 -4.6270006728833728 -4.2633665497928517 -5.9024644105599462 -5.2715752256640327 -5.8272980501093565 -7.5358937046649359 3.0099773533027268 2.8447337955307423 1.5994247671530395 2.2211409566604683 2.4104620280487148 1.1883038037444655 1.314769286270304 1.4810570157586327 1.5646506920587768 1.5769819873688984 0.78902514050136729 0.66711315096872903 0.49052197166814426 0.2661263196730726 0 -0.3113435258378966 -0.66830966837873507 -1.0730901588157695 -1.5254099374396748 -2.0506656801092911 -1.8478959133563553 -2.4850625168090104 -3.2059864935219129 -3.89048892399863 -4.6379854667021059 -4.2736422597254649 -5.9168480689746064 -5.2840846366353169 -5.8409619016356968 -7.5536868294187753 3.0183167233515906 2.8515657925806797 1.6024893973753374 2.22589423589636 2.4161619514015444 1.190711505598306 1.3175963033127052 1.4842928447816415 1.5681343038586835 1.5805619282396104 0.79061657932226215 0.66850235694423554 0.4915743534091061 0.2667131676878034 0 -0.31205641783795851 -0.6698624325264334 -1.0756128846948367 -1.5290303839192754 -2.055548910356829 -1.8521506439294093 -2.4908276473893447 -3.2134371539030568 -3.8996411777364504 -4.6489831895428244 -4.2839302709119718 -5.9312491533519296 -5.2966087336727261 -5.8546415502062175 -7.5715006764734483 2.9902602201643038 2.8584060364298383 1.6055566906108389 2.230652421019228 2.4218685526096686 1.1931214598916815 1.3204262301729381 1.4875320760012873 1.5716216769285736 1.5841458369174368 0.79220948386813306 0.66989291425247965 0.49262780845052545 0.26730063899535739 0 -0.31277011105006924 -0.67141697376271414 -1.078138542639081 -1.53265508224168 -2.0604379021111505 -1.856410190606218 -2.4965993675897393 -3.2208963527002772 -3.9088040802326529 -4.6599938371187948 -4.2942305761284336 -5.945667659643334 -5.3091475154664263 -5.9336730023529114 -7.6718252888350928 2.9769894091757081 2.8323999583075974 1.585702582213711 2.2201937434996988 2.4189170909820028 1.1892556831321364 1.3189925529446407 1.4887894746315606 1.5743273545773082 1.5877894719977035 0.79435031286708213 0.67262815828593248 0.49468181675221479 0.26818023614492403 0 -0.31507125949096271 -0.6764962194370433 -1.0865025435655595 -1.5441729954012466 -2.0765195000090344 -1.8755870421775622 -2.5207638996833537 -3.251580383523621 -3.9465072701609198 -4.7053660538758528 -4.3517801379741794 -6.0226776504666208 -5.4028765996982653 -5.9840979720856824 -7.7336151804340618 2.9547099577720988 2.8205643415145998 1.5755993397361854 2.2161051287546853 2.4199620054342108 1.1883599182576265 1.3196251174730897 1.4916538195839579 1.5779906033420257 1.5918209794442462 0.79638467541817592 0.67533332224127762 0.4964375086721956 0.26859461259892842 0 -0.31723354554356203 -0.68112705361993819 -1.0939174500909743 -1.5535378082059434 -2.0894520605812281 -1.8903253107359994 -2.5384937870424449 -3.273845284925156 -3.9734059989460735 -4.7371108254485605 -4.3883480539217192 -6.0693367796071271 -5.4545992239482111 -6.0435643553319034 -7.8044924139904763 2.9321961123854323 2.8085671492969384 1.5653645972284527 2.2119222098342992 2.4209446651456066 1.1874114973101046 1.3202184095425669 1.4944903982814037 1.581635922820217 1.5958425054733856 0.79841243196635125 0.67803712424628493 0.49819338463388735 0.2690085069865959 0 -0.31940097361806935 -0.68577009465435168 -1.101353532814668 -1.5629302513801551 -2.1024251573846606 -1.905115969212988 -2.5562866739620405 -3.2961908763372545 -4.0004042014672878 -4.7689747673582916 -4.4250669803649654 -6.1161867345692942 -5.5065506558946016 -6.1032977718580073 -7.8756826589254141 2.9386273748486844 2.8133662396870744 1.5668717610507328 2.2155663224188085 2.4262439928534683 1.1895584198291878 1.3228998809184647 1.4980605950033468 1.5854566820464802 1.5996915699020009 0.80012244635012209 0.67986023017266373 0.4993983152467098 0.26940579154286726 0 -0.32056401862422579 -0.68823555319199059 -1.1052597571038365 -1.5678786393890891 -2.10913004468284 -1.9116342472759238 -2.5642380103364899 -3.3062132615819753 -4.0124210237820277 -4.7830198736877074 -4.4380641640875016 -6.1324877312928692 -5.5197141689879414 -6.1153636792788939 -7.8888921711144446 2.9476121238374362 2.8205720465582136 1.5701661899984163 2.2204857526895121 2.4320435747084477 1.1920182985748125 1.3257671728205254 1.501304718217781 1.5889454714843896 1.6032775396743302 0.80170906375846196 0.68122730362164929 0.50044169229025615 0.26999982738019934 0 -0.32125311012487251 -0.68973922980240943 -1.1077064052876318 -1.5714150192330361 -2.1138956468047438 -1.9157208478125656 -2.5698170298653351 -3.3134367784713121 -4.0213043277928975 -4.7937060891776202 -4.4479278960497455 -6.1463739088577354 -5.5315643078795631 -6.128230948387313 -7.9057603629377535 2.9925107783004168 2.8566097174882144 1.5866000423121287 2.2451053141255293 2.4611166827893967 1.2043344278238963 1.3401363948712026 1.5175769358268834 1.6064491203482838 1.6212712441727466 0.80966790840361624 0.68809197663386468 0.50567953650192143 0.2729785472106474 0 -0.32471965492631077 -0.69730345082066825 -1.12001396742335 -1.5891968856393204 -2.1378605896270337 -1.9362918505215896 -2.5978869213900051 -3.3497765216152056 -4.0659935536643799 -4.8474635375664237 -4.4976018711721588 -6.216279749921461 -5.5912991649063999 -6.1931192225871339 -7.9907846116615922 3.0373862883795795 2.8926722453117928 1.6029769894487713 2.2697665736559367 2.4903170644407604 1.2166796602127947 1.3545609653801491 1.5339347321865975 1.62405166302881 1.6393707664531081 0.8176692268233533 0.69500451160468513 0.51095181897422992 0.27597162625382543 0 -0.32822040383061613 -0.70494210325048201 -1.1324423384001845 -1.6071417937807011 -2.162048764615681 -1.9570864250609468 -2.6262407883717267 -3.3864774585492956 -4.1111264541189332 -4.9017523362153321 -4.5478518620202468 -6.2869570257262106 -5.6518161752904978 -6.2588979889612126 -8.0769129419604724 3.0822625839626951 2.9287730814368604 1.6193059132789778 2.2944752172537091 2.5196471830450107 1.2290556102121157 1.3690418095670289 1.5503775997359417 1.6417523869559945 1.6575753672525966 0.82571246045251834 0.70196365436729846 0.5162579013363735 0.27897920960866657 0 -0.33175416893174814 -0.71265270639375677 -1.1449876306880153 -1.625245199770829 -2.1864538646184797 -1.9780964013361326 -2.6548692499126543 -3.4235280390114804 -4.1566892225055687 -4.9565563419067056 -4.5986571974164194 -6.3583800178643379 -5.7130836813172792 -6.3255295435181953 -8.1641008813709934 3.1271617202861113 2.9649246722708211 1.6355950246807436 2.3192365012263223 2.5491093498651742 1.241463777582694 1.3835798475907828 1.5669051032525387 1.6595506407847203 1.6758843840627298 0.83379709592518114 0.70896825375553874 0.52159719155791207 0.28200142569107622 0 -0.33531986373663331 -0.72043298724059768 -1.1576462764754893 -1.6435029207713798 -2.2110700711409121 -1.9993142567277986 -2.6837637018866682 -3.4609176167241276 -4.2026691308024073 -5.0118606639028132 -4.6499987865186165 -6.4305249826033819 -5.775072478433966 -6.3929790744216453 -8.2523073457342129 
end_dependent_variable

end_regular_table
