# ****************************************************************************
# CUI
#
# The Advanced Framework for Simulation, Integration, and Modeling (AFSIM)
#
# The use, dissemination or disclosure of data in this file is subject to
# limitation or restriction. See accompanying README and LICENSE for details.
# ****************************************************************************

# ##################################################################################################
# 
# This file was auto-generated by AFSIM Mover Creator 0.4.0 (Beta)
# 
# Creation Date:  09 Mar 2020
# 
# ##################################################################################################

regular_table

independent_variable mach precision double
0.10000000000000001 0.5 0.70000000000000007 0.75 0.80000000000000004 0.84999999999999998 0.90000000000000002 0.92000000000000004 0.94000000000000006 0.95999999999999996 0.97999999999999998 1 1.02 1.04 1.0600000000000001 1.0800000000000001 1.1000000000000001 1.2 1.3 1.4000000000000001 1.5 1.75 2 2.5 3 
end_independent_variable

independent_variable surface_angle units deg
-25 -22 -20 -18 -16 -14 -12 -10 -9 -8 -7 -6 -5 -4 -3 -2 -1 0 1 2 3 4 5 6 7 8 9 10 12 14 16 18 20 22 24 25 
end_independent_variable

dependent_variable precision double
0.034039611435231772 0.030595209841296135 0.025975335293672044 0.021097753968238892 0.016543125025727141 0.012528723824955361 0.0090895619386941098 0.0061760367710209313 0.0049220663528426545 0.0038041476189296462 0.0028047750028653545 0.0019609263989241741 0.0012918865703995584 0.00077414365106956797 0.00038836772657724057 0.00012998302315813618 0 0 0.00012998302315813618 0.00038836772657724057 0.00077414365106956797 0.0012918865703995584 0.0019609263989241732 0.0028047750028653527 0.0038041476189296488 0.0049220663528426545 0.0061760367710209322 0.0075686803127892298 0.010740451182609335 0.014462737440425774 0.018761263794546963 0.023520155169743071 0.028372095122449707 0.032321166589983269 0.034039611435231779 0.033310245049405565 0.034039611435231779 0.030595209841296132 0.025975335293672037 0.021097753968238889 0.016543125025727141 0.012528723824955363 0.0090895619386941115 0.0061760367710209313 0.0049220663528426545 0.003804147618929647 0.0028047750028653553 0.0019609263989241741 0.0012918865703995584 0.00077414365106956776 0.00038836772657724079 0.00012998302315813618 0 0 0.00012998302315813618 0.00038836772657724079 0.00077414365106956819 0.0012918865703995584 0.0019609263989241741 0.0028047750028653527 0.0038041476189296488 0.0049220663528426545 0.0061760367710209331 0.0075686803127892315 0.010740451182609337 0.014462737440425776 0.01876126379454696 0.023520155169743075 0.028372095122449707 0.032321166589983269 0.034039611435231786 0.033310245049405579 0.034039611435231779 0.030595209841296135 0.025975335293672044 0.021097753968238889 0.016543125025727141 0.01252872382495536 0.0090895619386941098 0.0061760367710209322 0.0049220663528426545 0.003804147618929647 0.0028047750028653549 0.0019609263989241745 0.0012918865703995582 0.00077414365106956754 0.00038836772657724014 0.00012998302315813596 0 0 0.00012998302315813596 0.00038836772657724014 0.00077414365106956797 0.0012918865703995582 0.0019609263989241732 0.0028047750028653532 0.0038041476189296488 0.0049220663528426545 0.0061760367710209339 0.0075686803127892315 0.010740451182609337 0.014462737440425772 0.01876126379454696 0.023520155169743071 0.028372095122449707 0.032321166589983269 0.034039611435231786 0.033310245049405572 0.034039611435231772 0.030595209841296128 0.02597533529367204 0.021097753968238889 0.016543125025727141 0.01252872382495536 0.0090895619386941098 0.0061760367710209322 0.0049220663528426528 0.003804147618929647 0.0028047750028653545 0.0019609263989241736 0.0012918865703995582 0.00077414365106956754 0.00038836772657724014 0.00012998302315813596 0 0 0.00012998302315813596 0.00038836772657724014 0.00077414365106956776 0.0012918865703995582 0.0019609263989241732 0.0028047750028653523 0.0038041476189296488 0.0049220663528426528 0.0061760367710209322 0.0075686803127892315 0.010740451182609334 0.014462737440425774 0.018761263794546963 0.023520155169743075 0.028372095122449703 0.032321166589983262 0.034039611435231772 0.033310245049405565 0.034039611435231779 0.030595209841296132 0.025975335293672033 0.021097753968238892 0.016543125025727141 0.012528723824955361 0.009089561938694108 0.0061760367710209313 0.0049220663528426545 0.003804147618929647 0.0028047750028653545 0.0019609263989241741 0.001291886570399558 0.00077414365106956732 0.00038836772657724035 0.00012998302315813618 0 0 0.00012998302315813618 0.00038836772657724035 0.00077414365106956797 0.001291886570399558 0.0019609263989241741 0.0028047750028653527 0.0038041476189296488 0.0049220663528426545 0.0061760367710209322 0.0075686803127892307 0.010740451182609335 0.014462737440425774 0.018761263794546963 0.023520155169743071 0.028372095122449703 0.032321166589983269 0.034039611435231786 0.033310245049405572 0.034039611435231779 0.030595209841296142 0.02597533529367204 0.021097753968238896 0.016543125025727141 0.01252872382495536 0.0090895619386941115 0.0061760367710209313 0.0049220663528426545 0.003804147618929647 0.0028047750028653558 0.0019609263989241745 0.0012918865703995578 0.00077414365106956776 0.00038836772657724035 0.00012998302315813618 0 0 0.00012998302315813618 0.00038836772657724035 0.00077414365106956776 0.0012918865703995578 0.0019609263989241736 0.0028047750028653532 0.0038041476189296496 0.0049220663528426545 0.0061760367710209331 0.0075686803127892315 0.010740451182609335 0.014462737440425772 0.018761263794546963 0.023520155169743075 0.028372095122449703 0.032321166589983269 0.034039611435231786 0.033310245049405579 0.034039611435231772 0.030595209841296139 0.02597533529367204 0.021097753968238892 0.016543125025727145 0.012528723824955361 0.0090895619386941098 0.0061760367710209305 0.0049220663528426536 0.0038041476189296466 0.0028047750028653553 0.0019609263989241741 0.0012918865703995578 0.00077414365106956776 0.00038836772657724035 0.0001299830231581364 0 0 0.0001299830231581364 0.00038836772657724035 0.00077414365106956797 0.0012918865703995578 0.0019609263989241736 0.0028047750028653532 0.0038041476189296492 0.0049220663528426536 0.0061760367710209305 0.0075686803127892298 0.010740451182609335 0.014462737440425772 0.018761263794546963 0.023520155169743071 0.028372095122449703 0.032321166589983262 0.034039611435231779 0.033310245049405572 0.034039611435231772 0.030595209841296139 0.02597533529367204 0.021097753968238896 0.016543125025727145 0.012528723824955363 0.0090895619386941098 0.0061760367710209331 0.0049220663528426554 0.003804147618929647 0.0028047750028653553 0.0019609263989241741 0.0012918865703995589 0.00077414365106956776 0.00038836772657724057 0.00012998302315813618 0 0 0.00012998302315813618 0.00038836772657724057 0.00077414365106956841 0.0012918865703995589 0.0019609263989241741 0.0028047750028653527 0.0038041476189296496 0.0049220663528426554 0.0061760367710209348 0.0075686803127892324 0.010740451182609337 0.014462737440425774 0.018761263794546967 0.023520155169743075 0.028372095122449703 0.032321166589983269 0.034039611435231779 0.033310245049405565 0.034039611435231765 0.030595209841296132 0.025975335293672033 0.021097753968238889 0.016543125025727145 0.01252872382495536 0.009089561938694108 0.0061760367710209305 0.0049220663528426536 0.0038041476189296466 0.0028047750028653549 0.0019609263989241741 0.0012918865703995582 0.00077414365106956754 0.00038836772657724035 0.00012998302315813618 0 0 0.00012998302315813618 0.00038836772657724035 0.00077414365106956754 0.0012918865703995582 0.0019609263989241732 0.0028047750028653527 0.0038041476189296483 0.0049220663528426536 0.0061760367710209322 0.0075686803127892298 0.010740451182609335 0.014462737440425774 0.018761263794546963 0.023520155169743071 0.028372095122449703 0.032321166589983262 0.034039611435231772 0.033310245049405558 0.034039611435231779 0.030595209841296135 0.02597533529367204 0.021097753968238889 0.016543125025727141 0.01252872382495536 0.0090895619386941115 0.0061760367710209331 0.0049220663528426545 0.0038041476189296462 0.0028047750028653553 0.0019609263989241749 0.0012918865703995584 0.00077414365106956776 0.00038836772657724057 0.00012998302315813618 0 0 0.00012998302315813618 0.00038836772657724057 0.00077414365106956776 0.0012918865703995584 0.0019609263989241741 0.0028047750028653527 0.0038041476189296488 0.0049220663528426545 0.0061760367710209331 0.0075686803127892315 0.010740451182609337 0.014462737440425772 0.018761263794546963 0.023520155169743078 0.02837209512244971 0.032321166589983269 0.034039611435231786 0.033310245049405572 0.034210617823729479 0.030595209841296139 0.02597533529367204 0.021097753968238889 0.016543125025727138 0.012528723824955363 0.0090895619386941098 0.0061760367710209322 0.0049220663528426536 0.0038041476189296466 0.0028047750028653553 0.0019609263989241745 0.0012918865703995587 0.00077414365106956754 0.00038836772657724057 0.00012998302315813596 0 0 0.00012998302315813596 0.00038836772657724057 0.00077414365106956797 0.0012918865703995587 0.0019609263989241745 0.0028047750028653527 0.0038041476189296492 0.0049220663528426536 0.0061760367710209339 0.0075686803127892315 0.010740451182609335 0.014462737440425772 0.01876126379454696 0.023520155169743068 0.028372095122449703 0.032321166589983262 0.034210617823729493 0.033715407350261316 0.035835415982738865 0.031448698462671697 0.026579528433105164 0.021513738893425789 0.016823635764781054 0.012721000558536458 0.0092228512325857482 0.0062606062304468631 0.0049860752093383327 0.0038499539871261527 0.002832097414701328 0.0019746663618549166 0.0012991286477055108 0.00077845046834110567 0.00039072076517649009 0.00013084063269270673 0 0 0.00013084063269270673 0.00039072076517649009 0.00077845046834110567 0.0012991286477055108 0.0019746663618549166 0.0028320974147013245 0.0038499539871261553 0.0049860752093383327 0.0062606062304468631 0.0076768274785775463 0.010901071876182427 0.014694091591771295 0.019102958298147676 0.024023696761493386 0.029091258264981705 0.033328894168909391 0.035835415982738879 0.036180962547129179 0.037359958403552385 0.032262331787678497 0.027209743564360088 0.021986762908430536 0.017170003670189716 0.012979902901440226 0.0094198992222994868 0.0063958532872647484 0.0050914957963990141 0.0039266463544867045 0.0028757338406120887 0.001993227742033944 0.0013071922484977564 0.00078330810892691797 0.00039370085418073404 0.00013203460556147927 0 0 0.00013203460556147927 0.00039370085418073404 0.00078330810892691797 0.0013071922484977564 0.001993227742033944 0.0028757338406120853 0.0039266463544867063 0.0050914957963990141 0.0063958532872647493 0.0078437231526072675 0.011127699553020776 0.014992065992473755 0.019507894714902232 0.024572480050418372 0.029808459591643029 0.034246881360453035 0.037359958403552392 0.038546262005801156 0.03888450082436589 0.033075965112685297 0.027839958695615005 0.022459786923435272 0.017516371575598374 0.013238805244343991 0.0096169472120132254 0.0065311003440826345 0.0051969163834596965 0.004003338721847256 0.0029193702665228508 0.0020117891222129715 0.0013152558492900009 0.00078816574951273027 0.00039668094318497755 0.00013322857843025117 0 0 0.00013322857843025117 0.00039668094318497733 0.00078816574951273027 0.0013152558492900009 0.0020117891222129706 0.0029193702665228456 0.0040033387218472577 0.0051969163834596965 0.0065311003440826363 0.0080106188266369852 0.011354327229859119 0.015290040393176206 0.019912831131656795 0.025121263339343353 0.030525660918304359 0.035164868551996672 0.038884500824365904 0.040911561464473147 0.040409043245179403 0.033889598437692098 0.028470173826869918 0.022932810938440008 0.017862739481007035 0.013497707587247759 0.0098139952017269657 0.0066663474009005189 0.0053023369705203788 0.0040800310892078057 0.0029630066924336098 0.0020303505023919971 0.0013233194500822457 0.00079302339009854192 0.00039966103218922128 0.00013442255129902285 0 0 0.00013442255129902285 0.00039966103218922041 0.00079302339009854278 0.0013233194500822457 0.0020303505023919971 0.0029630066924336055 0.0040800310892078074 0.0053023369705203788 0.0066663474009005224 0.0081775145006667098 0.011580954906697466 0.015588014793878663 0.020317767548411358 0.025670046628268332 0.031242862244965679 0.036082855743540296 0.04040904324517941 0.043238269557578354 0.040328809417575773 0.033884562579950588 0.028486080779937625 0.022957614911543196 0.017889051425953258 0.013523165385222727 0.0098376502100969709 0.0066848343493626948 0.0053173674087385429 0.0040912146700234691 0.0029689754101377835 0.0020322216606608557 0.001323731273426633 0.00079328973575534182 0.00039991586992397187 0.00013455154435114804 0 0 0.00013455154435114804 0.00039991586992397187 0.00079328973575534226 0.001323731273426633 0.0020322216606608557 0.0029689754101377818 0.0040912146700234709 0.0053173674087385429 0.0066848343493626965 0.0081990956195246677 0.011605766863996959 0.015613980837311766 0.020343894542652348 0.025691668394793352 0.031250020010739087 0.036061383767331381 0.040328809417575794 0.043120522152095254 0.040279601734773733 0.033858812141849361 0.028466418534446022 0.022943045360756441 0.017878505034744217 0.013515371178521033 0.0098317854318081335 0.0066808447846916919 0.0053142675808260306 0.0040889634939430715 0.0029676878748565077 0.0020316628261885855 0.0013234817874811496 0.00079313973064475672 0.00039982536535245286 0.00013451573193044137 0 0 0.00013451573193044137 0.00039982536535245286 0.00079313973064475715 0.0013234817874811496 0.0020316628261885855 0.0029676878748565042 0.0040889634939430741 0.0053142675808260306 0.0066808447846916936 0.0081941528443225439 0.01159898386524735 0.015604958794299599 0.020331495007890322 0.025674660001232686 0.03122748623078531 0.036032109540756078 0.040279601734773761 0.043043777697448209 0.040047798787953982 0.033737509388013606 0.028373795468564555 0.02287441248446765 0.017828824082068463 0.013478654959046875 0.0098041581831269514 0.0066620511168210298 0.0052996652016072251 0.0040783588643500601 0.0029616226741532962 0.0020290303210576763 0.001322306532438443 0.00079243310060871943 0.00039939902488722178 0.00013434703013064466 0 0 0.00013434703013064466 0.00039939902488722134 0.00079243310060871986 0.001322306532438443 0.0020290303210576763 0.0029616226741532928 0.0040783588643500618 0.0052996652016072251 0.0066620511168210333 0.0081708688814924151 0.011567031149555356 0.015562458598446679 0.02027308444000004 0.025594538452654726 0.031121336209104993 0.035894207253966373 0.04004779878795401 0.042682257102974623 0.039838054808060477 0.033627750117432201 0.028289986652781797 0.022812310889894123 0.017783870897123775 0.013445432749817838 0.0097791600147628353 0.006645045902909515 0.0052864524224976945 0.0040687633986898897 0.0029561346536091321 0.0020266483319120567 0.0013212431177000662 0.00079179371531140521 0.0003990132560814574 0.00013419438242969818 0 0 0.00013419438242969818 0.00039901325608145697 0.00079179371531140565 0.0013212431177000662 0.0020266483319120567 0.0029561346536091295 0.0040687633986898914 0.0052864524224976945 0.0066450459029095167 0.0081498006806835534 0.011538119136789383 0.015524002830965097 0.020220232372564189 0.025522041477510402 0.031025287697563325 0.035769428104846318 0.039838054808060491 0.042355139741704316 0.039648270606845046 0.033528435822433818 0.028214153300300266 0.022756119043404289 0.017743195573325925 0.013415372051797582 0.0097565407366446179 0.0066296589490606721 0.005274497005563151 0.00406008106231709 0.0029511688872698233 0.0020244930190037461 0.0013202809002538925 0.0007912151755698532 0.00039866419803129076 0.0001340562610781049 0 0 0.0001340562610781049 0.00039866419803129076 0.00079121517556985364 0.0013202809002538925 0.0020244930190037452 0.0029511688872698198 0.0040600810623170917 0.005274497005563151 0.0066296589490606721 0.0081307373842610005 0.01151195846580799 0.015489206613608473 0.020172409844327666 0.025456443501705388 0.030938379410373747 0.035656523261731785 0.039648270606845046 0.042059151713137746 0.039476546760233239 0.033438572532173416 0.028145536445439882 0.022705274558111759 0.01770639101836291 0.013388172007416575 0.0097360739674342937 0.0066157362574686442 0.0052636792969725527 0.0040522249594910041 0.0029466756760767924 0.0020225428112367293 0.0013194102499043069 0.00079069169116387575 0.00039834835724643315 0.00013393128371095393 0 0 0.00013393128371095393 0.00039834835724643315 0.00079069169116387705 0.0013194102499043069 0.0020225428112367293 0.0029466756760767889 0.0040522249594910076 0.0052636792969725527 0.0066157362574686442 0.0081134882003467655 0.011488287311823105 0.015457721694138093 0.020129138231354184 0.025397087998649599 0.030859741540187207 0.035554362735004279 0.03947654676023326 0.04179133066960003 0.03911537105602219 0.033249568862718612 0.028001219034876769 0.022598336627573247 0.0176289823688409 0.013330963906283773 0.0096930275302136402 0.0065864535571362251 0.0052409271073655299 0.0040357017245032639 0.0029372253944249943 0.0020184410648718103 0.001317579067110901 0.00078959068013539804 0.00039768406966995485 0.00013366842686560643 0 0 0.00013366842686560643 0.00039768406966995441 0.00078959068013539804 0.001317579067110901 0.0020184410648718103 0.0029372253944249917 0.0040357017245032647 0.0052409271073655299 0.0065864535571362251 0.0080772091030040759 0.011438501298531033 0.015391501491259386 0.020038127835323532 0.025272249392725293 0.030694347573637596 0.035339495080270289 0.039115371056022211 0.041228039921629829 0.038834087134756272 0.033102372656943858 0.027888824522519392 0.022515053283529821 0.017568696451976663 0.013286410192323517 0.0096595029311977616 0.006563648167186892 0.0052232076842829937 0.0040228334161559361 0.0029298655076743282 0.0020152466215908505 0.0013161529405174492 0.00078873321188424866 0.00039716672198520796 0.00013346371374861436 0 0 0.00013346371374861436 0.00039716672198520796 0.00078873321188424909 0.0013161529405174492 0.0020152466215908505 0.0029298655076743256 0.0040228334161559404 0.0052232076842829937 0.006563648167186892 0.0080489549135844655 0.01139972791239317 0.015339929145402303 0.019967248867627227 0.025175024988673893 0.030565538622973482 0.035172155982506753 0.038834087134756286 0.04078934864601378 0.038444415674276984 0.032898457124825559 0.02773312087055433 0.022399678248366257 0.017485180475787569 0.013224688531481569 0.0096130602500743376 0.0065320551434251278 0.0051986604103387603 0.0040050065439869477 0.002919669625143301 0.0020108212588715482 0.0013141772825061501 0.00078754533415474268 0.00039645002397067702 0.00013318011823089415 0 0 0.00013318011823089415 0.00039645002397067702 0.00078754533415474268 0.0013141772825061501 0.0020108212588715482 0.0029196696251432975 0.0040050065439869477 0.0051986604103387603 0.0065320551434251313 0.0080098134965911044 0.01134601392143317 0.015268484353108354 0.019869058005045452 0.025040336964735562 0.030387095533506464 0.03494033586876779 0.038444415674276998 0.04018161582822781 0.038208067986281298 0.032774776102604201 0.027638681831808298 0.022329699752174137 0.017434525475653051 0.013187252451812542 0.0095848913400537212 0.0065128930058805891 0.0051837717360792169 0.0039941939994496758 0.0029134855097854044 0.0020081371407019407 0.0013129789853491907 0.00078682484989180709 0.00039601532465110873 0.00013300810885444043 0 0 0.00013300810885444043 0.00039601532465110873 0.00078682484989180709 0.0013129789853491907 0.0020081371407019398 0.0029134855097854018 0.0039941939994496776 0.0051837717360792169 0.0065128930058805908 0.0079860730271200317 0.011313434739060406 0.015225150896105271 0.01980950223638598 0.024958644548720856 0.030278864328730875 0.034799729862247039 0.038208067986281312 0.039813007241327067 
end_dependent_variable

end_regular_table
