# ****************************************************************************
# CUI
#
# The Advanced Framework for Simulation, Integration, and Modeling (AFSIM)
#
# The use, dissemination or disclosure of data in this file is subject to
# limitation or restriction. See accompanying README and LICENSE for details.
# ****************************************************************************

# ##################################################################################################
# 
# This file was auto-generated by AFSIM Mover Creator 2.5.0.200401
# 
# Creation Date:  01 Apr 2020
# 
# ##################################################################################################

regular_table

independent_variable mach precision double
0.10000000000000001 0.5 0.70000000000000007 0.75 0.80000000000000004 0.84999999999999998 0.90000000000000002 0.92000000000000004 0.94000000000000006 0.95999999999999996 0.97999999999999998 1 
end_independent_variable

independent_variable surface_angle units deg
1 2 3 4 5 6 7 8 9 10 12 14 16 18 20 22 24 26 28 30 35 40 45 
end_independent_variable

dependent_variable precision double
-1.5339800019708575e-05 -3.4324949435189809e-05 -5.6955448246443692e-05 -8.3231296453470269e-05 -0.00011315249405626945 -0.00014671904105484129 -0.00018393093744918589 -0.00022478818323930309 -0.00026929077842519289 -0.00031743872300685536 -0.00042467066035749821 -0.00054648399529123187 -0.00068322106580348031 -0.00083611238973040861 -0.0010033485590421089 -0.0011849696044259159 -0.0013810050412981724 -0.0015914772769393282 -0.0018164037489055598 -0.0020557983220582643 -0.0027184781880928151 -0.0034728620289126424 -0.0043178175633610833 -1.6225766583014133e-05 -3.7868815635121269e-05 -6.4929147156321404e-05 -9.7406761146614563e-05 -0.00013530165760600074 -0.00017861383653447989 -0.00022734329793205202 -0.00028149004179871723 -0.00034105406813447558 -0.00040603537693932671 -0.00055224984195630805 -0.00072013343684966145 -0.00091002966776468721 -0.001123173251396517 -0.0013577486055255837 -0.0016137958974563897 -0.0018913447432433023 -0.0021904176267379854 -0.0025110320449217155 -0.0028532019100026718 -0.0038038301988691839 -0.0048904627351737257 -0.0061119633741741784 -1.7753298088864205e-05 -4.3978941657434013e-05 -7.8676930705709404e-05 -0.0001218472652336904 -0.00017348994524137698 -0.00023360497072876928 -0.00030219234169586703 -0.00037925205814267037 -0.00046478412006917941 -0.00055878852747539415 -0.00077221437872694002 -0.0010195296118973086 -0.0013010778165709446 -0.0016180940093575586 -0.0019687621670248182 -0.0023531224666328903 -0.0027712045314938561 -0.0032230308507722794 -0.003708618925862695 -0.0042279826722153345 -0.0056750593644719211 -0.0073345170185044051 -0.0092052192133054364 -1.8435627941434888e-05 -4.6708261067570699e-05 -8.4817899378407467e-05 -0.00013276454287394516 -0.00019054819155418375 -0.00025816884541912335 -0.00033562650446876391 -0.00042292116870310556 -0.00052005283812214776 -0.000627021512725891 -0.0008704698774874807 -0.0011532662629878741 -0.0014757542727171923 -0.0018391689732753928 -0.0022416942679222974 -0.0026833703353521992 -0.0031642268000518659 -0.0036842861521328529 -0.00424356589367696 -0.0048420799407151481 -0.0065109139457576936 -0.0084262454282804048 -0.01058693792149447 -1.9345124505471287e-05 -5.0346247323596806e-05 -9.3003368454376591e-05 -0.00014731648789781065 -0.00021328560565389887 -0.00029091072172264141 -0.00038019183610403805 -0.00048112894879808892 -0.00059372205980479423 -0.00071797116912415389 -0.0010014373827008356 -0.0013315275895281339 -0.0017085854052657876 -0.002133845940253083 -0.0026054930334246931 -0.0031235668649218151 -0.0036880970602269502 -0.0042991061103847183 -0.0049566115178786953 -0.0056606271993595624 -0.007625047684549564 -0.0098814404957296171 -0.012428669125738442 -2.4537390819568994e-05 -6.0905290397313652e-05 -0.000109103698737673 -0.00016913261584508606 -0.00024099204170179673 -0.00032468197632852048 -0.00042020241971341989 -0.00052755337185649497 -0.00064673483276958305 -0.00077774680242900947 -0.0010752622680579014 -0.0014200997687313336 -0.0018125623311704858 -0.0022537391709200119 -0.0027420286571545435 -0.0032774662238993363 -0.0038600779970595946 -0.0044898838110377474 -0.0051668991008931991 -0.0058911361394444776 -0.0079091165459823053 -0.010223364429832986 -0.012832877531808248 -2.9729684647725963e-05 -7.1464388505949734e-05 -0.00012520411158407162 -0.00019094885384135702 -0.00026869861534047453 -0.00035845339605635666 -0.00046021319595140235 -0.00057397801505067907 -0.00069974785337925411 -0.00083752271093712747 -0.0011490874836154324 -0.0015086723331357284 -0.0019165396938331666 -0.0023736328741105583 -0.0028785647916469651 -0.0034313661334743422 -0.0040320595263467415 -0.0046806621476121824 -0.0053771873642207207 -0.0061216458055598109 -0.008193186243463579 -0.010565289304633 -0.013237086988102607 -3.1801484626961997e-05 -7.5677485467955252e-05 -0.0001316280025261828 -0.00019965303577922325 -0.00027975258525910721 -0.00037192665097864682 -0.00047617523287378104 -0.00059249833098294646 -0.00072089594533176766 -0.0008613680758689956 -0.0011785358856111698 -0.0015440017602350933 -0.0019580109964809234 -0.0024214453023945078 -0.0029330081755849953 -0.0034927282991637377 -0.0041006268221348624 -0.0047567197997674775 -0.0054610197270665651 -0.0062135365385373792 -0.008306419084451901 -0.0107015731318612 -0.013398187363451202 -3.3871747042837361e-05 -7.9887504885347671e-05 -0.00013804727352753092 -0.0002083510529432056 -0.0002907988432043709 -0.00038539064423248219 -0.00049212645601444881 -0.00061100627865499685 -0.00074203011212794459 -0.00088519795632856625 -0.0012079656771746459 -0.0015793094411408728 -0.001999457525944083 -0.0024692304643675533 -0.0029874217085028368 -0.0035540579512531182 -0.0041691588746326511 -0.0048327394196003015 -0.0055448112143141352 -0.0063053835040992072 -0.0084196010245257951 -0.01083779906131711 -0.013559222588076446 -3.5940472222272934e-05 -8.4094447428680367e-05 -0.00014446192557911444 -0.00021704290676716019 -0.00030183739089923253 -0.00039884537798870083 -0.0005080668681425194 -0.00062950186122699529 -0.00076315035718865136 -0.00090901235629487344 -0.0012373768631923352 -0.0016145953822402437 -0.0020408792895022223 -0.0025169883686629105 -0.0030418054002703645 -0.0036153551016812565 -0.0042376556972695545 -0.0049087210221109932 -0.0056285618431897557 -0.0063971867214502737 -0.0085327320872954204 -0.010973967121624371 -0.013720192698503227 -3.8007660469002301e-05 -8.8298313702217483e-05 -0.00015087195976106073 -0.00022572859854317338 -0.0003128682301440902 -0.00041229085455016332 -0.00052399647165221022 -0.00064798508153211787 -0.00078425668438095565 -0.00093281127981658469 -0.0012667694492124943 -0.0016498595895014815 -0.0020822762952370792 -0.0025647190239505668 -0.0030961592615562751 -0.0036766197623490518 -0.0043061173036443726 -0.0049846646224581031 -0.0057122716304897157 -0.0064889462088619483 -0.0086458122958450925 -0.011110077342039457 -0.013881097729081717 -4.0073312139818361e-05 -9.249910450157094e-05 -0.00015727737707829458 -0.00023440812986302609 -0.00032389136288361815 -0.00042572707612614444 -0.0005399152695627523 -0.00066645594316558897 -0.00080534909710177054 -0.00095659473120418104 -0.0012961434400748048 -0.0016851020698888707 -0.002123648549848894 -0.0026124224399789605 -0.0031504833034437076 -0.0037378519458659701 -0.0043745437082828359 -0.0050605702363483145 -0.0057959405937723458 -0.0065806619859336037 -0.008758841676387524 -0.011246129752719018 -0.014041937715062271 
end_dependent_variable

end_regular_table
