# ****************************************************************************
# CUI
#
# The Advanced Framework for Simulation, Integration, and Modeling (AFSIM)
#
# The use, dissemination or disclosure of data in this file is subject to
# limitation or restriction. See accompanying README and LICENSE for details.
# ****************************************************************************

# ##################################################################################################
# 
# This file was auto-generated by AFSIM Mover Creator 2.5.0.200401
# 
# Creation Date:  01 Apr 2020
# 
# ##################################################################################################

regular_table

independent_variable mach precision double
0.10000000000000001 0.5 0.70000000000000007 0.75 0.80000000000000004 0.84999999999999998 0.90000000000000002 0.92000000000000004 0.94000000000000006 0.95999999999999996 0.97999999999999998 1 
end_independent_variable

independent_variable surface_angle units deg
1 2 3 4 5 6 7 8 9 10 12 14 16 18 20 22 24 26 28 30 35 40 45 
end_independent_variable

dependent_variable precision double
-4.9726668606992972e-07 -1.112703805204714e-06 -1.8463113577788256e-06 -2.6980893426688462e-06 -3.6680377624960854e-06 -4.7561566120179233e-06 -5.9624458994727634e-06 -7.2869056158732564e-06 -8.72953576870886e-06 -1.0290336353485899e-05 -1.3766448827851634e-05 -1.7715243023991548e-05 -1.7945043170497344e-05 6.1093241202294262e-07 1.5797819424815932e-05 2.8105763957054839e-05 3.7896160514852777e-05 4.5443369727998236e-05 5.0960901566822723e-05 5.4618521120345048e-05 6.6590072035566623e-05 8.2589528159365884e-05 8.8752943757182816e-05 -5.2598446657099825e-07 -1.227578904485629e-06 -2.1047833174886212e-06 -3.157597694345788e-06 -4.3860220612702318e-06 -5.7900563845593924e-06 -7.3697006717027277e-06 -9.1249549751264422e-06 -1.1055819227425416e-05 -1.3162293428599649e-05 -1.7902071812384133e-05 -2.3344290051585315e-05 -2.5297284274045684e-05 -8.6943154423510154e-06 4.3098145648835914e-06 1.4205250806281936e-05 2.1353386709475189e-05 2.6028582448892806e-05 2.8444347251912057e-05 2.8770444721643294e-05 3.1407985915295651e-05 3.6637423591461754e-05 3.0594852230974937e-05 -5.7550168357415938e-07 -1.4256480559742568e-06 -2.5504391198216024e-06 -3.9498748829801266e-06 -5.6239553166154168e-06 -7.572680473153679e-06 -9.7960502687129838e-06 -1.2294064829116225e-05 -1.5066724070481473e-05 -1.8114027929897279e-05 -2.5032569880349257e-05 -3.3049690470767335e-05 -3.7973727045281967e-05 -2.47379431188862e-05 -1.5497136046562542e-05 -9.7611615725570747e-06 -7.1686254783518682e-06 -7.4451687638644867e-06 -1.0377281051336903e-05 -1.5795198737658773e-05 -2.9250806331313947e-05 -4.2590385085551788e-05 -6.9677839560888344e-05 -5.9762046757478917e-07 -1.514123252079676e-06 -2.7495083408762e-06 -4.3037757325600877e-06 -6.1769254467911672e-06 -8.3689575116549034e-06 -1.0879871803575244e-05 -1.3709668491064989e-05 -1.6858347394377151e-05 -2.0325908693258717e-05 -2.821767820810958e-05 -3.7384977035617585e-05 -4.3636142112486675e-05 -3.1904437996242436e-05 -2.4344661352837243e-05 -2.0466667483141276e-05 -1.990906212070407e-05 -2.2397486289409452e-05 -2.7718431840362082e-05 -3.5702131695343132e-05 -5.6346351817855507e-05 -7.7980485351999987e-05 -0.00011446843709795524 -6.2710323020389053e-07 -1.6320543349879866e-06 -3.0148533143522882e-06 -4.7755001802799279e-06 -6.9139949088046406e-06 -9.4303374999264261e-06 -1.2324528061493479e-05 -1.559656637780941e-05 -1.9246452640604342e-05 -2.3274186777979481e-05 -3.2463198628537843e-05 -4.316360188155197e-05 -5.1183734198705326e-05 -4.1456859532375305e-05 -3.6137775273493809e-05 -3.4736335057275565e-05 -3.6891146965964134e-05 -4.2327849027660151e-05 -5.0832935178533378e-05 -6.2236637980870991e-05 -9.2462765383792163e-05 -0.00012515294237673709 -0.0001741710767796339 5.263392336557775e-06 1.0143279750317838e-05 1.463966221581603e-05 1.8752539809444824e-05 2.2481912582132529e-05 2.582778027923758e-05 2.8790143308186492e-05 3.1369001465266003e-05 3.3564354852332732e-05 3.5376202552677045e-05 3.7849384560037023e-05 3.878854687620614e-05 4.1890105237738392e-05 6.0440651131013837e-05 7.4902991397742325e-05 8.5709358713214001e-05 9.3178447391738858e-05 9.7552201148703831e-05 9.9018905627852122e-05 9.7728266441643119e-05 9.2107395613344795e-05 8.3056101113756147e-05 5.8348512324537155e-05 1.115388757977486e-05 2.1918613200517631e-05 3.229417699703856e-05 4.2280578888451492e-05 5.1877818551211856e-05 6.1085896740257004e-05 6.9904812484953191e-05 7.8334567079478738e-05 8.6375159013958941e-05 9.4026589366875735e-05 0.00010816196403384076 0.0001207406915117666 0.00013496393959333384 0.0001623381581035981 0.00018594375346745552 0.00020615504778631559 0.00022324803494302254 0.00023743224672354487 0.00024887074010714359 0.00025769316242803183 0.00027667754376456351 0.00029126513885234572 0.00029086809529334424 1.5273541893786175e-05 3.0031709534811772e-05 4.427450286795438e-05 5.8001921838091588e-05 7.1213966996447513e-05 8.3910637240573922e-05 9.6091933011450121e-05 0.00010775785519103465 0.00011890840267687934 0.00012954357635094272 0.00014926779961784993 0.0001669305258737148 0.00018596506768346112 0.00021871229865282136 0.00024702564961489139 0.00027130658634562155 0.00029185112148093727 0.00030888397277205326 0.00032258002907504515 0.00033307833644981028 0.00035431483863791416 0.00036838592665467508 0.0003639359412019861 1.9983167814558766e-05 3.9306195019470041e-05 5.7969081502092381e-05 7.597182760035013e-05 9.33144324131117e-05 0.00010999689751735737 0.00012601922201195553 0.00014138140499577465 0.00015608344782051207 0.00017012535048616776 0.00019622873308740513 0.00021969155370061836 0.00024411948082890666 0.00028247292947933175 0.00031569433465886024 0.00034420531420647837 0.00036831674590134252 0.00038826462529059858 0.00040423262101282209 0.00041636675963824124 0.00043936073050184946 0.00045185723035583657 0.00044193053068201146 2.526700709418349e-05 4.9710258060849759e-05 7.3329753015036883e-05 9.6125491841706772e-05 0.00011809747454085945 0.00013924570111249491 0.00015957017063630854 0.00017907088610329028 0.00019774784429237407 0.00021560104704416907 0.00024883618255467439 0.00027877629539571999 0.0003091402674008937 0.00035329545926855483 0.00039158591533207019 0.00042444648963452914 0.00045219782733945334 0.0004750833269241271 0.00049329242940760333 0.00050697574815819707 0.00053111161221440874 0.0005408482065626495 0.0005238853327018746 3.1109301697451841e-05 6.1212087487114568e-05 9.0308357134118763e-05 0.00011839811110820323 0.00014548134870475979 0.00017155807109813542 0.00019662827711398314 0.00022069196675230293 0.0002437491414223112 0.00026579979877531395 0.00030688156669742966 0.0003439372709883889 0.00038074050852324713 0.00043085529536380563 0.00047433649848226817 0.00051162537923567773 0.00054304728623425001 0.00056884921189808509 0.00058922337146608277 0.00060432260667074328 0.00062886386612682132 0.0006345279841194119 0.00060883381653679849 3.7494293673037213e-05 7.3779871757347556e-05 0.00010885673437276235 0.00014272488163911292 0.00017538431403572459 0.0002068350308436094 0.00023707703110411669 0.00026611031673454773 0.00029393488629692662 0.00032055074218787985 0.00037015630528630449 0.00041492700698847224 0.0004586332911100412 0.00051482784683397006 0.00056358219624895174 0.00060533723427741773 0.00064041804126079504 0.00066907140071004135 0.0006914893686897081 0.00070782465249113319 0.00073191386293312421 0.00073206570935620827 0.00069580943949804585 
end_dependent_variable

end_regular_table
