# ****************************************************************************
# CUI
#
# The Advanced Framework for Simulation, Integration, and Modeling (AFSIM)
#
# The use, dissemination or disclosure of data in this file is subject to
# limitation or restriction. See accompanying README and LICENSE for details.
# ****************************************************************************

# ##################################################################################################
# 
# This file was auto-generated by AFSIM Mover Creator 2.8.0.201104
# 
# Creation Date:  05 Nov 2020
# 
# ##################################################################################################

regular_table

independent_variable mach precision double
0.10000000000000001 0.5 0.70000000000000007 0.75 0.80000000000000004 0.84999999999999998 0.90000000000000002 0.92000000000000004 0.94000000000000006 0.95999999999999996 0.97999999999999998 1 1.02 1.04 1.0600000000000001 1.0800000000000001 1.1000000000000001 1.2 1.3 1.4000000000000001 1.5 1.75 2 2.5 3 3.5 4 
end_independent_variable

independent_variable surface_angle units deg
-40 -30 -28 -26 -24 -22 -20 -18 -16 -14 -12 -10 -9 -8 -7 -6 -5 -4 -3 -2 -1 0 1 2 3 4 5 6 7 8 9 10 12 14 16 18 20 22 24 26 28 30 35 40 
end_independent_variable

dependent_variable precision double
-1.1436807772997963 -0.20402339320569723 0.13510272252483174 0.063426399333763428 0.33664175838542154 0.24013894775482739 0.14482031621322772 0.4906141801023387 0.36662046976322044 0.47090707741607579 0.34502166504000986 0.23084733019129833 0.33025354241045751 0.27614149337395871 0.22401559520533662 0.17344841122355431 0.12500498135539834 0.1564383852007098 0.11231728293196333 0.071460719828021851 0.033994339781834519 0 -0.03045616673820192 -0.057361952688723766 -0.080651789607276134 -0.10020491442149607 -0.11585171987859363 -0.2054513667119357 -0.21201270068703815 -0.21362668489030825 -0.21080990105468375 -0.20392735916421714 -0.336118598054228 -0.30209419191334819 -0.48339408819013624 -0.42186879811840783 -0.28925477624708967 -0.51690105086802318 -0.43670068034685866 -0.70773229837987384 -0.61423749714977471 -0.51125315630431478 -0.68627492946614077 -0.93871374519622763 -1.1452305768154953 -0.20518406118913016 0.13402193751110125 0.062425864678684224 0.33572166812346266 0.23929942749777683 0.14406131030382985 0.48993517588110141 0.36602121319817427 0.47038689500336606 0.34457977119534527 0.23048280950600902 0.32992720273017495 0.27585303062624517 0.22376463057618737 0.17323458485562168 0.12482790652011377 0.15629765241513363 0.11221245472496025 0.071391332958253617 0.033959904408007301 0 -0.030422268804749238 -0.057294717686748924 -0.080551800134846724 -0.10007277704376627 -0.11568805295277951 -0.20525683783788254 -0.21178795509318293 -0.21337240291000831 -0.2105268283802755 -0.20361622948853697 -0.33575383316634694 -0.30167883368653248 -0.48293160256509055 -0.4213625851662407 -0.28870841960572979 -0.51631863751613061 -0.43608583643122933 -0.70708929750969007 -0.61357014699618462 -0.5105657120942878 -0.68555666696563022 -0.93799228929684897 -1.1450668012559095 -0.20506139285306124 0.13413614900801871 0.062531577210545725 0.33581886305274689 0.23938810329263263 0.14414147436820407 0.4900068532352283 0.36608446600967642 0.47044178607813747 0.3446263902743279 0.2305212754353152 0.32996163606153411 0.27588346710284894 0.22379110274987107 0.17325713574586959 0.12484657704011493 0.15631248842467951 0.11222350454118672 0.071398646222709514 0.033963533698289285 0 -0.030425840913902928 -0.057301801955426328 -0.080562334578928169 -0.10008669761272879 -0.11570529285153366 -0.20527732640979765 -0.21181162238372667 -0.21339917143304732 -0.21055662530905675 -0.20364897382643499 -0.33579224688506243 -0.30172256841760081 -0.48298030917412155 -0.42141589000922708 -0.2887659232525045 -0.51637997436490446 -0.43615057398938306 -0.70715703851717893 -0.61364042653620832 -0.51063809333398225 -0.68563236874783173 -0.93806839548773358 -1.1450341877636239 -0.20503696391339907 0.13415889457100699 0.062552638758588866 0.3358382266715309 0.23940576413129591 0.14415744353266688 0.49002112612993731 0.36609706184659729 0.47045271672911593 0.34463567801503164 0.23052893992449966 0.32996849409495627 0.27588952985025622 0.22379637643440847 0.1732616258566701 0.12485029611920921 0.15631544318987278 0.1122257058750043 0.071400102885424713 0.033964256899541474 0 -0.030426553001256455 -0.057303214194460453 -0.080564434236130841 -0.10008947238542111 -0.11570872831478468 -0.20528140809080608 -0.21181633790002974 -0.2134045060405784 -0.21056256231702189 -0.20365549944817454 -0.33579990262993031 -0.30173127724625359 -0.48299001587609347 -0.42142650101394846 -0.28877738162617728 -0.5163921931749802 -0.43616346936701561 -0.70717052646586787 -0.61365443071870851 -0.51065251379701126 -0.68564744637497055 -0.93808355315409087 -1.145003958597532 -0.20501432621825713 0.13417997833089071 0.062572149818038644 0.33585616209449898 0.23942213183234598 0.14417224083105962 0.49003435608937496 0.36610873589213566 0.47046284673260091 0.34464428446497125 0.23053604043718118 0.32997485070246102 0.27589514740344584 0.2238012617946992 0.17326578853430405 0.12485374374152815 0.15631818304912612 0.11222774620489154 0.071401453579150675 0.033964926470049374 0 -0.030427211840828458 -0.057304521326171552 -0.080566379016807452 -0.10009204236877325 -0.11571190980989343 -0.20528519118850982 -0.21182070664354641 -0.21340944657942129 -0.21056806453459118 -0.20366154138793818 -0.33580699171755596 -0.30173935712238714 -0.48299900324633299 -0.42143634328474039 -0.28878799952422862 -0.51640351380971095 -0.43617542623055816 -0.7071830302002432 -0.61366740498667138 -0.51066586962354532 -0.68566141723971008 -0.93809760431335742 -1.1449758235995093 -0.20499326211712882 0.13419959585398997 0.062590306465832246 0.33587286156896023 0.23943736379348032 0.14418601064034578 0.49004666719347773 0.36611960807746485 0.47047227968002076 0.34465229553546067 0.23054265075751956 0.3299807688814233 0.27590037749405477 0.223805811903 0.17326966379838052 0.12485695166106783 0.15632073316628461 0.11222964499812238 0.071402710287430629 0.033965550703350403 0 -0.030427825722167165 -0.057305738988205956 -0.080568189217984643 -0.10009443392338904 -0.11571487126097833 -0.20528871233968013 -0.21182477418684598 -0.21341404593035135 -0.21057318270433117 -0.20366717087680059 -0.3358135933574049 -0.30174686727757605 -0.48300737404651578 -0.42144550592427321 -0.28879788609104723 -0.51641405958310738 -0.43618654810761204 -0.70719467609801789 -0.61367948158990582 -0.51067831336042002 -0.68567442559135905 -0.9381106812153418 -1.1449495104830287 -0.20497355064049716 0.13421793862168882 0.06260729405594942 0.33588847674817124 0.23945161051906697 0.14419889197601021 0.49005818428810832 0.36612976514365203 0.47048109886577794 0.34465978743609105 0.23054882794696741 0.32998630090626135 0.27590526713076302 0.22381006438540302 0.17327328726443708 0.12485995041910909 0.15632311656698483 0.1122314192965401 0.07140388531294356 0.033966133847937792 0 -0.030428400150362384 -0.057306877759910176 -0.080569882072987029 -0.10009667146314501 -0.11571764244339472 -0.20529200524504079 -0.21182857882620537 -0.21341834899575329 -0.21057797254732483 -0.20367243348733133 -0.33581976863203894 -0.30175389655918272 -0.48301519797586606 -0.421454070120654 -0.28880712366362843 -0.51642391398105369 -0.43619694720626861 -0.7072055576021079 -0.61369076928983846 -0.51068993883351399 -0.68568658555282291 -0.93812291100368372 -1.1578207439981261 -0.20978708090255485 0.13202042677252565 0.060432678376265751 0.33589059136645266 0.23924846117863702 0.14373608463670864 0.49217263411703926 0.36771536335510158 0.47299158241600442 0.34653177549438358 0.23181145540160461 0.33197375315821626 0.27758446017893451 0.22518498439988521 0.1743459346895449 0.1256369595358848 0.15733408097050738 0.11296327864120248 0.071873179080936753 0.034191038459103991 0 -0.030632642739393156 -0.057693914556045257 -0.081117147491377994 -0.10078012796484401 -0.11651148311849049 -0.20669186516087562 -0.21327665720119623 -0.21488023906339174 -0.21202224131082301 -0.20506962236551363 -0.33808551500004463 -0.30376699312144034 -0.48617634938748405 -0.42414582559938635 -0.29055046515832755 -0.5195415235982459 -0.43867790971409193 -0.71126371959044665 -0.61700860573092375 -0.51319850453172922 -0.68886371064786434 -0.94245137638567222 -1.1707337268376481 -0.21462624041171305 0.12980095849345391 0.058239477564512795 0.33587733191888203 0.23903293795374111 0.14326348800313146 0.49427970118972875 0.36929557121240653 0.47549830568034285 0.3484012881324054 0.23307255828146242 0.3339600505987097 0.27926279605430782 0.22655929744391098 0.17541816314061909 0.12641368981746917 0.15834487216635271 0.11369503451570769 0.072342417842711046 0.034415919427106305 0 -0.030836861316658377 -0.058080894871554788 -0.081664309414080913 -0.10146341072271789 -0.11730505051135504 -0.208091304277221 -0.21472412933335994 -0.21634127615805701 -0.21346535597772359 -0.20646528202230163 -0.34034878842427224 -0.30577633281894384 -0.4893321057217499 -0.42683019454331128 -0.29228402654985752 -0.52264675933097215 -0.44114348380772478 -0.7153033022677503 -0.62030450340944954 -0.51568146472653553 -0.69200647928493975 -0.94673823597768147 -1.1836884677331458 -0.2194910235001227 0.12755955982594183 0.056027690701579876 0.33584868584428029 0.23880502093031528 0.14278110559853616 0.49637937677462557 0.37087037607779533 0.47800125824220574 0.35026832718837786 0.23433212364239925 0.33594519246181609 0.28094028379480424 0.22793300083674092 0.17648996821358784 0.12719013984689986 0.15935548573130076 0.11442668716898145 0.072811600181304184 0.034640776239732017 0 -0.031041056810842751 -0.05846782115740045 -0.082211367094318366 -0.10214651297747376 -0.11809833412880848 -0.20949032152178113 -0.2161709936525491 -0.21780146162011879 -0.2149073145566201 -0.20785941360658355 -0.34260958775583344 -0.30778190584784643 -0.49248245671526131 -0.42950720008337984 -0.29400780125125869 -0.52573961872827057 -0.44359369813278204 -0.71932432003341873 -0.62357847611207529 -0.51813881880519264 -0.69511486235887843 -0.9509834713974985 -1.1966849540723792 -0.22438143506970731 0.12529621861730425 0.053797324068056415 0.33580466943133075 0.23856473528177885 0.14228893083596311 0.49847166776505969 0.37243979171239699 0.48050045046711887 0.3521328880156861 0.23559016470939606 0.33792918255163235 0.28261692583862014 0.22930609520388093 0.17756135546141127 0.12796631170494135 0.16036592774169423 0.11515823615423396 0.073280727727499301 0.034865610082570053 0 -0.031245228484742961 -0.058854690742416962 -0.082758322689447314 -0.1028294469583894 -0.11889133891107055 -0.21088891725198797 -0.21761724478451958 -0.21926080082382129 -0.21634811967719028 -0.20925201596947121 -0.34486791273941986 -0.3097837159611832 -0.49562743384755797 -0.43217680678277071 -0.2957217939091461 -0.52882010092209253 -0.44602854135356595 -0.72332675087985832 -0.62683052567702269 -0.52057056441886207 -0.69818888657495104 -0.95518709423612991 -1.2078916151003802 -0.22929747399710945 0.12301093456117099 0.051548361273135938 0.33574528416082261 0.23831206778315087 0.14178697867649115 0.50055658953060345 0.37400381104416558 0.48299587903607155 0.35399497403546409 0.23684667351682726 0.3399120122642616 0.28429271081176122 0.23067858134955282 0.17863232060767181 0.12874220662983984 0.16137619316795535 0.11588968380753804 0.073749801027018322 0.035090419913642534 0 -0.031449376185173891 -0.059241506125436376 -0.08330517542077677 -0.1035122014063594 -0.11968406550917796 -0.21228709440388938 -0.21906289295437728 -0.2207192816037139 -0.21778776799489261 -0.21064308438775706 -0.34712376286441426 -0.31178176808640851 -0.49876700706882798 -0.43483903986596484 -0.29742600406396424 -0.53188821352063154 -0.44844801500192744 -0.72731061375096062 -0.6300606425046914 -0.52297670054630996 -0.70122854636743193 -0.95616692485167532 -1.2134735655179074 -0.23321390774560116 0.12084699578133574 0.049280830196507953 0.33567051241646867 0.23804702195768881 0.14127523073790738 0.50263412552726527 0.3755624271797714 0.48548754525113713 0.35585458647319279 0.23810165174972903 0.34189369025466237 0.28596765027970317 0.23205046023116349 0.17970286629481261 0.12951781837930229 0.16238628470997166 0.11662102733326551 0.074218818059732655 0.035315206637699 0 -0.03165350049136674 -0.05962826550653369 -0.083851925479788147 -0.10419478413382424 -0.12047651162535407 -0.21368484887978376 -0.22050792969864505 -0.22217691502742062 -0.21922626563713135 -0.21203262514203053 -0.34937713713511365 -0.31377605946619036 -0.50190118579995535 -0.43749390055844306 -0.2991204211459409 -0.53494395223470459 -0.45085211647371981 -0.73127588582214464 -0.63304763955509369 -0.52373011060374186 -0.69736017551861995 -0.94708739753266658 -1.2191206360478624 -0.23316138542320411 0.12327201467951616 0.050905891495719023 0.33864526870026307 0.24010543544892526 0.14246925462524795 0.50589970802626139 0.37788523203863023 0.48840579629762387 0.3578808949956378 0.23935510538232049 0.34387421333147816 0.28764173456625325 0.23342172994666452 0.18077299409298089 0.13029315602954622 0.16339620228476789 0.11735226876111902 0.074687780596845096 0.035539969257440573 0 -0.031857601363429529 -0.06001497017501687 -0.084398571679296819 -0.10487719136221792 -0.12126868108922657 -0.2150821860794461 -0.22195235957457976 -0.22363369868227598 -0.22066360167670215 -0.21342064022369794 -0.35142350486438373 -0.31522993661235255 -0.50403939724315983 -0.43855220775122178 -0.29845009542270523 -0.53467468340220725 -0.44875498457858964 -0.72931498328106847 -0.6288381090306796 -0.51804200847265092 -0.69021235396562508 -0.93772533264035973 -1.2267227712855198 -0.23501359445023262 0.12380001484311001 0.051237600416132262 0.34094754935890398 0.24199455110852289 0.14388663174317726 0.50967652937866825 0.3809117968532838 0.4921362394290984 0.36075973151404211 0.24140302268107333 0.34648235774902325 0.28979544407865415 0.23514532350667647 0.18208943019089119 0.13122658663357772 0.16449337619015489 0.11812158773658751 0.075164712965739663 0.035759940157670957 0 -0.032032680097835199 -0.060326369807534856 -0.084805618146022901 -0.10533211795964263 -0.1217227575922816 -0.21600945181266548 -0.22276995975765379 -0.22427728935341856 -0.22107527981003325 -0.21354235227620433 -0.35202727947098156 -0.31517996247315205 -0.50469485691342042 -0.43826170613526227 -0.29670620144038612 -0.53377345717133629 -0.44666068344211718 -0.72820966613197535 -0.62636461761584294 -0.51407376384446168 -0.68473651466760854 -0.92996734820224147 -1.2401751442140967 -0.23934983418065842 0.12219328484824564 0.049735920631787535 0.34167749651302143 0.24254046152166547 0.14416054851819729 0.51248316643703873 0.38311582366505631 0.49516760445227137 0.36304008556280876 0.2429563361099466 0.34870339747751727 0.29165259715501762 0.2366475875390201 0.18324623665861103 0.13205008197955187 0.16551959818778647 0.11884979516105973 0.075622033517680223 0.035973898520104276 0 -0.032208542907020715 -0.060647439275475695 -0.085239993486910137 -0.10584136418756177 -0.12226916524428212 -0.21708000020607651 -0.22379662158802446 -0.22521298648429625 -0.22188207436670718 -0.21418486647730237 -0.35328044853670565 -0.31591045848950855 -0.50629876181747635 -0.43912964728480697 -0.29637797957469153 -0.5345991219886258 -0.44666446762488216 -0.72964418256987063 -0.62695601838903658 -0.51379762517052363 -0.6852060120090353 -0.93221446246141193 -1.2536671925449931 -0.24448593490131251 0.11972162394437821 0.047330287564231736 0.34148844352146451 0.24218259154652125 0.14357450462820248 0.51450306056289741 0.38463075480369185 0.49762720838612867 0.36487703635745694 0.24419593877067591 0.35067268266509127 0.29331771046213478 0.23801180403774147 0.18431092476426469 0.13282134234009374 0.16652658357623595 0.11957904179968185 0.076089773669550775 0.036198093062449865 0 -0.032412146754046418 -0.061033161500847914 -0.085785149405955274 -0.10652173225410466 -0.12305866327477388 -0.2184739232798967 -0.22523675139204952 -0.22666441584733421 -0.22331279393300441 -0.21556475465500838 -0.35551951511414565 -0.31788420818043933 -0.50940456374788956 -0.44174657684271901 -0.29802292966229582 -0.5375927574688335 -0.44899186170530581 -0.7335169017311356 -0.63005478164248996 -0.51605005857829445 -0.68803532914376053 -0.93611024787868702 -1.321716561144 -0.27053676503308949 0.10704606234507306 0.035033250194444768 0.34032084416723918 0.24021439805814448 0.1405030990604757 0.52449634633958231 0.39212808112290426 0.50987144093464998 0.37402664890118092 0.25037236139938834 0.36050289778899186 0.30163136340897084 0.24482441194825538 0.18962853353550194 0.13667378540995276 0.17155909440638001 0.12322383466982204 0.07842769050411745 0.037318721347038356 0 -0.033429785467794584 -0.062960865388911658 -0.088509242433150712 -0.10992069577050601 -0.12700158200067113 -0.22543667978582288 -0.2324275418016383 -0.23390783765988177 -0.2304478548346684 -0.22243976941226992 -0.36667558053096627 -0.32769360889493637 -0.52484885590827035 -0.45471569242442961 -0.30609492237956687 -0.55236795993107779 -0.46038948190927603 -0.75259133001059964 -0.64520724328057544 -0.52691336529872435 -0.70164395169866789 -0.95492935615726848 -1.3907527448845776 -0.29720646810412366 0.093840359769239323 0.022287007199518122 0.33878176633250157 0.23794741140138756 0.13719576621582091 0.53431215185106595 0.39949608308548595 0.52202582160965516 0.38311747908544808 0.25651268582993503 0.37030595191684357 0.30992508869669289 0.25162282145031872 0.19493637637319255 0.14051975704730393 0.17658754168242008 0.12686621678933774 0.080764292930680479 0.038438772379081235 0 -0.034446784809244811 -0.064887051212563079 -0.091230494323397554 -0.11331484480664236 -0.13093685889601442 -0.2323879855773317 -0.23960186104640266 -0.24112835453310255 -0.23755198281232714 -0.22927404497323459 -0.37776617680309232 -0.33740404334969321 -0.54015188803908432 -0.46749215986224096 -0.31391214400925638 -0.5668213733319577 -0.47138791499992666 -0.77118353335975898 -0.65979043306180685 -0.53711159130292774 -0.71435554243518662 -0.97264816389477127 -1.4607822278370037 -0.32449730359474593 0.080102651443505229 0.0090900512379969312 0.33686996666479779 0.23538065527650034 0.13365173582845727 0.54394987405864237 0.40673429360451369 0.53408998059676427 0.39214926458076199 0.26261671355994765 0.38008168216181543 0.31819875809660042 0.25840693852657171 0.20023436149392626 0.14435920044600323 0.18161188072536633 0.13050615892540424 0.08309956191279888 0.039558236440898231 0 -0.035463138635035994 -0.066811706238290094 -0.093948894162256796 -0.11670415868252416 -0.13486446389822632 -0.23932780899616754 -0.24675967638302573 -0.24832592963874348 -0.24462514927142709 -0.23606752682953483 -0.38879125606017739 -0.34701542678228353 -0.55531358188827229 -0.48007585405498177 -0.32147446970550159 -0.58095282023205697 -0.48198698175068183 -0.78929327919255854 -0.67380409235866112 -0.54664444962413661 -0.72616969107253726 -0.9892661175823404 -1.531811236209961 -0.35241142681941479 0.065831135145084624 -0.0045590913308500552 0.33458424572473877 0.23251313704398829 0.12987021899508275 0.5534088803078191 0.4138422201898681 0.54606356442134263 0.4011217384620735 0.26868425004434016 0.38982993189213544 0.32645224676283119 0.26517665384114419 0.20552241230514956 0.14819205299163812 0.18663206720727848 0.13414362823896417 0.085433480791592256 0.040677106423742976 0 -0.036478839501329345 -0.068734817971932427 -0.096664420695294878 -0.12008861317575641 -0.13878437154028281 -0.24625611978827178 -0.2539009556426351 -0.25550053942459439 -0.25166730519273406 -0.24282019123747917 -0.39975075856002984 -0.35652773468309024 -0.57033387962845639 -0.49246673977007754 -0.3287818198120469 -0.59476223016622642 -0.49218656803863697 -0.80692046334312562 -0.68724805266752043 -0.5555117748224353 -0.73708613030270798 -1.0047829223386451 -1.7137943642339823 -0.42493727708466145 0.027805794929447708 -0.040669537284309339 0.32722644014585522 0.22402238845422387 0.11937245317275591 0.57627057292588002 0.4310390241437364 0.57559888910178025 0.42329169181501008 0.28369226029645878 0.41407934435310045 0.34699684389692909 0.28203727568437037 0.21869857073954257 0.15774494865888072 0.19916408378179104 0.14322629988016244 0.09126224911741658 0.043471627030007093 0 -0.039015196328914828 -0.073535776499788458 -0.10344057779467435 -0.12852839396878299 -0.14855036332928653 -0.26352642961582984 -0.27168171574582028 -0.27333644121976908 -0.26913696692744543 -0.25952314523473835 -0.42686260421004629 -0.37987494175397907 -0.60726594954202762 -0.52260028516510093 -0.34593466346977653 -0.62787677178932433 -0.5159377363643658 -0.84887703317591934 -0.71836549579374709 -0.57476812126731092 -0.76044972179735437 -1.0387575919559564 -1.8262788835281523 -0.47044925921359221 0.0032805050262139229 -0.063785277828591724 0.32161120324280501 0.21795995060847018 0.11230777367921181 0.58940930552593118 0.44093463526644316 0.59302626376851342 0.43640202836408537 0.29258093273302566 0.42854278474048046 0.35926183289982178 0.29211127613014926 0.22657679415749732 0.16346028165757762 0.2066747826981154 0.14867232053540885 0.094758564833145487 0.045148395681314062 0 -0.040537777348300989 -0.076417730777127102 -0.10750753324643773 -0.13359225839157632 -0.15440688097771227 -0.27388019186331974 -0.28233353839434749 -0.28400984557551906 -0.27957505502336366 -0.26948103727326922 -0.4430130227169925 -0.39369086996976849 -0.62913443939102975 -0.54026784993115995 -0.3556637164254251 -0.64702239284735963 -0.52927841161469569 -0.8729425667021008 -0.73572363174943289 -0.58478755255043857 -0.77245705281166577 -1.0568850988360103 -1.8271669639748025 -0.47083300067255313 0.0029501281524311929 -0.064067896692119833 0.32137149152780359 0.21776058912724772 0.11214630636388286 0.58928377416020883 0.44084254484789376 0.59296474845908986 0.43636738874344866 0.29256859367264076 0.42853958189519753 0.35926651110916857 0.29212212929499443 0.22659186374241816 0.16347796400598311 0.20669342388955125 0.14868944184335919 0.094771988476002975 0.045156140066106028 0 -0.040548741133537312 -0.076441705762298168 -0.10754665305275669 -0.13364953414359049 -0.154485087081108 -0.27398174465359526 -0.28246127754042755 -0.2841672186997225 -0.27976475052432187 -0.26970586322547863 -0.44331876614899501 -0.394090277797297 -0.62964151081806852 -0.54089685606525839 -0.35642943516152897 -0.64794117286603492 -0.53036747347507684 -0.87422247295174405 -0.73721861499575492 -0.58652786557556846 -0.77501995709703264 -1.0608061716422887 -1.8276686937094986 -0.47103728067225925 0.0027763881569304026 -0.064214522923646267 0.32124900726917177 0.21766070350155556 0.11206749007314347 0.58922480682973477 0.44080191058339507 0.59294070988614245 0.43635769276443409 0.29257048806179975 0.42854606417831714 0.35927680610577928 0.29213521066487791 0.22660654334358679 0.163493294962993 0.20670840108470423 0.14870256342433338 0.094781946624945684 0.045161741295507561 0 -0.040556282029466803 -0.076458017343345896 -0.1075730189223587 -0.1336877689867797 -0.15453685279672971 -0.27404848995788728 -0.28254473342510117 -0.28426944263224885 -0.2798873662668373 -0.2698505516653989 -0.44351400312120609 -0.39434372064234502 -0.62996159046129097 -0.54129212215045086 -0.35690877689280798 -0.64851436728286749 -0.53104488865613519 -0.87501652454996692 -0.73814383134201744 -0.58760250761119159 -0.77659460298181093 -1.0632049955297058 -1.8279387679892896 -0.4711348072473005 0.0026957783238942359 -0.064280439751816867 0.32119600522208069 0.21761961670271948 0.11203740068846177 0.58920494382750122 0.44079137974554644 0.59293846317123677 0.436362333634911 0.29258034999134702 0.42855780773159785 0.35928997523796385 0.29214918657196043 0.22662060573642773 0.16350686844003345 0.20672088870272959 0.14871306410386412 0.094789670983976226 0.045165975507395165 0 -0.04056168583358305 -0.076469560639012488 -0.10759146480278284 -0.13371421224677441 -0.15457228355461808 -0.27409378360272985 -0.28260089778724906 -0.28433774659500666 -0.27996874904639352 -0.26994604534641337 -0.44364152397850837 -0.39450785593162441 -0.63016733401704217 -0.54154462354536093 -0.35721332037480408 -0.64887684409586399 -0.53147145939452667 -0.87551455741740947 -0.7387221638426541 -0.58827205546045291 -0.7775684453872691 -1.064679037095331 -1.8280713943785605 -0.47116981642700839 0.0026694343150835661 -0.064299387473034902 0.32118327553967241 0.21761249614831982 0.11203533907222736 0.58920746882868491 0.44079787160273526 0.59294830531437437 0.43637473843723773 0.29259427770894786 0.42857205075521099 0.35930428049302682 0.29216316375558549 0.22663382497290779 0.16351899750916726 0.20673156267291282 0.14872174890160322 0.094795888384514693 0.045169308001531946 0 -0.040565719269261134 -0.076478059859376959 -0.10760489131786106 -0.13373320783833845 -0.1545974560164943 -0.27412563270133045 -0.28264003626300294 -0.28438491420432727 -0.28002451544639828 -0.27001100412939272 -0.44372716913367244 -0.39461688670821632 -0.63030271327034371 -0.54170940348863306 -0.35741066491878176 -0.64911016799189514 -0.53174450801848239 -0.87583170420410039 -0.73908858772524599 -0.58869435999360875 -0.77817621878896692 -1.0655904808239138 
end_dependent_variable

end_regular_table
