# ****************************************************************************
# CUI
#
# The Advanced Framework for Simulation, Integration, and Modeling (AFSIM)
#
# The use, dissemination or disclosure of data in this file is subject to
# limitation or restriction. See accompanying README and LICENSE for details.
# ****************************************************************************

# ##################################################################################################
# 
# This file was auto-generated by AFSIM Mover Creator 2.8.0.201104
# 
# Creation Date:  05 Nov 2020
# 
# ##################################################################################################

regular_table

independent_variable mach precision double
0.10000000000000001 0.5 0.70000000000000007 0.75 0.80000000000000004 0.84999999999999998 0.90000000000000002 0.92000000000000004 0.94000000000000006 0.95999999999999996 0.97999999999999998 1 1.02 1.04 1.0600000000000001 1.0800000000000001 1.1000000000000001 1.2 1.3 1.4000000000000001 1.5 1.75 2 2.5 3 3.5 4 
end_independent_variable

independent_variable surface_angle units deg
-40 -30 -28 -26 -24 -22 -20 -18 -16 -14 -12 -10 -9 -8 -7 -6 -5 -4 -3 -2 -1 0 1 2 3 4 5 6 7 8 9 10 12 14 16 18 20 22 24 26 28 30 35 40 
end_independent_variable

dependent_variable precision double
0.93456346713083382 0.51010376197884622 0.61328646221961902 0.70693880897099426 0.43601085155532965 0.51630872618438639 0.28873842933415583 0.42143198593436609 0.48302855124931499 0.30179946683079806 0.33589478325138039 0.20375901153979828 0.21067533610788119 0.21352339957647032 0.21192869059141203 0.20538740114289519 0.11580979592314671 0.10018080133037681 0.080633835834008863 0.057354759387354966 0.030454971591186902 0 -0.033993163439887092 -0.071453751182186831 -0.11230016369839467 -0.15641575481377398 -0.12496625392634876 -0.1733902511785953 -0.2239404053167017 -0.27605050499460126 -0.33013685416566518 -0.23070362839112257 -0.34483652373228874 -0.47067078083538505 -0.36633637891846643 -0.4902850271775625 -0.14444299525272661 -0.23971908729005692 -0.33616732189658349 -0.062896735273535176 -0.13448638071416263 0.20474685225566086 0.52617544812772643 1.1459532857690509 0.93384196093567828 0.5094163144498085 0.61261911002356084 0.70629580631365096 0.43539600559723224 0.51572631027940874 0.28819207218217896 0.42092577400343306 0.48256606460303525 0.30138410554028028 0.33553001759757384 0.20344788097053834 0.21039226164631336 0.21326911593666506 0.21170394359336001 0.20519287156674362 0.11564612842288842 0.10004866347394355 0.080533846361579467 0.057287523970503788 0.030421073482209623 0 -0.033958728233606079 -0.07138436455177033 -0.1121953356509594 -0.15627502266646909 -0.12478917972933548 -0.17317642525745255 -0.22368944285767478 -0.27576204282133182 -0.32981051525130817 -0.23033910847175881 -0.34439463039824114 -0.47015059740144133 -0.36573712311934581 -0.48960602321163371 -0.14368398857740322 -0.23887956754362338 -0.33524723469832679 -0.061896202916232587 -0.13340559723228324 0.20590751870724269 0.5275334417623071 1.1475030600092071 0.93391806406286071 0.50948869237049232 0.6126893877764249 0.70636354144904401 0.43546073932575829 0.51578764891534212 0.28824957531833661 0.42097907425086617 0.48261477338218861 0.30142784524986455 0.33556843106098078 0.20348062607436188 0.21042205934102012 0.21329588477883973 0.21172760935205268 0.20521335994717735 0.11566336921522238 0.10006258503222656 0.080544380773747343 0.057294608973193169 0.030424645974326078 0 -0.033962357412190593 -0.071391677529004133 -0.11220638489274173 -0.15628985806965726 -0.12480784973871961 -0.17319897710510737 -0.22371591649938244 -0.27579247923410849 -0.32984494883797583 -0.23037757350748519 -0.344441248583644 -0.47020548605078188 -0.36580037465430537 -0.48967770133168609 -0.14376415672671364 -0.2389682441044047 -0.33534443115946205 -0.062001918511796233 -0.13351980949512623 0.20578485113709932 0.5273899371879569 1.1473392854708553 0.93393321713366484 0.50950311806734583 0.61270339438435595 0.70637703526982876 0.43547363853301851 0.51579986657652954 0.28826103292608385 0.42098968602151315 0.48262447887144511 0.3014365510148152 0.33557608961424235 0.20348714901536205 0.21042799685960231 0.21330121906723518 0.21173232496409641 0.20521744181966717 0.11566680346575796 0.1000653588953823 0.080546479744808386 0.057296020478215311 0.030425357618878907 0 -0.033963080605464394 -0.071393135117212694 -0.11220858672121954 -0.15629281391991171 -0.12481156948799875 -0.1732034672159079 -0.22372118935416718 -0.2757985426836142 -0.32985180725436075 -0.23038523984765638 -0.34445053657965624 -0.47021642199941194 -0.36581297049122624 -0.48969197537528347 -0.14378012563586789 -0.2389859029005999 -0.33536379133158117 -0.06202297444305211 -0.13354255429218898 0.20576042270805417 0.52736135169806508 1.1473066677659793 0.9339472682929314 0.50951647274499157 0.61271636443972843 0.70638954155728917 0.43548559284347593 0.51581119193446778 0.2882716492922841 0.42099952880292213 0.48263346477366065 0.30144463203983707 0.33558317806359672 0.20349319504006189 0.21043349754532051 0.21330616101027486 0.21173669431397082 0.20522122568329643 0.11566998610975501 0.10006792899043193 0.080548425211626626 0.057297327498228946 0.030426016550202405 0 -0.033963750455215977 -0.071394485188624165 -0.11221062674792792 -0.15629555275793097 -0.12481501650395997 -0.17320762976588758 -0.22372607343791534 -0.27580415902408839 -0.32985816347890268 -0.23039233850935117 -0.34445914392317561 -0.47022655257734108 -0.36582464696219547 -0.48970520214336472 -0.14379491935994149 -0.23900226779325637 -0.33538172535035243 -0.062042480651640163 -0.13356364111577482 0.20573779088500802 0.52733486229105686 1.1472764392381587 0.93396034174825093 0.5095289123969301 0.61272844500024481 0.70640117954049997 0.43549672046497134 0.51582173119749719 0.28828153802922507 0.42100869067652935 0.48264183755248441 0.30145214296095152 0.33558977995875416 0.20349882255028334 0.21043861667246744 0.21331076112713046 0.21174076224023317 0.20522474581323269 0.1156729477523213 0.10007032088014013 0.080550235253235986 0.057298545575139678 0.030426630934179744 0 -0.033964374293586647 -0.071395741617660435 -0.11221252598794866 -0.15629810258786742 -0.1248182242001047 -0.17321150397681642 -0.22373062313133982 -0.27580938860408027 -0.32986408031749531 -0.23039894851055392 -0.34446715263206129 -0.47023598373760134 -0.36583551844542622 -0.48971751822598347 -0.14380869146700426 -0.23901750154155027 -0.33539842290999988 -0.062060644703380609 -0.1335832550645549 0.20571671580561368 0.52731021787101051 1.1472482976021148 0.93397257038770454 0.50954054272088578 0.61273973333844867 0.70641206870384532 0.43550711790412255 0.51583158623371472 0.28829077419760946 0.4210172535963676 0.48264965848195968 0.30145917224255819 0.33559595140376053 0.20350408343748161 0.21044340670694248 0.21331506278833559 0.21174456636897554 0.20522803916538326 0.11567571836029354 0.10007255773375447 0.080551927821016306 0.057299683995794694 0.030427204229443443 0 -0.033964957601731051 -0.07139691701815773 -0.11221430057358846 -0.15630048662683893 -0.12482122311771379 -0.17321512766626795 -0.22373487711368034 -0.27581427919819546 -0.3298696117678892 -0.23040512499790336 -0.34447464523479016 -0.47024480126385321 -0.36584567608605756 -0.48972903238456617 -0.14382157178143465 -0.23903175158614756 -0.33541404102525874 -0.062077628974487133 -0.13360160140657296 0.20569700100997138 0.5272871607039834 1.1472219862727937 0.93826198837525077 0.51203853542981692 0.61604888449032591 0.71046305463371395 0.4379819160389854 0.51894397678324289 0.29002963140254212 0.42370527513705025 0.48580774501701451 0.30346984276121136 0.33785989733613958 0.20489995050690474 0.21188662995655319 0.2147761620378581 0.21319201035337579 0.20662742302020121 0.11646925276729832 0.10075583980229535 0.081099065840459783 0.057686671032300789 0.030631438959759078 0 -0.034189854277589568 -0.071866165743346699 -0.11294605138021968 -0.15731131103832163 -0.12559799818041112 -0.17428743276095746 -0.22510936531211076 -0.27749296470581053 -0.33185643338228865 -0.23166700067109613 -0.34634572283739795 -0.47275420529309842 -0.36743007580275927 -0.4918422183342393 -0.14335745894758781 -0.23882732151609803 -0.33541489993415474 -0.059901840918116366 -0.13140298764587197 0.21051150726540874 0.53533618346761502 1.1600907811320462 0.9425096097552359 0.51451086789719436 0.61933607175728622 0.71449544072574311 0.44044130906248102 0.52204396924505825 0.29175869083695666 0.42638590345384247 0.48896042000731821 0.30547674850054657 0.34012136429945972 0.20629428194668992 0.21332869727134499 0.21623640592727289 0.21463884708648026 0.20802638398199988 0.11726251048370323 0.10143894944184996 0.081646100472721334 0.058073601425422151 0.030835649667139416 0 -0.034414727351771826 -0.072335358686817161 -0.11367770003791526 -0.15832196212085556 -0.1263744964503852 -0.17535931999220536 -0.22648324821235552 -0.27917079468736733 -0.33384210031288086 -0.23292734873133822 -0.3482143263218086 -0.47525985641487151 -0.36900909634782914 -0.49394803260806042 -0.14288357903130591 -0.23861053155248899 -0.33540040938893922 -0.057707494128576439 -0.12918245866205627 0.21535158379168032 0.54341954267302539 1.1730011475699373 0.94671544264647045 0.51695755329693704 0.62260130218584409 0.71850923800926014 0.44288531627593286 0.52513156944019468 0.29347794989670606 0.42905914712511012 0.49210768873775679 0.30747988118856806 0.34238035175757298 0.20768708526290733 0.21476960727265185 0.21769579820961499 0.21608507335140165 0.20942492373581542 0.11805548702884386 0.10212187713579349 0.082193030530616343 0.058460477156991077 0.031039837151019226 0 -0.034639577030120307 -0.07280449668151312 -0.11440924398082462 -0.15933243688733106 -0.12715071367674924 -0.17643078422831057 -0.22785652347834168 -0.28084777837226849 -0.33582661493403498 -0.23418616519581678 -0.35008046342386984 -0.47776173923406912 -0.37058271895609146 -0.49604646509581229 -0.14239991977778041 -0.23838136729592033 -0.33537055468384169 -0.055494586920831167 -0.12694002042934505 0.22021724835825851 0.5515372334182912 1.1859530950839434 0.95087947811315687 0.51937859545867293 0.62584456581896797 0.72250441584724412 0.44531392843717288 0.528206777419714 0.29518741424963951 0.43172498638997453 0.49524956450990393 0.30947924598250776 0.34463686213591027 0.20907835427709104 0.2162093649645207 0.21915433910189677 0.21753068853539959 0.2108230427284378 0.11884818338565802 0.10280463658142761 0.082739858069378391 0.05884729695046504 0.031244000303997849 0 -0.034864402856271064 -0.073273578977465836 -0.11514068539821831 -0.16034273992691872 -0.1279266527572549 -0.17750183107329498 -0.22922918925908259 -0.28252391749661199 -0.33780997864994788 -0.23544345856630536 -0.35194412661198077 -0.4802598659033766 -0.37215096063109321 -0.49813752503966324 -0.14190648404646658 -0.23813985167309648 -0.33532535180117518 -0.053263122052212494 -0.12467569178950647 0.22510850055664974 0.5596892677029125 1.198946608100246 0.95147612113602731 0.52177398299564215 0.62906587629013233 0.72648099895355867 0.44772715652446704 0.53126959333680135 0.2968870758790696 0.43438343672013147 0.49838603698376482 0.31147484768216571 0.34689089214099184 0.21046809082746235 0.21764795850063653 0.22061202585955164 0.21897569743827411 0.21222074035989197 0.11964059987328131 0.10348721595796821 0.083286582578390417 0.059234061648362112 0.031448139933488446 0 -0.035089204485557593 -0.073742607230989271 -0.11587202507516996 -0.16135286562921394 -0.12870231467483992 -0.17857245778259201 -0.23060124840126817 -0.2841991983247999 -0.33979218193761207 -0.23669922263880705 -0.3538053168307827 -0.48275423718871935 -0.37371381631772582 -0.50022122903466648 -0.14140328572614755 -0.23788597319513438 -0.33526479609432464 -0.051013096765388476 -0.1223894421565808 0.23002533048088375 0.56787562055771679 1.2103285450597561 0.94093210589591247 0.52243616213063016 0.63203419154866269 0.73043897553295067 0.45012498138967699 0.53432001688508657 0.29857693570410704 0.43703450301750435 0.5015171001851203 0.31346667901124936 0.34914244100689212 0.21185629315239252 0.21908540082514094 0.2220688618143557 0.22042009312839908 0.2136180154046971 0.12043273787037972 0.10416962449481802 0.083833205895873703 0.059620770609219657 0.031652255953324396 0 -0.035313983746627121 -0.07421157983363981 -0.11660326119260643 -0.16236281776640002 -0.12947769563817293 -0.17964266493064587 -0.23197270105808349 -0.28587363797526788 -0.34177323934961268 -0.23795345886858041 -0.35566404105019811 -0.48524485569424425 -0.37527128356502759 -0.50229755777949847 -0.1408903065877955 -0.23761973615121706 -0.33518888587825402 -0.048744516575022982 -0.12021847973745706 0.23399080807541994 0.57228348801029461 1.2166375596366215 0.93007937558590048 0.51633960294051895 0.62748725576243902 0.72823304953221912 0.44785096573215272 0.53392751303374697 0.29782205098470987 0.43803883114857822 0.50362330084284346 0.31490411995708772 0.35118250087981789 0.21324296694526129 0.22052168078105186 0.22352484376218709 0.22186388337991866 0.21501487189672763 0.1212245966620894 0.10485185602627646 0.084379724013484619 0.060007424238339935 0.031856348519882158 0 -0.03553873898316566 -0.074680497359861583 -0.11733439422923117 -0.16337259648527927 -0.13025280150658425 -0.18071245268340705 -0.23334354733165191 -0.28754722308261532 -0.34375313980556033 -0.23920617340856049 -0.35768583142896804 -0.48815114586884489 -0.37757113281858534 -0.50552535283155897 -0.14202675615896529 -0.23959668687474045 -0.33805024443548209 -0.050217297682524274 -0.12244040336955039 0.23417546531820232 0.57501269627756491 1.223009242036595 0.92080437998516851 0.51195580158314602 0.62467054116648302 0.72684189280271905 0.44550864856283234 0.53281377044844935 0.29589331634597338 0.43759234537607855 0.50414857732416962 0.31474948012751747 0.351707027571106 0.21330578095802386 0.22088769468923525 0.22413436107420703 0.22265447441168115 0.21592204199059734 0.12166576489443198 0.10529948338525666 0.0847814095439893 0.060316698950877976 0.032031076801867474 0 -0.035758365531253458 -0.075155383437415194 -0.11809864871357426 -0.16446300202797617 -0.13117448348946112 -0.18201093685265407 -0.23504345746562216 -0.28967160718276042 -0.34632270404324011 -0.24120523356838369 -0.36050134089215485 -0.49180100967665047 -0.38050114199646884 -0.50919071869137378 -0.14331690232240774 -0.24134485681508022 -0.3401940398332759 -0.050373025560380091 -0.12276478799937139 0.23626524713658048 0.57966823065413131 1.2313333626834848 0.92259307530092671 0.51143617165805655 0.62504530868443231 0.72808397387082879 0.4453357838159725 0.53348039521949508 0.29542063392873624 0.43833364967404381 0.50564321993787475 0.31538957505068671 0.35289005721011785 0.21389461731039955 0.22165127603353835 0.22503668543804989 0.22365384694071005 0.2169717252958652 0.12219845139894871 0.10580081900020304 0.085209886179570885 0.06063540403860275 0.032206547029536806 0 -0.035971938487935444 -0.075610428252255044 -0.11882128814023912 -0.16548189994564505 -0.13198551767375444 -0.18314915651603386 -0.23652187801901794 -0.29150015874862295 -0.3485074187319554 -0.24271429751316678 -0.36272607922400052 -0.49476344714602505 -0.3826250861362207 -0.51190815243644106 -0.14349307566333644 -0.24178746725967631 -0.34081391118200005 -0.048756436367769523 -0.12103428724628328 0.24073432914515494 0.58779614492239007 1.2449647648850672 0.92644266453223856 0.51367669916186387 0.62813441050211294 0.73194881548795598 0.44765648457526053 0.53646843673701994 0.29706083578863435 0.44094668174327339 0.50874586204248928 0.31736086683551074 0.35512732715602807 0.21527320829108693 0.2230809835058323 0.22648735645821466 0.22509337868454574 0.21836520263931972 0.12298766497746183 0.10648102844995015 0.08575492828208138 0.061021080844590687 0.032410143228476893 0 -0.03619612657257136 -0.076078131473749339 -0.11955044708677008 -0.16648877627906364 -0.13275660184589216 -0.18421359567035747 -0.23788579422386752 -0.29316493384855424 -0.35047630995296447 -0.24395345083091496 -0.36456257630989208 -0.49722262417851942 -0.38413971279392484 -0.51392794928975671 -0.14290722468445327 -0.24143018357499901 -0.34062597741189804 -0.046352587447157277 -0.11856537458536243 0.2458663755155768 0.59629059397925821 1.2584282931616437 0.94502391386969009 0.52447889242846801 0.64323735020343431 0.75098283430206625 0.45901982016507986 0.55121497239361128 0.30510853896469081 0.45389587330401604 0.52417403261922557 0.3271577260299729 0.36627423555010308 0.22214162370627605 0.23021088819678795 0.23372691379347035 0.23228110066878305 0.22532568721862473 0.12692913616792317 0.10987918337238041 0.088478435759204555 0.06294855907184338 0.033427746095314292 0 -0.037316721706945249 -0.078415861550139493 -0.12319480073052895 -0.17152073570664891 -0.13660815171892196 -0.1895299413027316 -0.24469687232577753 -0.30147686703725352 -0.36030448631074252 -0.25012758538474283 -0.37370982993061941 -0.5094646563506301 -0.3916354270951925 -0.52392065526081077 -0.13983671933453981 -0.23946486639231845 -0.33946388072203187 -0.03406437277361947 -0.10590339948383184 0.27189709474055501 0.639257389722938 1.3263363911357804 0.96249340850498066 0.53461342176732118 0.65776895975067806 0.76953299931756536 0.46998262265510438 0.56563860405656652 0.31290055934646932 0.46665168347481301 0.5394603622118761 0.33685517357899558 0.37735536791865204 0.22896908099811925 0.23730969005592362 0.24094344332217785 0.23945225830058905 0.23227465049070883 0.13086291963612551 0.1132724996240642 0.091199087355312555 0.064874512197742901 0.034444708353203152 0 -0.038436738447863612 -0.080752270436893647 -0.12683673194329889 -0.17654861425106491 -0.14045320424562993 -0.19483648244997379 -0.25149370612753191 -0.30976881805847145 -0.37010544218558838 -0.25626555063698442 -0.38279822013143738 -0.52161674690828264 -0.39900172142679163 -0.5337357790985674 -0.13653019173293188 -0.23720065059884224 -0.33793018453541862 -0.021326820735749805 -0.092711119497707953 0.29854691361874913 0.6830510089760583 1.3952330541360289 0.97885053365521235 0.54407998285067649 0.6717289784738526 0.78759907335284474 0.48054470107456659 0.57973917445584155 0.32043676621601141 0.47921399277128024 0.55460477473850378 0.3464531470596473 0.38837066056220088 0.2357555262965203 0.24437736138226554 0.24813690534386332 0.24660681436874796 0.23921205735065146 0.13478898678751539 0.11666095409958105 0.093916868262511582 0.066798926930289784 0.035461023531668336 0 -0.039556168250469648 -0.083087341985748353 -0.1304762105986754 -0.18157236975449345 -0.14429170210925504 -0.20013313230718974 -0.25827620422868319 -0.31804066506622031 -0.37987901647783062 -0.26236715102131919 -0.39182749722062088 -0.5336785282072195 -0.40623814414796411 -0.54337273231690564 -0.13298688029433803 -0.23463658925529918 -0.33602369656130704 -0.0081384709688596037 -0.078986745424938581 0.3258179609125319 0.72767494767807339 1.4651241213233659 0.9940949676316605 0.55287839262233118 0.68511724016711717 0.80518093922129785 0.4907059458961151 0.59351660929665973 0.3277170952355723 0.49158276979047089 0.56960721735024689 0.35595160740972598 0.39932008054595169 0.24250093815556426 0.25141386234768598 0.25530728013594434 0.25374474034253364 0.24613788194846584 0.13870731272951292 0.12004452602320087 0.096631758279515687 0.068721792450785843 0.036476684617704161 0 -0.040675002163008685 -0.085421057479398349 -0.13411320376186045 -0.18659195951658594 -0.14812358595056829 -0.20541981179256794 -0.26504426074002607 -0.32629228417204481 -0.38962505447051116 -0.26843219926895379 -0.40079738814571653 -0.54564966783575819 -0.41334422115080338 -0.55283092055760996 -0.12920604666654162 -0.23177172878439706 -0.3337432671454677 0.0055020720433777027 -0.064728566187876327 0.35371231687565918 0.7731325123295224 1.5360151640401409 1.0273383570780519 0.57195111544093524 0.7160864830848408 0.84701710045366241 0.51435538080079624 0.6265464057270983 0.34479843208526112 0.52165789357696468 0.60649218539643945 0.3792623280220293 0.4264053862378745 0.25918484486128573 0.26886866959489791 0.27313207170251586 0.2715167073014299 0.26340168587686685 0.14846916708451188 0.12848200042295718 0.10340625371940158 0.073522108638382475 0.039012940179561875 0 -0.043469428404853253 -0.091249296399087881 -0.14319463588023298 -0.19912241839003963 -0.15767396268020437 -0.21859241457722792 -0.28190057808173991 -0.34683203985891609 -0.41386873429797488 -0.28343376330028003 -0.42296067635081169 -0.57517868767249203 -0.43053623360217269 -0.5756904922002074 -0.11870997992236212 -0.22328774076403038 -0.32639892270787935 0.04159063486600223 -0.026737104773510462 0.4261880162516225 0.89044411774650345 1.7176516443789096 1.045111894024729 0.58187849077216247 0.73336994257730936 0.87102170715654026 0.52764440139470714 0.64564889432684514 0.35449102315576841 0.53929564532980634 0.6283366590119891 0.3930596835009777 0.4425423384973553 0.26913311304545678 0.27929928353412736 0.28379990538610184 0.28216413864355072 0.27375221591859489 0.1543236389139174 0.1335447333503389 0.10747240088037276 0.076403753593502058 0.040535470476327252 0 -0.04514615391301089 -0.09474536953183843 -0.14864009932465194 -0.20663243403695877 -0.16338821572389553 -0.22646915481229576 -0.29197285168457077 -0.35909517643898642 -0.42833010253764442 -0.29232027040152947 -0.43606927456805594 -0.59260525492605598 -0.4404326706479158 -0.58883238488136591 -0.11165158995401114 -0.21723541058226678 -0.32079881666379279 0.064685122891474489 -0.0022418436191867785 0.47165816544259087 0.96349940318789729 1.8298878123180322 1.0494784903967871 0.58371544445179702 0.73494102052563282 0.87236203982480365 0.52878348202221659 0.64660861561850469 0.35529081025971354 0.53995220180543457 0.62886581015741683 0.39347618104202819 0.44286057672793511 0.26936702095970927 0.27949611490799597 0.28396267668965591 0.28229620463063787 0.27385701846709254 0.15440394844031635 0.13360320522273178 0.10751240182019377 0.076428076675872439 0.040546490628895988 0 -0.045153955782110004 -0.094759125315113255 -0.14865803091799226 -0.20665214369451734 -0.16340771906026283 -0.22648695747483755 -0.29198724023403588 -0.35910413329985869 -0.42833241180313553 -0.29231472765373401 -0.43604346287749285 -0.59255514743921978 -0.44035447794821708 -0.58872319964312425 -0.11150918397218806 -0.21705766734929788 -0.32058397965711549 0.064939417828681373 -0.0019450615159555032 0.47200173921335892 0.96399733265539267 1.8306393129231031 1.052147566003411 0.58484871425757312 0.73591239920395002 0.87319272564141326 0.52949125466189439 0.64720665665972499 0.35579081666195378 0.54036417272656712 0.62919928392344993 0.39374000281636024 0.44306340146912282 0.2695172170425047 0.27962305685324723 0.28406817654952687 0.28238228636335744 0.27392574081667431 0.15445699357071882 0.1336421686525871 0.10753930479507787 0.076444602157582878 0.040554068983371223 0 -0.04515959048086178 -0.094769282524911402 -0.14867164396785204 -0.20666776682020566 -0.16342415677967226 -0.2265032965813342 -0.29200247002504787 -0.35911702829452846 -0.42834222075616646 -0.29232074655190438 -0.43603911752661856 -0.59253802070596351 -0.4403222688646144 -0.58867413700637328 -0.11144192805087201 -0.21697087266755846 -0.32047657136611724 0.065068882222031194 -0.0017916913100845945 0.47218167299336072 0.96426654909858311 1.8310582435542726 1.0537854773374629 0.58555383934798155 0.73651872117675721 0.87371300226296378 0.52993622676128804 0.64758419156875924 0.3561078906857188 0.54062681880520158 0.62941314820469663 0.39391041741849225 0.44319551149692826 0.26961604632922842 0.27970707314010473 0.28413846266374471 0.28244004002099249 0.2739722299436243 0.15449319727512728 0.1336690507240868 0.10755807395990534 0.076456273107505482 0.040559493212168431 0 -0.045163845436565986 -0.094777127916133422 -0.14868243889044286 -0.20668064633679695 -0.16343840012242106 -0.22651836233662728 -0.29201774545245646 -0.35913177810553792 -0.42835600167137294 -0.29233311880239587 -0.43604702060160749 -0.59253994892350037 -0.44031684866490467 -0.5886602980084803 -0.11141887369223846 -0.21693774383504141 -0.3204327272353516 0.065124390122167572 -0.0017234205374333643 0.47226442614135516 0.96439938611737652 1.8312780846077852 1.0547963126697673 0.5859976791541246 0.73690214605316318 0.8740436357218011 0.53022043874993108 0.64782666061569028 0.35631282810484338 0.54079773764164474 0.62955344406166802 0.39402324846228531 0.44328394845067104 0.26968303992104836 0.27976442755905417 0.28418683309529247 0.28248013909502273 0.2740047977356862 0.15451883631330918 0.13368830928341821 0.10757169482858833 0.076464848920423545 0.040563537658026096 0 -0.045167190217424907 -0.09478342166987376 -0.14869130591463242 -0.2066915583821676 -0.16345093991912357 -0.22653219941970637 -0.29203251473073993 -0.35914703853357144 -0.4283714701758437 -0.29234855858465902 -0.43606138808812028 -0.59255235755545477 -0.44032643932915794 -0.58866647009175788 -0.11142104636767558 -0.21693542818683759 -0.32042555051307925 0.065137024063883872 -0.0017045621741945201 0.47229047782191957 0.96445211753744486 1.8313801620570527 
end_dependent_variable

end_regular_table
