# ****************************************************************************
# CUI
#
# The Advanced Framework for Simulation, Integration, and Modeling (AFSIM)
#
# The use, dissemination or disclosure of data in this file is subject to
# limitation or restriction. See accompanying README and LICENSE for details.
# ****************************************************************************

# ##################################################################################################
# 
# This file was auto-generated by AFSIM Mover Creator 2.8.0.201104
# 
# Creation Date:  05 Nov 2020
# 
# ##################################################################################################

regular_table

independent_variable mach precision double
0.10000000000000001 0.5 0.70000000000000007 0.75 0.80000000000000004 0.84999999999999998 0.90000000000000002 0.92000000000000004 0.94000000000000006 0.95999999999999996 0.97999999999999998 1 1.02 1.04 1.0600000000000001 1.0800000000000001 1.1000000000000001 1.2 1.3 1.4000000000000001 1.5 1.75 2 2.5 3 3.5 4 
end_independent_variable

independent_variable surface_angle units deg
-40 -30 -28 -26 -24 -22 -20 -18 -16 -14 -12 -10 -9 -8 -7 -6 -5 -4 -3 -2 -1 0 1 2 3 4 5 6 7 8 9 10 12 14 16 18 20 22 24 26 28 30 35 40 
end_independent_variable

dependent_variable precision double
0.27423161496663495 0.084870689558352294 0.17501751563707982 0.34155185781560049 0.37535079475447497 0.48362566003150387 0.40201519302524674 0.46262415978445665 0.50470044237433009 0.43854922867108415 0.4536501081603681 0.24470102766329177 0.24825865310126513 0.24013082619957929 0.26892605114037677 0.27571468478377487 0.2137342928644764 0.1890491924385887 0.15199360697956496 0.10616416797579867 0.055198460770590041 0 -0.054905415083496702 -0.1167733835909551 -0.18426965245188109 -0.25664382842996136 -0.27633710456462135 -0.37615415541166247 -0.49168768537681229 -0.63132289519196394 -0.73789621195647392 -0.69801039087120487 -0.78591842886301722 -1.0227933433308993 -1.0094584307766479 -1.2558588478721997 -0.89933877895483638 -1.0743011727182501 -1.3352605441792229 -1.1067600123833095 -1.3900222097038955 -0.98306788560695324 -0.42326907288504384 0.53852573289608452 0.27546217914436072 0.085589705984898595 0.17564785920481821 0.34209861158935062 0.37581899201389668 0.48402101292159039 0.40234318863653795 0.46289086986398498 0.50491185084299972 0.43871143331739565 0.45376949042057896 0.2447839170822044 0.24832578494264426 0.24018383660802411 0.26896660657837218 0.27574443467196269 0.21375489973997319 0.18906232547653234 0.15200093414237795 0.10616736987963155 0.055199219539509299 0 -0.054904489797578858 -0.11676984713723076 -0.18426182271426217 -0.25663002954741831 -0.27631570166909758 -0.37612345220149074 -0.49164602694221776 -0.63126863153786061 -0.73782767738630262 -0.69792605544870712 -0.78579736041773851 -1.0226292024248325 -1.0092451349398031 -1.255590073368043 -0.89900908196762097 -1.0739041850877609 -1.3347906429907919 -1.1062120156400683 -1.3893906239325915 -0.98234787832807169 -0.42230691518425423 0.53975624741630457 0.27533204660863503 0.085513507627641275 0.17558103832920666 0.34204063664306283 0.37576928842512641 0.48397902667086656 0.40230829906886795 0.46286248249349854 0.50488932459002334 0.43869411446448425 0.45375671631448961 0.24477500751723405 0.24831855447793022 0.24017811316562926 0.26896221578258284 0.27574120182792955 0.21375264970605695 0.18906087915381187 0.15200011546372066 0.10616700244281244 0.055199124764202613 0 -0.054904572605299053 -0.11677019065483367 -0.18426260475614803 -0.25663142697855879 -0.27631789543940055 -0.37612661892061933 -0.49165033903915834 -0.63127426760091732 -0.73783480738711726 -0.69793485720965842 -0.78581001223105074 -1.0226463849429985 -1.0092675295812417 -1.2556183145744064 -0.89904384834893403 -1.0739460564496544 -1.3348402216060458 -1.1062698971434408 -1.3894573500887453 -0.98242400213524361 -0.42240866788109466 0.53962611666773852 0.27530612915652075 0.085498329791911409 0.17556773094746281 0.34202909171980445 0.37575939726275448 0.48397066576388842 0.40230135282635482 0.46285682638872366 0.5048848388832945 0.43869066412951235 0.45375417765430054 0.24477323577190144 0.24831711769736534 0.24017697598960322 0.26896134323382953 0.27574055829091143 0.21375220224597608 0.18906059257000715 0.15199995375769187 0.10616692935277247 0.055199106106735257 0 -0.054904589367898542 -0.11677025993918111 -0.18426276129217942 -0.25663170660520651 -0.27631833397964023 -0.37612724784122503 -0.49165119901396737 -0.63127539067114802 -0.73783622607269128 -0.69793661724271294 -0.78581253212606417 -1.0226498138001419 -1.0092719908421803 -1.2556239355742609 -0.89905077384763044 -1.0739544004424435 -1.3348501011518801 -1.1062814289183107 -1.3894706446412364 -0.98243916452480839 -0.42242892329251114 0.53960019264143 0.27528211285924115 0.085484267909687522 0.17555540241855402 0.34201839863339645 0.37575022594273227 0.48396291849091905 0.40229491949864238 0.46285159345780758 0.50488068597121138 0.43868747663465368 0.45375182058229069 0.24477159321267597 0.24831578648687028 0.24017592153353515 0.26896053419306859 0.27573996297528863 0.21375178746538481 0.18906032657045124 0.15199980322141052 0.10616686140081635 0.055199088406674833 0 -0.054904604973631345 -0.11677032367056844 -0.18426290653080923 -0.2566319659667412 -0.27631873920211919 -0.37612783233814978 -0.49165199541695709 -0.63127643236179065 -0.73783754589004413 -0.69793824055805953 -0.78581487279450235 -1.0226529853063053 -1.009276124414644 -1.2556291531866666 -0.89905718694214354 -1.0739621245461657 -1.3348592438773494 -1.1062921069415168 -1.3894829616174353 -0.98245320176976114 -0.42244770812689864 0.53957618649266381 0.27525975466309266 0.085471180284745374 0.17554392815192632 0.34200844089932997 0.3757416918727558 0.48395570883384859 0.40228892772700131 0.4628467171290554 0.50487681785577299 0.43868449782258984 0.45374962987568984 0.24477006621246566 0.2483145454960205 0.24017493901064021 0.26895978259672276 0.27573940975365663 0.21375140148678498 0.18906007868184282 0.15199966312086452 0.10616679908160423 0.055199072641374206 0 -0.054904619590043648 -0.11677038283033768 -0.18426304139753064 -0.25663220807899439 -0.27631911779272883 -0.37612837892176032 -0.49165273948170163 -0.63127740250222253 -0.7378387747218258 -0.69793975747358339 -0.78581704898043125 -1.0226559419065282 -1.0092799772115713 -1.2556340059632081 -0.89906316409737208 -1.0739693182464538 -1.3348677706710328 -1.1063020558036121 -1.3894944268844376 -0.98246628288433591 -0.42246517046319376 0.53955383116873601 0.27523886193780306 0.085458945517887602 0.17553319708837711 0.34199913560616602 0.37573370850323989 0.48394896843382335 0.40228333040701142 0.46284216351026253 0.50487320236810751 0.43868172089573199 0.45374758035469626 0.24476863686776126 0.24831338696982022 0.24017402171907021 0.26895907925368584 0.27573889144546376 0.21375104177304838 0.18905984751594201 0.15199953249864709 0.10616674067180373 0.055199057410625793 0 -0.054904633312876171 -0.11677043916575654 -0.18426316819012042 -0.25663243318131812 -0.27631947123545014 -0.37612888816650114 -0.49165343235708969 -0.63127830817725539 -0.73783992089747696 -0.69794116932965489 -0.78581908308717363 -1.0226587029404313 -1.009283576231838 -1.2556385452208974 -0.89906875318366264 -1.0739760462640164 -1.3348757332329053 -1.1063113559267788 -1.3895051423103406 -0.98247852199143848 -0.42248152782424908 0.5395329290608587 0.28524914883595637 0.088962719599473827 0.17995451018502343 0.34781876977212195 0.37984373442438502 0.48921306143894711 0.40561407031900909 0.4674350354507299 0.51018558268909298 0.44262477370965975 0.45812417520805887 0.24713273215952536 0.25079308485799107 0.24266470850685659 0.27167921289903274 0.27851685063055731 0.21567948209213228 0.19078109751614705 0.1534008610830799 0.10716185867596148 0.055725006200643599 0 -0.055456705079956065 -0.11794939392773168 -0.18613469838451022 -0.25925599773513636 -0.27895073039209189 -0.37974070498073786 -0.49637435763905735 -0.63729603074130414 -0.74495774349606503 -0.70435017122159238 -0.79364739945462204 -1.0329797059400061 -1.0191408685340031 -1.2680676251915115 -0.90730718616652106 -1.0840817345236262 -1.3474117450377725 -1.1157252231714787 -1.4012507433695511 -0.98943042096674405 -0.42352199058601347 0.54938725368241126 0.29535946121780471 0.092504288787250935 0.18441806897690349 0.3536850627941267 0.38397602117977764 0.49450503980143018 0.40895440010380368 0.47204846981109949 0.51552413208149672 0.44658161763836907 0.46251880944601564 0.24950655339075783 0.25328370082319629 0.24516715918324666 0.27441158657059289 0.28130719647830787 0.21761451581098298 0.19250837790978823 0.15480726505392892 0.10816073534160696 0.056253023026309204 0 -0.056011220575541872 -0.11913361097791055 -0.1880146845308544 -0.26189157309280298 -0.28159235259782822 -0.38336704535158078 -0.5011142930396435 -0.64333761457930416 -0.7521046314113623 -0.71078243662089657 -0.80151012862662541 -1.0433474457413185 -1.0290401826258371 -1.2805514402944582 -0.91557642947423756 -1.0942279431035458 -1.3599982726954414 -1.1251689012082122 -1.413033504684807 -0.99639197765031817 -0.42454253785411428 0.55932276089611588 0.30556978544987345 0.096083655072625299 0.18892386794935342 0.35959801344669923 0.38813058278585483 0.49982491179326832 0.41230431646791532 0.47668247417403403 0.5208888370650292 0.45055225049897202 0.466931489655526 0.25189010381664212 0.25578523651217561 0.2476813766970537 0.27715619743444159 0.28410992814619729 0.21955614157008266 0.19424168220564661 0.15621874217086185 0.10916337173146183 0.056783107969002183 0 -0.056568179076791361 -0.12032308984716372 -0.18990312519304259 -0.26453915785650378 -0.28424433306562458 -0.38700790506643934 -0.50587323396329464 -0.6494030593465886 -0.75928058418381339 -0.71723794990268641 -0.80940728186228872 -1.0537619087874861 -1.0389815030356437 -1.2930899796535944 -0.92387646717556049 -1.1044146796630301 -1.3726353122230983 -1.1346423708888405 -1.4248534339153627 -1.0033632046033394 -0.42554316901581096 0.5693394408981256 0.31588013496139039 0.099700814294068185 0.1934719119021733 0.36555760975587059 0.39230742016172748 0.50517268070794141 0.41566382878116642 0.48133703827613139 0.52627972023449388 0.45453667323611024 0.47136220400304052 0.25428337776932936 0.2582976923206573 0.25020735769097086 0.27991304417574014 0.2869250442427943 0.22150435959282624 0.19598102011182841 0.15763529413168037 0.11016976754234727 0.057315260942555929 0 -0.0571275811948493 -0.12151783033124444 -0.19180002294969076 -0.26719875415806499 -0.28690667251034474 -0.39066328990805144 -0.51065118249077535 -0.65549237549804151 -0.76648560836208179 -0.72371672625781835 -0.81733884338354612 -1.064223108022651 -1.0489648384694439 -1.3056832498558799 -0.93220731269971813 -1.1146419373598115 -1.3853228604038568 -1.1441456473786895 -1.4367105282528254 -1.0103440828819163 -0.42652387018232057 0.5794372881737766 0.32477147327837791 0.10335576749834451 0.19806218939754178 0.37156386333817792 0.39650652712892953 0.51054833579696113 0.41903292563126654 0.4860121678363023 0.53169676149711076 0.4585348930494838 0.4758109651901577 0.25668637757212698 0.26082106445731001 0.25274510347983686 0.2826821315304614 0.28975254908281267 0.22345916862181939 0.19772638370738702 0.15905692022152063 0.11117992295617057 0.057849481781019903 0 -0.057689426002626644 -0.1227178336875471 -0.19370537644766381 -0.26987035881889548 -0.28957937491480162 -0.39433319554893781 -0.51544813761361707 -0.66160554803428751 -0.77371968935528601 -0.730218757695136 -0.82530482462821908 -1.0747310489359461 -1.0589902043223405 -1.3183312581010147 -0.94056896109372512 -1.124909733656992 -1.3980609405729145 -1.1536787086701654 -1.4486047726339926 -1.017334631736311 -0.42748465605941338 0.44604991491414159 0.34790217181223049 0.098392229392457245 0.19376916275183265 0.37761677090014145 0.400727907287311 0.51595188602165609 0.42241161314561998 0.49070786745009987 0.53713996805258002 0.46254689714813618 0.48027776268540134 0.25909910437392325 0.26335535709642782 0.25529461513594759 0.28546345164786868 0.29259243703669974 0.22542057162502346 0.19947777810487538 0.16048362114886375 0.11219383743678388 0.058385771068412327 0 -0.058253714945807854 -0.12392309880547969 -0.19561918543803594 -0.27255397515162333 -0.29226243499410892 -0.39801762129976548 -0.52026410120833722 -0.66774259196746721 -0.78098283581838468 -0.73674404207004796 -0.8333052203114214 -1.0852857181236741 -1.0690575683488683 -1.3310340004061862 -0.94896141710631987 -1.1352180524701356 -1.4108495223996202 -1.1632415863194006 -1.5249026168272395 -1.1001951865409227 -0.54486363445666319 0.40873036974397947 0.37068734673314718 0.10015613568142773 0.19668295843500735 0.37301642661567569 0.39402481748627666 0.51052935881738759 0.41491137145850887 0.48459571411819918 0.53176185725310687 0.45578040081434462 0.47400631503274443 0.26152155682158307 0.26590056721260491 0.25785589077001986 0.2882570134254635 0.29544471401484751 0.22738856679613076 0.20123520093630706 0.16191539614140146 0.11321151189053236 0.058924128533467901 0 -0.058820447287189576 -0.12513362668074537 -0.19754145041227603 -0.27524960189885395 -0.29495585793102941 -0.40171657224117369 -0.52509907346641727 -0.67390349300030372 -0.78827505022787003 -0.74329258908427742 -0.86548603150893655 -1.1246779621388372 -1.1134745620132747 -1.3843244445541187 -1.0050279811329985 -1.2010357771271336 -1.4878320906438838 -1.2470909637564118 -1.5579210193749353 -1.13101260197999 -0.57796650955305839 0.37058486763252846 0.4084156752976697 0.11702669676800127 0.21472782041787589 0.39279758278685578 0.41196208140733004 0.53016350242420096 0.43279930941761202 0.50433647501917889 0.55246905523403067 0.47538267711906035 0.4938983373040513 0.26873606308139464 0.27298374364189287 0.26463593716906131 0.29548514652179447 0.30227359603031101 0.23279052809553585 0.20580862524234178 0.16612056209659298 0.1161776041459351 0.06048331529795907 0 -0.059860968372587871 -0.1280984043111322 -0.20261641070576 -0.28196285428712198 -0.30338410454609466 -0.41300813739138276 -0.53886557929023138 -0.69121749669680277 -0.80908543485865736 -0.76585712981025822 -0.8703943691827285 -1.1332288423935446 -1.1229450940120407 -1.397394030622261 -1.014924450500799 -1.2137687081830595 -1.504007827674706 -1.2615336984192218 -1.5761001196628963 -1.1470134760663522 -0.59637446435730113 0.34690530583834528 0.42376154334593547 0.12239448322315027 0.22125190407685585 0.40102693901596498 0.41839209023682017 0.53822968715366348 0.43909967232940034 0.51245889778006048 0.5615826700434885 0.48336473621302978 0.50222220993148725 0.27504506355246455 0.27914550978762248 0.2704639240593576 0.30173774066207432 0.3081361045887116 0.23723818770301633 0.20946421667321913 0.16957857552938926 0.11857253061487985 0.061713625515521002 0 -0.060331331160404143 -0.12989766628133179 -0.20579968634880613 -0.28581065350577733 -0.30785265844901205 -0.41906900488554094 -0.54590944388928597 -0.70009074325265508 -0.81951687110830784 -0.7758630601494938 -0.88183381558451668 -1.1469719743911844 -1.1359919339810469 -1.4123090788325703 -1.0246379098252754 -1.2241526633683639 -1.5154109282801334 -1.2682508907475953 -1.58328579984284 -1.1476076648595588 -0.58363849370035481 0.38552032326494223 0.43358287284003871 0.12602309055486374 0.22587284552871223 0.4071139074907611 0.42257743816875515 0.54363728835851832 0.44242657880962116 0.51715974055830127 0.56706726568307186 0.4873791385011278 0.50672060863353174 0.27746451867819344 0.28169662816402624 0.27303875430317126 0.30454786647296489 0.31100984401309345 0.23921439750847245 0.21123192880149899 0.17101814089097328 0.1195970149923528 0.062256224211852569 0 -0.060906264322348538 -0.13112383741974468 -0.20774669264543819 -0.28854343461780896 -0.310578768930452 -0.42281417662465298 -0.55080680837770113 -0.70633066913775444 -0.82690633190450791 -0.78249460844606034 -0.88999348545739876 -1.1577451656320594 -1.146270552295434 -1.4252871444584159 -1.0332247018774039 -1.2347101535874951 -1.5285058273702528 -1.2780566140238163 -1.5955100581512089 -1.1548161037508788 -0.58474893866984978 0.39572578144442649 0.48431191756756686 0.14474804373495936 0.24962428346022963 0.43826036745061037 0.44384840544429749 0.57110363977065082 0.45921443418452174 0.54098210306679784 0.59489202160978016 0.50766739063449451 0.52949179923495038 0.2897160298809105 0.29462367554098062 0.28609631022146248 0.31878922055995063 0.32557057207057455 0.24919955017719914 0.22016501690884915 0.17829623975876824 0.12477868112418641 0.065001694659569245 0 -0.06381783697207781 -0.13733549720270949 -0.21761211318555179 -0.30239158011898687 -0.32437067848735796 -0.44176573902308708 -0.57558746130130167 -0.73789907830513801 -0.86430259730805659 -0.81601637212431322 -0.93132697014345001 -1.212335073887135 -1.198322009714422 -1.4910313217796216 -1.0766592434950562 -1.2881497121526504 -1.5947885825930748 -1.3275907167490637 -1.6572556586611489 -1.1910825014622279 -0.59012235360539245 0.44777351186975672 0.537723925535884 0.16443917483132869 0.27445050129396686 0.47059031857066885 0.46569100745697295 0.59928214389529333 0.47625642071621899 0.56533348242844506 0.6233854315506494 0.52831521736134768 0.55272770073040556 0.30222415754113419 0.30783611085758444 0.29945921422652544 0.33334818577598369 0.34045115401472659 0.25935806246365745 0.2292555502012304 0.1857080240674556 0.13005902642133876 0.067801264438448069 0 -0.066790941829462977 -0.14368184176790974 -0.22769486011798912 -0.31654682154900965 -0.33843157751818764 -0.46109356948971897 -0.60085795539108333 -0.77008231383569092 -0.90244735795252728 -0.85014513676836145 -0.9735527287184611 -1.2681321301891419 -1.2514713887097755 -1.5581995607062187 -1.1209292995792062 -1.3426775592487041 -1.6624200433268119 -1.3779692733130482 -1.7200439296876808 -1.2277249461446038 -0.59520113485883264 0.50151727971806603 0.59379122066401746 0.18509155549611025 0.30034743758211485 0.50410034546131677 0.48810248278991525 0.62817044678796463 0.4935505708696647 0.59021221020211634 0.6525461400727891 0.54932148064399466 0.57642744800700374 0.31498820364539243 0.32133336183980771 0.31312700561415002 0.34822433390486196 0.35565124996609271 0.26968968355914763 0.23850336234514688 0.1932533399617431 0.13543795581330259 0.070654892842738085 0 -0.069825597739463521 -0.1501628671580634 -0.23799491589028973 -0.33100917875811392 -0.35276148797947271 -0.48079770389539422 -0.62661839966378008 -0.80288050395811261 -0.94134077583117004 -0.88488111798624247 -1.0166711482301354 -1.3251368904723639 -1.3057194552070284 -1.6267928362614128 -1.1660360665055403 -1.3982951651973761 -1.7314019492436632 -1.429194275122162 -1.7838771651777834 -1.2647460587951895 -0.59998884704761435 0.55695233574041381 0.65248758302309384 0.20670051205168344 0.32731118342370064 0.53878717034422297 0.51108016449040827 0.65776625948020073 0.51109497366064682 0.61561663620124474 0.68237277004208563 0.57068503542375937 0.60059014416594247 0.32800744898960704 0.33511481766203566 0.3270991809797778 0.36341718796645806 0.37117048749338111 0.28019412758196349 0.24790825707218012 0.20093199318376678 0.14091535182624884 0.073562525013022823 0 -0.072921816334573536 -0.15677854905503472 -0.24851222669618486 -0.34577862656649777 -0.36736037176641795 -0.5008781004971713 -0.6528687851197672 -0.83629366073573064 -0.98098289689951745 -0.9202243831794038 -1.0606823948843147 -1.3833496760425641 -1.3610666388904076 -1.6968117941204317 -1.2119803975151058 -1.4550035456159276 -1.8017355158674551 -1.4812671628823393 -1.8487570210624662 -1.3021477366115384 -0.60448797177047442 0.61407562083020939 0.8105718365348541 0.26487938090729862 0.3993640197791381 0.63063258527154398 0.57098498367167516 0.73483681188856109 0.55603865755173387 0.6814170213508729 0.75984393724896493 0.62564949735037478 0.66301629223707503 0.36166710077408198 0.37080761559046238 0.36335779171768395 0.40278157601027159 0.41136212458209725 0.30720928773891792 0.27210625550499873 0.22071054606340804 0.15503871824385695 0.081067444881556247 0 -0.080931767495728973 -0.17390659635223987 -0.27575543711250339 -0.38404531997130054 -0.40503368079769125 -0.55272444382354502 -0.72063762570430545 -0.92251636300763451 -1.0833630868519293 -1.0112388237914967 -1.1746164403825163 -1.5341670169970691 -1.5042441394207222 -1.8780980020313489 -1.3305077527057496 -1.6015497870707458 -1.9834870037550818 -1.6151637745510701 -2.0155411897686166 -1.3973231666299917 -0.61448081331034854 0.76426247039334749 0.9127315506729653 0.30268456540168193 0.4457963425000237 0.68924201597586432 0.60858510915625508 0.78312759803121701 0.58365869319920705 0.72234705118651787 0.80818020532649104 0.65953352095704332 0.70169340444682526 0.38245172716314313 0.39290799194857318 0.385870411538764 0.42718472472568658 0.43628680124990721 0.32381054820708433 0.28699481312749769 0.23287412604663105 0.16373598740487205 0.085695057606264807 0 -0.085913531163559959 -0.18453494394157607 -0.2926544807326199 -0.40781014235581886 -0.42827495845213764 -0.5847359649125039 -0.76251575040110908 -0.97577958177071134 -1.1466578854345415 -1.0672242459477308 -1.2450947604222453 -1.6275932294677653 -1.5926015690299251 -1.9901499999839842 -1.402963798432459 -1.6914008978528592 -2.0950524021937134 -1.6962643667151727 -2.1167222176605258 -1.4531792552384883 -0.6160488186207298 0.86515925693613471 0.91136617223967509 0.30292497921509148 0.44590970075589409 0.68923177172182049 0.60850816044728107 0.78291852269938444 0.58335407440120013 0.72192183103015517 0.80768381217796692 0.65894808768841684 0.70109719971207751 0.38181589663251914 0.3923017203991972 0.3853062671704105 0.42658303149620203 0.43574867249979082 0.32334926444685907 0.28662324669320283 0.23249470504596453 0.16347124221156561 0.085557791782627388 0 -0.085879977162586524 -0.18434057844901389 -0.2922891377624407 -0.40737773430743635 -0.42764520905113385 -0.58390006601521482 -0.76157473269190312 -0.97460644809387165 -1.1452456355498046 -1.0655666669224573 -1.2430043370901691 -1.6250241007608763 -1.5894394301360448 -1.9864236777872022 -1.3985764161178971 -1.6863528754030197 -2.0892856262850947 -1.6895962955913233 -2.1091237104078857 -1.4442284502841702 -0.60272018244328329 0.88654468935760145 0.91050622040833462 0.30305198754055579 0.445961966237928 0.68921123853474275 0.60844918545755167 0.78278134352107309 0.58316068713915825 0.72165690504650848 0.80737716942173077 0.65858872755408049 0.70073241299531863 0.38142804470651498 0.39193220600706741 0.38496267999594558 0.42621700717143129 0.43542147517438934 0.3230689210204441 0.28639752843774402 0.23226437208915132 0.16331057624582865 0.08547451357672127 0 -0.085859646546856447 -0.18422277710697954 -0.29206773836959798 -0.40711581617719672 -0.42726378994222514 -0.58339385593526849 -0.76100505610723002 -0.97389631640354279 -1.1443908390355926 -1.0645634793566296 -1.2417395610612181 -1.6234701157174312 -1.5875270800231889 -1.9841706031465722 -1.3959239827966272 -1.683301518702123 -2.0858001595854474 -1.6855661766899421 -2.1045315425827633 -1.4388182178187288 -0.5946609403437183 0.89948380133829031 0.90995510634816223 0.30311164803363988 0.44597838257524958 0.68918550471327578 0.60840205805932168 0.78268851909055159 0.58303537853011256 0.72148969648101591 0.80718599121658918 0.65836678658805681 0.70050824637734155 0.38119075586929241 0.39170642966892222 0.38475297596690194 0.42599398433558799 0.43522228443073424 0.32289837525356407 0.28626029803816266 0.2321244853640704 0.16321304767618966 0.08542398411278497 0 -0.085847336527814747 -0.18415140824531911 -0.29193364283940831 -0.40695728554802707 -0.42703297413318869 -0.58308757475971262 -0.76066052844003418 -0.97346692003819491 -1.143874042907332 -1.0639570693023859 -1.2409754048132078 -1.6225315633310442 -1.5863723387715536 -1.9828105504488422 -1.3943232137449011 -1.6814603805159769 -2.0836975586756199 -1.6831350830831506 -2.1017615065016115 -1.4355541827446241 -0.58979592175873718 0.90730226453327356 0.90959388565304489 0.30313196293193967 0.44597442018714334 0.68915776927307471 0.60836308266187977 0.78262341733480556 0.58295207838363117 0.72138231435914013 0.80706530624469575 0.65822853192263875 0.70036957619732032 0.38104496704968532 0.39156796437398178 0.38462458131621741 0.42585780724318639 0.43510078725863699 0.32279446628485842 0.28617675486989141 0.23203946954438839 0.16315381251112981 0.085393314379941923 0 -0.085839886944570246 -0.18410819289154814 -0.29185247372116302 -0.40686142166967015 -0.4268934381381761 -0.58290245406815377 -0.76045249508606594 -0.97320765743561577 -1.1435620884575037 -1.0635911139109133 -1.2405145716725061 -1.6219659081745708 -1.5856766422244932 -1.9819915858460182 -1.3933595517663588 -1.6803524526331017 -2.0824326198874927 -1.6816726325239704 -2.1000953529399622 -1.4335903420110683 -0.58686627956130888 0.91201747829575386 
end_dependent_variable

end_regular_table
