# ****************************************************************************
# CUI
#
# The Advanced Framework for Simulation, Integration, and Modeling (AFSIM)
#
# The use, dissemination or disclosure of data in this file is subject to
# limitation or restriction. See accompanying README and LICENSE for details.
# ****************************************************************************

# ##################################################################################################
# 
# This file was auto-generated by AFSIM Mover Creator 2.5.0.200402
# 
# Creation Date:  03 Apr 2020
# 
# ##################################################################################################

regular_table

independent_variable mach precision double
0.10000000000000001 0.5 0.70000000000000007 0.75 0.80000000000000004 0.84999999999999998 0.90000000000000002 0.92000000000000004 0.94000000000000006 0.95999999999999996 0.97999999999999998 1 1.02 1.04 1.0600000000000001 1.0800000000000001 1.1000000000000001 1.2 1.3 1.4000000000000001 1.5 1.75 2 2.5 3 
end_independent_variable

independent_variable surface_angle units deg
-20 -16 -14 -12 -10 -9 -8 -7 -6 -5 -4 -3 -2 -1 0 1 2 3 4 5 6 7 8 9 10 12 14 16 18 20 
end_independent_variable

dependent_variable precision double
0.00030501063699337312 0.0002630238349715648 0.00023672657048952973 0.00020741943992342633 0.00017574344115386153 0.00015921823600053336 0.00014233098276186112 0.00012514375478857854 0.00010771013073627426 9.0075512242553815e-05 7.2277798225826094e-05 5.434823733001396e-05 3.6312333798099256e-05 1.8190727133643472e-05 0 -1.8267372679797345e-05 -3.6486066301760322e-05 -5.463949819223004e-05 -7.2707028868256005e-05 -9.0663154076550871e-05 -0.00010847662516288628 -0.00012610954321915887 -0.00014351650660776306 -0.00016064393664219374 -0.00017742976003355015 -0.00020968831952353689 -0.00023965977641425356 -0.00026670313282509318 -0.00029033805258082387 -0.00031042741576441628 0.00030482479323598453 0.00026290399312232709 0.00023663434625156602 0.00020735123789533368 0.0001756956570096791 0.000159179306522406 0.00014230000384878882 0.00012511982155634377 0.00010769233734224852 9.0062952524638286e-05 7.2269565455119775e-05 5.4343424272646642e-05 3.6310032962563393e-05 1.8190030724419418e-05 0 -1.8267584179453363e-05 -3.6487398889747972e-05 -5.4642861689098557e-05 -7.2713333326428233e-05 -9.067330989368373e-05 -0.00010849154325191138 -0.00012613013489492207 -0.00014354368376221792 -0.00016067861195051138 -0.00017747284678923132 -0.00020975097381558565 -0.00023974566438098456 -0.00026681592922021412 -0.00029048143832072806 -0.00031060507399148355 0.00030462366680179955 0.0002627752075469541 0.00023653571137792411 0.00020727873965101535 0.00017564528066272534 0.00015913848592427293 0.00014226773477029548 0.00012509510003625208 0.00010767415967695769 9.0050314680771763e-05 7.2261463347773539e-05 5.4338853858138627e-05 3.6307990078698344e-05 1.8189511363584518e-05 0 -1.8268068937015352e-05 -3.6489372567067199e-05 -5.4647328657056513e-05 -7.2721297762678403e-05 -9.0685776017101574e-05 -0.00010850951560084267 -0.00012615461749243789 -0.00014357568120849701 -0.00016071912886634346 -0.00017752288748624132 -0.00020982307593732065 -0.0002398438469258782 -0.00026694421143403187 -0.00029064384029428591 -0.00031080561589804154 0.00030455979992408946 0.00026273432171504321 0.00023650440273026164 0.0002072557320891798 0.0001756292982840995 0.00015912553724609245 0.00014225750120851489 0.00012508726242971816 0.00010766839886451726 9.0046311676465017e-05 7.2258899062585744e-05 5.4337409316415484e-05 3.6307346217188859e-05 1.8189348932250605e-05 0 -1.826822559340799e-05 -3.6490005046158415e-05 -5.4648755916465987e-05 -7.2723838979017581e-05 -9.0689750454578578e-05 -0.00010851524197232171 -0.00012616241541251391 -0.00014358586961160229 -0.0001607320264601895 -0.00017753881416367136 -0.00020984601762643771 -0.00023987507995182469 -0.00026698501311127771 -0.00029069548796821748 -0.0003108693852857771 0.0003044907157456994 0.00026269009908779905 0.00023647053972160231 0.00020723084828847208 0.00017561201366201348 0.00015911153415097467 0.00014224643488036472 0.00012507878740776137 0.00010766217032692028 9.0041984121231678e-05 7.2256127451467058e-05 5.4335848307150451e-05 3.6306650725153796e-05 1.8189173807124304e-05 0 -1.8268395664977614e-05 -3.6490690402740015e-05 -5.4650301704516208e-05 -7.2726590489269983e-05 -9.0694052967461224e-05 -0.00010852144061368025 -0.00012617085550915112 -0.00014359689634604409 -0.00016074598519015513 -0.00017755604998924274 -0.00020987084348965751 -0.00023990887731448651 -0.00026702916259012459 -0.00029075137095290452 -0.00031093838359879018 0.00031300291949250345 0.00026777751758482897 0.00024033506149826928 0.000210148406299382 0.00017779712959781441 0.00016099160667732156 0.00014385304303016948 0.00012643756361404736 0.00010879361334596289 9.0962243631048442e-05 7.2977721860400288e-05 5.4868302349636251e-05 3.6657045762226743e-05 1.8362613677262247e-05 0 -1.8437599387038747e-05 -3.6836868385240402e-05 -5.5182813264541121e-05 -7.345677227065702e-05 -9.1635684871512732e-05 -0.00010969129679528882 -0.00012758934021290546 -0.00014528876450760063 -0.00016274112423678638 -0.00017989029426758015 -0.00021301841932571181 -0.00024410132822058595 -0.00027255944246658834 -0.00029795845289439302 -0.00032017437723699685 0.00032151512497063055 0.00027286493913228523 0.00024419958574825487 0.00021306596645383473 0.00017998224755349222 0.00016287168114110137 0.00014545965249907755 0.00012779634093332674 0.00010992505756044282 9.1882504171414631e-05 7.3699317021634611e-05 5.5400757118659405e-05 3.7007441180602982e-05 1.8536053789579307e-05 0 -1.8606803299751531e-05 -3.7183046816029792e-05 -5.5715325494423167e-05 -7.4186954752817683e-05 -9.2577317826724674e-05 -0.00011086115398683581 -0.00012900782660676084 -0.00014698063398826044 -0.00016473626501474069 -0.00018222454038029559 -0.00021616599744958586 -0.00024829378118778429 -0.00027808972510492459 -0.00030516553735042217 -0.00032941037231797271 0.00033367787692589198 0.0002823249529546963 0.00025238909305859246 0.00022002973661466198 0.00018575391411545841 0.00016805641452637436 0.0001500618628779149 0.00013181935908677532 0.00011337128432030914 9.4753551201559025e-05 7.5996137971872841e-05 5.712376249907518e-05 3.8156598476331778e-05 1.9110972042636156e-05 0 -1.9183310545612177e-05 -3.8338786848158269e-05 -5.7453312153031857e-05 -7.6510560273834133e-05 -9.5490357517399388e-05 -0.00011436798615811885 -0.00013311346767021299 -0.00015169088971507078 -0.00017005787122014926 -0.00018816531151026879 -0.00022337355022024574 -0.00025681536852806844 -0.00028798373518269902 -0.00031649870355781099 -0.00034225181038878907 0.00034601608115536936 0.00029188959868160406 0.00026065814629335182 0.00022705375263646024 0.00019157097613173372 0.00017328036711431445 0.00015469774840449807 0.00013587101218102301 0.00011684149667462592 9.7644231350174588e-05 7.8308457010529107e-05 5.8858283458138429e-05 3.9313388181778687e-05 1.9689695620526632e-05 0 -1.9763534530278916e-05 -3.9502184478693608e-05 -5.9203155522754691e-05 -7.885052341712871e-05 -9.8424610527732053e-05 -0.00011790130685837247 -0.00013725137170306158 -0.0001564397760812897 -0.00017542518147170536 -0.0001941596953080835 -0.00023065363683452293 -0.00026543366961651217 -0.00029800523503950338 -0.00032799773163940169 -0.00035530536434295456 0.00035852931318812605 0.00030155862405924525 0.00026900656339155137 0.00023413789102643212 0.00019743335777037008 0.00017854348358915134 0.00015936727153385079 0.00013995127658351063 0.00012033568274528055 0.00010055454158126272 8.0636277260168104e-05 6.0604326404835917e-05 4.0477817265518815e-05 2.0272229428150653e-05 0 -2.0347474729717356e-05 -4.0673241142160576e-05 -6.0964862204260639e-05 -8.1206858305350507e-05 -0.00010138010099731206 -0.00012146115400357065 -0.00014142159305648259 -0.00016122736619821474 -0.00018083828991628109 -0.00020020780942950497 -0.00023800643218077492 -0.00027414892753086645 -0.00030815454447543147 -0.00033966303050895672 -0.00036857154544015489 0.00037121714852849226 0.00031133177788913947 0.00027743416258900792 0.00024128202962737252 0.00020334098526051837 0.00018384570977696352 0.00016407039452725363 0.00014406012902031028 0.0001238538309303478 0.00010348447878668642 8.2979601793888193e-05 6.2361897914072923e-05 4.164989275074643e-05 2.0858578385351131e-05 0 -2.0935130556514342e-05 -4.1851958554423949e-05 -6.2738438710621997e-05 -8.3579579145653778e-05 -0.00010435685410452269 -0.00012504756562510894 -0.00014562418430086275 -0.00016605373220842699 -0.00018629729086563657 -0.00020630977177350836 -0.00024543211041360818 -0.00028296138349389363 -0.00031843198516205495 -0.00035149501199051043 -0.00038205086425579138 0.00038407916244995513 0.00032120880829676575 0.00028594076134656499 0.00024848604559779135 0.00020929378355344808 0.00018918698973952882 0.0001688070797201866 0.00014819754597840651 0.0001273959293682039 0.0001064340402705284 8.5338433779598262e-05 6.4131004432966553e-05 4.2829621751344114e-05 2.1448747383115572e-05 0 -2.1526501460356482e-05 -4.3038338254094002e-05 -6.4523891709493482e-05 -8.5968700384280182e-05 -0.00010735489429399601 -0.00012866057921025274 -0.00014985920014188705 -0.00017091894670794933 -0.00019180227743609456 -0.00021246570087388709 -0.00025293084685008876 -0.00029187127971768318 -0.00032883787738588683 -0.00036349408714961263 -0.00039574383294818899 0.00039711493001164761 0.00033118946416608764 0.00029452617970556193 0.00025574981644658541 0.00021529167811570356 0.00019456726937300311 0.00017357728936980802 0.00015236350428280416 0.00013096196576027218 0.00010940322294114045 8.7712776451162402e-05 6.591165223137946e-05 4.401701131626987e-05 2.2042741321706438e-05 0 -2.212158686619721e-05 -4.4232381994135291e-05 -6.632122752638737e-05 -8.8374236057312726e-05 -0.00011037424655243312 -0.00013230023296559106 -0.00015412669446080105 -0.00017582308221448286 -0.00019735334457835578 -0.00021867571495526986 -0.00026050281584681081 -0.00030087886002198194 -0.00033937254312354148 -0.00037566066549362255 -0.00040965096299963247 0.00041032402686629884 0.00034127349256730136 0.00030319023549784004 0.00026307321933638679 0.00022133459398512035 0.00019998649391399044 0.00017838098522212359 0.00015655798046170972 0.0001345519291518123 0.00011239202388000658 9.0102632654958016e-05 6.7703847974905204e-05 4.5212068585170001e-05 2.2640565132302659e-05 0 -2.2720386163951259e-05 -4.543409122659192e-05 -6.8130452857813735e-05 -9.0796200464655038e-05 -0.00011341493514102823 -0.00013596656449587187 -0.00015842672062769766 -0.00018076621073457604 -0.00020295058529744357 -0.00022493993219281885 -0.00026814819233747598 -0.00030998436581917304 -0.00035003630359314847 -0.00038799515758518164 -0.00042377276516689945 0.00042370602893870331 0.00035146064310987742 0.00031193274613477658 0.0002704561316318155 0.00022742245647984372 0.00020544460808794268 0.00018321813018972117 0.00016078095073828724 0.00013816580690416636 0.00011540043973784125 9.2508005670193403e-05 6.9507598015850405e-05 4.6414800483336585e-05 2.3242223671368359e-05 0 -2.3322898813610749e-05 -4.6643467630228906e-05 -6.9951574220967103e-05 -9.3234607741322892e-05 -0.00011647698475586752 -0.00013965961162225874 -0.00016275933234656797 -0.00018574840544135953 -0.00020859409395458447 -0.00023125847015161117 -0.00027586715139181863 -0.00031918803965112205 -0.00036082947805067176 -0.00040049797556161135 -0.00043810975082509774 0.00043726051101592887 0.00036175066388631722 0.00032075353098991492 0.00027789843018633881 0.00023355519091801882 0.00021094155687588771 0.00018808868602272872 0.00016503239203647424 0.0001418035878626675 0.00011842846802277596 9.4928898718366027e-05 7.1322909106374821e-05 4.7625214183393547e-05 2.3847721948919508e-05 0 -2.3929124196846035e-05 -4.7860512834344861e-05 -7.1784598231974689e-05 -9.5689472195464341e-05 -0.00011956042011777034 -0.00014337941261935685 -0.00016712458338735814 -0.0001907697383455041 -0.00021428396410305418 -0.00023763144720467463 -0.0002836598666120707 -0.00032849012372991858 -0.00037175238911578835 -0.00041316952920233588 -0.00045266243108551402 0.00045098704889085943 0.00037214330258514684 0.00032965240785387431 0.00028539999307359453 0.00023973272216434895 0.00021647728567931757 0.00019299261512258138 0.00016931228105348731 0.00014546525953293456 0.00012147610533811983 9.7365314602570246e-05 7.3149787326719961e-05 4.8843316641549392e-05 2.4457064809053608e-05 0 -2.4539061869490308e-05 -4.9085228377550054e-05 -7.3629531070010744e-05 -9.8160808081638844e-05 -0.00012266526594137262 -0.00014712600464877795 -0.00017152252841040898 -0.00019583028210898767 -0.00022002028968361493 -0.00024405898125510634 -0.00029152651382232856 -0.00033789086072109399 -0.00038280535757791937 -0.00042601022897930849 -0.00046743131815593967 0.00052218571281234267 0.00042563696831024147 0.00037531181773219779 0.00032379247127616408 0.00027128972172370903 0.0002447357085930255 0.00021801153608991099 0.00019113761750202534 0.00016413157077235679 0.00013700832732523979 0.00010978034984205715 8.2457914714223081e-05 5.5049408779581102e-05 2.756161947359136e-05 0 -2.7644413287848451e-05 -5.5323918267199379e-05 -8.3033061703390162e-05 -0.00011076505625371009 -0.00013851151489481674 -0.00016626216135896187 -0.00019400453333576044 -0.00022172369890621424 -0.00024940204012733507 -0.00027701914371146318 -0.00033197483987178542 -0.00038638282111409827 -0.00044003229292551005 -0.00049276529780352722 -0.00054453674319292406 0.0005976220793119805 0.00048165835112531143 0.00042289628381454844 0.00036364814406380022 0.00030395544050720993 0.00027395539992697759 0.00024385912258219824 0.00021367062761558248 0.00018339338461906084 0.00015303033413141182 0.0001225839298392602 9.2056194845075025e-05 6.1448780949524651e-05 3.0763024785503175e-05 0 -3.0842484342154959e-05 -6.1754609307855546e-05 -9.2735301216619504e-05 -0.00012378322326808846 -0.00015489672419747975 -0.00018607378036643863 -0.00021731193795436891 -0.00024860825709234924 -0.00027995926765256329 -0.00031136095102818622 -0.00037429766757571118 -0.00043737745649367486 -0.00050055881075559115 -0.00056381062541219456 -0.00062712402244518043 0.00057876824952809655 0.00046549740512170375 0.00040839645612994859 0.00035098515710003616 0.00029326350716630514 0.00026428630079085373 0.00023523150719441686 0.00020609912551133305 0.00017688915603015609 0.00014760159889516293 0.00011823645468346122 8.8793722385112545e-05 5.9273402577224581e-05 2.9675495115520397e-05 0 -2.9753082769336609e-05 -5.9583753192489432e-05 -8.9492011197320011e-05 -0.00011947785685596679 -0.00014954129009629133 -0.00017968231113470903 -0.00020990091982694289 -0.00024019711617299301 -0.00027057089974002855 -0.00030102227139371107 -0.00036215777751824786 -0.00042360363396949565 -0.00048535984103600829 -0.00054742639814067814 -0.00060980330643772048 0.00054765617545620045 0.00044063269101350119 0.00038665074557646666 0.00033235533112286556 0.00027774644734353319 0.00025032445557744026 0.00022282409578429363 0.0001952453692007526 0.00016758827505390514 0.00013985281396208088 0.00011203898561611498 8.4146790016007464e-05 5.6176227161758329e-05 2.8127297207949976e-05 0 -2.8205664384800395e-05 -5.6489696023742413e-05 -8.4852094762243645e-05 -0.0001132928607548865 -0.00014181199376979734 -0.00017040949419343224 -0.00019908536187120878 -0.00022783959664854451 -0.00025667219868002187 -0.0002855831675018936 -0.00034364020799013888 -0.0004020107165674561 -0.00046069469447050469 -0.00051969214046262535 -0.00057900305547131247 0.00050414618611602387 0.00040599472011939588 0.00035641690561124108 0.00030650436865375648 0.0002562571110504036 0.00023100796169092078 0.00020567513171910554 0.00018025862185634244 0.00015475843084020846 0.00012917456011347277 0.00010350700886457773 7.7755777093523322e-05 5.1920865161001838e-05 2.6002272751407529e-05 0 -2.6085953115764015e-05 -5.225558657334125e-05 -7.8508900350188435e-05 -0.00010484589469428153 -0.00013126656929001476 -0.00015777092404721505 -0.00018435895959709395 -0.00021103067503792071 -0.00023778607127142602 -0.00026462514739587919 -0.0003185543411210906 -0.00037281825693493944 -0.00042741689339465655 -0.00048235025194301115 -0.00053761833149792635 0.00045622755544135173 0.00036760844809150103 0.00032280644349405384 0.00027767613883121852 0.00023221753369077522 0.00020936511818381325 0.0001864306278666141 0.00016341406212084814 0.00014031542135873516 0.00011713470578638499 9.3871914888522955e-05 7.0527048768203991e-05 4.7100107683065454e-05 2.3591091401233721e-05 0 -2.3673166520635705e-05 -4.7428408160673399e-05 -7.1265724842821876e-05 -9.5185116798954749e-05 -0.00011918658377143467 -0.0001432701256572067 -0.00016743574307460048 -0.00019168343530223141 -0.00021601320295842918 -0.00024042504563097396 -0.00028949495561288494 -0.0003388931668968434 -0.00038861967824619005 -0.00043867449007314462 -0.0004890576027899269 0.00034443881649030708 0.00027753642714424851 0.00024371297509353325 0.00020964135128593575 0.00017532155546381867 0.0001580685931439293 0.00014075358788481938 0.00012337653955767024 0.00010593744867775654 8.8436314472166276e-05 7.0873137584992807e-05 5.3247917565370771e-05 3.5560654606528182e-05 1.7811348805079037e-05 0 -1.787339174429959e-05 -3.5808826427819739e-05 -5.3806304082765112e-05 -7.1865824741340371e-05 -8.9987388210317521e-05 -0.00010817099474733389 -0.00012641664409475216 -0.00014472433625257227 -0.00016309407173606901 -0.00018152585015878629 -0.00021857553530660778 -0.00025587339272658622 -0.00029341942164580953 -0.00033121362232191504 -0.0003692559952701775 0.0002786224933876901 0.00022450633146232018 0.0001971466877296015 0.00016958600153186402 0.00014182427317827254 0.00012786801823167718 0.00011386150266882711 9.980472664430474e-05 8.5697690312692509e-05 7.1540393210243157e-05 5.7332835568830305e-05 4.3075017543036377e-05 2.876693882369654e-05 1.4408599681330016e-05 0 -1.445886020097071e-05 -2.8967980940904916e-05 -4.3527362239125419e-05 -5.8137003960372607e-05 -7.2796906297874488e-05 -8.7507069251631083e-05 -0.00010226749251247755 -0.00011707817638957872 -0.00013193912088293457 -0.00014685032583796275 -0.00017682351728761834 -0.00020699775089312789 -0.00023737302665449145 -0.00026794934457170897 -0.00029872670402645082 
end_dependent_variable

end_regular_table
