# ****************************************************************************
# CUI
#
# The Advanced Framework for Simulation, Integration, and Modeling (AFSIM)
#
# The use, dissemination or disclosure of data in this file is subject to
# limitation or restriction. See accompanying README and LICENSE for details.
# ****************************************************************************

# ##################################################################################################
# 
# This file was auto-generated by AFSIM Mover Creator 2.5.0.200324
# 
# Creation Date:  24 Mar 2020
# 
# ##################################################################################################

regular_table

independent_variable mach precision double
0.10000000000000001 0.5 0.70000000000000007 0.75 0.80000000000000004 0.84999999999999998 0.90000000000000002 0.92000000000000004 0.94000000000000006 0.95999999999999996 0.97999999999999998 1 1.02 1.04 1.0600000000000001 1.0800000000000001 1.1000000000000001 1.2 1.3 1.4000000000000001 1.5 
end_independent_variable

independent_variable surface_angle units deg
-20 -16 -14 -12 -10 -9 -8 -7 -6 -5 -4 -3 -2 -1 0 1 2 3 4 5 6 7 8 9 10 12 14 16 18 20 
end_independent_variable

dependent_variable precision double
5.6714020533795678e-05 4.5570792556030745e-05 3.972564978429888e-05 3.3761722953194323e-05 2.7769065513812543e-05 2.4790914482448295e-05 2.1838821632561524e-05 1.8921803744116822e-05 1.604763363906856e-05 1.3222880015126733e-05 1.045300448713932e-05 7.7424879172951792e-06 5.0949657262619719e-06 2.5133598777711959e-06 0 -1.9116760505687267e-06 -3.7393328714851087e-06 -5.4806408300254556e-06 -7.1326779700358378e-06 -8.6918088617555138e-06 -1.0153552658150762e-05 -1.151244772315641e-05 -1.27619253742176e-05 -1.3894212771193796e-05 -1.4900293176554793e-05 -1.6492013705224771e-05 -1.7445942860502157e-05 -1.7672027118546821e-05 -1.7108392910934226e-05 -1.5749955676598368e-05 5.9325441342233557e-05 4.7242519842934445e-05 4.1005783982876669e-05 3.4702435894207794e-05 2.8422533289648213e-05 2.5320326920477812e-05 2.2257224294128064e-05 1.9242242505790446e-05 1.6283154777514979e-05 1.3386530028276682e-05 1.0557830215429662e-05 7.8015363345279934e-06 5.1212840123492228e-06 2.5199953187108154e-06 0 -1.9052400974739633e-06 -3.7134128518270917e-06 -5.4221885280385106e-06 -7.0286450525019681e-06 -8.5291468060174912e-06 -9.9192127475655864e-06 -1.11933809804127e-05 -1.2345082600738957e-05 -1.3366544234942945e-05 -1.4248749030315406e-05 -1.5553566227047859e-05 -1.6168386066006175e-05 -1.6003150743539127e-05 -1.4995984314896475e-05 -1.314180156431024e-05 6.2565139619186744e-05 4.9315956697407233e-05 4.2593274669977596e-05 3.5868770170469639e-05 2.9232501614802173e-05 2.597640870308563e-05 2.277561717640179e-05 1.963914408750774e-05 1.6574762864563387e-05 1.358904232955086e-05 1.0687444488320712e-05 7.8744503697683254e-06 5.1536955612678816e-06 2.5281021955306708e-06 0 -1.8971474558756318e-06 -3.6810297445567178e-06 -5.3493170696440726e-06 -6.899087377990882e-06 -8.326705061005769e-06 -9.6276890685761593e-06 -1.0796577373634305e-05 -1.1826801260284049e-05 -1.2710587130627931e-05 -1.3438918016777643e-05 -1.4387393625802747e-05 -1.4581079616892069e-05 -1.3929917658995563e-05 -1.2372031795238879e-05 -9.9023365188753803e-06 6.3694131743484154e-05 5.003851651896847e-05 4.3146487052618021e-05 3.6275214548820117e-05 2.9514756902156805e-05 2.6205036754146104e-05 2.2956262677057248e-05 1.9777452054029335e-05 1.6676377970716148e-05 1.3659609543109498e-05 1.0732608554279406e-05 7.8998561664864671e-06 5.1649879193661829e-06 2.5309259490397485e-06 0 -1.8943260809655299e-06 -3.669742119408146e-06 -5.3239184049340734e-06 -6.8539327445903455e-06 -8.2561496442068824e-06 -9.5260878960576654e-06 -1.0658285808003512e-05 -1.1646174127656362e-05 -1.2481979860293263e-05 -1.3156685668240529e-05 -1.3980976375150049e-05 -1.4027897774886596e-05 -1.3207391881937283e-05 -1.1457581993794949e-05 -8.7733834402765976e-06 6.4986369647924308e-05 5.086555317328527e-05 4.3779689201550982e-05 3.674042643178858e-05 2.983782275858012e-05 2.6466721138582657e-05 2.3163026713013452e-05 1.993575681348414e-05 1.6792684498369252e-05 1.3740378926094989e-05 1.0784301911557156e-05 7.928934550333746e-06 5.1779124146438047e-06 2.5341576637201136e-06 0 -1.8910964667873513e-06 -3.6568217720919125e-06 -5.2948462256004676e-06 -6.8022476559561219e-06 -8.1753905151880533e-06 -9.4097936834700484e-06 -1.0499995273161636e-05 -1.1439426368318828e-05 -1.2220313619588439e-05 -1.2833639889344605e-05 -1.3515788043266703e-05 -1.3394722492983042e-05 -1.2380384858947139e-05 -1.0410898917554203e-05 -7.4811796227738066e-06 7.6399004313941726e-05 5.7127954023847135e-05 4.8040944626452554e-05 3.9373417172900605e-05 3.120159326192765e-05 2.7326075182943068e-05 2.3602618225236367e-05 2.0038854277067641e-05 1.6641362365889237e-05 1.3415702331547813e-05 1.0366496780726412e-05 7.4975384444295557e-06 4.8119042855669927e-06 2.312067532556755e-06 0 -1.6727931015660293e-06 -3.1444664082616805e-06 -4.4130481441313995e-06 -5.4760650421115509e-06 -6.3304401264105175e-06 -6.9723807433149858e-06 -7.3972642088507058e-06 -7.5995307089347532e-06 -7.5726012676422557e-06 -7.3088437906032349e-06 -6.0354498398403557e-06 -3.7022034218884998e-06 -2.3288283495635453e-07 4.4248819688041659e-06 1.0275394769851475e-05 8.7811644460057223e-05 6.3390357335603505e-05 5.2302201191020564e-05 4.2006407938260873e-05 3.2565363474296536e-05 2.8185428560477398e-05 2.4042208894833592e-05 2.0141950934397787e-05 1.6490039384721477e-05 1.3091024806475144e-05 9.9486908587974466e-06 7.0661416201718077e-06 4.4458956199982829e-06 2.0899771354207184e-06 0 -1.4544894991667917e-06 -2.6321104958154384e-06 -3.5312491291058063e-06 -4.1498811491732987e-06 -4.4854880402574814e-06 -4.5349656147579376e-06 -4.2945303499322538e-06 -3.7596316305514525e-06 -2.9248846965055382e-06 -1.7840433089958339e-06 1.4448946438753531e-06 5.9903233237681438e-06 1.1914628573096142e-05 1.926067416695786e-05 2.8031982511122689e-05 9.7661315289493731e-05 6.9672341970053776e-05 5.7105793708812883e-05 4.5533660951373445e-05 3.5016089946527594e-05 3.0172101921323329e-05 2.5613955366915228e-05 2.1347672872268368e-05 1.7378445705172201e-05 1.3710661195757065e-05 1.034796690092548e-05 7.2933558501871486e-06 4.5492558906558446e-06 2.1176186207358227e-06 0 -1.4477774285429915e-06 -2.5710013340838359e-06 -3.3681158128205248e-06 -3.8371692942342589e-06 -3.975733791783991e-06 -3.7808164153872883e-06 -3.2487694687143651e-06 -2.3752057889476058e-06 -1.1549339967557404e-06 4.180684410553977e-07 4.6501949345703043e-06 1.0382048141153373e-05 1.7673774309596731e-05 2.6566698233727546e-05 3.7064215915761449e-05 0.00010802223989318149 7.6234693115443568e-05 6.2100109822175434e-05 4.9178743247713066e-05 3.7527857868241086e-05 3.2197256111215877e-05 2.7205412387737546e-05 2.2558060530462895e-05 1.8260143386577122e-05 1.4315837890454826e-05 1.0728616976037728e-05 7.5013301227581625e-06 4.6362890726989048e-06 2.1353519023596376e-06 0 -1.4314239095186249e-06 -2.4872323327406584e-06 -3.1659439098981204e-06 -3.4657005359996705e-06 -3.3841905117000195e-06 -2.9185643575668358e-06 -2.0653490541834205e-06 -8.2036766717516847e-07 8.2132253667647491e-07 2.8654553900283079e-06 8.1876415653682256e-06 1.5204149391872683e-05 2.397224368762623e-05 3.4531269611955007e-05 4.6884460512429772e-05 0.00011889281086136813 8.3076569930745449e-05 6.7284609387425776e-05 5.2941358370948714e-05 4.0100559359099619e-05 3.4260857231141391e-05 2.8816605399746921e-05 2.3773185166017414e-05 1.9135235078932231e-05 1.4906675202968941e-05 1.1090764935562639e-05 7.690178399676165e-06 4.7070851467308373e-06 2.1432289027057179e-06 0 -1.4054801952563337e-06 -2.3809198896141726e-06 -2.924928816144523e-06 -3.0357632270449227e-06 -2.7112535272472534e-06 -1.948725681082274e-06 -7.4492014562556303e-07 9.040828526217962e-07 3.0029222700092832e-06 5.5569790002679779e-06 1.2055701347897888e-05 2.0454642943379947e-05 3.0807546264499521e-05 4.3151335920971216e-05 5.7489046471021277e-05 0.00013027142070913184 9.0197132336326227e-05 7.265875172014614e-05 5.6821210781332157e-05 4.2734087278336604e-05 3.6362871180826021e-05 3.0447559942382644e-05 2.4993117469772021e-05 2.0003823287956615e-05 1.5483293511170139e-05 1.1434534963735505e-05 7.8600146578876162e-06 4.7617339796914806e-06 2.1413015531291515e-06 0 -1.3699974984545414e-06 -2.2521803461555346e-06 -2.6452660104158221e-06 -2.5476457781411392e-06 -1.9573182929705466e-06 -8.7181657237321144e-07 7.1186614856563202e-07 2.7973462217122706e-06 5.3889029343965936e-06 8.4915002527922973e-06 1.625284033239391e-05 2.613154483529143e-05 3.8177191638753461e-05 5.2423844777682353e-05 6.8874303682575091e-05 0.0001421564627371931 9.759553970454286e-05 7.8221996625732837e-05 6.0818003818847317e-05 4.5428334048717411e-05 3.850326398608664e-05 3.2098301361098202e-05 2.6217928639354619e-05 2.0866010744877806e-05 1.6045813064413566e-05 1.1760051156285604e-05 8.0109527955322484e-06 4.8003254294275893e-06 2.1296217386103014e-06 0 -1.3250270436326785e-06 -2.1011301086798897e-06 -2.3271508576014657e-06 -2.0016367006895604e-06 -1.1227800694289787e-06 3.1164662935694833e-07 2.3043591055433108e-06 4.8586227458759068e-06 7.9783023531355556e-06 1.1667880574786422e-05 2.0777525165597161e-05 3.2232870564063213e-05 4.6078689292533453e-05 6.2345743735949183e-05 8.1036561771399867e-05 0.00015454632894656777 0.00010527095210367629 8.3973804011424675e-05 6.4931442343841629e-05 4.8183192000864219e-05 4.0682001624243682e-05 3.3768854985585767e-05 2.7447689608087512e-05 2.1721899936016313e-05 1.6594354276942276e-05 1.2067437651982812e-05 8.1431068889742306e-06 4.8229494410795153e-06 2.1082413861092647e-06 0 -1.2706200853173503e-06 -1.927885525912859e-06 -1.9707790226626425e-06 -1.3980244436522578e-06 -2.0803435117696715e-07 1.6011479280171355e-06 4.0319075696298665e-06 7.0871128812313322e-06 1.0770158245255968e-05 1.5084981184900814e-05 2.5628221662534505e-05 3.8756635946227929e-05 5.4509549183250033e-05 7.2913980895217493e-05 9.3972151256563631e-05 0.00016743941224030555 0.00011322252927223161 8.9913633367391091e-05 6.9161229218609016e-05 5.0998553969762168e-05 4.2899049849533955e-05 3.5459246300726112e-05 2.8682471236548332e-05 2.2571593473783383e-05 1.7129037296268888e-05 1.235681842228427e-05 8.2565907211742452e-06 4.8296959088663467e-06 2.0772123922758611e-06 0 -1.2068278240828686e-06 -1.7325629611289956e-06 -1.5763456298252033e-06 -7.370973129267956e-07 7.8652359516435207e-07 2.9961710268383343e-06 5.893860637329195e-06 9.4820167735199374e-06 1.3763508189147941e-05 1.874166292351367e-05 3.0803396549965936e-05 4.5700856837115331e-05 6.3467280298384865e-05 8.4125503103724803e-05 0.00010767740198788351 0.00018083410512136053 0.00012144943084202178 9.6040944322016398e-05 7.3507069225902638e-05 5.3874312147818572e-05 4.5154374636853083e-05 3.716950077806349e-05 2.9922344675080966e-05 2.341519409789344e-05 1.7649982627567289e-05 1.2628317736900257e-05 8.3515184454845633e-06 4.8206547097303112e-06 2.0365866602766211e-06 0 -1.1337014680811151e-06 -1.515278809428644e-06 -1.1440463452627478e-06 -1.914393691208453e-08 1.8604983720334475e-06 4.4961996011660743e-06 7.8895672232835325e-06 1.2042534819452204e-05 1.6957390159660012e-05 2.2636787283280351e-05 3.6301516166679918e-05 5.30635487744035e-05 7.2949392343167011e-05 9.5977258429394223e-05 0.00012214864372545823 0.00019472880079103553 0.00012995081644485976 0.00010235519686255854 7.7968665945763808e-05 5.6810359454887364e-05 4.7447942014442771e-05 3.8899643801848565e-05 3.1167380540568425e-05 2.4252804240108487e-05 1.8157310463209312e-05 1.2882059570925148e-05 8.4280038272859084e-06 4.7959157151577909e-06 1.9864161293473031e-06 0 -1.0512922709293869e-06 -1.2761494204467329e-06 -6.7407654295780756e-07 7.5554736273296755e-07 3.0134946812864959e-06 6.1007176439975876e-06 1.0018376579185393e-05 1.476786731147127e-05 2.0350841588480559e-05 2.6769215330087525e-05 4.2121046560486253e-05 6.0842727872878186e-05 8.2953394765794344e-05 0.00010846619430969507 0.00013738220623908578 0.00020912189130611723 0.00013872584562768961 0.0001088558500742416 8.2545723477145749e-05 5.9806588095499941e-05 4.9779717815346516e-05 4.0649700553859331e-05 3.2417650110657742e-05 2.5084526648629812e-05 1.8651141028301868e-05 1.3118168010995138e-05 8.4861609956823242e-06 4.7555688730170591e-06 1.9267526626448711e-06 0 -9.5965141577358624e-07 -1.0152912014077168e-06 -1.6663167145619461e-07 1.5866881103732455e-06 4.2451171847701078e-06 7.8092087506592681e-06 1.2279637669385862e-05 1.7657214801476228e-05 2.394290037650103e-05 3.1137808127397022e-05 4.8260454324779697e-05 6.9036410084862031e-05 9.3476797533376672e-05 0.00012158925823059308 0.00015337442059341915 0.00020378394197547218 0.00013479294397192472 0.00010559135928810349 7.9919050670761239e-05 5.7776018338131995e-05 4.8027980805863989e-05 3.91622623629604e-05 3.1178862863931902e-05 2.4077782381523144e-05 1.7859021061223471e-05 1.2522578757543546e-05 8.0684554704833707e-06 4.4966512727876084e-06 1.8071661189908464e-06 0 -9.2484706599876447e-07 -9.6737507900544681e-07 -1.2758402992696428e-07 1.5945260539574343e-06 4.1989552635785794e-06 7.6857034534471416e-06 1.2054770696307786e-05 1.7306156883043516e-05 2.3439862304632989e-05 3.0455886742842212e-05 4.7134892814609237e-05 6.7343174807365925e-05 9.1080733157580275e-05 0.00011834756786525228 0.00014914367863940329 0.00018860665357519382 0.00012501665441246485 9.8072030096086395e-05 7.4360989710001141e-05 5.388353238733515e-05 4.4857397561950355e-05 3.6639658758542208e-05 2.9230315740690564e-05 2.2629368823622301e-05 1.6836817573900456e-05 1.185266226734855e-05 7.6769029039665834e-06 4.3095393458427968e-06 1.7505717308889488e-06 0 -9.4217583697320959e-07 -1.0759558095831998e-06 -4.0133990797913091e-07 1.0816719564965573e-06 3.3730796262304247e-06 6.4728831997308717e-06 1.0381082795207977e-05 1.5097678136838223e-05 2.0622669421638405e-05 2.695605649199509e-05 4.2048018304604836e-05 6.0373564205121214e-05 8.1932693169056877e-05 0.00010672540590567229 0.00013475170162690025 0.00018113088232423567 0.00012019620435651142 9.4361709485064083e-05 7.1615777411805813e-05 5.1958407712392696e-05 4.3287933912007035e-05 3.5389600726299857e-05 2.8263408367443106e-05 2.1909356623264841e-05 1.6327445451330676e-05 1.1517675021378159e-05 7.4800453121900983e-06 4.214556175246137e-06 1.7212077484580346e-06 0 -9.490670807365634e-07 -1.1259934831430586e-06 -5.3077927087106734e-07 8.3657570459976733e-07 2.9760713159662825e-06 5.8877074571425089e-06 9.5714844676035485e-06 1.4027402092743073e-05 1.9255460374995471e-05 2.5255659271926359e-05 3.9572479079561144e-05 5.6977861855122521e-05 7.7471807089397855e-05 0.00010105431503699345 0.00012772538561304055 0.00017701235447097503 0.00011755700922296892 9.2339250642602645e-05 7.0128101151868379e-05 5.0923560932627787e-05 4.2448769424847516e-05 3.4725630121277128e-05 2.7754143294709109e-05 2.1534308717816387e-05 1.6066126345133549e-05 1.134959647218579e-05 7.3847188943787448e-06 4.1714935776133489e-06 1.7099206241867875e-06 0 -9.5826829494701414e-07 -1.1648842606542547e-06 -6.1984794258713723e-07 6.7684077291787668e-07 2.7251818062963104e-06 5.5251750893500404e-06 9.0768207130098977e-06 1.338011881367213e-05 1.8435069164009656e-05 2.4241671854953311e-05 3.8109833985866508e-05 5.4984605570135047e-05 7.4865986607758933e-05 9.7753976735014819e-05 0.00012364857631562607 
end_dependent_variable

end_regular_table
