# ****************************************************************************
# CUI
#
# The Advanced Framework for Simulation, Integration, and Modeling (AFSIM)
#
# The use, dissemination or disclosure of data in this file is subject to
# limitation or restriction. See accompanying README and LICENSE for details.
# ****************************************************************************

# ##################################################################################################
# 
# This file was auto-generated by AFSIM Mover Creator 2.5.0.200324
# 
# Creation Date:  24 Mar 2020
# 
# ##################################################################################################

regular_table

independent_variable mach precision double
0.10000000000000001 0.5 0.70000000000000007 0.75 0.80000000000000004 0.84999999999999998 0.90000000000000002 0.92000000000000004 0.94000000000000006 0.95999999999999996 0.97999999999999998 1 1.02 1.04 1.0600000000000001 1.0800000000000001 1.1000000000000001 1.2 1.3 1.4000000000000001 1.5 
end_independent_variable

independent_variable surface_angle units deg
-20 -16 -14 -12 -10 -9 -8 -7 -6 -5 -4 -3 -2 -1 0 1 2 3 4 5 6 7 8 9 10 12 14 16 18 20 
end_independent_variable

dependent_variable precision double
7.690780782481086e-06 8.3959752371973659e-06 8.2205844867814018e-06 7.7221066748724384e-06 6.9414896260813378e-06 6.458543362286871e-06 5.9201770881291848e-06 5.3304907686720516e-06 4.6930187595115119e-06 4.0107478732163863e-06 3.2861615470848311e-06 2.5212972470199063e-06 1.7178080258074728e-06 8.7702251075342495e-07 0 -1.1350659697971593e-06 -2.2991967478474731e-06 -3.491333036008704e-06 -4.7101462081115931e-06 -5.9539832083392521e-06 -7.2208065745774053e-06 -8.5081328668757477e-06 -9.8129752772119987e-06 -1.113179944241255e-05 -1.2460505401960172e-05 -1.5128547256388446e-05 -1.7775657088229194e-05 -2.0360887083480157e-05 -2.2856102970375e-05 -2.5258992753740133e-05 6.572041024460008e-06 7.6801295511475359e-06 7.6725911428122795e-06 7.3195705005881995e-06 6.6620172480010882e-06 6.2322059588719959e-06 5.741377021102276e-06 5.1936305437295165e-06 4.5925010801243133e-06 3.9409755527302418e-06 3.2415375136456295e-06 2.4962245219776402e-06 1.7066897059089472e-06 8.7426174910361615e-07 0 -1.1379170519990426e-06 -2.3104953879400918e-06 -3.5166756608055884e-06 -4.7551291845634772e-06 -6.0242028319782795e-06 -7.3218590553091869e-06 -8.6456142873027327e-06 -9.9924815979377736e-06 -1.1358926452787635e-05 -1.2740848727659589e-05 -1.5532109188030873e-05 -1.8324817365732995e-05 -2.1078023614507462e-05 -2.3763592313780623e-05 -2.6379211592651023e-05 5.1826887929388856e-06 6.7909547136272324e-06 6.9918220458663859e-06 6.8194186823989899e-06 6.3146943588988578e-06 5.9508769308452457e-06 5.5190948478135708e-06 5.0234481521588113e-06 4.467471442716979e-06 3.854151686639308e-06 3.1859723935897388e-06 2.4649711647309434e-06 1.6928011151742883e-06 8.707909444967346e-07 0 -1.1413943068222776e-06 -2.3243968567536283e-06 -3.547948299177148e-06 -4.8107199497657337e-06 -6.1110586602561531e-06 -7.4469268904851675e-06 -8.8158410591808063e-06 -1.0214814215104731e-05 -1.1640311876115496e-05 -1.3088233808903379e-05 -1.6032334251004098e-05 -1.9005669822002289e-05 -2.196729072257256e-05 -2.4889061298799958e-05 -2.776866944942492e-05 4.6985015400258168e-06 6.4810766252730054e-06 6.7545726033097645e-06 6.6451137976512397e-06 6.1936500894605752e-06 5.8528315046429235e-06 5.4416272284526423e-06 4.964137411603953e-06 4.4238966036786663e-06 3.8238917460642791e-06 3.1666063927535139e-06 2.4540781274806326e-06 1.6879600670619552e-06 8.6958090771189614e-07 0 -1.1426054200481825e-06 -2.3292400540540292e-06 -3.558844549316805e-06 -4.8300902160156682e-06 -6.1413239259679463e-06 -7.4905080954393763e-06 -8.8751591818035914e-06 -1.0292290249356268e-05 -1.1738366714416537e-05 -1.3209288449002885e-05 -1.6206651373526125e-05 -1.9242933170913931e-05 -2.2277184141864819e-05 -2.5281268536986465e-05 -2.825287425805034e-05 4.1442995662495382e-06 6.1263888602325514e-06 6.4830155524660215e-06 6.4456032867691915e-06 6.0551018291261533e-06 5.740607767492972e-06 5.3529569792637349e-06 4.8962496083328486e-06 4.3740201967045543e-06 3.7892556706112133e-06 3.1444396359518946e-06 2.4416096192502134e-06 1.6824187672538884e-06 8.6819577792964654e-07 0 -1.1439914921485237e-06 -2.3347832308259905e-06 -3.5713158748874578e-06 -4.8522607278817118e-06 -6.1759646521541176e-06 -7.5403900878397561e-06 -8.9430534532877782e-06 -1.0380967834389933e-05 -1.1850598683079926e-05 -1.3347845782718685e-05 -1.6406172552110111e-05 -1.951450240345794e-05 -2.2631885328295867e-05 -2.5730185824260316e-05 -2.8807091726440148e-05 1.4839158215018636e-06 4.8701533086512023e-06 5.7818357515082859e-06 6.1970259207931652e-06 6.1503823526318111e-06 5.9650153943874111e-06 5.6769832872804891e-06 5.2897562261130425e-06 4.8063257154847521e-06 4.2292198154833522e-06 3.5605405441873943e-06 2.8020124004412594e-06 1.9550345515215233e-06 1.0207315528742487e-06 0 -1.2949032560635112e-06 -2.6701644753491964e-06 -4.1248870702063787e-06 -5.6579464825723668e-06 -7.2679435516115176e-06 -8.9531537430543157e-06 -1.0711475103231546e-05 -1.2540379501205204e-05 -1.4436875496784946e-05 -1.6397492895168774e-05 -2.0494996779617062e-05 -2.4797813004466873e-05 -2.9271283110883449e-05 -3.3891594142054021e-05 -3.8656788878533492e-05 -1.1764714149897039e-06 3.6139158657085808e-06 5.0806547502635906e-06 5.9484479304254389e-06 6.2456626882137542e-06 6.1894229970336313e-06 6.001009669557424e-06 5.6832630075687348e-06 5.2386314805359507e-06 4.6691842399677972e-06 3.9766417488952914e-06 3.1624154552772748e-06 2.2276505471086207e-06 1.1732674475681245e-06 0 -1.4458151207601697e-06 -3.0055459581869553e-06 -4.6784586731985256e-06 -6.4636328502883738e-06 -8.3599232997566733e-06 -1.0365918518233608e-05 -1.2479898126230862e-05 -1.469979288358215e-05 -1.7023154423116268e-05 -1.9447142456689239e-05 -2.4583824474619691e-05 -3.0081128236886122e-05 -3.5910686870657641e-05 -4.2053009297846197e-05 -4.8506494772110698e-05 -3.6874065557846335e-06 2.4924642932891934e-06 4.4902476472701734e-06 5.7792348327136894e-06 6.3867743698930744e-06 6.4437935437947338e-06 6.3405457654862676e-06 6.0797692750777545e-06 5.6638247157371337e-06 5.0947068595239018e-06 4.3740743698834925e-06 3.5032880469841087e-06 2.4834519461268152e-06 1.315453432586958e-06 0 -1.6197794027133285e-06 -3.3822235244651051e-06 -5.2866248624699526e-06 -7.3320960806451094e-06 -9.5175331241252213e-06 -1.1841575126949839e-05 -1.4302563545929556e-05 -1.6898503455634874e-05 -1.9627034352325123e-05 -2.2485417828577502e-05 -2.8579042702903861e-05 -3.5151698474336925e-05 -4.2176036371634258e-05 -4.9633266840791092e-05 -5.7521844246824102e-05 -6.6630984125453642e-06 1.1221425570131882e-06 3.7366279611616605e-06 5.517403851410736e-06 6.4905080437628747e-06 6.6825543131323014e-06 6.6822939990785126e-06 6.4923341312510215e-06 6.1149221674241883e-06 5.5519573937227761e-06 4.8050189902428319e-06 3.8754025399980091e-06 2.7641591987198532e-06 1.472133820260654e-06 0 -1.8099051439855456e-06 -3.7953580483490737e-06 -5.9556851203820887e-06 -8.2900415040063884e-06 -1.0797376042154884e-05 -1.3476393090823959e-05 -1.6325513556728095e-05 -1.9342838214287306e-05 -2.2526119555866828e-05 -2.5872750252654716e-05 -3.30439691618658e-05 -4.0830141010947738e-05 -4.9205227955406403e-05 -5.8151339511943468e-05 -6.7667006308656994e-05 -1.0134261026534045e-05 -5.1310652750855421e-07 2.8094707543720427e-06 5.1572974084542829e-06 6.554809793320434e-06 6.9050540529820432e-06 7.0267396836350706e-06 6.9223133356766374e-06 6.5938841824565746e-06 6.043234635566496e-06 5.2718467375133669e-06 4.2809363580769503e-06 3.0714899812866174e-06 1.6443004776100882e-06 0 -2.0171711249462267e-06 -4.2471731478227187e-06 -6.6893738920348228e-06 -9.3429805025730609e-06 -1.220700649631737e-05 -1.5280235989848363e-05 -1.8561186970666245e-05 -2.2048076932611343e-05 -2.5738796978763549e-05 -2.9630899978610956e-05 -3.8007908126631352e-05 -4.7154369005501701e-05 -5.7045846984086389e-05 -6.7665552128265806e-05 -7.9012105431985023e-05 -1.41316078449314e-05 -2.4293401058679982e-06 1.6984505195021113e-06 4.6932583574003807e-06 6.5776257681394384e-06 7.1106415349216915e-06 7.3743681815595099e-06 7.3710628016158172e-06 7.1026710823088999e-06 6.5708373370624925e-06 5.7769287328889468e-06 4.7220669326511972e-06 3.4071619651300777e-06 1.8329452689471571e-06 0 -2.2425561156592848e-06 -4.7398923829772734e-06 -7.4914256887560048e-06 -1.0496424488553156e-05 -1.3753978857552142e-05 -1.7262967140316046e-05 -2.1022022058442248e-05 -2.5029499313359052e-05 -2.9283453466619768e-05 -3.378162700880447e-05 -4.3500164782847097e-05 -5.4162296819493769e-05 -6.5745481055472585e-05 -7.8234228956286029e-05 -9.1627267405437537e-05 -1.8685853575825671e-05 -4.6426152848599521e-06 3.9324250084752116e-07 4.1196290983633337e-06 6.5569019807911176e-06 7.2986654420229621e-06 7.7256648467685132e-06 7.839938379284391e-06 7.6432432399832356e-06 7.1370642592354987e-06 6.3226361015416401e-06 5.2009716927830219e-06 3.7728928336015362e-06 2.0390600588110826e-06 0 -2.487038890280519e-06 -5.2757394090782373e-06 -8.3655749418543475e-06 -1.1755884948111771e-05 -1.5445847564693673e-05 -1.9434450004009324e-05 -2.3720457486000339e-05 -2.8302385292065411e-05 -3.3178476032352669e-05 -3.8346691401364386e-05 -4.9550043462622192e-05 -6.1891837398322729e-05 -7.5351715856603478e-05 -8.9915692827037246e-05 -0.00010558261688282701 -2.3827711642149364e-05 -7.1689888778757479e-06 -1.1164788283895154e-06 3.4307522751520759e-06 6.4905845165913716e-06 7.4684745858731522e-06 8.0811149671023641e-06 8.330295995128542e-06 8.217560989836056e-06 7.7442141713070513e-06 6.9113399625151579e-06 5.7198280429076006e-06 4.1704002364457777e-06 2.2636367063799576e-06 0 -2.7515982200862533e-06 -5.8569377845497765e-06 -9.3155561905431522e-06 -1.3126873189795786e-05 -1.7290166998380709e-05 -2.1804547979058942e-05 -2.6668931798043658e-05 -3.1882013841611014e-05 -3.7442251253623882e-05 -4.3347853660587121e-05 -5.6186849230362112e-05 -7.0380904700963044e-05 -8.5912138720971803e-05 -0.00010276826668794414 -0.00012094827973522674 -2.9587895951799401e-05 -1.0024518639137705e-05 -2.8410384857941346e-06 2.620970405484788e-06 6.3766195384504051e-06 7.6194176495439783e-06 8.4412038946591311e-06 8.8434914573843691e-06 8.8275846835006901e-06 8.3945858347174675e-06 7.5454114489474909e-06 6.2808134447465275e-06 4.601401872813336e-06 2.5076670882602828e-06 0 -3.0372128769590162e-06 -6.4857111448041589e-06 -1.0345103870980778e-05 -1.4614900716137852e-05 -1.9294491684741328e-05 -2.4383124740025357e-05 -2.9879883359838497e-05 -3.5783665384920101e-05 -4.2093166658625307e-05 -4.8806873146253033e-05 -6.3439887334758785e-05 -7.9667411755257462e-05 -9.7474335818155655e-05 -0.0001168502764544136 -0.00013779437977746076 -3.5997121246811542e-05 -1.3225261525101665e-05 -4.7907615374479166e-06 1.6846262228888226e-06 6.2129531432020212e-06 7.7508433682408396e-06 8.8064169900237653e-06 9.3808806653703574e-06 9.4752746515448253e-06 9.0904780171609284e-06 8.2272216804885555e-06 6.8861053092516896e-06 5.0676154172276493e-06 2.7721430612432174e-06 0 -3.3448616356608138e-06 -7.1642830761510075e-06 -1.145795252662397e-05 -1.6225478962381808e-05 -2.1466375871655267e-05 -2.7180043504390066e-05 -3.3365751121033288e-05 -4.0022619385899751e-05 -4.714960841522363e-05 -5.4745510997961954e-05 -7.1338461705400936e-05 -8.9789273516782347e-05 -0.00011008589462713712 -0.00013222004554913543 -0.00015619104437914242 -4.3086100717335372e-05 -1.6787274618314214e-05 -6.9759732046210594e-06 6.1606232025184664e-07 5.9975313415988369e-06 7.8621005171786991e-06 9.1772395519482466e-06 9.9438194941567682e-06 1.0162591268561828e-05 9.8341894880223606e-06 8.9591417870937627e-06 7.5378810731387039e-06 5.5707585364830303e-06 3.0580564968961792e-06 0 -3.6755232920192941e-06 -7.894877189754369e-06 -1.2657836598480729e-05 -1.7964119267991018e-05 -2.3813374032510714e-05 -3.0205167921252901e-05 -3.7138973277156794e-05 -4.4614155497593178e-05 -5.262996383580159e-05 -6.1185526948916852e-05 -7.9911877595830141e-05 -0.00010078440274422522 -0.00012379440114290713 -0.00014893589654126202 -0.00017620839581775858 -5.0885548596193969e-05 -2.0726615163785022e-05 -9.4069984818628858e-06 -5.9037881380582427e-07 5.7283002826083279e-06 7.9525378843028307e-06 9.5541570143683908e-06 1.0533663802143206e-05 1.089149486868084e-05 1.0628018993815452e-05 9.7435428842074774e-06 8.2383181416762754e-06 6.1125489150295293e-06 3.3663992559885489e-06 0 -4.0301765719969144e-06 -8.6797170541923505e-06 -1.3948490656983936e-05 -1.9836333149440849e-05 -2.6343040666156496e-05 -3.34683613135751e-05 -4.1211988585084056e-05 -4.9573553459124743e-05 -5.8552619764751216e-05 -6.8148680914182337e-05 -8.9189439849793011e-05 -0.00011269071290917124 -0.0001386474418163231 -0.00016705615400769845 -0.00019791656301480868 -6.4512287820096419e-05 -2.8523883750711725e-05 -1.4858296669407841e-05 -4.0784529631076009e-06 3.8156475136783279e-06 6.6805440137241769e-06 8.8240046700191141e-06 1.0246029491656225e-05 1.0946618479772144e-05 1.0925771640050049e-05 1.0183488975899842e-05 8.7197704770918111e-06 6.5346161527190346e-06 3.6280259891418894e-06 0 -4.3494618101600924e-06 -9.4203594640710948e-06 -1.5212692961733006e-05 -2.1726462230401167e-05 -2.8961667361006402e-05 -3.691830835354871e-05 -4.5596385135283435e-05 -5.4995897815327567e-05 -6.5116846320936446e-05 -7.5959230506620731e-05 -9.9808306863896195e-05 -0.00012654312594147333 -0.00015616368890326675 -0.0001886699948763405 -0.00022406204386069453 -7.3305415308031689e-05 -3.4050644052385982e-05 -1.9034574687092162e-05 -7.0927166888624916e-06 1.7749303757399844e-06 5.0559247833039255e-06 7.5683664180577085e-06 9.3122552800013342e-06 1.028759137652293e-05 1.0494374719936049e-05 9.9326053077779789e-06 8.6022831178843323e-06 6.503408179807626e-06 3.635980468920762e-06 0 -4.4045332269546603e-06 -9.5776192267194779e-06 -1.5519257954965675e-05 -2.2229449505276229e-05 -2.9708193779142744e-05 -3.7955490737161856e-05 -4.6971340615753723e-05 -5.6755743139094831e-05 -6.7308698583008701e-05 -7.8630206632268436e-05 -0.00010357888101966588 -0.00013160176630128714 -0.00016269886342281289 -0.00019687017080810871 -0.00023411568924524182 -8.4149195924542862e-05 -4.0496870033482812e-05 -2.3699923388851436e-05 -1.0255787512472257e-05 -1.6446246799685273e-07 3.6238960002333809e-06 6.5740517339661779e-06 8.6860047491144347e-06 9.9597550668953428e-06 1.0395302668743859e-05 9.9926475520078363e-06 8.7517897299480163e-06 6.6727291946079557e-06 3.7554659592483977e-06 0 -4.5936686698764905e-06 -1.0025540042424628e-05 -1.6295614144165901e-05 -2.3403890937970226e-05 -3.1350370455663388e-05 -4.0135052718462585e-05 -4.9757937577847457e-05 -6.0219025330858722e-05 -7.151831572289004e-05 -8.3655808669072661e-05 -0.00011044540298771074 -0.00014058780811703541 -0.0001740830238024403 -0.00021093105123208835 -0.00025113188887834152 -9.5987254348905003e-05 -4.7391755916075551e-05 -2.860614067115427e-05 -1.349528116474641e-05 -2.0591777151098719e-06 2.2808404827359733e-06 5.7021697345871106e-06 8.2048099949781251e-06 9.7887612525426616e-06 1.0454023518647076e-05 1.0200596798974542e-05 9.0284810764755315e-06 6.9376763852491063e-06 3.9281826826714375e-06 0 -4.8468716826563266e-06 -1.0612432334040068e-05 -1.7296681999616644e-05 -2.4899620633920633e-05 -3.3421248316516509e-05 -4.2861564888275332e-05 -5.3220570508326049e-05 -6.4498265085737816e-05 -7.6694648620510662e-05 -8.9809721339971635e-05 -0.00011879593360551136 -0.00015145690179142616 -0.00018779262562492352 -0.00022780310583345016 -0.00027148834132583604 
end_dependent_variable

end_regular_table
