# ****************************************************************************
# CUI
#
# The Advanced Framework for Simulation, Integration, and Modeling (AFSIM)
#
# The use, dissemination or disclosure of data in this file is subject to
# limitation or restriction. See accompanying README and LICENSE for details.
# ****************************************************************************

# ##################################################################################################
# 
# This file was auto-generated by AFSIM Mover Creator 2.5.0.200324
# 
# Creation Date:  24 Mar 2020
# 
# ##################################################################################################

regular_table

independent_variable mach precision double
0.10000000000000001 0.5 0.70000000000000007 0.75 0.80000000000000004 0.84999999999999998 0.90000000000000002 0.92000000000000004 0.94000000000000006 0.95999999999999996 0.97999999999999998 1 
end_independent_variable

independent_variable surface_angle units deg
-20 -16 -14 -12 -10 -9 -8 -7 -6 -5 -4 -3 -2 -1 0 1 2 3 4 5 6 7 8 9 10 12 14 16 18 20 
end_independent_variable

dependent_variable precision double
0.040878529205712805 0.028554910423112197 0.02317083470833527 0.018305248111240607 0.013958150631828202 0.011979035311252842 0.010129542270098048 0.0084096715083638168 0.0068194230260501532 0.0053587968231570493 0.0040277928996845123 0.0028264112556325386 0.001754651891001128 0.00081251480579028201 0 0 0 0 0 0 0 0 0 0 0 0 0 0 0 0 0.045090083913078845 0.031250305435826464 0.025234496514944631 0.019821407805892387 0.015011039308669713 0.012831875139494469 0.010803391023276616 0.0089255869600161578 0.0071984629497130964 0.0056220189923674281 0.0041962550879791546 0.0029211712365482742 0.0017967674380747886 0.0008230436925586971 0 0 0 0 0 0 0 0 0 0 0 0 0 0 0 0 0.050262777214104722 0.034560829148483019 0.027769116232447311 0.021683577394261692 0.016304212633926181 0.013879345532952203 0.011631021951440754 0.0095592418893918271 0.0076640053468054244 0.0059453123236815446 0.0044031628200201884 0.003037556835821356 0.001848494371085047 0.00083597542581126188 0 0 0 0 0 0 0 0 0 0 0 0 0 0 0 0 0.052050514934002763 0.035704981289217771 0.028645107715197349 0.022327162973424994 0.016751147063900688 0.014241362421231559 0.011917059986624443 0.0097782397600793373 0.0078249017415962501 0.006057045931175173 0.0044746723288161105 0.0030777809345190624 0.0018663717482840278 0.00084044477011100706 0 0 0 0 0 0 0 0 0 0 0 0 0 0 0 0 0.054086717676576489 0.037008151044464942 0.029642847059058473 0.023060195960751529 0.017260197749544123 0.014653693476602739 0.012242852425436235 0.01002767459604462 0.008008159988427882 0.0061843086025860309 0.004556120438519059 0.0031235954962269708 0.0018867337757097649 0.00084553527696744118 0 0 0 0 0 0 0 0 0 0 0 0 0 0 0 0 0.1353608734389404 0.084762948589079429 0.063875064319537642 0.045927898820254921 0.030921452091231306 0.024520998265566675 0.01885572413246683 0.01392562969193175 0.0097307149439614486 0.0062709798885559288 0.0035464245257151882 0.0015570488554392241 0.00030285287772803711 -0.00021616340741836988 0 0 0 0 0 0 0 0 0 0 0 0 0 0 0 0 0.21663502920130451 0.13251774613369399 0.098107281580016845 0.068795601679758345 0.044582706432918506 0.034388303054530639 0.025468595839497437 0.01782358478781889 0.011453269899495015 0.006357651174525825 0.0025367286129113135 -9.4977853485264663e-06 -0.0012810280202536946 -0.0012778620918041832 0 0 0 0 0 0 0 0 0 0 0 0 0 0 0 0 0.24914469150625021 0.15161966515153988 0.11180016848420855 0.077942682823559706 0.050047208169593391 0.038335224970116231 0.028113744522309685 0.019382766826173743 0.012142291881708445 0.006392319688913785 0.0021328502477897635 -0.00063611644166362705 -0.001914580379446387 -0.0017025415655585092 0 0 0 0 0 0 0 0 0 0 0 0 0 0 0 0 0.2816543538111958 0.17072158416938565 0.12549305538840022 0.087089763967361081 0.055511709906268275 0.042282146885701803 0.030758893205121922 0.020941948864528596 0.01283131386392187 0.0064269882033017433 0.0017289718826682138 -0.0012627350979787268 -0.0025481327386390794 -0.0021272210393128337 0 0 0 0 0 0 0 0 0 0 0 0 0 0 0 0 0.31416401611614125 0.1898235031872314 0.13918594229259185 0.0962368451111624 0.060976211642943139 0.046229068801287368 0.033404041887934152 0.022501130902883443 0.013520335846135293 0.0064616567176897016 0.0013250935175466668 -0.0018893537542938243 -0.0031816850978317684 -0.0025519005130671571 0 0 0 0 0 0 0 0 0 0 0 0 0 0 0 0 0.34667367842108693 0.20892542220507723 0.15287882919678353 0.10538392625496379 0.066440713379618016 0.050175990716872947 0.036049190570746396 0.024060312941238303 0.014209357828348724 0.0064963252320776608 0.00092121515242511677 -0.0025159724106089236 -0.0038152374570244612 -0.0029765799868214826 0 0 0 0 0 0 0 0 0 0 0 0 0 0 0 0 0.37918334072603255 0.22802734122292309 0.16657171610097524 0.11453100739876515 0.0719052151162929 0.054122912632458539 0.038694339253558641 0.025619494979593156 0.014898379810562148 0.006530993746465619 0.00051733678730356714 -0.0031425910669240237 -0.0044487898162171545 -0.0034012594605758086 0 0 0 0 0 0 0 0 0 0 0 0 0 0 0 0 
end_dependent_variable

end_regular_table
