# ****************************************************************************
# CUI
#
# The Advanced Framework for Simulation, Integration, and Modeling (AFSIM)
#
# The use, dissemination or disclosure of data in this file is subject to
# limitation or restriction. See accompanying README and LICENSE for details.
# ****************************************************************************

# ##################################################################################################
# 
# This file was auto-generated by AFSIM Mover Creator 2.5.0.200324
# 
# Creation Date:  24 Mar 2020
# 
# ##################################################################################################

regular_table

independent_variable mach precision double
0.10000000000000001 0.5 0.70000000000000007 0.75 0.80000000000000004 0.84999999999999998 0.90000000000000002 0.92000000000000004 0.94000000000000006 0.95999999999999996 0.97999999999999998 1 
end_independent_variable

independent_variable surface_angle units deg
-20 -16 -14 -12 -10 -9 -8 -7 -6 -5 -4 -3 -2 -1 0 1 2 3 4 5 6 7 8 9 10 12 14 16 18 20 
end_independent_variable

dependent_variable precision double
1.2146697067772467e-05 1.1658382647975432e-05 1.0917052557484941e-05 9.8735879139699183e-06 8.5813002390232756e-06 7.8595476925391217e-06 7.0959956157489112e-06 6.2962204378815778e-06 5.4650213609577391e-06 4.6064399888086618e-06 3.7238200708076196e-06 2.8198873402041507e-06 1.8968360009970022e-06 9.5641387392532155e-07 0 0 0 0 0 0 0 0 0 0 0 0 0 0 0 0 1.1768455779906729e-05 1.1416241528283063e-05 1.073162976744777e-05 9.7373268399864228e-06 8.486645086919669e-06 7.7828616967814569e-06 7.0353890269893635e-06 6.2498042144599111e-06 5.430905194825398e-06 4.5827341678645362e-06 3.7086353299111822e-06 2.8113334644236346e-06 1.8930233341013694e-06 9.554525082682063e-07 0 0 0 0 0 0 0 0 0 0 0 0 0 0 0 0 1.1304133310320811e-05 1.1119070845007523e-05 1.0504105525230264e-05 9.5701646990891886e-06 8.3705581748283026e-06 7.6888300546920928e-06 6.9610914396040574e-06 6.1929187587931287e-06 5.3891106928259088e-06 4.5537098139482653e-06 3.6900583816648571e-06 2.8008832093799677e-06 1.8883779237682558e-06 9.5429056904916169e-07 0 0 0 0 0 0 0 0 0 0 0 0 0 0 0 0 1.1143661498920485e-05 1.1016368800788803e-05 1.0425473500337944e-05 9.5123933675455391e-06 8.3304385086293169e-06 7.6563331150143011e-06 6.9354147459661657e-06 6.1732600728174942e-06 5.3746674967845221e-06 4.543679217645964e-06 3.6836390592685227e-06 2.7972720844608616e-06 1.8867728696888803e-06 9.538891705099748e-07 0 0 0 0 0 0 0 0 0 0 0 0 0 0 0 0 1.0960885907433629e-05 1.0899392474382617e-05 1.0335913438161356e-05 9.4465935810108554e-06 8.2847445735108882e-06 7.6193203835726662e-06 6.906169742508416e-06 6.1508692285339319e-06 5.3582168145282242e-06 4.5322554079575982e-06 3.6763276780405819e-06 2.7931591904164956e-06 1.8849449685118224e-06 9.5343203226133094e-07 0 0 0 0 0 0 0 0 0 0 0 0 0 0 0 0 2.4718519651810162e-06 5.3102125401527189e-06 6.0008019518342328e-06 6.2284821088020145e-06 6.0347493903462321e-06 5.7936303205218923e-06 5.4630412324552189e-06 5.0473239385028557e-06 4.5502120680305536e-06 3.9748529126116985e-06 3.3238485836477227e-06 2.5993209147695325e-06 1.802977947224327e-06 9.3617970291899389e-07 0 0 0 0 0 0 0 0 0 0 0 0 0 0 0 0 -6.0171807106832747e-06 -2.7896575522170386e-07 1.6656929237903222e-06 3.0103720519683568e-06 3.784756069517344e-06 3.967940965158712e-06 4.0199138770501982e-06 3.9437786112250658e-06 3.7422075450131765e-06 3.4174506779928069e-06 2.9713699920855216e-06 2.4054826949926432e-06 1.7210107490149347e-06 9.1892734098578115e-07 0 0 0 0 0 0 0 0 0 0 0 0 0 0 0 0 -1.2467295696597254e-05 -3.3454453205115938e-06 -1.0966392461824637e-07 2.2608022580162931e-06 3.7988916747343808e-06 4.2667315304309915e-06 4.5390854722316535e-06 4.6193997301221361e-06 4.5106387403763664e-06 4.2153000516918967e-06 3.7354497915122183e-06 3.0727720104752019e-06 2.2286224815686855e-06 1.204081171440666e-06 0 0 0 0 0 0 0 0 0 0 0 0 0 0 0 0 -2.1124989127499823e-05 -7.8633541131605973e-06 -3.0098102523120354e-06 6.7712408345445992e-07 3.2306254820802334e-06 4.0933512142987688e-06 4.6854170076768416e-06 5.0102921926130568e-06 5.0709625849959253e-06 4.8699446660283915e-06 4.4093177931872239e-06 3.6907784686872196e-06 2.7156925072306637e-06 1.4851468098727762e-06 0 0 0 0 0 0 0 0 0 0 0 0 0 0 0 0 -3.1998488162158829e-05 -1.3837520648354274e-05 -7.0382103613830787e-06 -1.742973213238742e-06 2.0785737462838676e-06 3.4468023336951676e-06 4.4582390928676055e-06 5.1160613771984903e-06 5.4230056581653827e-06 5.3813755706166035e-06 4.9930758817755889e-06 4.2596607629839336e-06 3.1823807205626765e-06 1.7622317167804442e-06 0 0 0 0 0 0 0 0 0 0 0 0 0 0 0 0 -4.5096009992121127e-05 -2.1272780965114686e-05 -1.2198327972874659e-05 -5.0018061989711876e-06 3.4135662553001342e-07 2.3260862147906877e-06 3.8568822106469552e-06 4.9363136084456705e-06 5.5665935111689272e-06 5.7495838746655889e-06 5.4868263516562347e-06 4.7795771509340159e-06 3.6288476455960188e-06 2.0354433843217114e-06 0 0 0 0 0 0 0 0 0 0 0 0 0 0 0 0 -6.042578277436653e-05 -3.017396186527849e-05 -1.8493626599248444e-05 -9.101687805371336e-06 -1.9824098638313423e-06 7.3020472010852481e-07 2.880677722880382e-06 4.4706539594321949e-06 5.5015512259821317e-06 5.9745610449528698e-06 5.8906715717015098e-06 5.2506863109940153e-06 4.0552537281438845e-06 2.3048892245741804e-06 0 0 0 0 0 0 0 0 0 0 0 0 0 0 0 0 
end_dependent_variable

end_regular_table
