# ****************************************************************************
# CUI
#
# The Advanced Framework for Simulation, Integration, and Modeling (AFSIM)
#
# The use, dissemination or disclosure of data in this file is subject to
# limitation or restriction. See accompanying README and LICENSE for details.
# ****************************************************************************

# ##################################################################################################
# 
# This file was auto-generated by AFSIM Mover Creator 2.5.0.200324
# 
# Creation Date:  24 Mar 2020
# 
# ##################################################################################################

regular_table

independent_variable mach precision double
0.10000000000000001 0.5 0.70000000000000007 0.75 0.80000000000000004 0.84999999999999998 0.90000000000000002 0.92000000000000004 0.94000000000000006 0.95999999999999996 0.97999999999999998 1 
end_independent_variable

independent_variable surface_angle units deg
-20 -16 -14 -12 -10 -9 -8 -7 -6 -5 -4 -3 -2 -1 0 1 2 3 4 5 6 7 8 9 10 12 14 16 18 20 
end_independent_variable

dependent_variable precision double
-6.01022540805367e-06 -5.3074733235922407e-06 -4.8159159254101969e-06 -4.2411495700888131e-06 -3.6018065172466452e-06 -3.2641047591781939e-06 -2.9173908324324078e-06 -2.5636135968943051e-06 -2.2044503419917604e-06 -1.8413136447469594e-06 -1.4753721348201833e-06 -1.107578422562531e-06 -7.386994190061371e-07 -3.6934594525690278e-07 0 0 0 0 0 0 0 0 0 0 0 0 0 0 0 0 -6.0598318126413977e-06 -5.3391966117463861e-06 -4.840190820294144e-06 -4.2589722164800943e-06 -3.6141720263264444e-06 -3.2741148697870755e-06 -2.9252941663950473e-06 -2.5696589436455971e-06 -2.2088863280122198e-06 -1.8443888313353491e-06 -1.4773351275057412e-06 -1.1086778361861731e-06 -7.3918379158742976e-07 -3.6946385148014748e-07 0 0 0 0 0 0 0 0 0 0 0 0 0 0 0 0 -6.1208827547145604e-06 -5.3782670565985251e-06 -4.8701033407602722e-06 -4.2809476481478361e-06 -3.6294321173279481e-06 -3.2864750712099436e-06 -2.9350599106164775e-06 -2.5771354395624953e-06 -2.2143788171123674e-06 -1.848202694781711e-06 -1.4797756347211356e-06 -1.110050284528455e-06 -7.3979347492257424e-07 -3.696160566903708e-07 0 0 0 0 0 0 0 0 0 0 0 0 0 0 0 0 -6.1419834472733126e-06 -5.3917712815703743e-06 -4.8804423678003521e-06 -4.2885437805143003e-06 -3.6347068621304098e-06 -3.2907475767410796e-06 -2.938435575768929e-06 -2.5797199565467852e-06 -2.2162775196393851e-06 -1.8495212541107024e-06 -1.4806193682675515e-06 -1.1105248309606657e-06 -7.4000432799594826e-07 -3.6966873751333338e-07 0 0 0 0 0 0 0 0 0 0 0 0 0 0 0 0 -6.1660173186625071e-06 -5.40715303896743e-06 -4.8922185407272043e-06 -4.2971958572597247e-06 -3.6407151251207745e-06 -3.2956141021996147e-06 -2.9422808102612587e-06 -2.5826637739702869e-06 -2.2184403991505588e-06 -1.8510230439998085e-06 -1.481580622184521e-06 -1.1110654390983133e-06 -7.402445535962218e-07 -3.697287512833721e-07 0 0 0 0 0 0 0 0 0 0 0 0 0 0 0 0 -6.7081526461309928e-06 -5.5155738693609836e-06 -4.8550928399980406e-06 -4.1597924637644725e-06 -3.444175103108931e-06 -3.0835631139353157e-06 -2.7234230127096062e-06 -2.3652721700875054e-06 -2.010416074128851e-06 -1.6599541081943296e-06 -1.314796033780958e-06 -9.7568324210108641e-07 -6.432127115770703e-07 -3.1785991413469848e-07 0 0 0 0 0 0 0 0 0 0 0 0 0 0 0 0 -7.2502911023235657e-06 -5.6239952957019847e-06 -4.8179664688280037e-06 -4.0223891447626526e-06 -3.2476360495116865e-06 -2.8715123491513099e-06 -2.5045658111053996e-06 -2.1478808734901256e-06 -1.8023918794706475e-06 -1.4688852142914062e-06 -1.1480115617733811e-06 -8.4030108613344501e-07 -5.4618091320641353e-07 -2.6599110055621195e-07 0 0 0 0 0 0 0 0 0 0 0 0 0 0 0 0 -1.1097671996217407e-05 -8.2360654407994185e-06 -6.8968797263712396e-06 -5.6251026405480676e-06 -4.4322468599563192e-06 -3.8692369833610674e-06 -3.3303640807876522e-06 -2.8168321225110049e-06 -2.329677855953016e-06 -1.8697739753780048e-06 -1.4378425823900474e-06 -1.034472115961837e-06 -6.6013652052554843e-07 -3.1521322542790027e-07 0 0 0 0 0 0 0 0 0 0 0 0 0 0 0 0 -1.6088337866525762e-05 -1.1478757711440352e-05 -9.4059761720565341e-06 -7.4942417270403031e-06 -5.7551492714174465e-06 -4.9541929555116645e-06 -4.2008353344984062e-06 -3.4962888709036947e-06 -2.8415972698358396e-06 -2.2376395928851414e-06 -1.685143103119251e-06 -1.1847005522149096e-06 -7.3678913065553091e-07 -3.4178895839743079e-07 0 0 0 0 0 0 0 0 0 0 0 0 0 0 0 0 -2.2457908543936833e-05 -1.5490516762843819e-05 -1.2444499693718593e-05 -9.696102592647629e-06 -7.2559477460785823e-06 -6.1549858546991707e-06 -5.1351510637277339e-06 -4.1975505839221794e-06 -3.3431433245187474e-06 -2.5727326077744983e-06 -1.8869854106204378e-06 -1.2864443432051608e-06 -7.7154655532754208e-07 -3.4264020693424389e-07 0 0 0 0 0 0 0 0 0 0 0 0 0 0 0 0 -3.0442000611225264e-05 -2.0409792718046665e-05 -1.6111691944389212e-05 -1.2296979146279339e-05 -8.9742461129290825e-06 -7.5002224321171792e-06 -6.1524799478387051e-06 -4.9319178814686194e-06 -3.8393086106929046e-06 -2.8753038291841077e-06 -2.0404417385928807e-06 -1.3351615294889077e-06 -7.5981671591778125e-07 -3.146888349756815e-07 0 0 0 0 0 0 0 0 0 0 0 0 0 0 0 0 -4.0276246920530936e-05 -2.6375029323448076e-05 -2.0506794428113313e-05 -1.5363170541182242e-05 -1.0949650808228367e-05 -9.0185073233458483e-06 -7.2719950613067917e-06 -5.7106902287969986e-06 -4.3350874621957492e-06 -3.1456038315976949e-06 -2.142584340523169e-06 -1.32631004453816e-06 -6.9700737457273945e-07 -2.5485659890919499e-07 0 0 0 0 0 0 0 0 0 0 0 0 0 0 0 0 
end_dependent_variable

end_regular_table
