# ****************************************************************************
# CUI
#
# The Advanced Framework for Simulation, Integration, and Modeling (AFSIM)
#
# The use, dissemination or disclosure of data in this file is subject to
# limitation or restriction. See accompanying README and LICENSE for details.
# ****************************************************************************

# ##################################################################################################
# 
# This file was auto-generated by AFSIM Mover Creator 2.5.0.200324
# 
# Creation Date:  24 Mar 2020
# 
# ##################################################################################################

regular_table

independent_variable mach precision double
0.10000000000000001 0.5 0.70000000000000007 0.75 0.80000000000000004 0.84999999999999998 0.90000000000000002 0.92000000000000004 0.94000000000000006 0.95999999999999996 0.97999999999999998 1 1.02 1.04 1.0600000000000001 1.0800000000000001 1.1000000000000001 1.2 1.3 1.4000000000000001 1.5 
end_independent_variable

independent_variable alpha units rad
-1.0471975511965976 -0.95993108859688125 -0.87266462599716477 -0.78539816339744828 -0.69813170079773179 -0.6108652381980153 -0.52359877559829882 -0.48869219055841229 -0.4537856055185257 -0.41887902047863912 -0.38397243543875248 -0.3490658503988659 -0.31415926535897931 -0.27925268031909273 -0.24434609527920614 -0.20943951023931956 -0.17453292519943295 -0.13962634015954636 -0.10471975511965978 -0.087266462599716474 -0.069813170079773182 -0.05235987755982989 -0.034906585039886591 -0.017453292519943295 0 0.017453292519943295 0.034906585039886591 0.05235987755982989 0.069813170079773182 0.087266462599716474 0.10471975511965978 0.13962634015954636 0.17453292519943295 0.20943951023931956 0.24434609527920614 0.27925268031909273 0.31415926535897931 0.3490658503988659 0.38397243543875248 0.41887902047863912 0.4537856055185257 0.48869219055841229 0.52359877559829882 0.6108652381980153 0.69813170079773179 0.78539816339744828 0.87266462599716477 0.95993108859688125 1.0471975511965976 
end_independent_variable

dependent_variable precision double
-10.338929577911124 -11.663785555626241 -9.7561805631489413 -6.8155996394101157 -2.7829655535559454 1.1510314948856468 5.2166180372350279 6.3351233026137512 8.8311939504290269 9.6310932137712904 10.374955326367639 12.512449217623773 13.21826902680348 13.864464893186385 15.539171084775125 16.246365809077091 16.663575390979478 17.012202340021307 17.799779437066093 17.919101927872433 18.021014745995714 18.105976829166583 18.192408318842233 18.210121541222904 18.218539127706968 18.210121541222904 18.192408318842233 18.105976829166583 18.021014745995714 17.919101927872433 17.799779437066093 17.012202340021307 16.663575390979478 16.246365809077091 15.539171084775125 13.864464893186385 13.21826902680348 12.512449217623773 10.374955326367639 9.6310932137712904 8.8311939504290269 6.3351233026137512 5.2166180372350279 1.1510314948856468 -2.7829655535559454 -6.8155996394101157 -9.7561805631489413 -11.663785555626241 -10.338929577911124 -10.353966087555614 -11.681114289648431 -9.7755586750034187 -6.8368762520058599 -2.8059751061570242 1.1264574668792049 5.1906509991356211 6.3086473162991155 8.8042552332212658 9.6037030219142849 10.347147026116527 12.484266922229681 13.189734926058508 13.835613835840501 15.510049845028679 16.21700124370323 16.633998657772501 16.982449685483665 17.769888112006146 17.889154054565399 17.991019457661583 18.075943259124575 18.162351369340751 18.180044800390633 18.18845138228092 18.180044800390633 18.162351369340751 18.075943259124575 17.991019457661583 17.889154054565399 17.769888112006146 16.982449685483665 16.633998657772501 16.21700124370323 15.510049845028679 13.835613835840501 13.189734926058508 12.484266922229681 10.347147026116527 9.6037030219142849 8.8042552332212658 6.3086473162991155 5.1906509991356211 1.1264574668792049 -2.8059751061570242 -6.8368762520058599 -9.7755586750034187 -11.681114289648431 -10.353966087555614 -10.356477108324309 -11.684000493937488 -9.7787902096933745 -6.8404282127712452 -2.809820256372598 1.1223479451664995 5.1863072587195695 6.3042185949926495 8.7997479242089209 9.599121072164893 10.342496016717053 12.479553245967738 13.18496345194724 13.830790397804678 15.505181137911755 16.212092594762066 16.629055709418143 16.977478476252955 17.764894772918201 17.884151870222652 17.986009949159303 18.070927953759895 18.157332206016466 18.17502290978193 18.183428267931173 18.17502290978193 18.157332206016466 18.070927953759895 17.986009949159303 17.884151870222652 17.764894772918201 16.977478476252955 16.629055709418143 16.212092594762066 15.505181137911755 13.830790397804678 13.18496345194724 12.479553245967738 10.342496016717053 9.599121072164893 8.7997479242089209 6.3042185949926495 5.1863072587195695 1.1223479451664995 -2.809820256372598 -6.8404282127712452 -9.7787902096933745 -11.684000493937488 -10.356477108324309 -10.356845197700064 -11.68442370632116 -9.7792639733646283 -6.8409489014723084 -2.8103838473229876 1.1217456220044515 5.185670626221337 6.3035695075532434 8.7990873137956385 9.5984495117312267 10.341814319551331 12.478862369241657 13.184264095430112 13.83008341070606 15.504467519675282 16.211373110351104 16.628331181746319 16.976749784100338 17.764162822154624 17.883418612005805 17.985275608840304 18.070192756441795 18.156596443360769 18.174286738993619 18.182691907916553 18.174286738993619 18.156596443360769 18.070192756441795 17.985275608840304 17.883418612005805 17.764162822154624 16.976749784100338 16.628331181746319 16.211373110351104 15.504467519675282 13.83008341070606 13.184264095430112 12.478862369241657 10.341814319551331 9.5984495117312267 8.7990873137956385 6.3035695075532434 5.185670626221337 1.1217456220044515 -2.8103838473229876 -6.8409489014723084 -9.7792639733646283 -11.68442370632116 -10.356845197700064 -10.355929462429431 -11.683374052350842 -9.7780872173924074 -6.8396539948297566 -2.8089805959096448 1.1232464965954494 5.1872575216321888 6.3051873940521448 8.8007343683307155 9.6001235018280013 10.343513200279851 12.48058419549726 13.186006619456915 13.831844519105474 15.50624518478336 16.213165081732757 16.630135229407813 16.978563715060705 17.765984430036848 17.885243217425099 17.987102660376067 18.072021691658907 18.158426766233728 18.176117835686213 18.184523217102438 18.176117835686213 18.158426766233728 18.072021691658907 17.987102660376067 17.885243217425099 17.765984430036848 16.978563715060705 16.630135229407813 16.213165081732757 15.50624518478336 13.831844519105474 13.186006619456915 12.48058419549726 10.343513200279851 9.6001235018280013 8.8007343683307155 6.3051873940521448 5.1872575216321888 1.1232464965954494 -2.8089805959096448 -6.8396539948297566 -9.7780872173924074 -11.683374052350842 -10.355929462429431 -10.343899898835694 -11.622260721817231 -9.7119593542470284 -6.8226417184804964 -2.7905499899640116 1.1429551385115406 5.2080940477983493 6.3264310450523196 8.8223594156358125 9.6221033792100421 10.365821132334212 12.503193092062046 13.208888826347435 13.854972165021994 15.529590199966334 16.236698934308951 16.653829212462437 17.00238895834654 17.789911918877539 17.909210895271734 18.011103223510474 18.096047834204661 18.18247122004658 18.200173226048989 18.208582212585526 18.200173226048989 18.18247122004658 18.096047834204661 18.011103223510474 17.909210895271734 17.789911918877539 17.00238895834654 16.653829212462437 16.236698934308951 15.529590199966334 13.854972165021994 13.208888826347435 12.503193092062046 10.365821132334212 9.6221033792100421 8.8223594156358125 6.3264310450523196 5.2080940477983493 1.1429551385115406 -2.7905499899640116 -6.8226417184804964 -9.7119593542470284 -11.622260721817231 -10.343899898835694 -9.5308638280659377 -11.419550167773346 -9.5501932029524799 -6.6655444522580281 -2.6685463080268796 1.233909061326012 5.2950379100141323 6.4150737891873799 8.9125931563538359 9.7138179899680033 10.458904884621449 12.597532654606413 13.304369171442277 13.951476961079658 15.627001959966115 16.334898916071033 16.752697731122883 17.101805562589586 17.889755486444411 18.009222350218199 18.111252103544665 18.19630362992531 18.282803441228598 18.300551263614665 18.308975487447064 18.300551263614665 18.282803441228598 18.19630362992531 18.111252103544665 18.009222350218199 17.889755486444411 17.101805562589586 16.752697731122883 16.334898916071033 15.627001959966115 13.951476961079658 13.304369171442277 12.597532654606413 10.458904884621449 9.7138179899680033 8.9125931563538359 6.4150737891873799 5.2950379100141323 1.233909061326012 -2.6685463080268796 -6.6655444522580281 -9.5501932029524799 -11.419550167773346 -9.5308638280659377 -9.0042872452950711 -11.053072553729196 -9.1545461930461389 -6.2632021856237232 -2.2762769660768249 1.6067085466237039 5.6117398279202284 6.7047914361338554 9.1939095682063314 9.9744010316932208 10.700158203202838 12.828564864035943 13.517153374151823 14.147796730921419 15.815987257746244 16.509759528350315 16.915367580901727 17.254495137855752 18.03752486607959 18.153869065058885 18.253365733429771 18.336477259523885 18.421653901948815 18.438640840635593 18.44676402670272 18.438640840635593 18.421653901948815 18.336477259523885 18.253365733429771 18.153869065058885 18.03752486607959 17.254495137855752 16.915367580901727 16.509759528350315 15.815987257746244 14.147796730921419 13.517153374151823 12.828564864035943 10.700158203202838 9.9744010316932208 9.1939095682063314 6.7047914361338554 5.6117398279202284 1.6067085466237039 -2.2762769660768249 -6.2632021856237232 -9.1545461930461389 -11.053072553729196 -9.0042872452950711 -8.4808446953351453 -10.69519643057764 -8.7688755368009552 -5.8720515340345791 -1.8962627183293825 1.9603434495725287 5.9329033185831612 7.0061879370595266 9.475204394219638 10.224601833153754 10.926073299634259 13.044051922742165 13.71420444158621 14.328214545089288 15.988921147742637 16.668438840260787 17.061745959750354 17.390802908204954 18.168842074428753 18.282035935872869 18.378976874745252 18.46013077538613 18.543971655853579 18.560190155108693 18.568009784127185 18.560190155108693 18.543971655853579 18.46013077538613 18.378976874745252 18.282035935872869 18.168842074428753 17.390802908204954 17.061745959750354 16.668438840260787 15.988921147742637 14.328214545089288 13.71420444158621 13.044051922742165 10.926073299634259 10.224601833153754 9.475204394219638 7.0061879370595266 5.9329033185831612 1.9603434495725287 -1.8962627183293825 -5.8720515340345791 -8.7688755368009552 -10.69519643057764 -8.4808446953351453 -7.9583713399254368 -10.343438515881642 -8.3903983230231045 -5.4890311197071568 -1.5251868711460335 2.3043305751246046 6.2389232654594409 7.2922849998845942 9.7539248166381469 10.483278779556821 11.160944394458637 13.259305695109257 13.90304049607591 14.496892211916192 16.150004554122706 16.815171773089059 17.196096614013285 17.515016280361067 18.288012926812524 18.398036024641751 18.492404507663515 18.571587769702059 18.654083591540523 18.669528072172302 18.677042285932629 18.669528072172302 18.654083591540523 18.571587769702059 18.492404507663515 18.398036024641751 18.288012926812524 17.515016280361067 17.196096614013285 16.815171773089059 16.150004554122706 14.496892211916192 13.90304049607591 13.259305695109257 11.160944394458637 10.483278779556821 9.7539248166381469 7.2922849998845942 6.2389232654594409 2.3043305751246046 -1.5251868711460335 -5.4890311197071568 -8.3903983230231045 -10.343438515881642 -7.9583713399254368 -7.4339468701718516 -10.024618615283696 -8.0547966387358798 -5.1100109122500674 -1.158575265130833 2.6434543445127194 6.5397317437611493 7.5730446402629203 10.024611870348982 10.731619136057306 11.389147976284816 13.477675478627647 14.103293705983873 14.676372941220809 16.31485090826537 16.959569118109382 17.324171476851824 17.632919062354695 18.400846085356804 18.507687756245808 18.599475058627263 18.676680896444495 18.757826809851746 18.772494361313019 18.779702190779567 18.772494361313019 18.757826809851746 18.676680896444495 18.599475058627263 18.507687756245808 18.400846085356804 17.632919062354695 17.324171476851824 16.959569118109382 16.31485090826537 14.676372941220809 14.103293705983873 13.477675478627647 11.389147976284816 10.731619136057306 10.024611870348982 7.5730446402629203 6.5397317437611493 2.6434543445127194 -1.158575265130833 -5.1100109122500674 -8.0547966387358798 -10.024618615283696 -7.4339468701718516 -7.1038956754256075 -9.7587227294074221 -7.7279223474551024 -4.7651330502197018 -0.79391369701346493 2.9804032172202959 6.8381711745251987 7.8513647423994577 10.292792980528306 10.977391243757594 11.613984129411104 13.690764967707047 14.296703384913043 14.852879435971179 16.48412042691902 17.114714132297227 17.465059668333527 17.758250678416516 18.5163760234154 18.617872698095216 18.705013898035858 18.778687693209513 18.858481345126886 18.872370557132427 18.879271532729504 18.872370557132427 18.858481345126886 18.778687693209513 18.705013898035858 18.617872698095216 18.5163760234154 17.758250678416516 17.465059668333527 17.114714132297227 16.48412042691902 14.852879435971179 14.296703384913043 13.690764967707047 11.613984129411104 10.977391243757594 10.292792980528306 7.8513647423994577 6.8381711745251987 2.9804032172202959 -0.79391369701346493 -4.7651330502197018 -7.7279223474551024 -9.7587227294074221 -7.1038956754256075 -7.0134899403806994 -9.4663921531320856 -7.398168700654157 -4.4269290325319925 -0.46411206691558254 3.3138124811427083 7.1351738379026832 8.1281958874569877 10.559435790961324 11.221578630928473 11.837192105579462 13.902185916515316 14.488407358398133 15.02676119295421 16.64943560240874 17.264812528636593 17.602699885309445 17.886084195820001 18.639503145154546 18.73890895854198 18.825004975256284 18.897806784861817 18.97588982774035 18.988830945512841 18.995329754037339 18.988830945512841 18.97588982774035 18.897806784861817 18.825004975256284 18.73890895854198 18.639503145154546 17.886084195820001 17.602699885309445 17.264812528636593 16.64943560240874 15.02676119295421 14.488407358398133 13.902185916515316 11.837192105579462 11.221578630928473 10.559435790961324 8.1281958874569877 7.1351738379026832 3.3138124811427083 -0.46411206691558254 -4.4269290325319925 -7.398168700654157 -9.4663921531320856 -7.0134899403806994 -6.7244162192513359 -9.1754895514414425 -7.0700158866206833 -4.0875695636921474 -0.13379751535755779 3.6121415299856414 7.4157929243551974 8.39592980170133 10.823033886932182 11.463735389956703 12.058319343136539 14.111479643930348 14.677941436548835 15.200544521965337 16.817415474676658 17.420251781412606 17.747619991546696 18.022838420618619 18.773367006283731 18.869933438443265 18.953332800037863 19.024290161784943 19.100925027435057 19.113039586843385 19.119154890716498 19.113039586843385 19.100925027435057 19.024290161784943 18.953332800037863 18.869933438443265 18.773367006283731 18.022838420618619 17.747619991546696 17.420251781412606 16.817415474676658 15.200544521965337 14.677941436548835 14.111479643930348 12.058319343136539 11.463735389956703 10.823033886932182 8.39592980170133 7.4157929243551974 3.6121415299856414 -0.13379751535755779 -4.0875695636921474 -7.0700158866206833 -9.1754895514414425 -6.7244162192513359 -5.9561221746865147 -8.8232858879000648 -6.7133833909528784 -3.732994781803999 0.2070029997418833 3.927083099315579 7.6922922371371811 8.6530187381432189 11.071234884393718 11.696274796589453 12.276942871184563 14.324516034450726 14.876680722418397 15.384085945596429 16.993749677450108 17.582364050517221 17.895728688548015 18.158775039833401 18.902523788590351 18.995197870578117 19.075314769756595 19.143736147863862 19.218681128611717 19.229932291137871 19.235658457061959 19.229932291137871 19.218681128611717 19.143736147863862 19.075314769756595 18.995197870578117 18.902523788590351 18.158775039833401 17.895728688548015 17.582364050517221 16.993749677450108 15.384085945596429 14.876680722418397 14.324516034450726 12.276942871184563 11.696274796589453 11.071234884393718 8.6530187381432189 7.6922922371371811 3.927083099315579 0.2070029997418833 -3.732994781803999 -6.7133833909528784 -8.8232858879000648 -5.9561221746865147 -5.2574056253725514 -8.45951783811193 -6.3339830287951724 -3.3542380189573131 0.57046365639013674 4.2609870246485553 7.9861549596343666 8.9261781495544934 11.333675317973166 11.934090568315595 12.491214759083848 14.524661943565922 15.054978125301954 15.542617206086755 17.142096215165509 17.714319879415992 18.014997846969987 18.268112919303768 19.006908731402401 19.096440833791707 19.173982529780787 19.240447105487373 19.314033337371789 19.324522254521195 19.329928026250808 19.324522254521195 19.314033337371789 19.240447105487373 19.173982529780787 19.096440833791707 19.006908731402401 18.268112919303768 18.014997846969987 17.714319879415992 17.142096215165509 15.542617206086755 15.054978125301954 14.524661943565922 12.491214759083848 11.934090568315595 11.333675317973166 8.9261781495544934 7.9861549596343666 4.2609870246485553 0.57046365639013674 -3.3542380189573131 -6.3339830287951724 -8.45951783811193 -5.2574056253725514 -5.0113814159929877 -8.1773298638572562 -6.0149514387316483 -3.0228524113635715 0.89336124828648245 4.5579630802802678 8.2451509742507962 9.1650672018127395 11.562366910980217 12.140776096175495 12.67787551965584 14.700482583338024 15.21200466203344 15.68270243871601 17.274273167317233 17.831548925697589 18.119369380943748 18.361964890965456 19.095403307938934 19.181620272971909 19.256464046218898 19.320893047985592 19.393123239655608 19.402821588811065 19.40792570433787 19.402821588811065 19.393123239655608 19.320893047985592 19.256464046218898 19.181620272971909 19.095403307938934 18.361964890965456 18.119369380943748 17.831548925697589 17.274273167317233 15.68270243871601 15.21200466203344 14.700482583338024 12.67787551965584 12.140776096175495 11.562366910980217 9.1650672018127395 8.2451509742507962 4.5579630802802678 0.89336124828648245 -3.0228524113635715 -6.0149514387316483 -8.1773298638572562 -5.0113814159929877 -3.7917399571546695 -6.7309851629742434 -4.3828619296623152 -1.3354471279759514 2.5391151880672846 6.0804384485354124 9.588509380916113 10.413116782676685 12.764993202306664 13.236595079354657 13.6741805564334 15.64308911389541 16.061047740699223 16.447366498435443 18.00047192656525 18.485593882592468 18.711192129750046 18.902880683224922 19.610977948196613 19.681311238364177 19.743289437726652 19.797819859912359 19.863269994889887 19.869063718647691 19.872630811129909 19.869063718647691 19.863269994889887 19.797819859912359 19.743289437726652 19.681311238364177 19.610977948196613 18.902880683224922 18.711192129750046 18.485593882592468 18.00047192656525 16.447366498435443 16.061047740699223 15.64308911389541 13.6741805564334 13.236595079354657 12.764993202306664 10.413116782676685 9.588509380916113 6.0804384485354124 2.5391151880672846 -1.3354471279759514 -4.3828619296623152 -6.7309851629742434 -3.7917399571546695 -2.5616660397002766 -5.2688601647458597 -2.7324815486165841 0.37238462965997909 4.2071138750598616 7.6266548148765221 10.956748549920551 11.686400786432998 13.99315135857262 14.358190415281427 14.69645724550111 16.611817700308841 16.936323012480905 17.238336745425737 18.753018190830282 19.16599742927896 19.329355417435337 19.470089442553022 20.152766272215391 20.207163512285018 20.256213609425469 20.300838278055114 20.359527047087234 20.361427656612896 20.363461319420594 20.361427656612896 20.359527047087234 20.300838278055114 20.256213609425469 20.207163512285018 20.152766272215391 19.470089442553022 19.329355417435337 19.16599742927896 18.753018190830282 17.238336745425737 16.936323012480905 16.611817700308841 14.69645724550111 14.358190415281427 13.99315135857262 11.686400786432998 10.956748549920551 7.6266548148765221 4.2071138750598616 0.37238462965997909 -2.7324815486165841 -5.2688601647458597 -2.5616660397002766 -1.3284113019774737 -3.8059477843394256 -1.0814212839309338 2.0808639712037458 5.875747684271464 9.173499746324314 12.325608268636595 12.960301101593071 15.221921032247003 15.480391992760859 15.71933451684135 17.581141007285655 17.812187089929594 18.029890021314699 19.5061419207684 19.846973349159644 19.94808654708028 20.037862183797344 20.695115471658877 20.733575563949323 20.769696378627216 20.804414660316301 20.85634132344558 20.85434865104056 20.854848594404295 20.85434865104056 20.85634132344558 20.804414660316301 20.769696378627216 20.733575563949323 20.695115471658877 20.037862183797344 19.94808654708028 19.846973349159644 19.5061419207684 18.029890021314699 17.812187089929594 17.581141007285655 15.71933451684135 15.480391992760859 15.221921032247003 12.960301101593071 12.325608268636595 9.173499746324314 5.875747684271464 2.0808639712037458 -1.0814212839309338 -3.8059477843394256 -1.3284113019774737 -0.092166513088108859 -2.3424788765643973 0.5700601886942398 3.7897045715332984 7.544705689501173 10.720640605570848 13.694737148875909 14.234459664574176 16.450937888019961 16.602829771557211 16.742437095642252 18.550678991024594 18.688255660373375 18.82163819109434 20.259451654391249 20.528127288488172 20.566988720310516 20.605800092628705 21.23762519403509 21.26014642792196 21.283336302700135 21.308147168732201 21.353310707661326 21.347424418771983 21.346390300372459 21.347424418771983 21.353310707661326 21.308147168732201 21.283336302700135 21.26014642792196 21.23762519403509 20.605800092628705 20.566988720310516 20.528127288488172 20.259451654391249 18.82163819109434 18.688255660373375 18.550678991024594 16.742437095642252 16.602829771557211 16.450937888019961 14.234459664574176 13.694737148875909 10.720640605570848 7.544705689501173 3.7897045715332984 0.5700601886942398 -2.3424788765643973 -0.092166513088108859 
end_dependent_variable

end_regular_table
