# ****************************************************************************
# CUI
#
# The Advanced Framework for Simulation, Integration, and Modeling (AFSIM)
#
# The use, dissemination or disclosure of data in this file is subject to
# limitation or restriction. See accompanying README and LICENSE for details.
# ****************************************************************************

# ##################################################################################################
# 
# This file was auto-generated by AFSIM Mover Creator 2.5.0.200324
# 
# Creation Date:  24 Mar 2020
# 
# ##################################################################################################

regular_table

independent_variable mach precision double
0.10000000000000001 0.5 0.70000000000000007 0.75 0.80000000000000004 0.84999999999999998 0.90000000000000002 0.92000000000000004 0.94000000000000006 0.95999999999999996 0.97999999999999998 1 1.02 1.04 1.0600000000000001 1.0800000000000001 1.1000000000000001 1.2 1.3 1.4000000000000001 1.5 
end_independent_variable

independent_variable beta units rad
-1.0471975511965976 -0.95993108859688125 -0.87266462599716477 -0.78539816339744828 -0.69813170079773179 -0.6108652381980153 -0.52359877559829882 -0.48869219055841229 -0.4537856055185257 -0.41887902047863912 -0.38397243543875248 -0.3490658503988659 -0.31415926535897931 -0.27925268031909273 -0.24434609527920614 -0.20943951023931956 -0.17453292519943295 -0.13962634015954636 -0.10471975511965978 -0.087266462599716474 -0.069813170079773182 -0.05235987755982989 -0.034906585039886591 -0.017453292519943295 0 0.017453292519943295 0.034906585039886591 0.05235987755982989 0.069813170079773182 0.087266462599716474 0.10471975511965978 0.13962634015954636 0.17453292519943295 0.20943951023931956 0.24434609527920614 0.27925268031909273 0.31415926535897931 0.3490658503988659 0.38397243543875248 0.41887902047863912 0.4537856055185257 0.48869219055841229 0.52359877559829882 0.6108652381980153 0.69813170079773179 0.78539816339744828 0.87266462599716477 0.95993108859688125 1.0471975511965976 
end_independent_variable

dependent_variable precision double
-10.338911239430224 -11.663963417695449 -9.7562758818112041 -6.8156031315090502 -2.7828681971082845 1.1512123735440696 5.2168421416322781 6.3353479099081769 8.8314536827294852 9.6313338526497052 10.375176558257502 12.512676362028495 13.218471423665983 13.864642523057608 15.539352782874131 16.246529803766613 16.663709933835285 17.012307789064913 17.799858175700663 17.919165122042635 18.021062398876904 18.106008922996605 18.192439223947567 18.21013733036342 18.218539127706979 18.21013733036342 18.192439223947567 18.106008922996605 18.021062398876904 17.919165122042635 17.799858175700663 17.012307789064913 16.663709933835285 16.246529803766613 15.539352782874131 13.864642523057608 13.218471423665983 12.512676362028495 10.375176558257502 9.6313338526497052 8.8314536827294852 6.3353479099081769 5.2168421416322781 1.1512123735440696 -2.7828681971082845 -6.8156031315090502 -9.7562758818112041 -11.663963417695449 -10.338911239430224 -10.353962372387846 -11.681149790140436 -9.7755777072998349 -6.8368768831080775 -2.8059555697726721 1.1264936957187364 5.1906958609771774 6.3086922872935709 8.8043072158010443 9.6037511960501813 10.347191310440017 12.484312391358277 13.189775435676285 13.835649389916655 15.510086210805483 16.217034065980009 16.634025589761922 16.982470790692869 17.769903871700187 17.889166704394114 17.991028995144219 18.075949684509215 18.162357554092864 18.180047959994951 18.188451382280928 18.180047959994951 18.162357554092864 18.075949684509215 17.991028995144219 17.889166704394114 17.769903871700187 16.982470790692869 16.634025589761922 16.217034065980009 15.510086210805483 13.835649389916655 13.189775435676285 12.484312391358277 10.347191310440017 9.6037511960501813 8.8043072158010443 6.3086922872935709 5.1906958609771774 1.1264936957187364 -2.8059555697726721 -6.8368768831080775 -9.7755777072998349 -11.681149790140436 -10.353962372387846 -10.356474468808747 -11.684025866628129 -9.7788037629111741 -6.840428668434984 -2.8098062586048096 1.1223738402033774 5.1863393191091118 6.3042507276215654 8.7997850552467778 9.5991554747771914 10.342527640891918 12.479585723122895 13.184992394929983 13.830815798279692 15.505207119080193 16.212116039217129 16.629074945929712 16.977493553443686 17.764906030452071 17.884160905701187 17.986016761887889 18.070932544433145 18.157336623731986 18.175025166915042 18.183428267931173 18.175025166915042 18.157336623731986 18.070932544433145 17.986016761887889 17.884160905701187 17.764906030452071 16.977493553443686 16.629074945929712 16.212116039217129 15.505207119080193 13.830815798279692 13.184992394929983 12.479585723122895 10.342527640891918 9.5991554747771914 8.7997850552467778 6.3042507276215654 5.1863393191091118 1.1223738402033774 -2.8098062586048096 -6.840428668434984 -9.7788037629111741 -11.684025866628129 -10.356474468808747 -10.356842726875348 -11.684447378608093 -9.7792766132703512 -6.8409493241917181 -2.8103708382820054 1.1217698033408123 5.1857005470155952 6.3035994789547551 8.7991219857179086 9.5984816384063478 10.341843853348948 12.478892694893942 13.184291113749554 13.830107112761963 15.50449176948028 16.211394990545891 16.628349135413632 16.976763858870537 17.764173331346139 17.883427047788388 17.985281970469728 18.070197042057497 18.156600567107684 18.174288844962369 18.182691907916553 18.174288844962369 18.156600567107684 18.070197042057497 17.985281970469728 17.883427047788388 17.764173331346139 16.976763858870537 16.628349135413632 16.211394990545891 15.50449176948028 13.830107112761963 13.184291113749554 12.478892694893942 10.341843853348948 9.5984816384063478 8.7991219857179086 6.3035994789547551 5.1857005470155952 1.1217698033408123 -2.8103708382820054 -6.8409493241917181 -9.7792766132703512 -11.684447378608093 -10.356842726875348 -10.355927138068058 -11.683396241746024 -9.7780990932278371 -6.8396543885740329 -2.8089683771356526 1.1232691654695477 5.1872855854379427 6.30521548961147 8.800766877636363 9.6001536137390637 10.343540892568829 12.480612608592292 13.186031949280235 13.831866740254224 15.506267920339958 16.213185597714762 16.63015206515098 16.978576905493959 17.765994279994469 17.885251126445713 17.987108621315123 18.072025708882517 18.158430632627876 18.176119810956767 18.184523217102441 18.176119810956767 18.158430632627876 18.072025708882517 17.987108621315123 17.885251126445713 17.765994279994469 16.978576905493959 16.63015206515098 16.213185597714762 15.506267920339958 13.831866740254224 13.186031949280235 12.480612608592292 10.343540892568829 9.6001536137390637 8.800766877636363 6.30521548961147 5.1872855854379427 1.1232691654695477 -2.8089683771356526 -6.8396543885740329 -9.7780990932278371 -11.683396241746024 -10.355927138068058 -10.343897705854719 -11.622282476188493 -9.7119694014737057 -6.8226420828527194 -2.7905384785008058 1.1429764610342428 5.2081204445416436 6.3264575025243186 8.822389995912042 9.6221317158980444 10.365847184948185 12.50321983630848 13.208912672485166 13.85499308268667 15.529611591652282 16.236718242662974 16.653845052532706 17.002401375679579 17.789921189282882 17.909218339598688 18.011108835854859 18.09605161456648 18.18247485955154 18.2001750843895 18.208582212585526 18.2001750843895 18.18247485955154 18.09605161456648 18.011108835854859 17.909218339598688 17.789921189282882 17.002401375679579 16.653845052532706 16.236718242662974 15.529611591652282 13.85499308268667 13.208912672485166 12.50321983630848 10.365847184948185 9.6221317158980444 8.822389995912042 6.3264575025243186 5.2081204445416436 1.1429764610342428 -2.7905384785008058 -6.8226420828527194 -9.7119694014737057 -11.622282476188493 -10.343897705854719 -9.5308600271635289 -11.41957032970304 -9.550201976464054 -6.6655437663809014 -2.6685346695493917 1.2339297448081044 5.2950628409332205 6.4150987665460661 8.9126220239218465 9.7138447498927629 10.45892948689108 12.597557914174958 13.304391683930039 13.951496712197532 15.627022164763131 16.334917145399036 16.752712686459287 17.10181728322944 17.889764243880741 18.009229379565674 18.111257401231011 18.196307199969336 18.282806877758784 18.300553018272325 18.308975487447068 18.300553018272325 18.282806877758784 18.196307199969336 18.111257401231011 18.009229379565674 17.889764243880741 17.10181728322944 16.752712686459287 16.334917145399036 15.627022164763131 13.951496712197532 13.304391683930039 12.597557914174958 10.45892948689108 9.7138447498927629 8.9126220239218465 6.4150987665460661 5.2950628409332205 1.2339297448081044 -2.6685346695493917 -6.6655437663809014 -9.550201976464054 -11.41957032970304 -9.5308600271635289 -9.0042794380446516 -11.053091790677376 -9.154554416585869 -6.2632013822583854 -2.2762656605355249 1.6067286161505074 5.6117643378663535 6.7048155224873485 9.1939374011636268 9.9744268197205663 10.700181906131965 12.828589209657341 13.517175057712622 14.14781573781498 15.816006721097382 16.509777109270402 16.91538199948371 17.254506430616239 18.037533295938147 18.153875826108536 18.253370825670515 18.336480684781552 18.421657221764782 18.438642535462581 18.446764026702724 18.438642535462581 18.421657221764782 18.336480684781552 18.253370825670515 18.153875826108536 18.037533295938147 17.254506430616239 16.91538199948371 16.509777109270402 15.816006721097382 14.14781573781498 13.517175057712622 12.828589209657341 10.700181906131965 9.9744268197205663 9.1939374011636268 6.7048155224873485 5.6117643378663535 1.6067286161505074 -2.2762656605355249 -6.2632013822583854 -9.154554416585869 -11.053091790677376 -9.0042794380446516 -8.4808330320898726 -10.695214847013556 -8.7688832600631805 -5.8720506908185106 -1.8962517266721286 1.960362862197339 5.9329270405644303 7.0062116888891532 9.4752316830795014 10.224627110980601 10.926096152282147 13.044075383550316 13.714225320511529 14.328232853324911 15.988939905569129 16.668455809051416 17.061759869084447 17.390813804720572 18.168850198778266 18.282042446545614 18.378981773606753 18.460134060570859 18.543974865018274 18.560191791638111 18.568009784127185 18.560191791638111 18.543974865018274 18.460134060570859 18.378981773606753 18.282042446545614 18.168850198778266 17.390813804720572 17.061759869084447 16.668455809051416 15.988939905569129 14.328232853324911 13.714225320511529 13.044075383550316 10.926096152282147 10.224627110980601 9.4752316830795014 7.0062116888891532 5.9329270405644303 1.960362862197339 -1.8962517266721286 -5.8720506908185106 -8.7688832600631805 -10.695214847013556 -8.4808330320898726 -7.9583560220029481 -10.343456135302933 -8.3904055094912184 -5.4890301975834648 -1.5251762095671468 2.3043493757787243 6.238946230911889 7.2923080148726127 9.7539512572013685 10.483303253938947 11.160966856934525 13.259328691045134 13.903060958076846 14.496909850389626 16.150022644131916 16.815188148405451 17.196110040058034 17.515026783807173 18.288020755337836 18.398042292796603 18.492409217353117 18.571590922355323 18.654086694658218 18.669529653976426 18.677042285932629 18.669529653976426 18.654086694658218 18.571590922355323 18.492409217353117 18.398042292796603 18.288020755337836 17.515026783807173 17.196110040058034 16.815188148405451 16.150022644131916 14.496909850389626 13.903060958076846 13.259328691045134 11.160966856934525 10.483303253938947 9.7539512572013685 7.2923080148726127 6.238946230911889 2.3043493757787243 -1.5251762095671468 -5.4890301975834648 -8.3904055094912184 -10.343456135302933 -7.9583560220029481 -7.4339280668186785 -10.024634719107059 -8.0548041927515737 -5.1100099553562153 -1.158564894890957 2.6434725721736565 6.53975400126774 7.5730669444472589 10.024637476984056 10.731642844463924 11.389169732005605 13.477697743913863 14.103313512908647 14.676390289784143 16.314868657479384 16.959585181089714 17.324184435761858 17.632929197260921 18.400853636455139 18.507693801014288 18.599479593176078 18.676683925149682 18.757829811328246 18.7724958919542 18.77970219077957 18.7724958919542 18.757829811328246 18.676683925149682 18.599479593176078 18.507693801014288 18.400853636455139 17.632929197260921 17.324184435761858 16.959585181089714 16.314868657479384 14.676390289784143 14.103313512908647 13.477697743913863 11.389169732005605 10.731642844463924 10.024637476984056 7.5730669444472589 6.53975400126774 2.6434725721736565 -1.158564894890957 -5.1100099553562153 -8.0548041927515737 -10.024634719107059 -7.4339280668186785 -7.1038713839440479 -9.7587381933963364 -7.7279298333593873 -4.7651326215464982 -0.79390357556281521 2.9804208999899604 6.838192699476914 7.8513863467350999 10.292817780066995 10.977414209527579 11.614005213782026 13.690786544258314 14.296722564069723 14.852896241548454 16.484137633385124 17.114729725285024 17.465072449145723 17.758260692698865 18.516383512296581 18.617878720358352 18.705018450704053 18.778690603622724 18.858484251074753 18.872372037890734 18.879271532729504 18.872372037890734 18.858484251074753 18.778690603622724 18.705018450704053 18.617878720358352 18.516383512296581 17.758260692698865 17.465072449145723 17.114729725285024 16.484137633385124 14.852896241548454 14.296722564069723 13.690786544258314 11.614005213782026 10.977414209527579 10.292817780066995 7.8513863467350999 6.838192699476914 2.9804208999899604 -0.79390357556281521 -4.7651326215464982 -7.7279298333593873 -9.7587381933963364 -7.1038713839440479 -7.0134648715717303 -9.4664071004904038 -7.3981759557099824 -4.4269287329370535 -0.46410273088950321 3.3138292665564659 7.1351947083339224 8.1282168429084134 10.559459835479487 11.221600877877 11.837212534715453 13.902206815286617 14.488425957575847 15.026777480392594 16.649452268389378 17.264827648059576 17.60271228408649 17.886093914436916 18.63951040830753 18.738914645785101 18.825009230314137 18.897809614819419 18.975892665795111 18.988832390096885 18.995329754037343 18.988832390096885 18.975892665795111 18.897809614819419 18.825009230314137 18.738914645785101 18.63951040830753 17.886093914436916 17.60271228408649 17.264827648059576 16.649452268389378 15.026777480392594 14.488425957575847 13.902206815286617 11.837212534715453 11.221600877877 10.559459835479487 8.1282168429084134 7.1351947083339224 3.3138292665564659 -0.46410273088950321 -4.4269287329370535 -7.3981759557099824 -9.4664071004904038 -7.0134648715717303 -6.7243892801570544 -9.1755041231550205 -7.0700229289275853 -4.0875693160142959 -0.13378853290748788 3.6121577363730375 7.4158128830620393 8.3959498966309898 10.823057003531625 11.463756979209398 12.05833915323667 14.111499916362467 14.677959479880295 15.20056016282164 16.817431522137433 17.42026633867831 17.747631911043285 18.022847735369808 18.773373928879671 18.869938971979256 18.953336943481915 19.024292917717034 19.100927797299025 19.113040996543155 19.119154890716498 19.113040996543155 19.100927797299025 19.024292917717034 18.953336943481915 18.869938971979256 18.773373928879671 18.022847735369808 17.747631911043285 17.42026633867831 16.817431522137433 15.20056016282164 14.677959479880295 14.111499916362467 12.05833915323667 11.463756979209398 10.823057003531625 8.3959498966309898 7.4158128830620393 3.6121577363730375 -0.13378853290748788 -4.0875693160142959 -7.0700229289275853 -9.1755041231550205 -6.7243892801570544 -5.9560909140900336 -8.8232995112932553 -6.7133899964894157 -3.7329944957043275 0.20701169212308515 3.9270987169917753 7.6923114689254071 8.6530381213959764 11.071257183338718 11.69629545046134 12.27696183370251 14.324535459776966 14.876698001997099 15.384101066805547 16.993765206771993 17.582378155651771 17.895740292414111 18.158784100357561 18.902530525606515 18.995203248620843 19.075318796188739 19.14373882163359 19.21868383183288 19.229933664837031 19.235658457061962 19.229933664837031 19.21868383183288 19.14373882163359 19.075318796188739 18.995203248620843 18.902530525606515 18.158784100357561 17.895740292414111 17.582378155651771 16.993765206771993 15.384101066805547 14.876698001997099 14.324535459776966 12.27696183370251 11.69629545046134 11.071257183338718 8.6530381213959764 7.6923114689254071 3.9270987169917753 0.20701169212308515 -3.7329944957043275 -6.7133899964894157 -8.8232995112932553 -5.9560909140900336 -5.2573713400896969 -8.4595308269100116 -6.3339892531300936 -3.3542377017391423 0.57047210982571939 4.2610021782463168 7.9861736326391322 8.9261969854550767 11.333696957396503 11.934110630221541 12.491233183458155 14.524680826620559 15.054994907857889 15.542631888143992 17.142111310892389 17.714333618392178 18.015009082494664 18.268121689957521 19.00691524616342 19.096446035741039 19.173986419990115 19.240449680741644 19.314035962459322 19.324523588766542 19.329928026250808 19.324523588766542 19.314035962459322 19.240449680741644 19.173986419990115 19.096446035741039 19.00691524616342 18.268121689957521 18.015009082494664 17.714333618392178 17.142111310892389 15.542631888143992 15.054994907857889 14.524680826620559 12.491233183458155 11.934110630221541 11.333696957396503 8.9261969854550767 7.9861736326391322 4.2610021782463168 0.57047210982571939 -3.3542377017391423 -6.3339892531300936 -8.4595308269100116 -5.2573713400896969 -5.0113477008454943 -8.1773424732001665 -6.0149575425617696 -3.0228521406643818 0.89336944785226757 4.557977741697683 8.2451690674353628 9.1650854390791316 11.56238788580132 12.140795525391546 12.677893350873447 14.700500846801113 15.212020908350953 15.682716637325134 17.274287769792082 17.831562222703766 18.119380261304737 18.361973387427128 19.095409614793446 19.181625302737505 19.256467804353218 19.32089553012252 19.393125786192744 19.402822882545802 19.407925704337874 19.402822882545802 19.393125786192744 19.32089553012252 19.256467804353218 19.181625302737505 19.095409614793446 18.361973387427128 18.119380261304737 17.831562222703766 17.274287769792082 15.682716637325134 15.212020908350953 14.700500846801113 12.677893350873447 12.140795525391546 11.56238788580132 9.1650854390791316 8.2451690674353628 4.557977741697683 0.89336944785226757 -3.0228521406643818 -6.0149575425617696 -8.1773424732001665 -5.0113477008454943 -3.7917089688450569 -6.7309960989039803 -4.3828673309446859 -1.3354471184498804 2.5391220944689046 6.0804509467408261 9.5885247845732433 10.413132424485594 12.765011149424804 13.236611673770687 13.674195793384285 15.64310472236307 16.061061596369782 16.447378587019795 18.000484424770665 18.485605318640943 18.71120145577375 18.90288795638028 19.610983328045322 19.681315514379385 19.743292612289881 19.797821928260568 19.863272206724545 19.869064839449507 19.872630811129913 19.869064839449507 19.863272206724545 19.797821928260568 19.743292612289881 19.681315514379385 19.610983328045322 18.90288795638028 18.71120145577375 18.485605318640943 18.000484424770665 16.447378587019795 16.061061596369782 15.64310472236307 13.674195793384285 13.236611673770687 12.765011149424804 10.413132424485594 9.5885247845732433 6.0804509467408261 2.5391220944689046 -1.3354471184498804 -4.3828673309446859 -6.7309960989039803 -3.7917089688450569 -2.5616373606690903 -5.268869762262594 -2.7324864092944137 0.37238447486132231 4.207119767728738 7.6266655063037652 10.956761816165455 11.686414300355754 13.993166864238095 14.358204770276886 14.696470377587179 16.611831172951955 16.936334942297403 17.238347147895489 18.753028985456631 19.166007362192786 19.329363518565053 19.470095740278385 20.152770918755078 20.207167191333099 20.256216315821987 20.300840022119981 20.359528991745361 20.361428637649386 20.363461319420594 20.361428637649386 20.359528991745361 20.300840022119981 20.256216315821987 20.207167191333099 20.152770918755078 19.470095740278385 19.329363518565053 19.166007362192786 18.753028985456631 17.238347147895489 16.936334942297403 16.611831172951955 14.696470377587179 14.358204770276886 13.993166864238095 11.686414300355754 10.956761816165455 7.6266655063037652 4.207119767728738 0.37238447486132231 -2.7324864092944137 -5.268869762262594 -2.5616373606690903 -1.3283845734093658 -3.8059563085854706 -1.0814256294070794 2.0808636600187533 5.8757526965725937 9.1735090040778413 12.325619793595068 12.960312904395288 15.221934563237303 15.48040449572931 15.71934596956045 17.581152754519124 17.81219749795622 18.029899056793234 19.506151370234111 19.846982084566932 19.948093662658547 20.037867693438773 20.695119525399093 20.733578757763151 20.769698718071535 20.804416149558765 20.856343047466009 20.854349520344172 20.854848594404295 20.854349520344172 20.856343047466009 20.804416149558765 20.769698718071535 20.733578757763151 20.695119525399093 20.037867693438773 19.948093662658547 19.846982084566932 19.506151370234111 18.029899056793234 17.81219749795622 17.581152754519124 15.71934596956045 15.48040449572931 15.221934563237303 12.960312904395288 12.325619793595068 9.1735090040778413 5.8757526965725937 2.0808636600187533 -1.0814256294070794 -3.8059563085854706 -1.3283845734093658 -0.092141483336031671 -2.3424864736061792 0.57005622346710294 3.7897041190449166 7.5447100357711578 10.7206486670086 13.694747270326559 14.234470065853166 16.450949849193112 16.602840833707393 16.742447211139108 18.55068936848841 18.688264835170699 18.821646127502408 20.259460013518726 20.528135052236198 20.566995034309585 20.605804986647783 21.237628773754032 21.260149245555208 21.283338353782341 21.308148454751812 21.35331225862479 21.347425197602725 21.34639030037247 21.347425197602725 21.35331225862479 21.308148454751812 21.283338353782341 21.260149245555208 21.237628773754032 20.605804986647783 20.566995034309585 20.528135052236198 20.259460013518726 18.821646127502408 18.688264835170699 18.55068936848841 16.742447211139108 16.602840833707393 16.450949849193112 14.234470065853166 13.694747270326559 10.7206486670086 7.5447100357711578 3.7897041190449166 0.57005622346710294 -2.3424864736061792 -0.092141483336031671 
end_dependent_variable

end_regular_table
