# ****************************************************************************
# CUI
#
# The Advanced Framework for Simulation, Integration, and Modeling (AFSIM)
#
# The use, dissemination or disclosure of data in this file is subject to
# limitation or restriction. See accompanying README and LICENSE for details.
# ****************************************************************************

# ##################################################################################################
# 
# This file was auto-generated by AFSIM Mover Creator 2.5.0.200324
# 
# Creation Date:  24 Mar 2020
# 
# ##################################################################################################

regular_table

independent_variable mach precision double
0.10000000000000001 0.5 0.70000000000000007 0.75 0.80000000000000004 
end_independent_variable

independent_variable surface_angle units deg
-20 -16 -14 -12 -10 -9 -8 -7 -6 -5 -4 -3 -2 -1 0 1 2 3 4 5 6 7 8 9 10 12 14 16 18 20 
end_independent_variable

dependent_variable precision double
0 0 0 0 0 0 0 0 0 0 0 0 0 0 0 -4.1550790215218293e-05 -8.4981679145368231e-05 -0.0001302925875373755 -0.00017748341494615175 -0.00022655403527073575 -0.00027750429186581817 -0.00033033399257351615 -0.00038504290512372341 -0.00044163075370413094 -0.00050009721787102484 -0.00062266450907496652 -0.00075274157166593423 -0.00089032534186037765 -0.0010354139740390725 -0.0011880079510373715 0 0 0 0 0 0 0 0 0 0 0 0 0 0 0 -4.2107490741861822e-05 -8.7195675494670854e-05 -0.00013526446643974418 -0.00018631375230032806 -0.00024034339335181842 -0.00029735321601886055 -0.0003573430073610859 -0.00042031251007974038 -0.0004862614185660948 -0.00055518937769441414 -0.00070198080392959645 -0.00086068323531504718 -0.0010312932771625678 -0.0012138088845318978 -0.0014082305923388992 0 0 0 0 0 0 0 0 0 0 0 0 0 0 0 -4.3106326921828066e-05 -9.1190105530828243e-05 -0.0001442512474069576 -0.00020228964047236744 -0.00026530514402245962 -0.00033329758331939358 -0.00040626674396430527 -0.00048421236672719107 -0.00056713414401634243 -0.00065503171820861989 -0.00084575260175908382 -0.0010563714391153534 -0.0012868848121670826 -0.0015372906615183789 -0.0018075895259073685 0 0 0 0 0 0 0 0 0 0 0 0 0 0 0 -4.356319762996181e-05 -9.3017435916797106e-05 -0.00014836262632963882 -0.00020959865667119251 -0.00027672538609603971 -0.00034974263961703067 -0.00042865020260898285 -0.00051344781558180618 -0.00060413517052707922 -0.00070071190943081442 -0.00091153188166625426 -0.0011459041500575002 -0.0014038252923270762 -0.0016852932467799832 -0.0019903085529590346 0 0 0 0 0 0 0 0 0 0 0 0 0 0 0 -4.4176241241043714e-05 -9.5469476949004844e-05 -0.00015387961851919346 -0.00021940655363163626 -0.00029205014130512377 -0.00037181020638222861 -0.0004586865339654679 -0.0005526788643937556 -0.00065378688924195704 -0.00076201025030928234 -0.00099980132160624557 -0.0012660484921843368 -0.0015607483366048081 -0.0018838987911436989 -0.0022355003955852291 
end_dependent_variable

end_regular_table
