# ****************************************************************************
# CUI
#
# The Advanced Framework for Simulation, Integration, and Modeling (AFSIM)
#
# The use, dissemination or disclosure of data in this file is subject to
# limitation or restriction. See accompanying README and LICENSE for details.
# ****************************************************************************

# ##################################################################################################
# 
# This file was auto-generated by AFSIM Mover Creator 2.5.0.200324
# 
# Creation Date:  24 Mar 2020
# 
# ##################################################################################################

regular_table

independent_variable mach precision double
0.10000000000000001 0.5 0.70000000000000007 0.75 0.80000000000000004 
end_independent_variable

independent_variable surface_angle units deg
-20 -16 -14 -12 -10 -9 -8 -7 -6 -5 -4 -3 -2 -1 0 1 2 3 4 5 6 7 8 9 10 12 14 16 18 20 
end_independent_variable

dependent_variable precision double
0 0 0 0 0 0 0 0 0 0 0 0 0 0 0 1.2531686571444539e-07 2.5631293181277792e-07 3.9298819649882071e-07 5.353426622872214e-07 6.8337632917798004e-07 8.3708919142333051e-07 9.9648125764492199e-07 1.1615525249688712e-06 1.3323029905212954e-06 1.5087326456805452e-06 1.8786295708016508e-06 2.271243265845591e-06 2.686573759551197e-06 3.1246210289274034e-06 3.5853850854697429e-06 0 0 0 0 0 0 0 0 0 0 0 0 0 0 0 1.26978946908832e-07 2.6296129179539241e-07 4.0794704543674281e-07 5.6193620424052941e-07 7.2492873587556725e-07 8.9692469063481057e-07 1.0779240613335519e-06 1.2679268336023753e-06 1.4669329930718655e-06 1.674942554111438e-06 2.1179719240090765e-06 2.5970148427093818e-06 3.1120714251676785e-06 3.663141556428642e-06 4.2502253227087656e-06 0 0 0 0 0 0 0 0 0 0 0 0 0 0 0 1.2999434396710997e-07 2.7502288649474127e-07 4.3508561500965537e-07 6.1018255717297708e-07 8.0031371298470636e-07 1.0054790522690708e-06 1.2256785448502975e-06 1.4609123315486588e-06 1.711180251426701e-06 1.976482364835969e-06 2.5521892325997279e-06 3.1880329147227537e-06 3.8840133307363201e-06 4.6401306013435161e-06 5.4563846058412536e-06 0 0 0 0 0 0 0 0 0 0 0 0 0 0 0 1.313739951976661e-07 2.8054149572779047e-07 4.4750251506170018e-07 6.3225701278541404e-07 8.3480501045305537e-07 1.0551465403958091e-06 1.2932815379513053e-06 1.5492101108901602e-06 1.8229321298876348e-06 2.114447638051975e-06 2.7508592943142388e-06 3.458444907243966e-06 4.2372044768411567e-06 5.08713813243055e-06 6.0082457446874065e-06 0 0 0 0 0 0 0 0 0 0 0 0 0 0 0 1.3322536344528895e-07 2.879469759029896e-07 4.6416482587756952e-07 6.6187892486456109e-07 8.8108929010726299e-07 1.1217958526324808e-06 1.3839986469268116e-06 1.6676977419634499e-06 1.9728930457781364e-06 2.299584604353001e-06 3.0174565087743284e-06 3.821313248307849e-06 4.7111550528642107e-06 5.6869818304791541e-06 6.7487936271348099e-06 
end_dependent_variable

end_regular_table
