# ****************************************************************************
# CUI
#
# The Advanced Framework for Simulation, Integration, and Modeling (AFSIM)
#
# The use, dissemination or disclosure of data in this file is subject to
# limitation or restriction. See accompanying README and LICENSE for details.
# ****************************************************************************

# ##################################################################################################
# 
# This file was auto-generated by AFSIM Mover Creator 2.5.0.200402
# 
# Creation Date:  03 Apr 2020
# 
# ##################################################################################################

regular_table

independent_variable mach precision double
0.10000000000000001 0.5 0.70000000000000007 0.75 0.80000000000000004 0.84999999999999998 0.90000000000000002 0.92000000000000004 0.94000000000000006 0.95999999999999996 0.97999999999999998 1 1.02 1.04 1.0600000000000001 1.0800000000000001 1.1000000000000001 1.2 1.3 1.4000000000000001 1.5 1.75 2 2.5 3 
end_independent_variable

independent_variable surface_angle units deg
0 4 8 12 16 20 24 28 32 36 40 
end_independent_variable

dependent_variable precision double
0 -0.0026582021332971521 -0.0023552468069374713 0.00098775608876313444 0.000749745150957119 0.00019822120262101033 -0.0006583244707873213 -0.0018067357417577705 -0.0032291559194234758 -0.0049030448679407814 -0.0068012757192767699 0 -0.0031572462917518647 -0.0028659956422327571 0.00096510871759265707 0.00072917408784248521 0.0001796781994333938 -0.00067488805101830764 -0.0018213698045515885 -0.0032419126812303087 -0.0049139800325900254 -0.0068104497517361105 0 -0.0039761060554084002 -0.0037040921440729428 0.00092791785543873927 0.00069535411610026918 0.00014914976384194627 -0.00070220414403054877 -0.0018455540017519819 -0.003263048372043725 -0.0049321554637260668 -0.0068257601114562133 0 -0.0043481505839315163 -0.0040848771893372696 0.00091101999560363599 0.00067998733012608874 0.00013527799545266859 -0.00071461686773663358 -0.0018565442128641459 -0.0032726539286152758 -0.0049404164175351224 -0.0068327196593268571 0 -0.0048643441856192036 -0.0046131979522487697 0.00088757492425828896 0.00065866640891462961 0.00011603119751321325 -0.00073183945118695344 -0.0018717932626710091 -0.003285981960813397 -0.0049518789916483544 -0.0068423766918129601 0 -0.0084008227317156573 -0.0081502468142807677 0.00093974013866300599 0.00079677847785166139 0.00027854462157876668 -0.00064525789029923819 -0.00200251619463677 -0.0038191911850043686 -0.0061197834635583733 -0.008927796032853411 0 -0.011937301081463823 -0.011687295545891013 0.00099190526536844527 0.00093489050512300784 0.00044105809749145195 -0.00055867613200882881 -0.0021332387281299847 -0.004352399742465653 -0.0072876869275123445 -0.011013213945681194 0 -0.013149375236815586 -0.012904023400300092 0.0010007647711678996 0.00097173808146770659 0.00048103275311481666 -0.00055626735439154393 -0.0022260352995645358 -0.0046163260027124306 -0.0078184806360353815 -0.01192810691913874 0 -0.014321115299198137 -0.014080612564061476 0.0010092294494697222 0.0010067886123075408 0.00051737413450405906 -0.00055982498048092204 -0.0023277480701737706 -0.0048929228395555588 -0.0083667696819686495 -0.012866742012698119 0 -0.015452993262876228 -0.015217529653254444 0.0010173028180142567 0.0010400675175063962 0.00055014598718912302 -0.00056922804940793496 -0.0024381785921194499 -0.0051818938922308959 -0.0089321406074023106 -0.013828572249310771 0 -0.016545481119988648 -0.016315241282523159 0.0010249883958147676 0.0010716002165312068 0.00057941206165517832 -0.00058435560307840541 -0.0025571284180756302 -0.0054829427980749475 -0.0095141799505075939 -0.014813050647694202 0 -0.017599050865491003 -0.017374214065305645 0.0010322897032814845 0.0011014121284137854 0.0006052361043109982 -0.000605086678653811 -0.0026843990990178678 -0.005795773193185646 -0.010112474251119498 -0.015819630225662289 0 -0.01861417448999533 -0.018394914616169714 0.0010392102573360375 0.0011295286717813581 0.00062768186269896104 -0.00063130031711438781 -0.0028197921903702575 -0.006120088717910986 -0.010726610046223755 -0.016847763999768395 0 -0.019591323987151882 -0.019377809550507628 0.0010457535765184016 0.0011559752670779731 0.00064681308721644879 -0.00066287555791363212 -0.0029631092411293207 -0.0064555930076217955 -0.011356173870890038 -0.017896904989459068 0 -0.020530971351030755 -0.02032336548122305 0.0010519231792464111 0.0011807773306140284 0.00066269352427605172 -0.00069969144204323026 -0.0031141517985510932 -0.0068019896964064339 -0.012000752267548808 -0.018966506206953639 0 -0.021433588571763074 -0.021232049022883805 0.0010577225841363776 0.0012039602883336521 0.00067538692002318138 -0.00074162700339552889 -0.0032727214226856934 -0.0071589824236281529 -0.012659931765233392 -0.020056020664631757 0 -0.022299647642125022 -0.022104326788973717 0.0010631553104611103 0.001225549549898291 0.00068495702422925601 -0.00078856128817221408 -0.0034386196538768424 -0.0075262748224745376 -0.013333298903988719 -0.021164901382170878 0 -0.026098090471805245 -0.025935960472604068 0.0010849418696039738 0.0013104801634770057 0.00068818934849363073 -0.0010939798717736614 -0.0043710942706183331 -0.0095068591246277451 -0.01689847791142678 -0.026980654254121769 0 -0.018995115022439595 -0.01882642860340657 0.00098786308817047728 0.0010565343609838487 0.0003838551990239849 -0.001280638389390806 -0.0042079323440451242 -0.0086943625346103826 -0.01506576775668571 -0.02368089812855935 0 -0.014622575524515586 -0.014457232349994024 0.00090605695880673705 0.00087696690563084784 0.00017442542439901338 -0.0014152811451393916 -0.0041253634570448819 -0.008212888500687323 -0.01396250556550746 -0.02168948837994443 0 -0.011584523768657104 -0.01142668796488875 0.00083266827363081349 0.00073582718288498416 1.5778038998136436e-05 -0.0015162016495720689 -0.0040679770275219573 -0.0078705882370366329 -0.013181670813581707 -0.020288229857078482 0 -0.0068455235075518348 -0.0067129650998191568 0.00067155770704367083 0.00047380858188043277 -0.0002559892670107755 -0.0016683802444418655 -0.0039334894457445342 -0.0072444886415393601 -0.011820465208048787 -0.0179086963060411 0 -0.0046892712163362632 -0.0045685307427053654 0.0005831130520109715 0.00034854469675433538 -0.00035816216995043304 -0.001664467491239479 -0.0037166400744879429 -0.0066826415082998176 -0.010754450502705085 -0.01614985956447644 0 -0.0034438834718397942 -0.0033080707700512257 0.00057366270642895598 0.0003256798466300458 -0.00033849021479764332 -0.0015162323269765363 -0.0033187094646986311 -0.0058726976560591069 -0.0093219999072392604 -0.013828497471553751 0 -0.0027113774915983237 -0.0025666996608632309 0.00056810426285747357 0.00031223132070999187 -0.00032691966362919267 -0.001429044125259304 -0.0030846566640368692 -0.0053963089897380275 -0.0084794683641672836 -0.012463130445849169 
end_dependent_variable

end_regular_table
