# ****************************************************************************
# CUI
#
# The Advanced Framework for Simulation, Integration, and Modeling (AFSIM)
#
# The use, dissemination or disclosure of data in this file is subject to
# limitation or restriction. See accompanying README and LICENSE for details.
# ****************************************************************************

# ##################################################################################################
# 
# This file was auto-generated by AFSIM Mover Creator 2.5.0.200402
# 
# Creation Date:  03 Apr 2020
# 
# ##################################################################################################

regular_table

independent_variable mach precision double
0.10000000000000001 0.5 0.70000000000000007 0.75 0.80000000000000004 0.84999999999999998 0.90000000000000002 0.92000000000000004 0.94000000000000006 0.95999999999999996 0.97999999999999998 1 1.02 1.04 1.0600000000000001 1.0800000000000001 1.1000000000000001 1.2 1.3 1.4000000000000001 1.5 1.75 2 2.5 3 
end_independent_variable

independent_variable surface_angle units deg
0 4 8 12 16 20 24 28 32 36 40 
end_independent_variable

dependent_variable precision double
0 -6.2869215401258662e-06 -2.5162577700166009e-05 -5.6667541464262483e-05 -0.00010085587273601952 -0.00015777516895623119 -0.00022743944590010662 -0.0003097957086437109 -0.00040468537821704092 -0.00051180207074143355 -0.00063064756995229133 0 -6.2869215401270648e-06 -2.5162577700184918e-05 -5.6667541464358455e-05 -0.00010085587273632349 -0.00015777516895697498 -0.00022743944590165248 -0.00030979570864657916 -0.00040468537822193528 -0.0005118020707492616 -0.0006306475699641769 0 -6.2869215401271232e-06 -2.5162577700185318e-05 -5.6667541464360427e-05 -0.00010085587273632976 -0.00015777516895699024 -0.00022743944590168408 -0.00030979570864663765 -0.00040468537822203502 -0.00051180207074942119 -0.00063064756996441943 0 -6.2869215401270877e-06 -2.5162577700185355e-05 -5.6667541464360692e-05 -0.0001008558727363306 -0.00015777516895699228 -0.00022743944590168831 -0.00030979570864664551 -0.00040468537822204858 -0.00051180207074944287 -0.00063064756996445185 0 -6.286921540127097e-06 -2.516257770018544e-05 -5.6667541464360895e-05 -0.00010085587273633126 -0.00015777516895699388 -0.00022743944590169181 -0.00030979570864665202 -0.00040468537822205947 -0.00051180207074946076 -0.00063064756996447863 0 -6.4940333022446925e-06 -2.6828559559657112e-05 -6.2341368271406241e-05 -0.00011447473337630034 -0.0001848011244878591 -0.00027504182954048487 -0.00038707919329836069 -0.00052296333639373187 -0.00068491438274938482 -0.0008753213847903519 0 -6.7011450643621863e-06 -2.8494541419128679e-05 -6.801519507845097e-05 -0.00012809359401626786 -0.0002118270800187211 -0.0003226442131792726 -0.00046436267795006101 -0.00064124129456539234 -0.00085802669474929294 -0.0011199951996162037 0 -6.6827593800789056e-06 -2.8730142048489481e-05 -6.9263692615723134e-05 -0.00013164642209068407 -0.00021957364241900475 -0.00033715682407615586 -0.00048900097582642971 -0.00068027598782297331 -0.00091678229426680156 -0.0012050111076478064 0 -6.6626715445310141e-06 -2.8949332556276977e-05 -7.0453962677614326e-05 -0.0001350587576420188 -0.00022704492959999816 -0.00035119662753528704 -0.00051289843806988399 -0.00071822678997336903 -0.0009740354136502647 -0.0012880348119458285 0 -6.6409094360003288e-06 -2.9152332718337309e-05 -7.1586728961462877e-05 -0.00013833225738476388 -0.00023424403375097209 -0.00036476867363947299 -0.00053606255582876107 -0.00075510401663694989 -0.0010297994196932362 -0.0013690827521522847 0 -6.6175009327685182e-06 -2.9339362310516737e-05 -7.2662715164606819e-05 -0.0001414685780334108 -0.00024117404706119856 -0.00037787801247151953 -0.00055850082025139922 -0.00079091798343408496 -0.0010840876791892717 -0.0014481713679091891 0 -6.5924739131173265e-06 -2.9510641108661388e-05 -7.3682644984384495e-05 -0.00014446937630245124 -0.00024783806171994817 -0.00039052969411423351 -0.00058022072248613559 -0.00082567900598514506 -0.0011369135589319257 -0.0015253170988585526 0 -6.5658562553285627e-06 -2.9666388888617574e-05 -7.4647242118133978e-05 -0.00014733630890637674 -0.00025423916991649268 -0.00040272876865042145 -0.00060122975368130812 -0.00085939739991050036 -0.0011882904257147521 -0.0016005363846423929 0 -6.5376758376839025e-06 -2.9806825426231498e-05 -7.5557230263193436e-05 -0.00015007103255967896 -0.00026038046384010277 -0.0004144802861628895 -0.00062153540498525474 -0.00089208348083052113 -0.0012382316463313079 -0.0016738456649027238 0 -6.5079605384650863e-06 -2.993217049734936e-05 -7.6413333116901063e-05 -0.0001526752039768498 -0.00026626503568005002 -0.00042578929673444435 -0.0006411451675463123 -0.00092374756436557732 -0.0012867505875751451 -0.0017452613792815551 0 -6.4767382359538608e-06 -3.0042643877817438e-05 -7.7216274376594958e-05 -0.00015515047987238036 -0.00027189597762560555 -0.00043666085044789213 -0.00066006653251281884 -0.00095439996613603953 -0.0013338606162398208 -0.0018147999674209044 0 -6.4440368084319641e-06 -3.0138465343481852e-05 -7.7966777739613371e-05 -0.00015749851696076264 -0.00027727638186604065 -0.00044709999738603998 -0.00067830699103311196 -0.00098405100176227793 -0.0013795750991188885 -0.0018824778689627861 0 -6.2593185355236336e-06 -3.0405486104367738e-05 -8.095805551140799e-05 -0.00016738810530265438 -0.00030052856411589939 -0.00049298638334549668 -0.00075955787713319312 -0.0011176467344430588 -0.0015876821645045287 -0.0021935324651806256 0 -5.5010903978142125e-06 -2.5974365408771325e-05 -6.7795159404995304e-05 -0.00013816917485144398 -0.00024547017813739917 -0.00039958056075612997 -0.0006122364215349216 -0.00089737711862710714 -0.0012714973594142507 -0.0017539979355732295 0 -4.8941679708039674e-06 -2.2687496712481884e-05 -5.8443341126031064e-05 -0.00011798900208768518 -0.00020820998739760384 -0.00033734843528327379 -0.00051530756746731143 -0.00075396233416238174 -0.0010674745797054274 -0.0014726091861639314 0 -4.3702262653672167e-06 -1.9995187366591972e-05 -5.1029980416899469e-05 -0.00010235096510499656 -0.00017982018113650152 -0.00029055542267207872 -0.00044320796244736805 -0.00064824816471401297 -0.00091825738555989349 -0.0012682227235767979 0 -3.2774261640823526e-06 -1.4691428434664255e-05 -3.6979058234467453e-05 -7.3532743669988437e-05 -0.00012861785706743423 -0.00020760039813852611 -0.00031718681261582127 -0.00046567597323723649 -0.00066322138037474187 -0.000922099793132948 0 -2.7084486244751147e-06 -1.1986304737300518e-05 -2.99056073004086e-05 -5.9138268164925895e-05 -0.00010314122447772389 -0.00016635338703571175 -0.00025440595166110737 -0.00037434560364759252 -0.0005348682315252331 -0.00074655907486380433 0 -2.64784488863217e-06 -1.1492947322066263e-05 -2.8192159872984301e-05 -5.4914305738937202e-05 -9.4476947913262635e-05 -0.00015049002555846087 -0.00022750691375118511 -0.00033118193286568325 -0.00046843201212371568 -0.00064759917157610012 0 -2.6121992817967653e-06 -1.1202766787678942e-05 -2.7184352804961531e-05 -5.2429876324973127e-05 -8.9380836400758279e-05 -0.00014115959174211328 -0.00021168557012853136 -0.00030579413759424754 -0.00042935588383759222 -0.00058939342310203205 
end_dependent_variable

end_regular_table
