# ****************************************************************************
# CUI
#
# The Advanced Framework for Simulation, Integration, and Modeling (AFSIM)
#
# The use, dissemination or disclosure of data in this file is subject to
# limitation or restriction. See accompanying README and LICENSE for details.
# ****************************************************************************

# ##################################################################################################
# 
# This file was auto-generated by AFSIM Mover Creator 2.5.0.200402
# 
# Creation Date:  03 Apr 2020
# 
# ##################################################################################################

regular_table

independent_variable mach precision double
0.10000000000000001 0.5 0.70000000000000007 0.75 0.80000000000000004 0.84999999999999998 0.90000000000000002 0.92000000000000004 0.94000000000000006 0.95999999999999996 0.97999999999999998 1 1.02 1.04 1.0600000000000001 1.0800000000000001 1.1000000000000001 1.2 1.3 1.4000000000000001 1.5 1.75 2 2.5 3 
end_independent_variable

independent_variable beta units rad
-0.52359877559829882 -0.48869219055841229 -0.4537856055185257 -0.41887902047863912 -0.38397243543875248 -0.3490658503988659 -0.31415926535897931 -0.27925268031909273 -0.24434609527920614 -0.20943951023931956 -0.17453292519943295 -0.13962634015954636 -0.10471975511965978 -0.087266462599716474 -0.069813170079773182 -0.05235987755982989 -0.034906585039886591 -0.017453292519943295 0 0.017453292519943295 0.034906585039886591 0.05235987755982989 0.069813170079773182 0.087266462599716474 0.10471975511965978 0.13962634015954636 0.17453292519943295 0.20943951023931956 0.24434609527920614 0.27925268031909273 0.31415926535897931 0.3490658503988659 0.38397243543875248 0.41887902047863912 0.4537856055185257 0.48869219055841229 0.52359877559829882 
end_independent_variable

independent_variable surface_angle units deg
0 4 8 12 16 20 24 28 32 36 40 
end_independent_variable

dependent_variable precision double
0 0 9.6633681437332497e-20 0 0 -3.8653472574932999e-19 0 -7.7306945149865998e-19 1.54613890299732e-18 0 0 0 0 0 0 3.8653472574932999e-19 0 7.7306945149865998e-19 0 0 0 0 0 0 0 0 -3.8653472574932999e-19 -3.8653472574932999e-19 0 0 0 -1.54613890299732e-18 0 0 2.4158420359333124e-20 0 0 0 -3.8653472574932999e-19 7.7306945149865998e-19 0 -7.7306945149865998e-19 0 1.54613890299732e-18 0 0 4.8316840718666249e-20 -1.9326736287466499e-19 0 0 7.7306945149865998e-19 0 0 0 1.54613890299732e-18 0 0 0 0 1.9326736287466499e-19 3.8653472574932999e-19 -3.8653472574933004e-19 0 0 7.7306945149865998e-19 0 0 -1.2079210179666562e-20 0 0 1.9326736287466499e-19 3.8653472574932999e-19 3.8653472574932999e-19 7.7306945149865998e-19 7.7306945149865998e-19 7.7306945149865998e-19 0 0 1.2079210179666562e-20 0 0 1.9326736287466499e-19 0 0 -3.8653472574933004e-19 0 7.7306945149865998e-19 0 0 1.2079210179666562e-20 -4.8316840718666249e-20 0 0 0 0 3.8653472574932999e-19 0 7.7306945149865998e-19 -7.7306945149865998e-19 0 0 -4.8316840718666249e-20 0 0 0 0 0 -3.8653472574932999e-19 0 0 0 6.0396050898332811e-21 0 4.8316840718666249e-20 0 -1.9326736287466499e-19 0 0 -3.8653472574932999e-19 3.8653472574932999e-19 7.7306945149865998e-19 0 0 0 0 9.6633681437332497e-20 0 0 0 0 0 0 0 6.0396050898332811e-21 0 0 0 0 0 0 0 0 3.8653472574932999e-19 0 -3.0198025449166409e-21 0 2.4158420359333124e-20 -4.8316840718666249e-20 0 0 -1.9326736287466499e-19 -1.9326736287466499e-19 0 0 0 0 0 -2.4158420359333124e-20 0 9.6633681437332497e-20 0 1.9326736287466499e-19 0 0 0 0 -3.0198025449166405e-21 0 2.4158420359333124e-20 0 4.8316840718666249e-20 9.6633681437332497e-20 0 0 0 0 0 0 0 0 0 4.8316840718666249e-20 4.8316840718666249e-20 0 0 0 0 0 0 -3.0198025449166405e-21 0 0 0 0 0 0 0 0 0 0 0 0 0 0 0 0 0 0 0 0 0 3.0198025449166405e-21 0 0 0 0 0 0 0 0 0 0 0 0 0 -4.8316840718666249e-20 -4.8316840718666249e-20 0 0 0 0 0 3.0198025449166405e-21 0 -2.4158420359333124e-20 0 -4.8316840718666249e-20 -9.6633681437332497e-20 0 0 0 0 0 0 0 2.4158420359333124e-20 0 -9.6633681437332497e-20 0 -1.9326736287466499e-19 0 0 0 0 3.0198025449166405e-21 0 -2.4158420359333124e-20 4.8316840718666249e-20 0 0 1.9326736287466499e-19 1.9326736287466499e-19 0 0 0 -6.0396050898332818e-21 0 0 0 0 0 0 0 0 -3.8653472574932999e-19 0 0 0 0 -9.6633681437332497e-20 0 0 0 0 0 0 0 -6.0396050898332811e-21 0 -4.8316840718666249e-20 0 1.9326736287466499e-19 0 0 3.8653472574932999e-19 -3.8653472574932999e-19 -7.7306945149865998e-19 0 0 4.8316840718666249e-20 0 0 0 0 0 3.8653472574932999e-19 0 0 0 -1.2079210179666562e-20 4.8316840718666249e-20 0 0 0 0 -3.8653472574932999e-19 0 -7.7306945149865998e-19 7.7306945149865998e-19 0 -1.2079210179666562e-20 0 0 -1.9326736287466499e-19 0 0 3.8653472574932999e-19 0 -7.7306945149865998e-19 0 0 1.2079210179666562e-20 0 0 -1.9326736287466499e-19 -3.8653472574932999e-19 -3.8653472574932999e-19 -7.7306945149866007e-19 -7.7306945149865998e-19 -7.7306945149865998e-19 0 0 0 0 0 -1.9326736287466499e-19 -3.8653472574932999e-19 3.8653472574932999e-19 0 0 -7.7306945149865998e-19 0 0 0 -4.8316840718666249e-20 1.9326736287466499e-19 0 0 -7.7306945149866007e-19 0 0 0 -1.54613890299732e-18 0 -2.4158420359333124e-20 0 0 0 3.8653472574932999e-19 -7.7306945149865998e-19 0 7.7306945149865998e-19 0 -1.54613890299732e-18 0 0 0 0 3.8653472574932999e-19 3.8653472574932999e-19 0 0 0 1.54613890299732e-18 0 0 0 0 0 -3.8653472574932999e-19 0 -7.7306945149865998e-19 0 0 0 0 0 0 -9.6633681437332497e-20 0 0 3.8653472574932999e-19 0 7.7306945149865998e-19 -1.54613890299732e-18 0 0 0 0 -6.1845556119892832e-20 0 0 0 0 0 0 0 1.9790577958365703e-18 0 -1.5461389029973205e-20 6.184555611989282e-20 0 2.4738222447957128e-19 -4.9476444895914256e-19 4.9476444895914256e-19 0 0 9.8952889791828513e-19 0 0 1.5461389029973205e-20 6.184555611989282e-20 1.2369111223978564e-19 0 4.9476444895914256e-19 -4.9476444895914256e-19 0 0 0 0 0 0 -6.184555611989282e-20 0 0 0 0 0 0 9.8952889791828513e-19 0 0 0 -6.184555611989282e-20 -1.2369111223978564e-19 0 0 -4.9476444895914266e-19 0 0 9.8952889791828513e-19 -9.8952889791828532e-19 0 1.5461389029973205e-20 0 0 0 0 4.9476444895914247e-19 0 0 0 0 0 0 0 1.2369111223978564e-19 0 -2.4738222447957133e-19 0 -4.9476444895914266e-19 0 -9.8952889791828513e-19 -9.8952889791828513e-19 0 0 6.184555611989282e-20 0 0 0 0 0 0 0 0 0 7.7306945149866026e-21 -3.092277805994641e-20 -1.2369111223978564e-19 0 -2.4738222447957128e-19 0 4.9476444895914256e-19 0 9.8952889791828513e-19 -9.8952889791828513e-19 0 0 -3.092277805994641e-20 -6.184555611989282e-20 0 0 0 0 0 0 0 0 0 3.092277805994641e-20 0 0 0 0 2.4738222447957128e-19 4.9476444895914256e-19 -4.9476444895914256e-19 0 0 0 3.092277805994641e-20 6.184555611989282e-20 0 0 -2.4738222447957128e-19 0 0 0 0 0 -3.865347257493302e-21 0 -3.092277805994641e-20 0 1.2369111223978564e-19 0 0 0 -2.4738222447957128e-19 0 0 3.8653472574933005e-21 1.5461389029973205e-20 0 0 0 -1.2369111223978564e-19 0 2.4738222447957128e-19 0 -2.4738222447957128e-19 0 0 0 -3.092277805994641e-20 0 0 0 1.2369111223978564e-19 0 -2.4738222447957128e-19 -2.4738222447957128e-19 0 0 0 0 -3.092277805994641e-20 6.184555611989282e-20 6.184555611989282e-20 1.2369111223978564e-19 1.2369111223978564e-19 0 0 0 0 0 1.5461389029973205e-20 3.092277805994641e-20 0 0 0 0 0 0 0 0 0 7.7306945149866026e-21 0 1.5461389029973205e-20 0 0 0 0 0 0 0 0 0 0 0 0 0 0 0 0 0 0 0 -7.7306945149866026e-21 0 -1.5461389029973205e-20 0 0 0 0 0 0 0 0 -1.5461389029973205e-20 -3.092277805994641e-20 0 0 0 0 0 0 0 0 0 0 3.092277805994641e-20 -6.184555611989282e-20 -6.184555611989282e-20 -1.2369111223978564e-19 -1.2369111223978564e-19 0 0 0 0 0 3.092277805994641e-20 0 0 0 -1.2369111223978564e-19 0 2.4738222447957128e-19 2.4738222447957128e-19 0 -3.8653472574933013e-21 -1.5461389029973205e-20 0 0 0 1.2369111223978564e-19 0 -2.4738222447957128e-19 0 2.4738222447957128e-19 0 3.8653472574933013e-21 0 3.092277805994641e-20 0 -1.2369111223978564e-19 0 0 0 2.4738222447957128e-19 0 0 0 -3.092277805994641e-20 -6.184555611989282e-20 0 0 2.4738222447957128e-19 0 0 0 0 0 0 -3.092277805994641e-20 0 0 0 0 -2.4738222447957128e-19 -4.9476444895914256e-19 4.9476444895914256e-19 0 0 0 3.092277805994641e-20 6.184555611989282e-20 0 0 0 0 0 0 0 0 -7.7306945149866026e-21 3.092277805994641e-20 1.2369111223978564e-19 0 2.4738222447957128e-19 0 -4.9476444895914256e-19 0 -9.8952889791828513e-19 9.8952889791828513e-19 0 0 -6.184555611989282e-20 0 0 0 0 0 0 0 0 0 0 0 -1.2369111223978564e-19 0 2.4738222447957133e-19 0 4.9476444895914256e-19 0 9.8952889791828513e-19 9.8952889791828513e-19 0 -1.5461389029973205e-20 0 0 0 0 -4.9476444895914256e-19 0 0 0 0 0 0 6.184555611989282e-20 1.2369111223978564e-19 0 0 4.9476444895914256e-19 0 0 -9.8952889791828513e-19 9.8952889791828532e-19 0 0 6.184555611989282e-20 0 0 0 0 0 0 -9.8952889791828513e-19 0 0 -1.5461389029973205e-20 -6.184555611989282e-20 -1.2369111223978564e-19 0 -4.9476444895914256e-19 4.9476444895914256e-19 0 0 0 0 0 1.5461389029973205e-20 -6.184555611989282e-20 0 -2.4738222447957128e-19 4.9476444895914256e-19 -4.9476444895914256e-19 0 0 -9.8952889791828513e-19 0 0 0 6.1845556119892832e-20 0 0 0 0 0 0 0 -1.9790577958365703e-18 0 -1.5776927581605312e-20 0 0 -2.5243084130568498e-19 0 0 0 0 0 0 0 0 0 -2.5243084130568498e-19 0 0 5.0486168261136997e-19 0 0 0 0 0 0 0 -1.2621542065284247e-19 0 0 5.0486168261136987e-19 0 0 0 0 0 0 -6.3107710326421246e-20 0 0 0 -5.0486168261136997e-19 1.0097233652227399e-18 -1.0097233652227399e-18 0 0 0 0 -6.3107710326421246e-20 -1.2621542065284249e-19 0 0 0 0 0 1.0097233652227399e-18 -1.0097233652227399e-18 0 0 0 0 0 0 0 -5.0486168261136997e-19 -1.0097233652227399e-18 1.0097233652227399e-18 0 0 1.5776927581605312e-20 0 -1.2621542065284247e-19 2.5243084130568498e-19 0 5.0486168261136997e-19 0 0 0 0 0 0 0 1.2621542065284249e-19 0 0 0 0 0 0 -1.0097233652227399e-18 0 7.8884637908026558e-21 0 0 0 0 -2.5243084130568498e-19 0 0 1.0097233652227399e-18 0 0 -7.8884637908026558e-21 0 -6.3107710326421246e-20 -1.2621542065284249e-19 0 0 0 0 -5.0486168261136987e-19 0 0 0 0 -6.3107710326421246e-20 -1.2621542065284249e-19 0 -2.5243084130568498e-19 0 0 0 -5.0486168261136997e-19 0 7.8884637908026558e-21 -3.1553855163210617e-20 6.3107710326421246e-20 0 0 0 0 0 5.0486168261136997e-19 0 0 0 0 0 -6.3107710326421246e-20 0 -1.2621542065284249e-19 2.5243084130568498e-19 0 0 0 0 0 1.5776927581605312e-20 0 0 0 0 -1.2621542065284247e-19 0 2.5243084130568498e-19 0 0 0 0 3.1553855163210617e-20 0 0 0 1.2621542065284249e-19 0 2.5243084130568494e-19 0 0 0 0 -1.5776927581605309e-20 3.1553855163210617e-20 0 0 -1.2621542065284247e-19 0 1.2621542065284249e-19 2.5243084130568498e-19 0 0 0 1.5776927581605312e-20 0 0 0 -6.3107710326421246e-20 -6.3107710326421246e-20 0 -1.2621542065284247e-19 0 0 3.9442318954013279e-21 0 0 0 0 0 0 6.3107710326421246e-20 0 0 0 0 0 0 0 0 0 0 0 0 0 0 -3.9442318954013279e-21 0 0 0 0 0 0 -6.3107710326421246e-20 0 0 0 0 -1.5776927581605312e-20 0 0 0 6.3107710326421246e-20 6.3107710326421246e-20 0 1.2621542065284249e-19 0 0 0 1.5776927581605312e-20 -3.1553855163210617e-20 0 0 1.2621542065284247e-19 0 -1.2621542065284249e-19 -2.5243084130568494e-19 0 0 0 -3.1553855163210617e-20 0 0 0 -1.2621542065284249e-19 0 -2.5243084130568494e-19 0 0 0 -1.5776927581605312e-20 0 0 0 0 1.2621542065284249e-19 0 -2.5243084130568498e-19 0 0 0 0 0 6.3107710326421246e-20 0 1.2621542065284249e-19 -2.5243084130568494e-19 0 0 0 0 -7.8884637908026558e-21 3.1553855163210617e-20 -6.3107710326421246e-20 0 0 0 0 0 -5.0486168261136997e-19 0 0 0 0 6.3107710326421246e-20 1.2621542065284249e-19 0 2.5243084130568498e-19 0 0 0 5.0486168261136997e-19 0 7.8884637908026558e-21 0 6.3107710326421246e-20 1.2621542065284249e-19 0 0 0 0 5.0486168261136997e-19 0 0 -7.8884637908026558e-21 0 0 0 0 2.5243084130568498e-19 0 0 -1.0097233652227397e-18 0 0 0 0 -1.2621542065284249e-19 0 0 0 0 0 0 1.0097233652227399e-18 0 -1.5776927581605312e-20 0 1.2621542065284247e-19 -2.5243084130568498e-19 0 -5.0486168261136997e-19 0 0 0 0 0 0 0 0 0 0 0 5.0486168261136997e-19 1.0097233652227399e-18 -1.0097233652227399e-18 0 0 0 6.3107710326421246e-20 1.2621542065284249e-19 0 0 0 0 0 -1.0097233652227399e-18 1.0097233652227399e-18 0 0 6.3107710326421246e-20 0 0 0 5.0486168261136997e-19 -1.0097233652227399e-18 1.0097233652227399e-18 0 0 0 0 0 1.2621542065284247e-19 0 0 -5.0486168261136987e-19 0 0 0 0 0 0 0 2.5243084130568498e-19 0 0 -5.0486168261136997e-19 0 0 0 0 0 1.5776927581605312e-20 0 0 2.5243084130568498e-19 0 0 0 0 0 0 0 0 0 0 0 0 0 0 0 0 0 0 -2.7486913831063479e-20 0 0 0 0 8.7958124259403133e-19 -8.7958124259403133e-19 0 0 1.7591624851880627e-18 0 0 0 2.1989531064850778e-19 2.1989531064850783e-19 0 0 0 8.7958124259403133e-19 0 0 0 0 5.4973827662126958e-20 0 0 0 -4.3979062129701567e-19 0 0 0 0 0 1.374345691553174e-20 0 1.0994765532425392e-19 0 -4.3979062129701567e-19 4.3979062129701567e-19 8.7958124259403133e-19 0 0 0 0 0 -5.4973827662126958e-20 1.0994765532425392e-19 0 0 0 -8.7958124259403133e-19 0 0 -8.7958124259403133e-19 0 -1.374345691553174e-20 0 0 0 0 0 -4.3979062129701567e-19 0 0 0 0 0 -5.4973827662126958e-20 0 -2.1989531064850783e-19 0 -4.3979062129701567e-19 0 0 0 0 0 0 0 0 2.1989531064850783e-19 0 0 -4.3979062129701567e-19 0 0 -8.7958124259403133e-19 0 0 0 0 0 -2.1989531064850783e-19 2.1989531064850783e-19 0 -4.3979062129701567e-19 0 0 0 0 0 5.4973827662126958e-20 -1.0994765532425392e-19 2.1989531064850783e-19 2.1989531064850783e-19 0 0 0 -8.7958124259403133e-19 0 0 0 0 0 1.0994765532425392e-19 2.1989531064850783e-19 0 0 -4.3979062129701567e-19 0 0 0 0 0 5.4973827662126958e-20 0 0 2.1989531064850783e-19 0 0 0 0 0 0 2.7486913831063479e-20 0 1.0994765532425392e-19 0 0 0 2.1989531064850783e-19 0 0 -3.4358642288829349e-21 0 2.7486913831063479e-20 0 0 0 -1.0994765532425392e-19 2.1989531064850783e-19 0 0 0 0 0 0 0 0 0 0 0 2.1989531064850783e-19 2.1989531064850783e-19 0 0 0 -1.374345691553174e-20 0 2.7486913831063479e-20 0 0 0 -1.0994765532425394e-19 0 0 8.5896605722073372e-22 3.4358642288829349e-21 0 0 0 0 0 5.4973827662126958e-20 -5.4973827662126958e-20 -5.4973827662126958e-20 0 0 0 0 0 0 0 0 0 0 0 0 -8.5896605722073372e-22 -3.4358642288829349e-21 0 0 0 0 0 -5.4973827662126958e-20 5.4973827662126958e-20 5.4973827662126958e-20 0 0 0 1.374345691553174e-20 0 -2.7486913831063479e-20 0 0 0 1.0994765532425392e-19 0 0 0 0 0 0 0 0 0 0 -2.1989531064850788e-19 -2.1989531064850783e-19 0 3.4358642288829349e-21 0 -2.7486913831063479e-20 0 0 0 1.0994765532425392e-19 -2.1989531064850783e-19 0 0 0 0 0 -2.7486913831063479e-20 0 -1.0994765532425392e-19 0 0 0 -2.1989531064850783e-19 0 0 0 0 0 -5.4973827662126958e-20 0 0 -2.1989531064850783e-19 0 0 0 0 0 0 0 0 -1.0994765532425392e-19 -2.1989531064850783e-19 0 0 4.3979062129701567e-19 0 0 0 0 -5.4973827662126958e-20 1.0994765532425392e-19 -2.1989531064850783e-19 -2.1989531064850783e-19 0 0 0 8.7958124259403133e-19 0 0 0 0 0 2.1989531064850783e-19 -2.1989531064850783e-19 0 4.3979062129701567e-19 0 0 0 0 0 0 -2.1989531064850783e-19 0 0 4.3979062129701567e-19 0 0 8.7958124259403133e-19 0 0 5.4973827662126958e-20 0 2.1989531064850783e-19 0 4.3979062129701567e-19 0 0 0 0 0 1.374345691553174e-20 0 0 0 0 0 4.3979062129701567e-19 0 0 0 0 0 5.4973827662126958e-20 -1.0994765532425392e-19 0 0 0 8.7958124259403133e-19 0 0 8.7958124259403133e-19 0 -1.374345691553174e-20 0 -1.0994765532425392e-19 0 4.3979062129701567e-19 -4.3979062129701567e-19 -8.7958124259403133e-19 0 0 0 0 0 -5.4973827662126958e-20 0 0 0 4.3979062129701567e-19 0 0 0 0 0 0 0 -2.1989531064850778e-19 -2.1989531064850783e-19 0 0 0 -8.7958124259403133e-19 0 0 0 2.7486913831063479e-20 0 0 0 0 -8.7958124259403133e-19 8.7958124259403133e-19 0 0 -1.7591624851880627e-18 0 0 0 0 0 0 0 0 0 0 0 0 0 9.6633681437332497e-20 0 0 -3.8653472574932999e-19 0 -7.7306945149865998e-19 1.54613890299732e-18 0 0 0 0 0 0 3.8653472574932999e-19 0 7.7306945149865998e-19 0 0 0 0 0 0 0 0 -3.8653472574932999e-19 -3.8653472574932999e-19 0 0 0 -1.54613890299732e-18 0 0 2.4158420359333124e-20 0 0 0 -3.8653472574932999e-19 7.7306945149865998e-19 0 -7.7306945149865998e-19 0 1.54613890299732e-18 0 0 4.8316840718666249e-20 -1.9326736287466499e-19 0 0 7.7306945149865998e-19 0 0 0 1.54613890299732e-18 0 0 0 0 1.9326736287466499e-19 3.8653472574932999e-19 -3.8653472574933004e-19 0 0 7.7306945149865998e-19 0 0 -1.2079210179666562e-20 0 0 1.9326736287466499e-19 3.8653472574932999e-19 3.8653472574932999e-19 7.7306945149865998e-19 7.7306945149865998e-19 7.7306945149865998e-19 0 0 1.2079210179666562e-20 0 0 1.9326736287466502e-19 0 0 -3.8653472574933004e-19 0 7.7306945149865998e-19 0 0 1.2079210179666562e-20 -4.8316840718666249e-20 0 0 0 0 3.8653472574933004e-19 0 7.7306945149865998e-19 -7.7306945149865998e-19 0 0 -4.8316840718666249e-20 0 0 0 0 0 -3.8653472574932999e-19 0 0 0 6.0396050898332811e-21 0 4.8316840718666249e-20 0 -1.9326736287466502e-19 0 0 -3.8653472574932999e-19 3.8653472574932999e-19 7.7306945149866007e-19 0 0 0 0 9.6633681437332497e-20 0 0 0 0 0 0 0 6.0396050898332811e-21 0 0 0 0 0 0 0 0 3.8653472574932999e-19 0 -3.0198025449166409e-21 0 2.4158420359333124e-20 -4.8316840718666249e-20 0 0 -1.9326736287466499e-19 -1.9326736287466499e-19 0 0 0 0 0 -2.4158420359333127e-20 0 9.6633681437332497e-20 0 1.9326736287466499e-19 0 0 0 0 -3.0198025449166405e-21 0 2.4158420359333124e-20 0 4.8316840718666249e-20 9.6633681437332497e-20 0 0 0 0 0 0 0 0 0 4.8316840718666249e-20 4.8316840718666249e-20 0 0 0 0 0 0 -3.0198025449166409e-21 0 0 0 0 0 0 0 0 0 0 0 0 0 0 0 0 0 0 0 0 0 3.0198025449166409e-21 0 0 0 0 0 0 0 0 0 0 0 0 0 -4.8316840718666249e-20 -4.8316840718666249e-20 0 0 0 0 0 3.0198025449166405e-21 0 -2.4158420359333124e-20 0 -4.8316840718666249e-20 -9.6633681437332497e-20 0 0 0 0 0 0 0 2.4158420359333127e-20 0 -9.6633681437332497e-20 0 -1.9326736287466499e-19 0 0 0 0 3.0198025449166405e-21 0 -2.4158420359333124e-20 4.8316840718666249e-20 0 0 1.9326736287466499e-19 1.9326736287466499e-19 0 0 0 -6.0396050898332818e-21 0 0 0 0 0 0 0 0 -3.8653472574932999e-19 0 0 0 0 -9.6633681437332497e-20 0 0 0 0 0 0 0 -6.0396050898332811e-21 0 -4.8316840718666249e-20 0 1.9326736287466502e-19 0 0 3.8653472574932999e-19 -3.8653472574932999e-19 -7.7306945149866007e-19 0 0 4.8316840718666249e-20 0 0 0 0 0 3.8653472574932999e-19 0 0 0 -1.2079210179666562e-20 4.8316840718666249e-20 0 0 0 0 -3.8653472574933004e-19 0 -7.7306945149865998e-19 7.7306945149865998e-19 0 -1.2079210179666562e-20 0 0 -1.9326736287466502e-19 0 0 3.8653472574932999e-19 0 -7.7306945149865998e-19 0 0 1.2079210179666562e-20 0 0 -1.9326736287466499e-19 -3.8653472574932999e-19 -3.8653472574932999e-19 -7.7306945149866017e-19 -7.7306945149865998e-19 -7.7306945149865998e-19 0 0 0 0 0 -1.9326736287466499e-19 -3.8653472574932999e-19 3.8653472574932999e-19 0 0 -7.7306945149865998e-19 0 0 0 -4.8316840718666249e-20 1.9326736287466499e-19 0 0 -7.7306945149866007e-19 0 0 0 -1.54613890299732e-18 0 -2.4158420359333124e-20 0 0 0 3.8653472574932999e-19 -7.7306945149865998e-19 0 7.7306945149865998e-19 0 -1.54613890299732e-18 0 0 0 0 3.8653472574932999e-19 3.8653472574932999e-19 0 0 0 1.54613890299732e-18 0 0 0 0 0 -3.8653472574932999e-19 0 -7.7306945149865998e-19 0 0 0 0 0 0 -9.6633681437332497e-20 0 0 3.8653472574932999e-19 0 7.7306945149865998e-19 -1.54613890299732e-18 0 0 0 0 0 0 0 0 -6.8479508506455741e-19 0 0 0 0 0 0 0 -1.7119877126613935e-19 0 0 6.8479508506455741e-19 -1.3695901701291148e-18 0 0 0 0 0 -8.5599385633069676e-20 0 0 6.8479508506455751e-19 0 1.3695901701291148e-18 0 0 0 0 -2.1399846408267419e-20 0 0 0 -6.8479508506455741e-19 0 1.3695901701291148e-18 -1.3695901701291148e-18 0 0 0 0 0 0 0 0 0 -6.8479508506455731e-19 0 0 -1.3695901701291148e-18 0 0 0 -1.7119877126613935e-19 0 0 -6.8479508506455741e-19 0 0 0 0 0 -1.069992320413371e-20 0 0 -1.7119877126613935e-19 0 0 0 -1.369590170129115e-18 0 0 0 0 0 0 -1.7119877126613935e-19 0 -6.8479508506455741e-19 0 0 0 0 0 0 0 -8.5599385633069676e-20 0 0 0 0 0 -1.369590170129115e-18 0 0 0 0 8.5599385633069676e-20 -1.7119877126613935e-19 0 0 0 0 0 0 0 1.069992320413371e-20 0 -8.5599385633069688e-20 0 -1.7119877126613935e-19 0 0 -6.8479508506455741e-19 0 6.8479508506455741e-19 0 5.3499616020668548e-21 0 4.2799692816534832e-20 0 0 0 0 0 0 6.8479508506455741e-19 0 0 0 -4.2799692816534838e-20 0 1.7119877126613935e-19 0 0 0 3.4239754253227871e-19 0 0 0 0 4.2799692816534838e-20 0 0 0 0 3.4239754253227875e-19 3.4239754253227871e-19 0 0 0 0 0 -4.2799692816534838e-20 0 -1.7119877126613935e-19 0 0 -3.4239754253227871e-19 -3.4239754253227871e-19 0 0 0 0 0 0 8.5599385633069664e-20 0 1.7119877126613935e-19 -1.7119877126613935e-19 0 0 1.3374904005167137e-21 0 0 0 0 0 0 8.5599385633069676e-20 -1.7119877126613935e-19 0 0 0 0 -5.3499616020668548e-21 1.069992320413371e-20 0 -4.2799692816534838e-20 -4.2799692816534838e-20 4.2799692816534838e-20 -8.5599385633069676e-20 -8.5599385633069676e-20 0 0 0 0 0 0 0 0 0 0 0 0 0 0 5.3499616020668548e-21 -1.069992320413371e-20 0 4.2799692816534838e-20 4.2799692816534838e-20 -4.2799692816534838e-20 8.5599385633069676e-20 8.5599385633069676e-20 0 -1.3374904005167137e-21 0 0 0 0 0 0 -8.5599385633069676e-20 1.7119877126613935e-19 0 0 0 0 0 0 0 -8.5599385633069676e-20 0 -1.7119877126613935e-19 1.7119877126613935e-19 0 0 0 0 0 4.2799692816534838e-20 0 1.7119877126613933e-19 0 0 3.4239754253227871e-19 3.4239754253227871e-19 0 0 0 -4.2799692816534838e-20 0 0 0 0 -3.4239754253227875e-19 -3.4239754253227871e-19 0 0 0 0 4.2799692816534838e-20 0 -1.7119877126613935e-19 0 0 0 -3.4239754253227871e-19 0 0 -5.3499616020668548e-21 0 -4.2799692816534838e-20 0 0 0 0 0 0 -6.8479508506455741e-19 0 -1.069992320413371e-20 0 8.5599385633069664e-20 0 1.7119877126613935e-19 0 0 6.8479508506455741e-19 0 -6.8479508506455741e-19 0 0 0 -8.5599385633069676e-20 1.7119877126613935e-19 0 0 0 0 0 0 0 0 0 8.5599385633069676e-20 0 0 0 0 0 1.369590170129115e-18 0 0 0 0 0 1.7119877126613935e-19 0 6.8479508506455741e-19 0 0 0 0 0 1.069992320413371e-20 0 0 1.7119877126613935e-19 0 0 0 1.369590170129115e-18 0 0 0 0 0 1.7119877126613935e-19 0 0 6.8479508506455741e-19 0 0 0 0 0 0 0 0 0 0 0 6.8479508506455741e-19 0 0 1.3695901701291148e-18 0 2.1399846408267419e-20 0 0 0 6.8479508506455741e-19 0 -1.3695901701291146e-18 1.3695901701291148e-18 0 0 0 0 8.5599385633069676e-20 0 0 -6.8479508506455751e-19 0 -1.3695901701291148e-18 0 0 0 0 0 0 1.7119877126613935e-19 0 0 -6.8479508506455741e-19 1.3695901701291148e-18 0 0 0 0 0 0 0 0 0 6.8479508506455741e-19 0 0 0 0 0 0 -7.6352538419620764e-20 0 0 0 0 0 0 0 -2.4432812294278644e-18 0 -1.9088134604905191e-20 0 0 3.0541015367848306e-19 6.1082030735696611e-19 0 0 2.4432812294278644e-18 2.4432812294278644e-18 0 0 0 7.6352538419620752e-20 1.5270507683924153e-19 -3.0541015367848306e-19 0 0 0 0 0 0 0 1.9088134604905188e-20 -7.6352538419620764e-20 0 0 -6.1082030735696611e-19 0 0 1.221640614713932e-18 0 0 0 0 -7.6352538419620764e-20 0 3.0541015367848306e-19 0 0 0 0 0 0 0 0 -7.6352538419620764e-20 0 0 -6.1082030735696611e-19 0 0 0 0 0 0 0 -7.6352538419620764e-20 0 0 6.1082030735696611e-19 0 0 1.221640614713932e-18 0 -2.4432812294278644e-18 0 0 0 0 0 0 6.1082030735696601e-19 0 -1.2216406147139322e-18 0 0 0 0 0 0 1.5270507683924153e-19 0 -6.1082030735696611e-19 0 -1.2216406147139322e-18 0 1.2216406147139322e-18 0 -9.5440673024525955e-21 0 0 1.527050768392415e-19 0 0 0 -6.1082030735696611e-19 0 0 0 0 3.8176269209810382e-20 7.6352538419620752e-20 0 0 0 0 0 0 1.2216406147139322e-18 0 0 -3.8176269209810382e-20 0 0 0 -3.0541015367848306e-19 0 6.1082030735696611e-19 6.1082030735696611e-19 0 0 0 0 3.8176269209810376e-20 0 0 3.0541015367848306e-19 0 0 -6.1082030735696611e-19 0 0 4.7720336512262977e-21 0 -3.8176269209810376e-20 0 1.5270507683924153e-19 0 3.0541015367848306e-19 -3.0541015367848301e-19 0 0 0 -2.3860168256131496e-21 0 3.8176269209810382e-20 0 7.6352538419620764e-20 1.527050768392415e-19 0 0 -3.0541015367848306e-19 0 0 2.3860168256131489e-21 0 1.9088134604905191e-20 3.8176269209810382e-20 0 0 0 1.5270507683924153e-19 3.0541015367848306e-19 0 0 0 0 1.9088134604905191e-20 -3.8176269209810382e-20 0 0 -7.6352538419620764e-20 0 0 -3.0541015367848306e-19 0 5.9650420640328722e-22 0 -9.5440673024525985e-21 1.9088134604905197e-20 0 0 0 0 0 0 0 0 0 0 0 0 0 0 0 0 0 0 -5.9650420640328722e-22 0 9.5440673024525955e-21 -1.9088134604905191e-20 0 0 0 0 0 0 0 0 0 -1.9088134604905194e-20 3.8176269209810388e-20 0 0 7.6352538419620764e-20 0 0 3.0541015367848306e-19 0 -2.3860168256131489e-21 0 -1.9088134604905191e-20 -3.8176269209810382e-20 0 0 0 -1.5270507683924153e-19 -3.0541015367848306e-19 0 0 2.3860168256131489e-21 0 -3.8176269209810382e-20 0 -7.6352538419620764e-20 -1.5270507683924153e-19 0 0 3.0541015367848306e-19 0 0 -4.7720336512262985e-21 0 3.8176269209810376e-20 0 -1.5270507683924153e-19 0 -3.0541015367848306e-19 3.0541015367848301e-19 0 0 0 0 0 -3.8176269209810376e-20 0 0 -3.0541015367848306e-19 0 0 6.1082030735696611e-19 0 0 0 3.8176269209810382e-20 0 0 0 3.0541015367848306e-19 0 -6.1082030735696611e-19 -6.1082030735696611e-19 0 0 0 -3.8176269209810382e-20 -7.6352538419620764e-20 0 0 0 0 0 0 -1.2216406147139322e-18 0 9.5440673024525955e-21 0 0 -1.527050768392415e-19 0 0 0 6.1082030735696611e-19 0 0 0 0 0 0 -1.5270507683924153e-19 0 6.1082030735696611e-19 0 1.2216406147139322e-18 0 -1.2216406147139322e-18 0 0 0 0 0 0 -6.1082030735696601e-19 0 1.2216406147139322e-18 0 0 0 0 7.6352538419620764e-20 0 0 -6.1082030735696611e-19 0 0 -1.221640614713932e-18 0 2.4432812294278644e-18 0 0 7.6352538419620764e-20 0 0 6.1082030735696611e-19 0 0 0 0 0 0 0 7.6352538419620764e-20 0 -3.0541015367848306e-19 0 0 0 0 0 0 0 -1.9088134604905188e-20 7.6352538419620764e-20 0 0 6.1082030735696611e-19 0 0 -1.221640614713932e-18 0 0 0 0 -7.6352538419620752e-20 -1.5270507683924153e-19 3.0541015367848306e-19 0 0 0 0 0 0 0 1.9088134604905191e-20 0 0 -3.0541015367848306e-19 -6.1082030735696611e-19 0 0 -2.4432812294278644e-18 -2.4432812294278644e-18 0 0 0 7.6352538419620764e-20 0 0 0 0 0 0 0 2.4432812294278644e-18 0 -1.8267236566603504e-20 -7.3068946266414017e-20 0 0 0 1.1691031402626243e-18 -1.1691031402626243e-18 0 2.3382062805252486e-18 0 0 1.8267236566603504e-20 7.3068946266414017e-20 0 5.8455157013131214e-19 -5.8455157013131214e-19 0 0 0 0 0 0 1.8267236566603504e-20 0 0 -2.9227578506565617e-19 -5.8455157013131214e-19 0 1.1691031402626243e-18 -2.3382062805252486e-18 0 0 0 0 7.3068946266414017e-20 0 2.9227578506565607e-19 0 0 0 0 0 2.3382062805252486e-18 0 0 0 0 2.9227578506565607e-19 0 0 0 0 0 0 0 0 0 0 0 0 0 1.1691031402626243e-18 0 -2.3382062805252486e-18 -2.3382062805252486e-18 0 0 7.3068946266414017e-20 -1.4613789253282803e-19 0 0 5.8455157013131214e-19 0 0 -2.3382062805252486e-18 2.3382062805252486e-18 0 0 0 0 -2.9227578506565607e-19 2.9227578506565607e-19 0 0 1.1691031402626243e-18 -1.1691031402626243e-18 2.3382062805252486e-18 0 -9.1336182833017522e-21 3.6534473133207009e-20 0 2.9227578506565607e-19 2.9227578506565607e-19 0 0 0 -1.1691031402626243e-18 0 0 0 0 7.3068946266414017e-20 1.4613789253282803e-19 0 0 0 0 1.1691031402626243e-18 -1.1691031402626243e-18 0 0 0 0 0 0 -2.9227578506565607e-19 0 0 1.1691031402626243e-18 1.1691031402626243e-18 0 0 3.6534473133207009e-20 7.3068946266414017e-20 -1.4613789253282803e-19 1.4613789253282803e-19 2.9227578506565607e-19 0 0 0 0 0 4.5668091416508761e-21 0 -3.6534473133207021e-20 0 0 0 0 0 0 -5.8455157013131214e-19 0 0 0 0 0 0 -1.4613789253282803e-19 0 0 0 0 0 0 0 0 0 0 0 2.9227578506565607e-19 0 0 0 0 2.283404570825438e-21 0 1.8267236566603504e-20 -3.6534473133207009e-20 0 0 0 0 2.9227578506565607e-19 2.9227578506565607e-19 0 0 0 1.8267236566603504e-20 0 0 0 0 -1.4613789253282803e-19 0 -2.9227578506565607e-19 0 0 0 0 0 0 0 0 7.3068946266414042e-20 0 -1.4613789253282803e-19 0 0 0 0 0 0 0 0 0 0 0 0 0 0 0 0 0 0 0 -7.3068946266414017e-20 0 1.4613789253282803e-19 0 0 0 -1.8267236566603504e-20 0 0 0 0 1.4613789253282806e-19 0 2.9227578506565607e-19 0 -2.283404570825438e-21 0 -1.8267236566603504e-20 3.6534473133207009e-20 0 0 0 0 -2.9227578506565607e-19 -2.9227578506565607e-19 0 0 0 0 0 0 0 -2.9227578506565607e-19 0 0 0 0 0 0 0 0 0 1.4613789253282803e-19 0 0 0 0 0 -4.5668091416508761e-21 0 3.6534473133207009e-20 0 0 0 0 0 0 5.8455157013131214e-19 0 0 -3.6534473133207009e-20 -7.3068946266414029e-20 1.4613789253282803e-19 -1.4613789253282803e-19 -2.9227578506565607e-19 0 0 0 0 0 0 0 0 0 0 2.9227578506565607e-19 0 0 -1.1691031402626243e-18 -1.1691031402626243e-18 0 0 0 -7.3068946266414017e-20 -1.4613789253282803e-19 0 0 0 0 -1.1691031402626243e-18 1.1691031402626243e-18 0 9.1336182833017522e-21 -3.6534473133207009e-20 0 -2.9227578506565607e-19 -2.9227578506565607e-19 0 0 0 1.1691031402626243e-18 0 0 0 0 0 2.9227578506565607e-19 -2.9227578506565607e-19 0 0 -1.1691031402626243e-18 1.1691031402626243e-18 -2.3382062805252486e-18 0 0 -7.3068946266414017e-20 1.4613789253282803e-19 0 0 -5.8455157013131214e-19 0 0 2.3382062805252486e-18 -2.3382062805252486e-18 0 0 0 0 0 0 0 -1.1691031402626243e-18 0 2.3382062805252486e-18 2.3382062805252486e-18 0 0 0 0 -2.9227578506565607e-19 0 0 0 0 0 0 0 0 -7.3068946266414017e-20 0 -2.9227578506565607e-19 0 0 0 0 0 -2.3382062805252486e-18 0 -1.8267236566603504e-20 0 0 2.9227578506565607e-19 5.8455157013131214e-19 0 -1.1691031402626243e-18 2.3382062805252486e-18 0 0 0 -1.8267236566603504e-20 -7.3068946266414017e-20 0 -5.8455157013131224e-19 5.8455157013131214e-19 0 0 0 0 0 0 1.8267236566603504e-20 7.3068946266414017e-20 0 0 0 -1.1691031402626243e-18 1.1691031402626243e-18 0 -2.3382062805252486e-18 0 0 0 0 0 0 0 0 0 2.2397666317752037e-18 0 0 0 0 -6.9992707242975126e-20 0 0 5.5994165794380101e-19 0 0 0 0 0 0 0 0 0 -5.5994165794380091e-19 5.5994165794380101e-19 0 0 0 0 4.4795332635504073e-18 0 1.7498176810743779e-20 0 0 2.7997082897190051e-19 0 1.1198833158876018e-18 0 0 0 2.2397666317752037e-18 0 0 0 0 0 0 0 1.1198833158876018e-18 0 0 0 0 0 6.9992707242975114e-20 0 0 -5.5994165794380091e-19 0 -1.119883315887602e-18 0 2.239766631775204e-18 2.239766631775204e-18 0 0 6.9992707242975114e-20 0 0 0 -5.5994165794380101e-19 0 0 0 0 0 0 6.9992707242975114e-20 0 0 0 -5.5994165794380091e-19 0 -1.119883315887602e-18 -2.2397666317752037e-18 0 0 0 6.9992707242975114e-20 0 2.7997082897190046e-19 0 0 1.1198833158876018e-18 0 0 2.2397666317752037e-18 0 8.7490884053718893e-21 -3.4996353621487563e-20 0 -1.3998541448595025e-19 0 5.5994165794380091e-19 0 0 0 0 0 0 -3.4996353621487557e-20 0 0 0 0 0 -1.1198833158876018e-18 -1.119883315887602e-18 0 0 0 0 -6.9992707242975126e-20 0 -2.7997082897190046e-19 0 5.5994165794380091e-19 -5.5994165794380091e-19 0 0 0 0 0 0 -6.9992707242975114e-20 0 0 2.7997082897190046e-19 0 0 0 0 -4.3745442026859446e-21 1.7498176810743779e-20 3.4996353621487557e-20 6.9992707242975114e-20 0 -2.7997082897190046e-19 0 0 0 0 0 0 -1.7498176810743779e-20 0 -6.9992707242975114e-20 0 0 0 2.7997082897190046e-19 5.5994165794380091e-19 5.5994165794380091e-19 0 0 0 3.4996353621487557e-20 3.4996353621487563e-20 0 0 0 2.7997082897190046e-19 0 0 0 0 -8.7490884053718893e-21 0 0 0 -6.9992707242975114e-20 -1.3998541448595023e-19 0 0 -2.7997082897190046e-19 0 0 0 8.7490884053718893e-21 0 0 -3.4996353621487557e-20 6.9992707242975126e-20 0 1.3998541448595023e-19 -1.3998541448595023e-19 0 0 0 0 0 0 0 0 0 0 0 0 0 0 -8.7490884053718893e-21 0 0 3.4996353621487557e-20 -6.9992707242975114e-20 0 -1.3998541448595023e-19 1.3998541448595023e-19 0 0 8.7490884053718893e-21 0 0 0 6.9992707242975114e-20 1.3998541448595025e-19 0 0 2.7997082897190046e-19 0 0 0 -3.4996353621487557e-20 -3.4996353621487563e-20 0 0 0 -2.7997082897190046e-19 0 0 0 0 1.7498176810743779e-20 0 6.9992707242975126e-20 0 0 0 -2.7997082897190046e-19 -5.5994165794380091e-19 -5.5994165794380091e-19 0 4.3745442026859446e-21 -1.7498176810743779e-20 -3.4996353621487557e-20 -6.9992707242975114e-20 0 2.7997082897190046e-19 0 0 0 0 0 0 0 0 6.9992707242975114e-20 0 0 -2.7997082897190046e-19 0 0 0 0 0 0 6.9992707242975114e-20 0 2.7997082897190046e-19 0 -5.5994165794380091e-19 5.5994165794380091e-19 0 0 0 0 3.4996353621487557e-20 0 0 0 0 0 1.1198833158876018e-18 1.119883315887602e-18 0 0 -8.7490884053718893e-21 3.4996353621487557e-20 0 1.3998541448595025e-19 0 -5.5994165794380091e-19 0 0 0 0 0 0 -6.9992707242975126e-20 0 -2.7997082897190051e-19 0 0 -1.1198833158876018e-18 0 0 -2.2397666317752037e-18 0 0 -6.9992707242975114e-20 0 0 0 5.5994165794380091e-19 0 1.119883315887602e-18 2.2397666317752037e-18 0 0 0 -6.9992707242975114e-20 0 0 0 5.5994165794380101e-19 0 0 0 0 0 0 -6.9992707242975114e-20 0 0 5.5994165794380091e-19 0 1.119883315887602e-18 0 -2.239766631775204e-18 -2.239766631775204e-18 0 0 0 0 0 0 0 -1.1198833158876018e-18 0 0 0 0 -1.7498176810743779e-20 0 0 -2.7997082897190046e-19 0 -1.1198833158876018e-18 0 0 0 -2.2397666317752037e-18 0 0 0 0 5.5994165794380101e-19 -5.5994165794380101e-19 0 0 0 0 -4.4795332635504073e-18 0 0 6.9992707242975126e-20 0 0 -5.5994165794380101e-19 0 0 0 0 0 0 0 0 0 0 0 0 0 -2.2397666317752037e-18 0 0 0 3.3553361610184915e-20 0 0 5.3685378576295864e-19 0 0 2.1474151430518345e-18 0 0 0 0 0 -1.3421344644073966e-19 0 5.3685378576295864e-19 0 0 0 2.1474151430518345e-18 -4.2948302861036691e-18 0 0 0 0 0 -5.3685378576295864e-19 0 0 -2.1474151430518345e-18 0 2.1474151430518342e-18 0 0 1.6776680805092457e-20 6.710672322036983e-20 0 -5.3685378576295864e-19 0 0 1.0737075715259171e-18 0 0 0 0 1.6776680805092457e-20 -6.710672322036983e-20 0 0 0 0 0 0 0 0 0 0 6.710672322036983e-20 1.3421344644073966e-19 0 5.3685378576295864e-19 0 -1.0737075715259173e-18 -2.1474151430518345e-18 -2.1474151430518345e-18 0 0 0 0 0 0 0 0 0 -1.0737075715259173e-18 0 0 0 0 0 -1.3421344644073966e-19 -2.6842689288147932e-19 0 5.3685378576295864e-19 0 -1.0737075715259173e-18 0 0 0 8.3883404025462287e-21 0 0 0 0 0 0 -1.0737075715259173e-18 0 -2.1474151430518345e-18 0 8.3883404025462287e-21 3.3553361610184909e-20 0 0 0 5.3685378576295864e-19 -5.3685378576295864e-19 0 0 2.1474151430518345e-18 0 0 -3.3553361610184915e-20 0 1.3421344644073966e-19 -2.6842689288147932e-19 0 -5.3685378576295864e-19 0 -1.0737075715259173e-18 0 0 0 0 0 0 0 0 0 5.3685378576295864e-19 -1.0737075715259173e-18 0 0 4.1941702012731144e-21 0 0 0 0 2.6842689288147932e-19 2.6842689288147932e-19 0 -5.3685378576295864e-19 0 0 0 0 0 6.710672322036983e-20 0 0 0 0 0 -5.3685378576295864e-19 0 0 0 -3.3553361610184915e-20 0 0 0 0 -2.6842689288147932e-19 0 -5.3685378576295864e-19 0 0 0 0 0 0 1.3421344644073966e-19 -1.3421344644073966e-19 0 0 0 0 0 8.3883404025462287e-21 0 0 -6.710672322036983e-20 0 0 0 0 -2.6842689288147932e-19 0 -1.0485425503182786e-21 0 0 0 0 3.3553361610184915e-20 0 0 0 0 0 0 0 0 0 0 0 0 0 0 0 0 1.0485425503182786e-21 0 0 0 0 -3.3553361610184915e-20 0 0 0 0 0 0 -8.3883404025462287e-21 0 0 6.710672322036983e-20 0 0 0 0 2.6842689288147932e-19 0 0 0 0 0 0 -1.3421344644073966e-19 1.3421344644073966e-19 0 0 0 0 0 0 3.3553361610184915e-20 0 0 0 0 2.6842689288147932e-19 0 5.3685378576295864e-19 0 0 0 0 -6.710672322036983e-20 0 0 0 0 0 5.3685378576295864e-19 0 -4.1941702012731144e-21 0 0 0 0 -2.6842689288147932e-19 -2.6842689288147932e-19 0 5.3685378576295864e-19 0 0 0 0 0 0 0 0 0 -5.3685378576295864e-19 1.0737075715259173e-18 0 0 0 3.3553361610184915e-20 0 -1.3421344644073966e-19 2.6842689288147932e-19 0 5.3685378576295864e-19 0 1.0737075715259173e-18 0 0 -8.3883404025462287e-21 -3.3553361610184915e-20 0 0 0 -5.3685378576295864e-19 5.3685378576295864e-19 0 0 -2.1474151430518345e-18 0 -8.3883404025462287e-21 0 0 0 0 0 0 1.0737075715259173e-18 0 2.1474151430518345e-18 0 0 0 1.3421344644073966e-19 2.6842689288147932e-19 0 -5.3685378576295864e-19 0 1.0737075715259173e-18 0 0 0 0 0 0 0 0 0 0 1.0737075715259173e-18 0 0 0 0 -6.710672322036983e-20 -1.3421344644073966e-19 0 -5.3685378576295864e-19 0 1.0737075715259173e-18 2.1474151430518345e-18 2.1474151430518345e-18 0 0 -1.6776680805092457e-20 6.710672322036983e-20 0 0 0 0 0 0 0 0 0 -1.6776680805092457e-20 -6.710672322036983e-20 0 5.3685378576295873e-19 0 0 -1.0737075715259173e-18 0 0 0 0 0 0 0 5.3685378576295864e-19 0 0 2.1474151430518342e-18 0 -2.1474151430518345e-18 0 0 0 1.3421344644073966e-19 0 -5.3685378576295864e-19 0 0 0 -2.1474151430518345e-18 4.2948302861036683e-18 0 0 -3.3553361610184915e-20 0 0 -5.3685378576295864e-19 0 0 -2.1474151430518345e-18 0 0 0 0 0 0 0 0 0 0 0 0 0 4.1213198580520005e-18 0 0 0 0 0 1.0303299645130001e-18 0 0 0 0 0 0 -1.6098905695515627e-20 0 -2.5758249112825003e-19 0 0 0 0 0 -4.1213198580520005e-18 0 0 1.6098905695515627e-20 6.4395622782062508e-20 0 0 0 0 -2.0606599290260003e-18 2.0606599290260003e-18 -2.0606599290260003e-18 0 0 0 0 0 0 0 0 1.0303299645129999e-18 0 0 -4.1213198580520005e-18 0 1.6098905695515627e-20 0 0 -2.5758249112825003e-19 0 0 1.0303299645130001e-18 0 2.0606599290260003e-18 0 0 -1.6098905695515627e-20 -6.4395622782062508e-20 0 0 0 0 -1.0303299645130001e-18 -2.0606599290260003e-18 0 -2.0606599290260003e-18 0 0 -6.4395622782062508e-20 0 -2.5758249112825003e-19 0 0 -1.0303299645130001e-18 0 0 2.0606599290260003e-18 0 0 0 0 0 0 -5.1516498225650006e-19 0 0 -2.0606599290260003e-18 0 0 0 -3.2197811391031254e-20 0 0 2.5758249112825003e-19 0 0 0 -1.0303299645130001e-18 2.0606599290260003e-18 0 0 -3.2197811391031254e-20 0 -1.2879124556412502e-19 0 0 5.1516498225650006e-19 0 0 -2.0606599290260003e-18 0 -8.0494528477578135e-21 3.2197811391031254e-20 0 -1.2879124556412502e-19 0 -2.5758249112825003e-19 0 -5.1516498225650006e-19 1.0303299645130001e-18 0 0 0 -1.6098905695515624e-20 0 0 -1.2879124556412502e-19 0 0 5.1516498225650006e-19 0 0 0 4.0247264238789068e-21 0 6.4395622782062508e-20 0 -1.2879124556412502e-19 0 2.5758249112825003e-19 0 5.1516498225650006e-19 0 0 -4.0247264238789068e-21 1.6098905695515627e-20 -3.2197811391031248e-20 0 -1.2879124556412502e-19 0 0 0 0 0 0 -2.0123632119394534e-21 0 0 -6.4395622782062508e-20 0 0 -2.5758249112825003e-19 0 -2.5758249112825003e-19 0 0 -2.0123632119394534e-21 8.0494528477578135e-21 1.6098905695515627e-20 0 0 0 -1.2879124556412502e-19 0 0 0 0 0 0 0 1.6098905695515627e-20 3.2197811391031254e-20 0 0 0 0 0 0 0 0 0 0 0 0 0 0 0 0 0 0 0 0 -1.6098905695515627e-20 -3.2197811391031254e-20 0 0 0 0 0 0 2.0123632119394534e-21 -8.0494528477578135e-21 -1.6098905695515627e-20 0 0 0 1.2879124556412502e-19 0 0 0 0 2.0123632119394534e-21 0 0 6.4395622782062508e-20 0 0 2.5758249112825003e-19 0 2.5758249112825003e-19 0 0 4.0247264238789068e-21 -1.6098905695515627e-20 3.2197811391031254e-20 0 1.2879124556412502e-19 0 0 0 0 0 0 -4.0247264238789068e-21 0 -6.4395622782062496e-20 0 1.2879124556412502e-19 0 -2.5758249112825003e-19 0 -5.1516498225650006e-19 0 0 0 1.6098905695515627e-20 0 0 1.2879124556412502e-19 0 0 -5.1516498225650006e-19 0 0 0 8.0494528477578135e-21 -3.2197811391031248e-20 0 1.2879124556412502e-19 0 2.5758249112825003e-19 0 5.1516498225650006e-19 -1.0303299645130001e-18 0 0 0 3.2197811391031254e-20 0 1.2879124556412502e-19 0 0 -5.1516498225650006e-19 0 0 2.0606599290260003e-18 0 0 3.2197811391031254e-20 0 0 -2.5758249112825003e-19 0 0 0 1.0303299645130001e-18 -2.0606599290260003e-18 0 0 0 0 0 0 5.1516498225650006e-19 0 0 2.0606599290260003e-18 0 0 0 6.4395622782062508e-20 0 2.5758249112825003e-19 0 0 1.0303299645130001e-18 0 0 -2.0606599290260003e-18 0 1.6098905695515627e-20 6.4395622782062508e-20 0 0 0 0 1.0303299645130001e-18 2.0606599290260003e-18 0 2.0606599290260003e-18 0 -1.6098905695515627e-20 0 0 2.5758249112825003e-19 0 0 -1.0303299645130001e-18 0 -2.0606599290260003e-18 0 0 0 0 0 0 0 0 -1.0303299645130001e-18 0 0 4.1213198580520005e-18 0 -1.6098905695515627e-20 -6.4395622782062508e-20 0 0 0 0 2.0606599290259999e-18 -2.0606599290260003e-18 2.0606599290260003e-18 0 0 1.6098905695515627e-20 0 2.5758249112825003e-19 0 0 0 0 0 4.1213198580519997e-18 0 0 0 0 0 0 -1.0303299645130001e-18 0 0 0 0 0 0 0 0 0 0 0 0 0 0 0 -4.1213198580520005e-18 0 0 0 0 0 0 0 0 0 0 0 0 0 1.2369111223978564e-19 -2.4738222447957128e-19 0 9.8952889791828513e-19 0 0 1.9790577958365703e-18 0 0 0 -1.5461389029973205e-20 0 0 0 0 0 0 0 0 0 0 -1.5461389029973202e-20 0 -2.4738222447957128e-19 -4.9476444895914256e-19 0 0 0 0 0 0 0 1.5461389029973205e-20 -1.2369111223978564e-19 0 -4.9476444895914256e-19 -4.9476444895914256e-19 9.8952889791828513e-19 0 0 0 0 0 1.5461389029973205e-20 0 0 0 0 0 -9.8952889791828493e-19 0 1.9790577958365703e-18 -3.9581155916731405e-18 0 -1.5461389029973205e-20 -6.184555611989282e-20 0 2.4738222447957128e-19 4.9476444895914256e-19 0 9.8952889791828493e-19 0 0 0 0 -1.5461389029973205e-20 6.1845556119892808e-20 0 -2.4738222447957128e-19 0 -9.8952889791828513e-19 0 -1.9790577958365703e-18 -1.9790577958365703e-18 0 0 -1.5461389029973205e-20 0 0 0 0 0 0 9.8952889791828513e-19 1.9790577958365699e-18 0 0 0 0 0 -2.4738222447957128e-19 0 0 9.8952889791828513e-19 -9.8952889791828513e-19 1.9790577958365703e-18 1.9790577958365703e-18 0 7.7306945149866026e-21 0 1.2369111223978564e-19 0 -2.4738222447957128e-19 0 0 -9.8952889791828513e-19 0 0 0 0 0 0 0 -2.4738222447957128e-19 4.9476444895914256e-19 0 0 0 0 0 -3.8653472574933013e-21 0 0 0 -2.4738222447957128e-19 -2.4738222447957128e-19 4.9476444895914256e-19 0 0 -9.8952889791828513e-19 0 0 -1.5461389029973205e-20 0 -1.2369111223978564e-19 1.2369111223978562e-19 0 0 0 0 0 0 0 0 3.092277805994641e-20 0 -1.2369111223978564e-19 0 -2.4738222447957128e-19 -4.9476444895914256e-19 0 0 0 0 0 0 6.1845556119892808e-20 1.2369111223978564e-19 0 0 0 0 0 0 -1.9326736287466506e-21 0 1.5461389029973205e-20 0 0 -1.2369111223978564e-19 0 0 0 0 0 0 0 0 0 3.092277805994641e-20 0 0 0 0 0 0 0 0 0 0 0 0 0 0 0 0 0 0 0 0 0 -3.092277805994641e-20 0 0 0 0 0 0 1.9326736287466506e-21 0 -1.5461389029973205e-20 0 0 1.2369111223978564e-19 0 0 0 0 0 0 0 0 -6.1845556119892808e-20 -1.2369111223978564e-19 0 0 0 0 0 0 0 0 -3.0922778059946404e-20 0 1.2369111223978564e-19 0 2.4738222447957128e-19 4.9476444895914256e-19 0 0 0 0 1.5461389029973205e-20 0 1.2369111223978564e-19 -1.2369111223978562e-19 0 0 0 0 0 0 3.8653472574933013e-21 0 0 0 2.4738222447957128e-19 2.4738222447957128e-19 -4.9476444895914256e-19 0 0 9.8952889791828513e-19 0 0 0 0 0 2.4738222447957128e-19 -4.9476444895914256e-19 0 0 0 0 0 -7.7306945149866026e-21 0 -1.2369111223978564e-19 0 2.4738222447957128e-19 0 0 9.8952889791828513e-19 0 0 0 0 0 0 2.4738222447957128e-19 0 0 -9.8952889791828513e-19 9.8952889791828513e-19 -1.9790577958365703e-18 -1.9790577958365703e-18 0 1.5461389029973205e-20 0 0 0 0 0 0 -9.8952889791828513e-19 -1.9790577958365699e-18 0 0 1.5461389029973205e-20 -6.1845556119892808e-20 0 2.4738222447957128e-19 0 9.8952889791828513e-19 0 1.9790577958365703e-18 1.9790577958365703e-18 0 0 1.5461389029973205e-20 6.184555611989282e-20 0 -2.4738222447957128e-19 -4.9476444895914256e-19 0 -9.8952889791828493e-19 0 0 0 0 -1.5461389029973205e-20 0 0 0 0 0 9.8952889791828493e-19 0 -1.9790577958365703e-18 3.9581155916731405e-18 0 -1.5461389029973205e-20 1.2369111223978564e-19 0 4.9476444895914256e-19 4.9476444895914256e-19 -9.8952889791828513e-19 0 0 0 0 0 1.5461389029973202e-20 0 2.4738222447957128e-19 4.9476444895914256e-19 0 0 0 0 0 0 0 1.5461389029973205e-20 0 0 0 0 0 0 0 0 0 0 0 -1.2369111223978564e-19 2.4738222447957128e-19 0 -9.8952889791828513e-19 0 0 -1.9790577958365703e-18 0 0 0 0 0 0 0 0 0 0 0 0 0 0 0 0 0 0 0 0 0 0 0 0 0 0 0 0 0 0 0 0 0 0 0 0 0 0 -2.3777607120297123e-19 0 0 0 -1.9022085696237698e-18 0 0 3.8044171392475396e-18 0 -1.4861004450185702e-20 0 0 4.7555214240594246e-19 0 0 1.9022085696237698e-18 1.9022085696237698e-18 0 0 0 0 -1.1888803560148561e-19 0 -4.7555214240594246e-19 0 -9.5110428481188491e-19 1.9022085696237698e-18 0 0 0 0 0 0 0 0 -4.7555214240594246e-19 0 0 0 0 0 0 -1.4861004450185702e-20 0 0 0 4.7555214240594246e-19 0 -9.5110428481188491e-19 0 1.9022085696237698e-18 -3.8044171392475396e-18 0 0 5.9444017800742807e-20 0 2.3777607120297123e-19 0 0 9.5110428481188491e-19 1.9022085696237698e-18 1.9022085696237698e-18 0 0 0 0 0 0 -4.7555214240594246e-19 9.5110428481188491e-19 0 0 0 -1.9022085696237698e-18 0 0 0 -1.1888803560148561e-19 0 0 0 -9.5110428481188491e-19 0 0 1.9022085696237698e-18 0 0 -2.9722008900371404e-20 0 2.3777607120297123e-19 -2.3777607120297123e-19 0 0 9.5110428481188491e-19 -9.5110428481188491e-19 0 0 0 0 0 0 0 -4.7555214240594246e-19 0 0 0 1.9022085696237698e-18 0 -3.7152511125464254e-21 0 -5.9444017800742807e-20 -1.1888803560148561e-19 0 -2.3777607120297123e-19 0 0 9.5110428481188491e-19 -9.5110428481188491e-19 0 3.7152511125464254e-21 1.4861004450185702e-20 -5.9444017800742807e-20 0 1.1888803560148561e-19 0 0 4.7555214240594246e-19 0 0 0 0 0 0 0 1.1888803560148561e-19 2.3777607120297123e-19 0 0 0 0 0 0 0 0 0 0 0 0 -2.3777607120297123e-19 -4.7555214240594246e-19 -4.7555214240594246e-19 0 0 7.4305022250928509e-21 0 -2.9722008900371404e-20 0 1.1888803560148561e-19 0 -2.3777607120297123e-19 2.3777607120297123e-19 0 0 0 -3.7152511125464254e-21 0 -1.4861004450185702e-20 0 -5.9444017800742807e-20 0 1.1888803560148561e-19 1.1888803560148561e-19 0 0 0 0 0 0 0 0 0 0 0 0 0 0 3.7152511125464254e-21 0 1.4861004450185702e-20 0 5.9444017800742807e-20 0 -1.1888803560148561e-19 -1.1888803560148561e-19 0 0 0 -7.4305022250928509e-21 0 2.9722008900371404e-20 0 -1.1888803560148561e-19 0 2.3777607120297123e-19 -2.3777607120297123e-19 0 0 0 0 0 0 0 0 0 2.3777607120297123e-19 4.7555214240594246e-19 4.7555214240594246e-19 0 0 0 0 0 -1.1888803560148561e-19 -2.3777607120297123e-19 0 0 0 0 0 -3.7152511125464254e-21 -1.4861004450185702e-20 5.9444017800742807e-20 0 -1.1888803560148561e-19 0 0 -4.7555214240594246e-19 0 0 0 3.7152511125464254e-21 0 5.9444017800742807e-20 1.1888803560148561e-19 0 2.3777607120297123e-19 0 0 -9.5110428481188491e-19 9.5110428481188491e-19 0 0 0 0 0 0 4.7555214240594246e-19 0 0 0 -1.9022085696237698e-18 0 0 2.9722008900371404e-20 0 -2.3777607120297123e-19 2.3777607120297123e-19 0 0 -9.5110428481188491e-19 9.5110428481188491e-19 0 0 0 0 1.1888803560148561e-19 0 0 0 9.5110428481188491e-19 0 0 -1.9022085696237698e-18 0 0 0 0 0 4.7555214240594246e-19 -9.5110428481188491e-19 0 0 0 1.9022085696237698e-18 0 0 -5.9444017800742807e-20 0 -2.3777607120297123e-19 0 0 -9.5110428481188491e-19 -1.9022085696237698e-18 -1.9022085696237698e-18 0 0 1.4861004450185702e-20 0 0 0 -4.7555214240594246e-19 0 9.5110428481188491e-19 0 -1.9022085696237698e-18 3.8044171392475396e-18 0 0 0 0 0 4.7555214240594246e-19 0 0 0 0 0 0 0 1.1888803560148561e-19 0 4.7555214240594246e-19 0 9.5110428481188491e-19 -1.9022085696237698e-18 0 0 0 0 1.4861004450185702e-20 0 0 -4.7555214240594246e-19 0 0 -1.9022085696237698e-18 -1.9022085696237698e-18 0 0 0 0 0 2.3777607120297123e-19 0 0 0 1.9022085696237698e-18 0 0 -3.8044171392475396e-18 0 0 0 0 0 0 0 0 0 0 0 0 0 0 0 0 0 0 0 0 0 0 0 0 0 0 0 0 0 -1.8297501810619186e-18 0 0 0 0 0 0 0 4.5743754526547965e-19 0 0 0 0 0 0 0 0 0 0 0 0 0 0 -3.6595003621238372e-18 0 0 0 0 0 2.2871877263273982e-19 0 -9.148750905309593e-19 -9.148750905309593e-19 0 0 0 -3.6595003621238372e-18 0 -1.4294923289546239e-20 0 0 0 -9.148750905309593e-19 0 0 -1.8297501810619186e-18 0 0 0 -1.4294923289546239e-20 0 0 0 -9.148750905309593e-19 0 0 -1.8297501810619186e-18 0 0 0 -1.4294923289546239e-20 5.7179693158184956e-20 0 0 0 0 -1.8297501810619186e-18 0 0 0 0 -1.4294923289546239e-20 0 0 -2.2871877263273982e-19 0 0 0 1.8297501810619186e-18 -1.8297501810619186e-18 0 0 0 -5.7179693158184956e-20 0 0 0 0 0 0 0 -1.8297501810619186e-18 0 0 0 0 0 -4.5743754526547965e-19 0 0 0 0 0 0 -7.1474616447731195e-21 0 -1.1435938631636991e-19 0 0 -4.5743754526547965e-19 -9.148750905309593e-19 0 -1.8297501810619186e-18 1.8297501810619186e-18 0 -7.1474616447731195e-21 0 0 0 0 4.5743754526547965e-19 -4.5743754526547965e-19 0 0 0 0 -7.1474616447731195e-21 0 0 0 2.2871877263273982e-19 2.2871877263273982e-19 -4.5743754526547965e-19 0 -9.148750905309593e-19 -9.148750905309593e-19 0 3.5737308223865598e-21 0 0 0 2.2871877263273982e-19 4.5743754526547965e-19 4.5743754526547965e-19 4.5743754526547965e-19 0 0 0 0 0 0 -5.7179693158184956e-20 0 0 0 0 0 0 0 0 0 -2.8589846579092478e-20 -5.7179693158184956e-20 1.1435938631636991e-19 0 2.2871877263273982e-19 -2.2871877263273982e-19 -4.5743754526547965e-19 -4.5743754526547965e-19 0 0 0 0 0 0 -1.1435938631636991e-19 0 0 0 4.5743754526547965e-19 0 0 0 0 0 -2.8589846579092478e-20 0 0 0 0 -2.2871877263273982e-19 0 0 0 0 0 0 0 0 0 0 0 0 0 0 0 0 2.8589846579092478e-20 0 0 0 0 2.2871877263273982e-19 0 0 0 0 0 0 1.1435938631636991e-19 0 0 0 -4.5743754526547965e-19 0 0 0 2.8589846579092478e-20 5.7179693158184956e-20 -1.1435938631636991e-19 0 -2.2871877263273982e-19 2.2871877263273982e-19 4.5743754526547965e-19 4.5743754526547965e-19 0 0 0 0 5.7179693158184956e-20 0 0 0 0 0 0 0 -3.5737308223865598e-21 0 0 0 -2.2871877263273982e-19 -4.5743754526547965e-19 -4.5743754526547965e-19 -4.5743754526547965e-19 0 0 0 7.1474616447731195e-21 0 0 0 -2.2871877263273982e-19 -2.2871877263273982e-19 4.5743754526547965e-19 0 9.148750905309593e-19 9.148750905309593e-19 0 7.1474616447731195e-21 0 0 0 0 -4.5743754526547965e-19 4.5743754526547965e-19 0 0 0 0 7.1474616447731195e-21 0 1.1435938631636991e-19 0 0 4.5743754526547965e-19 9.148750905309593e-19 0 1.8297501810619186e-18 -1.8297501810619186e-18 0 0 0 0 0 4.5743754526547965e-19 0 0 0 0 0 0 0 5.7179693158184956e-20 0 0 0 0 0 0 0 1.8297501810619186e-18 0 1.4294923289546239e-20 0 0 2.2871877263273982e-19 0 0 0 -1.8297501810619186e-18 1.8297501810619186e-18 0 0 1.4294923289546239e-20 -5.7179693158184956e-20 0 0 0 0 1.8297501810619186e-18 0 0 0 0 1.4294923289546239e-20 0 0 0 9.148750905309593e-19 0 0 1.8297501810619186e-18 0 0 0 1.4294923289546239e-20 0 0 0 9.148750905309593e-19 0 0 1.8297501810619186e-18 0 0 0 0 0 -2.2871877263273982e-19 0 9.148750905309593e-19 9.148750905309593e-19 0 0 0 3.6595003621238372e-18 0 0 0 0 0 0 0 0 3.6595003621238372e-18 0 0 0 0 0 0 -4.5743754526547965e-19 0 0 0 0 0 0 0 0 0 0 0 0 0 1.8297501810619186e-18 0 0 0 0 2.7521162388702753e-20 0 -2.2016929910962202e-19 0 0 0 -1.7613543928769762e-18 0 0 0 0 0 0 0 -4.4033859821924414e-19 -8.8067719643848809e-19 -1.7613543928769762e-18 0 0 0 7.0454175715079047e-18 0 -2.7521162388702753e-20 0 0 0 0 0 1.7613543928769762e-18 0 0 0 0 0 0 0 0 8.8067719643848828e-19 0 0 0 0 0 0 1.3760581194351379e-20 0 0 0 0 0 0 0 0 3.5227087857539524e-18 0 0 0 0 0 0 -8.8067719643848809e-19 0 0 0 3.5227087857539524e-18 0 0 0 0 0 -4.4033859821924405e-19 -8.8067719643848809e-19 0 1.7613543928769762e-18 0 0 0 0 5.5042324777405506e-20 0 0 0 0 1.7613543928769762e-18 1.7613543928769762e-18 0 3.5227087857539524e-18 0 1.3760581194351376e-20 5.5042324777405518e-20 0 0 -4.4033859821924405e-19 0 0 0 1.7613543928769762e-18 0 0 1.3760581194351376e-20 0 1.1008464955481101e-19 0 4.4033859821924414e-19 0 -8.8067719643848809e-19 0 0 -1.7613543928769762e-18 0 -6.8802905971756897e-21 0 0 0 0 4.4033859821924414e-19 -8.8067719643848809e-19 8.8067719643848809e-19 1.7613543928769766e-18 1.7613543928769762e-18 0 0 0 1.1008464955481101e-19 2.2016929910962202e-19 2.2016929910962202e-19 0 0 -8.8067719643848809e-19 -8.8067719643848828e-19 1.7613543928769762e-18 0 0 -2.7521162388702753e-20 -5.5042324777405518e-20 0 0 0 0 0 8.8067719643848828e-19 0 0 0 0 0 0 0 0 0 0 0 0 0 0 1.3760581194351376e-20 0 0 -1.1008464955481101e-19 0 0 4.4033859821924405e-19 0 -8.8067719643848809e-19 0 -3.4401452985878441e-21 0 2.7521162388702759e-20 -5.5042324777405506e-20 0 2.2016929910962202e-19 0 4.4033859821924405e-19 0 0 0 0 0 0 5.5042324777405506e-20 -5.5042324777405506e-20 1.1008464955481104e-19 -2.2016929910962202e-19 0 -2.2016929910962202e-19 0 0 0 0 0 0 0 0 -1.1008464955481101e-19 1.1008464955481101e-19 1.1008464955481104e-19 0 0 0 0 0 0 0 0 0 0 0 0 0 0 0 0 0 0 0 1.1008464955481101e-19 -1.1008464955481101e-19 -1.1008464955481101e-19 0 0 0 0 0 -5.5042324777405506e-20 5.5042324777405506e-20 -1.1008464955481104e-19 2.2016929910962202e-19 0 2.2016929910962207e-19 0 0 3.4401452985878441e-21 0 -2.7521162388702759e-20 5.5042324777405506e-20 0 -2.2016929910962202e-19 0 -4.4033859821924405e-19 0 0 0 0 -1.3760581194351376e-20 0 0 1.1008464955481101e-19 0 0 -4.4033859821924405e-19 0 8.8067719643848809e-19 0 0 0 0 0 0 0 0 0 0 0 0 0 2.7521162388702753e-20 5.5042324777405506e-20 0 0 0 0 0 -8.8067719643848828e-19 0 0 0 0 -1.1008464955481104e-19 -2.2016929910962202e-19 -2.2016929910962202e-19 0 0 8.8067719643848809e-19 8.8067719643848809e-19 -1.7613543928769762e-18 0 6.8802905971756882e-21 0 0 0 0 -4.4033859821924414e-19 8.8067719643848809e-19 -8.8067719643848809e-19 -1.7613543928769766e-18 -1.7613543928769762e-18 0 -1.3760581194351379e-20 0 -1.1008464955481101e-19 0 -4.4033859821924414e-19 0 8.8067719643848809e-19 0 0 1.7613543928769762e-18 0 -1.3760581194351376e-20 -5.5042324777405518e-20 0 0 4.4033859821924405e-19 0 0 0 -1.7613543928769762e-18 0 0 0 -5.5042324777405506e-20 0 0 0 0 -1.7613543928769762e-18 -1.7613543928769762e-18 0 -3.5227087857539524e-18 0 0 0 0 0 4.4033859821924405e-19 8.8067719643848809e-19 0 -1.7613543928769762e-18 0 0 0 0 0 0 0 0 8.8067719643848809e-19 0 0 0 -3.5227087857539524e-18 0 -1.3760581194351379e-20 0 0 0 0 0 0 0 0 -3.5227087857539524e-18 0 0 0 0 0 -8.8067719643848828e-19 0 0 0 0 0 0 2.7521162388702753e-20 0 0 0 0 0 -1.7613543928769762e-18 0 0 0 0 0 0 0 4.4033859821924414e-19 8.8067719643848809e-19 1.7613543928769762e-18 0 0 0 -7.0454175715079047e-18 0 -2.7521162388702753e-20 0 2.2016929910962202e-19 0 0 0 1.7613543928769762e-18 0 0 0 0 0 0 0 8.4836153799578639e-19 -8.4836153799578639e-19 0 0 0 -3.3934461519831456e-18 0 0 0 0 0 -4.2418076899789325e-19 0 0 1.6967230759915728e-18 0 0 0 0 0 1.060451922494733e-19 0 4.241807689978932e-19 0 -1.6967230759915728e-18 -1.696723075991573e-18 -3.3934461519831456e-18 -3.3934461519831456e-18 6.7868923039662912e-18 0 2.6511298062368325e-20 0 0 0 -8.4836153799578649e-19 0 1.6967230759915728e-18 0 -3.3934461519831456e-18 0 0 2.6511298062368325e-20 0 0 0 0 -1.6967230759915728e-18 1.6967230759915728e-18 3.3934461519831456e-18 0 -3.393446151983146e-18 0 -1.3255649031184164e-20 0 0 4.241807689978932e-19 8.4836153799578639e-19 0 -1.6967230759915728e-18 -3.3934461519831456e-18 0 0 0 -1.3255649031184162e-20 5.302259612473665e-20 2.120903844989466e-19 0 -8.4836153799578639e-19 0 1.6967230759915728e-18 -1.696723075991573e-18 3.3934461519831456e-18 -3.3934461519831456e-18 0 0 0 0 0 0 8.4836153799578639e-19 -1.696723075991573e-18 0 -3.3934461519831456e-18 0 0 0 5.302259612473665e-20 0 0 0 0 8.4836153799578649e-19 1.6967230759915728e-18 -1.696723075991573e-18 0 0 0 0 0 2.120903844989466e-19 0 0 0 -1.6967230759915728e-18 0 -3.3934461519831456e-18 0 0 -5.302259612473665e-20 -1.060451922494733e-19 0 0 4.241807689978932e-19 0 0 -1.696723075991573e-18 0 0 -6.6278245155920812e-21 2.6511298062368328e-20 0 -2.1209038449894662e-19 -2.1209038449894662e-19 0 8.4836153799578639e-19 8.4836153799578649e-19 0 0 0 0 0 -5.302259612473665e-20 0 0 0 0 0 0 0 0 3.3139122577960406e-21 0 0 0 -2.120903844989466e-19 2.120903844989466e-19 4.241807689978932e-19 0 8.4836153799578639e-19 -8.4836153799578639e-19 0 3.3139122577960406e-21 0 -5.302259612473665e-20 -1.060451922494733e-19 0 0 0 0 0 0 0 0 1.3255649031184162e-20 5.302259612473665e-20 0 1.060451922494733e-19 0 2.120903844989466e-19 -4.2418076899789325e-19 4.241807689978932e-19 0 0 0 0 -2.6511298062368328e-20 0 0 0 0 0 -4.241807689978932e-19 -4.241807689978932e-19 0 -8.2847806444901015e-22 3.3139122577960406e-21 0 0 0 -5.302259612473665e-20 0 -1.0604519224947331e-19 0 0 0 0 0 0 0 0 0 0 0 0 0 0 8.2847806444901015e-22 -3.3139122577960406e-21 0 0 0 5.302259612473665e-20 0 1.0604519224947331e-19 0 0 0 0 0 2.6511298062368325e-20 0 0 0 0 0 4.241807689978932e-19 4.241807689978932e-19 0 0 -1.3255649031184162e-20 -5.3022596124736656e-20 0 -1.060451922494733e-19 0 -2.120903844989466e-19 4.2418076899789325e-19 -4.241807689978932e-19 0 0 -3.3139122577960406e-21 0 5.302259612473665e-20 1.060451922494733e-19 0 0 0 0 0 0 0 -3.3139122577960406e-21 0 0 0 2.120903844989466e-19 -2.120903844989466e-19 -4.241807689978932e-19 0 -8.4836153799578639e-19 8.4836153799578639e-19 0 0 0 5.302259612473665e-20 0 0 0 0 0 0 0 0 6.6278245155920812e-21 -2.6511298062368325e-20 0 2.1209038449894662e-19 2.1209038449894662e-19 0 -8.4836153799578639e-19 -8.4836153799578649e-19 0 0 0 0 5.3022596124736656e-20 1.060451922494733e-19 0 0 -4.241807689978932e-19 0 0 1.6967230759915726e-18 0 0 0 0 0 -2.120903844989466e-19 0 0 0 1.6967230759915728e-18 0 3.3934461519831456e-18 0 0 -5.302259612473665e-20 0 0 0 0 -8.4836153799578639e-19 -1.6967230759915728e-18 1.696723075991573e-18 0 0 0 0 0 0 0 -8.4836153799578639e-19 1.696723075991573e-18 0 3.3934461519831456e-18 0 0 1.3255649031184162e-20 -5.302259612473665e-20 -2.120903844989466e-19 0 8.4836153799578639e-19 0 -1.6967230759915728e-18 1.696723075991573e-18 -3.3934461519831456e-18 3.3934461519831456e-18 0 1.3255649031184162e-20 0 0 -4.241807689978932e-19 -8.4836153799578639e-19 0 1.6967230759915728e-18 3.3934461519831456e-18 0 0 0 -2.6511298062368328e-20 0 0 0 0 1.6967230759915728e-18 -1.6967230759915728e-18 -3.3934461519831456e-18 0 3.393446151983146e-18 0 -2.6511298062368325e-20 0 0 0 8.4836153799578649e-19 0 -1.6967230759915728e-18 0 3.3934461519831456e-18 0 0 0 -1.060451922494733e-19 0 -4.241807689978932e-19 0 1.6967230759915728e-18 1.696723075991573e-18 3.3934461519831456e-18 3.3934461519831456e-18 -6.7868923039662912e-18 0 0 0 0 4.241807689978932e-19 0 0 -1.6967230759915728e-18 0 0 0 0 0 0 0 -8.4836153799578649e-19 8.4836153799578639e-19 0 0 0 3.3934461519831456e-18 0 0 0 0 4.0889623880920865e-19 0 -8.177924776184173e-19 1.6355849552368346e-18 0 0 0 0 0 0 -1.0222405970230216e-19 0 -8.177924776184173e-19 0 0 0 3.2711699104736692e-18 -3.2711699104736692e-18 0 0 0 0 2.0444811940460433e-19 0 8.177924776184173e-19 1.6355849552368346e-18 1.6355849552368346e-18 -3.2711699104736692e-18 0 0 0 0 0 0 -4.0889623880920865e-19 8.177924776184173e-19 0 0 0 3.2711699104736692e-18 6.5423398209473384e-18 0 0 0 0 0 0 0 0 0 3.2711699104736692e-18 6.5423398209473392e-18 0 -1.277800746278777e-20 1.0222405970230216e-19 0 0 0 0 0 -3.2711699104736692e-18 0 0 0 0 0 2.0444811940460433e-19 4.0889623880920865e-19 0 0 0 -1.6355849552368346e-18 0 0 0 1.277800746278777e-20 5.1112029851151081e-20 2.0444811940460433e-19 0 -8.177924776184173e-19 8.177924776184173e-19 0 1.6355849552368346e-18 -3.2711699104736692e-18 0 0 -1.277800746278777e-20 0 0 -4.0889623880920865e-19 -4.0889623880920865e-19 8.177924776184173e-19 0 0 0 0 0 1.277800746278777e-20 -5.1112029851151081e-20 0 2.044481194046043e-19 0 0 0 1.6355849552368346e-18 0 0 0 0 0 1.0222405970230216e-19 2.0444811940460433e-19 0 8.177924776184173e-19 0 0 -1.6355849552368346e-18 1.6355849552368346e-18 0 0 0 0 -2.0444811940460433e-19 0 0 0 8.177924776184173e-19 0 0 0 -6.3890037313938852e-21 2.5556014925575541e-20 1.0222405970230217e-19 0 -2.0444811940460433e-19 0 -4.0889623880920865e-19 0 -8.177924776184173e-19 0 0 0 0 0 0 -2.0444811940460433e-19 0 4.0889623880920865e-19 0 0 0 0 0 0 0 -1.0222405970230216e-19 0 0 0 0 8.177924776184173e-19 0 0 0 0 -2.5556014925575538e-20 5.1112029851151075e-20 0 2.0444811940460433e-19 0 0 4.0889623880920865e-19 -8.177924776184173e-19 0 0 0 2.5556014925575538e-20 0 0 0 0 0 4.0889623880920865e-19 -4.0889623880920865e-19 0 7.9862546642423565e-22 0 0 0 0 5.1112029851151081e-20 0 1.0222405970230216e-19 0 0 0 0 0 0 0 0 0 0 0 0 0 0 -7.9862546642423565e-22 0 0 0 0 -5.1112029851151081e-20 0 -1.0222405970230216e-19 0 0 0 0 0 -2.5556014925575541e-20 0 0 0 0 0 -4.0889623880920865e-19 4.0889623880920865e-19 0 0 0 2.5556014925575544e-20 -5.1112029851151081e-20 0 -2.0444811940460433e-19 0 0 -4.0889623880920865e-19 8.177924776184173e-19 0 0 0 0 1.0222405970230215e-19 0 0 0 0 -8.177924776184173e-19 0 0 0 0 0 0 2.0444811940460433e-19 0 -4.0889623880920865e-19 0 0 0 0 6.3890037313938852e-21 -2.5556014925575541e-20 -1.0222405970230217e-19 0 2.0444811940460433e-19 0 4.0889623880920865e-19 0 8.177924776184173e-19 0 0 0 0 0 2.0444811940460433e-19 0 0 0 -8.177924776184173e-19 0 0 0 0 0 -1.0222405970230216e-19 -2.0444811940460433e-19 0 -8.177924776184173e-19 0 0 1.6355849552368346e-18 -1.6355849552368346e-18 0 -1.277800746278777e-20 5.1112029851151081e-20 0 -2.0444811940460433e-19 0 0 0 -1.6355849552368346e-18 0 0 0 1.277800746278777e-20 0 0 4.088962388092086e-19 4.0889623880920865e-19 -8.177924776184173e-19 0 0 0 0 0 -1.277800746278777e-20 -5.1112029851151081e-20 -2.0444811940460433e-19 0 8.177924776184173e-19 -8.177924776184173e-19 0 -1.6355849552368346e-18 3.2711699104736692e-18 0 0 0 0 -2.0444811940460433e-19 -4.0889623880920865e-19 0 0 0 1.6355849552368346e-18 0 0 0 1.277800746278777e-20 -1.0222405970230216e-19 0 0 0 0 0 3.2711699104736692e-18 0 0 0 0 0 0 0 0 0 0 0 -3.2711699104736692e-18 -6.5423398209473392e-18 0 0 0 0 4.0889623880920865e-19 -8.177924776184173e-19 0 0 0 -3.2711699104736692e-18 -6.5423398209473384e-18 0 0 0 -2.0444811940460433e-19 0 -8.177924776184173e-19 -1.6355849552368346e-18 -1.6355849552368346e-18 3.2711699104736692e-18 0 0 0 0 1.0222405970230216e-19 0 8.177924776184173e-19 0 0 0 -3.2711699104736692e-18 3.2711699104736692e-18 0 0 0 0 -4.0889623880920865e-19 0 8.177924776184173e-19 -1.6355849552368346e-18 0 0 0 0 0 -2.1474151430518345e-20 0 0 0 0 2.7486913831063482e-18 0 0 0 0 0 0 0 3.4358642288829352e-19 0 -1.3743456915531741e-18 0 0 0 0 0 0 0 8.589660572207338e-20 0 -6.8717284577658704e-19 0 1.3743456915531741e-18 -2.7486913831063478e-18 0 0 5.4973827662126963e-18 0 0 8.589660572207338e-20 0 6.8717284577658695e-19 0 0 2.7486913831063482e-18 -2.7486913831063482e-18 0 0 0 0 -8.589660572207338e-20 0 0 0 1.3743456915531741e-18 0 -2.7486913831063482e-18 0 5.4973827662126963e-18 0 0 -8.589660572207338e-20 3.4358642288829352e-19 0 6.8717284577658704e-19 0 2.7486913831063482e-18 0 0 0 0 -2.1474151430518345e-20 -8.589660572207338e-20 0 3.4358642288829352e-19 -6.8717284577658704e-19 1.3743456915531741e-18 0 -2.7486913831063482e-18 -2.7486913831063482e-18 0 0 0 -8.5896605722073368e-20 -1.7179321144414676e-19 0 0 -1.3743456915531739e-18 0 -2.7486913831063478e-18 0 0 0 1.0737075715259173e-20 0 0 3.4358642288829352e-19 0 -1.3743456915531739e-18 1.3743456915531741e-18 0 0 0 0 1.0737075715259173e-20 -4.294830286103669e-20 0 0 0 6.8717284577658714e-19 0 0 2.7486913831063482e-18 0 0 0 -4.294830286103669e-20 0 0 0 0 0 -1.3743456915531741e-18 0 -2.7486913831063478e-18 0 0 -4.294830286103669e-20 0 0 0 0 6.8717284577658704e-19 0 0 0 0 0 -2.1474151430518345e-20 0 1.7179321144414676e-19 -3.4358642288829352e-19 0 0 -6.8717284577658704e-19 0 0 0 5.3685378576295863e-21 0 -4.294830286103669e-20 0 -1.7179321144414676e-19 -3.4358642288829352e-19 0 0 0 1.3743456915531741e-18 0 5.3685378576295863e-21 0 0 0 0 0 0 0 0 0 0 0 -1.0737075715259173e-20 0 0 -1.7179321144414676e-19 -1.7179321144414676e-19 0 3.4358642288829352e-19 0 0 0 2.6842689288147931e-21 -1.0737075715259173e-20 0 0 8.5896605722073392e-20 0 1.7179321144414676e-19 0 0 0 0 0 0 -1.0737075715259173e-20 -2.1474151430518345e-20 -4.2948302861036696e-20 0 0 0 0 -3.4358642288829352e-19 0 0 0 0 0 0 0 0 0 0 0 0 0 0 1.0737075715259173e-20 2.1474151430518345e-20 4.294830286103669e-20 0 0 0 0 3.4358642288829352e-19 0 -2.6842689288147931e-21 1.0737075715259173e-20 0 0 -8.5896605722073392e-20 0 -1.7179321144414676e-19 0 0 0 0 0 1.0737075715259173e-20 0 0 1.7179321144414678e-19 1.7179321144414676e-19 0 -3.4358642288829352e-19 0 0 0 -5.3685378576295863e-21 0 0 0 0 0 0 0 0 0 0 -5.3685378576295863e-21 0 4.294830286103669e-20 0 1.7179321144414676e-19 3.4358642288829352e-19 0 0 0 -1.3743456915531741e-18 0 0 2.1474151430518345e-20 0 -1.7179321144414676e-19 3.4358642288829352e-19 0 0 6.8717284577658704e-19 0 0 0 0 4.294830286103669e-20 0 0 0 0 -6.8717284577658704e-19 0 0 0 0 0 4.294830286103669e-20 0 0 0 0 0 1.3743456915531741e-18 0 2.7486913831063478e-18 0 -1.0737075715259173e-20 4.294830286103669e-20 0 0 0 -6.8717284577658704e-19 0 0 -2.7486913831063482e-18 0 0 -1.0737075715259173e-20 0 0 -3.4358642288829357e-19 0 1.3743456915531743e-18 -1.3743456915531741e-18 0 0 0 0 0 8.5896605722073368e-20 1.7179321144414676e-19 0 0 1.3743456915531739e-18 0 2.7486913831063478e-18 0 0 0 2.1474151430518345e-20 8.589660572207338e-20 0 -3.4358642288829352e-19 6.8717284577658704e-19 -1.3743456915531741e-18 0 2.7486913831063482e-18 2.7486913831063482e-18 0 0 0 8.589660572207338e-20 -3.4358642288829352e-19 0 -6.8717284577658704e-19 0 -2.7486913831063482e-18 0 0 0 0 0 8.589660572207338e-20 0 0 0 -1.3743456915531741e-18 0 2.7486913831063482e-18 0 -5.4973827662126963e-18 0 0 -8.589660572207338e-20 0 -6.8717284577658695e-19 0 0 -2.7486913831063482e-18 2.7486913831063482e-18 0 0 0 0 -8.589660572207338e-20 0 6.8717284577658704e-19 0 -1.3743456915531741e-18 2.7486913831063478e-18 0 0 -5.4973827662126963e-18 0 0 0 -3.4358642288829352e-19 0 1.3743456915531741e-18 0 0 0 0 0 0 2.1474151430518345e-20 0 0 0 0 -2.7486913831063482e-18 0 0 0 0 0 0 1.4638001448495343e-19 0 0 0 0 0 0 0 0 0 0 -1.4638001448495343e-19 0 0 0 0 0 4.6841604635185097e-18 0 0 0 0 0 -2.9276002896990686e-19 5.8552005793981381e-19 0 -1.1710401158796276e-18 0 0 4.6841604635185097e-18 0 0 1.8297501810619179e-20 7.3190007242476714e-20 0 -5.8552005793981381e-19 0 1.1710401158796274e-18 0 -2.3420802317592549e-18 0 -4.6841604635185097e-18 0 0 7.3190007242476726e-20 0 -5.8552005793981371e-19 0 0 -2.3420802317592549e-18 0 0 0 0 1.8297501810619179e-20 0 0 0 5.8552005793981371e-19 0 2.3420802317592549e-18 0 0 0 0 0 0 0 -2.927600289699069e-19 5.8552005793981381e-19 -1.1710401158796276e-18 0 0 0 0 0 1.8297501810619179e-20 0 1.4638001448495345e-19 0 5.8552005793981371e-19 -1.1710401158796274e-18 1.1710401158796274e-18 0 0 -4.6841604635185097e-18 0 -9.1487509053095908e-21 7.3190007242476714e-20 0 0 0 0 0 0 2.3420802317592549e-18 2.3420802317592556e-18 0 9.1487509053095893e-21 0 0 0 5.8552005793981371e-19 -5.8552005793981371e-19 0 0 0 0 0 0 0 0 0 0 -5.8552005793981371e-19 0 0 0 0 0 0 0 0 -1.4638001448495343e-19 0 0 5.8552005793981371e-19 0 -1.1710401158796274e-18 2.3420802317592549e-18 0 -4.5743754526547946e-21 0 0 1.4638001448495343e-19 0 0 0 0 0 0 0 0 -1.8297501810619179e-20 0 0 0 -2.9276002896990686e-19 0 0 -1.1710401158796274e-18 0 0 4.5743754526547946e-21 0 0 0 0 -2.9276002896990686e-19 -2.9276002896990686e-19 0 0 0 0 0 -9.1487509053095893e-21 0 0 0 1.4638001448495345e-19 0 0 0 0 0 0 9.1487509053095908e-21 1.8297501810619179e-20 -3.6595003621238357e-20 7.3190007242476714e-20 0 1.4638001448495343e-19 0 2.9276002896990686e-19 0 0 -1.1435938631636987e-21 -4.5743754526547961e-21 0 0 0 0 -7.3190007242476738e-20 -1.4638001448495343e-19 0 0 0 0 0 0 0 0 0 0 0 0 0 0 1.1435938631636987e-21 4.5743754526547946e-21 0 0 0 0 7.3190007242476714e-20 1.4638001448495343e-19 0 0 0 0 -9.1487509053095908e-21 -1.8297501810619179e-20 3.6595003621238357e-20 -7.3190007242476714e-20 0 -1.4638001448495345e-19 0 -2.9276002896990686e-19 0 0 0 9.1487509053095893e-21 0 0 0 -1.4638001448495345e-19 0 0 0 0 0 -4.5743754526547946e-21 0 0 0 0 2.927600289699069e-19 2.9276002896990686e-19 0 0 0 0 0 1.8297501810619179e-20 0 0 0 2.9276002896990686e-19 0 0 1.1710401158796274e-18 0 0 4.5743754526547946e-21 0 0 -1.4638001448495343e-19 0 0 0 0 0 0 0 0 0 0 1.4638001448495343e-19 0 0 -5.8552005793981371e-19 0 1.1710401158796274e-18 -2.3420802317592549e-18 0 0 0 0 0 0 5.8552005793981371e-19 0 0 0 0 0 -9.1487509053095893e-21 0 0 0 -5.8552005793981371e-19 5.8552005793981381e-19 0 0 0 0 0 9.1487509053095908e-21 -7.3190007242476714e-20 0 0 0 0 0 0 -2.3420802317592549e-18 -2.3420802317592549e-18 0 -1.8297501810619182e-20 0 -1.4638001448495345e-19 0 -5.8552005793981371e-19 1.1710401158796274e-18 -1.1710401158796274e-18 0 0 4.6841604635185105e-18 0 0 0 0 2.927600289699069e-19 -5.8552005793981381e-19 1.1710401158796276e-18 0 0 0 0 0 -1.8297501810619179e-20 0 0 0 -5.8552005793981371e-19 0 -2.3420802317592549e-18 0 0 0 0 0 -7.3190007242476726e-20 0 5.8552005793981371e-19 0 0 2.3420802317592549e-18 0 0 0 0 -1.8297501810619179e-20 -7.3190007242476714e-20 0 5.8552005793981381e-19 0 -1.1710401158796274e-18 0 2.3420802317592549e-18 0 4.6841604635185097e-18 0 0 0 2.9276002896990686e-19 -5.8552005793981381e-19 0 1.1710401158796276e-18 0 0 -4.6841604635185097e-18 0 0 0 1.4638001448495343e-19 0 0 0 0 0 -4.6841604635185097e-18 0 0 0 0 -1.4638001448495343e-19 0 0 0 0 0 0 0 0 0 0 1.2621542065284249e-19 -2.5243084130568498e-19 0 0 0 2.0194467304454799e-18 0 0 0 0 0 0 0 0 0 0 0 -4.038893460890959e-18 4.0388934608909597e-18 0 0 -3.1553855163210623e-20 1.2621542065284249e-19 0 -5.0486168261136987e-19 1.0097233652227399e-18 2.0194467304454799e-18 2.0194467304454799e-18 4.0388934608909597e-18 -4.038893460890959e-18 4.0388934608909597e-18 0 1.5776927581605309e-20 0 0 5.0486168261136987e-19 1.0097233652227399e-18 -2.0194467304454799e-18 0 2.0194467304454795e-18 0 -4.0388934608909597e-18 0 0 0 -2.5243084130568498e-19 0 0 0 0 -2.0194467304454799e-18 0 0 0 1.5776927581605312e-20 0 0 0 0 0 0 0 0 4.0388934608909597e-18 0 1.5776927581605312e-20 0 0 0 5.0486168261136997e-19 0 0 0 2.0194467304454799e-18 4.0388934608909597e-18 0 1.5776927581605312e-20 0 0 0 0 0 1.0097233652227399e-18 0 0 0 0 0 0 0 0 5.0486168261136997e-19 0 -1.0097233652227399e-18 2.0194467304454799e-18 0 0 0 7.8884637908026558e-21 0 -1.2621542065284249e-19 2.5243084130568498e-19 0 5.0486168261136987e-19 0 -1.0097233652227397e-18 0 0 0 0 0 1.2621542065284249e-19 0 -2.5243084130568498e-19 0 -1.0097233652227399e-18 0 0 0 0 0 0 0 1.2621542065284247e-19 0 0 0 0 0 0 0 0 3.1553855163210623e-20 6.3107710326421246e-20 0 0 -2.5243084130568498e-19 0 5.0486168261136997e-19 0 0 0 3.9442318954013279e-21 0 0 0 -1.2621542065284249e-19 0 0 -5.0486168261136997e-19 0 -1.0097233652227399e-18 0 3.9442318954013279e-21 0 -3.1553855163210623e-20 0 0 0 -2.5243084130568498e-19 0 0 -1.0097233652227399e-18 0 -1.9721159477006636e-21 0 3.1553855163210623e-20 -6.3107710326421246e-20 0 0 0 0 0 0 0 0 0 0 0 0 -1.2621542065284249e-19 -1.2621542065284247e-19 0 2.5243084130568498e-19 0 0 0 0 0 1.5776927581605312e-20 0 6.3107710326421234e-20 0 0 0 0 0 0 0 0 0 0 0 0 0 0 0 0 0 0 0 -1.5776927581605312e-20 0 -6.3107710326421246e-20 0 0 0 0 0 0 0 0 0 0 1.2621542065284247e-19 1.2621542065284249e-19 0 -2.5243084130568498e-19 0 0 1.9721159477006639e-21 0 -3.1553855163210623e-20 6.3107710326421246e-20 0 0 0 0 0 0 0 -3.9442318954013271e-21 0 3.1553855163210623e-20 0 0 0 2.5243084130568498e-19 0 0 1.0097233652227399e-18 0 -3.9442318954013279e-21 0 0 0 1.2621542065284249e-19 0 0 5.0486168261136997e-19 0 1.0097233652227399e-18 0 0 -3.1553855163210623e-20 -6.3107710326421246e-20 0 0 2.5243084130568498e-19 0 -5.0486168261136997e-19 0 0 0 0 0 0 -1.2621542065284247e-19 0 0 0 0 0 0 0 0 0 -1.2621542065284249e-19 0 2.5243084130568498e-19 0 1.0097233652227399e-18 0 0 0 0 -7.8884637908026558e-21 0 1.2621542065284249e-19 -2.5243084130568498e-19 0 -5.0486168261136987e-19 0 1.0097233652227399e-18 0 0 0 0 0 0 0 -5.0486168261136997e-19 0 1.0097233652227399e-18 -2.0194467304454795e-18 0 0 0 -1.5776927581605312e-20 0 0 0 0 0 -1.0097233652227399e-18 0 0 0 0 -1.5776927581605312e-20 0 0 0 -5.0486168261136997e-19 0 0 0 -2.0194467304454799e-18 -4.0388934608909597e-18 0 -1.5776927581605312e-20 0 0 0 0 0 0 0 0 -4.0388934608909597e-18 0 0 0 2.5243084130568498e-19 0 0 0 0 2.0194467304454799e-18 0 0 0 -1.5776927581605312e-20 0 0 -5.0486168261136987e-19 -1.0097233652227399e-18 2.0194467304454799e-18 0 -2.0194467304454795e-18 0 4.0388934608909597e-18 0 3.1553855163210617e-20 -1.2621542065284249e-19 0 5.0486168261136987e-19 -1.0097233652227399e-18 -2.0194467304454799e-18 -2.0194467304454799e-18 -4.0388934608909597e-18 4.038893460890959e-18 -4.0388934608909597e-18 0 0 0 0 0 0 0 0 4.038893460890959e-18 -4.0388934608909597e-18 0 0 0 -1.2621542065284249e-19 2.5243084130568498e-19 0 0 0 -2.0194467304454799e-18 0 0 0 0 0 0 -2.1989531064850783e-19 0 0 0 0 0 0 0 0 0 0 -2.1989531064850783e-19 0 0 -1.7591624851880627e-18 0 0 0 0 0 0 -1.0994765532425392e-19 0 0 0 0 0 0 0 -7.0366499407522491e-18 0 0 1.0994765532425392e-19 0 -4.3979062129701567e-19 0 0 0 -3.5183249703761246e-18 0 0 0 0 0 2.1989531064850783e-19 0 0 8.7958124259403133e-19 1.7591624851880627e-18 -1.7591624851880627e-18 3.5183249703761253e-18 0 0 -1.374345691553174e-20 0 0 -4.3979062129701567e-19 -8.7958124259403133e-19 -8.7958124259403133e-19 0 0 -3.5183249703761253e-18 0 0 0 0 -2.1989531064850783e-19 0 0 0 0 0 -3.5183249703761246e-18 -3.5183249703761253e-18 0 0 0 2.1989531064850783e-19 0 4.3979062129701567e-19 0 -8.7958124259403133e-19 0 0 3.5183249703761253e-18 0 0 -5.4973827662126958e-20 0 0 0 0 0 0 0 3.5183249703761253e-18 0 0 5.4973827662126958e-20 0 2.1989531064850783e-19 0 8.7958124259403133e-19 8.7958124259403133e-19 0 0 1.7591624851880627e-18 0 0 0 0 0 -4.3979062129701567e-19 0 -8.7958124259403133e-19 0 1.7591624851880627e-18 1.7591624851880627e-18 0 0 -2.7486913831063479e-20 0 -1.0994765532425392e-19 0 4.3979062129701567e-19 0 0 -8.7958124259403152e-19 1.7591624851880627e-18 0 6.8717284577658698e-21 0 0 0 0 0 4.3979062129701567e-19 -8.7958124259403114e-19 0 0 0 0 0 5.4973827662126958e-20 -1.0994765532425392e-19 0 2.1989531064850783e-19 4.3979062129701567e-19 4.3979062129701567e-19 0 0 0 3.4358642288829349e-21 -1.374345691553174e-20 0 0 0 2.1989531064850783e-19 0 4.3979062129701567e-19 4.3979062129701567e-19 0 0 3.4358642288829349e-21 1.374345691553174e-20 0 0 1.0994765532425392e-19 1.0994765532425392e-19 0 0 -4.3979062129701567e-19 0 0 0 0 -2.7486913831063479e-20 -2.7486913831063479e-20 0 0 0 0 2.1989531064850788e-19 0 0 8.5896605722073372e-22 0 0 0 0 0 0 0 1.0994765532425392e-19 2.1989531064850783e-19 0 0 0 0 0 0 0 0 0 0 0 0 -8.5896605722073372e-22 0 0 0 0 0 0 0 -1.0994765532425392e-19 -2.1989531064850783e-19 0 0 0 2.7486913831063479e-20 2.7486913831063479e-20 0 0 0 0 -2.1989531064850783e-19 0 0 -3.4358642288829341e-21 -1.374345691553174e-20 0 0 -1.0994765532425392e-19 -1.0994765532425392e-19 0 0 4.3979062129701576e-19 0 0 -3.4358642288829349e-21 1.374345691553174e-20 0 0 0 -2.1989531064850783e-19 0 -4.3979062129701567e-19 -4.3979062129701567e-19 0 0 0 0 -5.4973827662126958e-20 1.0994765532425392e-19 0 -2.1989531064850783e-19 -4.3979062129701567e-19 -4.3979062129701567e-19 0 0 0 -6.8717284577658698e-21 0 0 0 0 0 -4.3979062129701567e-19 8.7958124259403152e-19 0 0 0 0 2.7486913831063479e-20 0 1.0994765532425392e-19 0 -4.3979062129701567e-19 0 0 8.7958124259403133e-19 -1.7591624851880627e-18 0 0 0 0 0 4.3979062129701567e-19 0 8.7958124259403133e-19 0 -1.759162485188063e-18 -1.7591624851880627e-18 0 0 -5.4973827662126958e-20 0 -2.1989531064850783e-19 0 -8.7958124259403133e-19 -8.7958124259403133e-19 0 0 -1.7591624851880627e-18 0 0 5.4973827662126958e-20 0 0 0 0 0 0 0 -3.5183249703761253e-18 0 0 0 -2.1989531064850783e-19 0 -4.3979062129701567e-19 0 8.7958124259403133e-19 0 0 -3.5183249703761253e-18 0 0 0 2.1989531064850783e-19 0 0 0 0 0 3.5183249703761246e-18 3.5183249703761253e-18 0 1.374345691553174e-20 0 0 4.3979062129701567e-19 8.7958124259403133e-19 8.7958124259403133e-19 0 0 3.5183249703761253e-18 0 0 0 0 -2.1989531064850783e-19 0 0 -8.7958124259403133e-19 -1.7591624851880627e-18 1.7591624851880627e-18 -3.5183249703761253e-18 0 0 0 -1.0994765532425392e-19 0 4.3979062129701567e-19 0 0 0 3.5183249703761246e-18 0 0 0 0 1.0994765532425392e-19 0 0 0 0 0 0 0 7.0366499407522491e-18 0 0 0 2.1989531064850783e-19 0 0 1.7591624851880627e-18 0 0 0 0 0 0 0 2.1989531064850783e-19 0 0 0 0 0 0 0 0 0 0 3.2311147687127682e-19 0 -6.4622295374255364e-19 0 0 0 -2.5848918149702146e-18 0 0 2.0194467304454801e-20 0 0 0 0 1.2924459074851075e-18 0 0 -2.5848918149702146e-18 -5.1697836299404291e-18 0 0 -8.0777869217819205e-20 3.2311147687127682e-19 6.4622295374255364e-19 0 0 1.2924459074851073e-18 0 0 0 0 -2.0194467304454801e-20 0 -1.6155573843563843e-19 3.2311147687127687e-19 6.4622295374255364e-19 -1.2924459074851073e-18 -1.2924459074851073e-18 0 0 0 0 2.0194467304454801e-20 -8.0777869217819205e-20 1.6155573843563841e-19 0 0 0 0 0 0 2.5848918149702146e-18 0 0 0 0 0 0 -6.4622295374255364e-19 1.2924459074851073e-18 0 0 -2.5848918149702146e-18 0 -2.0194467304454801e-20 8.0777869217819205e-20 -1.6155573843563841e-19 -3.2311147687127682e-19 0 0 0 0 0 -2.5848918149702146e-18 0 0 0 0 0 -6.4622295374255364e-19 0 0 0 0 0 0 1.0097233652227401e-20 -4.0388934608909603e-20 1.6155573843563841e-19 3.2311147687127682e-19 0 0 0 -1.2924459074851073e-18 0 0 0 1.0097233652227401e-20 0 8.0777869217819205e-20 -1.6155573843563843e-19 -3.2311147687127682e-19 0 -6.4622295374255374e-19 0 1.2924459074851073e-18 0 0 0 0 0 -1.6155573843563841e-19 0 0 0 0 0 0 0 0 4.0388934608909603e-20 0 0 0 0 0 0 0 0 0 5.0486168261137003e-21 0 4.0388934608909603e-20 0 0 0 -3.2311147687127687e-19 0 0 0 0 -5.0486168261137003e-21 2.0194467304454801e-20 0 0 -1.6155573843563841e-19 0 0 0 0 -6.4622295374255364e-19 0 0 0 -4.0388934608909603e-20 0 0 -1.6155573843563843e-19 0 3.2311147687127682e-19 0 0 0 0 0 2.0194467304454804e-20 0 0 1.6155573843563841e-19 1.6155573843563841e-19 0 3.2311147687127687e-19 0 0 1.2621542065284251e-21 0 2.0194467304454804e-20 0 0 0 0 0 0 3.2311147687127682e-19 0 0 0 0 -2.0194467304454801e-20 0 0 0 -8.0777869217819205e-20 0 0 0 0 0 0 0 0 0 0 0 0 0 0 0 0 0 2.0194467304454801e-20 0 0 0 8.0777869217819205e-20 0 0 0 -1.2621542065284251e-21 0 -2.0194467304454804e-20 0 0 0 0 0 0 -3.2311147687127682e-19 0 0 0 -2.0194467304454801e-20 0 0 -1.6155573843563841e-19 -1.6155573843563841e-19 0 -3.2311147687127677e-19 0 0 0 0 4.0388934608909609e-20 0 0 1.6155573843563843e-19 0 -3.2311147687127682e-19 0 0 0 5.0486168261137003e-21 -2.0194467304454801e-20 0 0 1.6155573843563841e-19 0 0 0 0 6.4622295374255364e-19 0 -5.0486168261137003e-21 0 -4.0388934608909603e-20 0 0 0 3.2311147687127687e-19 0 0 0 0 0 -4.0388934608909603e-20 0 0 0 0 0 0 0 0 0 0 0 0 1.6155573843563841e-19 0 0 0 0 0 0 0 -1.0097233652227401e-20 0 -8.0777869217819205e-20 1.6155573843563843e-19 3.2311147687127682e-19 0 6.4622295374255374e-19 0 -1.2924459074851073e-18 0 0 -1.0097233652227401e-20 4.0388934608909603e-20 -1.6155573843563841e-19 -3.2311147687127687e-19 0 0 0 1.2924459074851073e-18 0 0 0 0 0 0 0 6.4622295374255364e-19 0 0 0 0 0 0 2.0194467304454801e-20 -8.0777869217819205e-20 1.6155573843563841e-19 3.2311147687127682e-19 0 0 0 0 0 2.5848918149702146e-18 0 0 0 0 0 0 6.4622295374255364e-19 -1.2924459074851073e-18 0 0 2.5848918149702146e-18 0 -2.0194467304454801e-20 8.0777869217819205e-20 -1.6155573843563841e-19 0 0 0 0 0 0 -2.5848918149702146e-18 0 2.0194467304454801e-20 0 1.6155573843563841e-19 -3.2311147687127687e-19 -6.4622295374255364e-19 1.2924459074851073e-18 1.2924459074851073e-18 0 0 0 0 0 8.0777869217819205e-20 -3.2311147687127687e-19 -6.4622295374255364e-19 0 0 -1.2924459074851073e-18 0 0 0 0 -2.0194467304454801e-20 0 0 0 0 -1.2924459074851075e-18 0 0 2.5848918149702146e-18 5.1697836299404291e-18 0 0 0 -3.2311147687127682e-19 0 6.4622295374255364e-19 0 0 0 2.5848918149702146e-18 0 0 0 0 2.4738222447957128e-19 0 0 -9.8952889791828513e-19 0 -1.9790577958365703e-18 0 0 0 0 0 0 0 0 9.8952889791828513e-19 -1.9790577958365703e-18 0 0 0 0 -1.5461389029973205e-20 0 2.4738222447957128e-19 0 0 0 1.9790577958365703e-18 0 1.9790577958365703e-18 0 0 -1.5461389029973205e-20 6.184555611989282e-20 0 0 0 0 0 0 -1.9790577958365703e-18 0 0 1.5461389029973205e-20 -6.184555611989282e-20 0 4.9476444895914256e-19 0 -9.8952889791828513e-19 0 0 0 0 0 0 0 1.2369111223978564e-19 -2.4738222447957128e-19 0 0 0 0 0 0 0 0 0 0 0 0 9.8952889791828513e-19 9.8952889791828513e-19 0 0 0 0 0 0 -1.2369111223978564e-19 0 4.9476444895914266e-19 -4.9476444895914256e-19 0 0 -1.9790577958365703e-18 0 0 0 6.184555611989282e-20 0 2.4738222447957128e-19 0 -4.9476444895914256e-19 -9.8952889791828513e-19 0 0 0 0 0 0 1.2369111223978564e-19 2.4738222447957128e-19 0 0 -9.8952889791828513e-19 0 -9.8952889791828532e-19 0 0 0 3.092277805994641e-20 0 0 -2.4738222447957128e-19 0 0 0 9.8952889791828513e-19 0 0 0 0 6.184555611989282e-20 0 0 0 0 4.9476444895914256e-19 -9.8952889791828513e-19 0 0 -3.865347257493302e-21 1.5461389029973205e-20 0 0 1.2369111223978564e-19 2.4738222447957128e-19 0 0 0 0 0 0 -1.5461389029973208e-20 0 0 0 2.4738222447957128e-19 -2.4738222447957128e-19 0 -4.9476444895914256e-19 -9.8952889791828513e-19 0 -3.8653472574933013e-21 0 0 0 0 0 -2.4738222447957128e-19 0 4.9476444895914256e-19 0 0 0 -7.7306945149866026e-21 0 0 0 -1.2369111223978566e-19 0 -2.4738222447957128e-19 4.9476444895914256e-19 0 0 -1.9326736287466506e-21 0 1.5461389029973205e-20 -3.092277805994641e-20 0 0 0 0 -2.4738222447957128e-19 0 0 9.6633681437332532e-22 0 0 0 3.092277805994641e-20 0 0 0 0 0 0 0 0 0 0 0 0 0 0 0 0 0 -9.6633681437332532e-22 0 0 0 -3.092277805994641e-20 0 0 0 0 0 0 1.9326736287466506e-21 0 -1.5461389029973205e-20 3.092277805994641e-20 0 0 0 0 2.4738222447957128e-19 0 0 0 7.7306945149866026e-21 0 0 0 1.2369111223978566e-19 0 2.4738222447957128e-19 -4.9476444895914256e-19 0 0 3.8653472574933013e-21 0 0 0 0 0 2.4738222447957128e-19 0 -4.9476444895914256e-19 0 0 0 1.5461389029973208e-20 0 0 0 -2.4738222447957128e-19 2.4738222447957128e-19 0 4.9476444895914256e-19 9.8952889791828513e-19 0 3.865347257493302e-21 -1.5461389029973205e-20 0 0 -1.2369111223978564e-19 -2.4738222447957128e-19 0 0 0 0 0 0 0 -6.184555611989282e-20 0 0 0 0 -4.9476444895914256e-19 9.8952889791828513e-19 0 0 0 -3.092277805994641e-20 0 0 2.4738222447957128e-19 0 0 0 -9.8952889791828513e-19 0 0 0 0 -1.2369111223978564e-19 -2.4738222447957128e-19 0 0 9.8952889791828513e-19 0 9.8952889791828532e-19 0 0 0 -6.184555611989282e-20 0 -2.4738222447957128e-19 0 4.9476444895914256e-19 9.8952889791828513e-19 0 0 0 0 0 0 1.2369111223978564e-19 0 -4.9476444895914266e-19 4.9476444895914256e-19 0 0 1.9790577958365703e-18 0 0 0 0 0 0 0 -9.8952889791828513e-19 -9.8952889791828513e-19 0 0 0 0 0 0 -1.2369111223978564e-19 2.4738222447957128e-19 0 0 0 0 0 0 0 -1.5461389029973205e-20 6.184555611989282e-20 0 -4.9476444895914256e-19 0 9.8952889791828513e-19 0 0 0 0 0 1.5461389029973205e-20 -6.184555611989282e-20 0 0 0 0 0 0 1.9790577958365703e-18 0 0 1.5461389029973205e-20 0 -2.4738222447957128e-19 0 0 0 -1.9790577958365703e-18 0 -1.9790577958365703e-18 0 0 0 0 0 0 0 -9.8952889791828513e-19 1.9790577958365703e-18 0 0 0 0 0 0 -2.4738222447957128e-19 0 0 9.8952889791828513e-19 0 1.9790577958365703e-18 0 0 0 0 0 0 0 0 0 -1.2665969893354048e-18 0 0 -2.5331939786708096e-18 0 0 -7.9162311833462801e-20 0 -3.166492473338512e-19 0 0 0 0 -2.5331939786708096e-18 0 0 0 0 0 0 0 0 0 0 0 0 0 1.9790577958365703e-20 7.9162311833462801e-20 1.583246236669256e-19 0 0 0 1.2665969893354048e-18 0 2.53319397867081e-18 0 0 0 0 0 0 0 0 0 0 0 0 0 0 0 1.583246236669256e-19 -3.166492473338512e-19 0 6.3329849466770241e-19 0 0 0 2.5331939786708096e-18 0 -1.97905779583657e-20 0 0 0 0 0 -1.266596989335405e-18 0 -1.2665969893354048e-18 0 0 9.8952889791828516e-21 0 0 0 0 0 -6.3329849466770241e-19 0 0 0 0 9.8952889791828501e-21 0 1.583246236669256e-19 0 0 0 -6.3329849466770241e-19 0 -1.2665969893354048e-18 1.2665969893354048e-18 0 0 -3.9581155916731401e-20 0 0 -3.166492473338512e-19 -6.3329849466770241e-19 0 6.3329849466770241e-19 0 -1.2665969893354048e-18 0 0 0 0 -1.583246236669256e-19 -3.166492473338512e-19 3.1664924733385125e-19 0 6.3329849466770241e-19 0 0 0 -4.9476444895914251e-21 -1.97905779583657e-20 -7.9162311833462813e-20 0 0 0 3.166492473338512e-19 0 0 0 0 0 1.97905779583657e-20 -3.9581155916731401e-20 -7.9162311833462801e-20 1.583246236669256e-19 0 0 -3.166492473338512e-19 0 0 0 -4.9476444895914251e-21 0 0 -7.9162311833462801e-20 0 -1.5832462366692558e-19 0 3.166492473338512e-19 0 0 0 0 -9.8952889791828501e-21 0 0 0 0 0 3.166492473338512e-19 0 6.3329849466770241e-19 0 2.4738222447957125e-21 9.8952889791828516e-21 1.97905779583657e-20 3.9581155916731401e-20 7.9162311833462801e-20 1.5832462366692563e-19 -1.583246236669256e-19 1.5832462366692558e-19 3.166492473338512e-19 3.166492473338512e-19 0 0 0 0 0 -3.9581155916731407e-20 0 7.9162311833462813e-20 -1.583246236669256e-19 0 0 0 0 0 0 0 0 0 0 7.9162311833462813e-20 0 0 0 0 0 0 0 0 0 0 0 0 0 0 0 0 0 0 0 0 0 -7.9162311833462801e-20 0 0 0 0 0 0 0 3.9581155916731401e-20 0 -7.9162311833462801e-20 1.5832462366692563e-19 0 0 0 -2.4738222447957125e-21 -9.8952889791828516e-21 -1.97905779583657e-20 -3.9581155916731401e-20 -7.9162311833462813e-20 -1.5832462366692563e-19 1.5832462366692563e-19 -1.5832462366692558e-19 -3.166492473338512e-19 -3.166492473338512e-19 0 0 9.8952889791828501e-21 0 0 0 0 0 -3.166492473338512e-19 0 -6.3329849466770241e-19 0 4.9476444895914251e-21 0 0 7.9162311833462801e-20 0 1.5832462366692558e-19 0 -3.166492473338512e-19 0 0 0 0 -1.97905779583657e-20 3.9581155916731401e-20 7.9162311833462801e-20 -1.583246236669256e-19 0 0 3.166492473338512e-19 0 0 0 4.9476444895914251e-21 1.97905779583657e-20 7.9162311833462813e-20 0 0 0 -3.166492473338512e-19 0 0 0 0 0 0 0 1.583246236669256e-19 3.166492473338512e-19 -3.166492473338512e-19 0 -6.3329849466770241e-19 0 0 0 0 3.9581155916731401e-20 0 0 3.166492473338512e-19 6.332984946677025e-19 0 -6.3329849466770241e-19 0 1.2665969893354048e-18 0 -9.8952889791828501e-21 0 -1.583246236669256e-19 0 0 0 6.3329849466770241e-19 0 1.2665969893354048e-18 -1.2665969893354048e-18 0 -9.8952889791828501e-21 0 0 0 0 0 6.3329849466770241e-19 0 0 0 0 1.9790577958365703e-20 0 0 0 0 0 1.266596989335405e-18 0 1.2665969893354048e-18 0 0 0 0 -1.583246236669256e-19 3.166492473338512e-19 0 -6.3329849466770241e-19 0 0 0 -2.5331939786708096e-18 0 0 0 0 0 0 0 0 0 0 0 0 -1.9790577958365703e-20 -7.9162311833462801e-20 -1.583246236669256e-19 0 0 0 -1.2665969893354048e-18 0 -2.53319397867081e-18 0 0 0 0 0 0 0 0 0 0 0 0 0 0 7.9162311833462801e-20 0 3.166492473338512e-19 0 0 0 0 2.5331939786708096e-18 0 0 0 0 0 0 0 0 1.2665969893354048e-18 0 0 2.5331939786708096e-18 0 0 0 0 0 0 0 0 1.7591624851880627e-18 0 0 0 0 0 0 4.3979062129701576e-19 -8.7958124259403133e-19 0 0 0 1.7591624851880627e-18 0 0 0 0 0 0 -4.3979062129701567e-19 0 0 -1.7591624851880627e-18 0 -3.5183249703761253e-18 0 1.374345691553174e-20 0 0 0 0 0 1.7591624851880627e-18 0 0 -3.5183249703761253e-18 0 0 5.4973827662126958e-20 -2.1989531064850783e-19 0 0 8.7958124259403133e-19 -8.7958124259403152e-19 0 1.7591624851880627e-18 0 0 1.374345691553174e-20 5.4973827662126958e-20 0 0 0 0 -8.7958124259403133e-19 0 0 0 0 0 0 0 0 0 8.7958124259403133e-19 0 -1.7591624851880627e-18 -1.7591624851880627e-18 -1.7591624851880627e-18 0 1.374345691553174e-20 0 0 0 0 0 0 0 0 0 0 -1.3743456915531743e-20 0 -1.0994765532425392e-19 0 0 0 0 0 -1.7591624851880627e-18 0 0 6.8717284577658713e-21 0 0 -2.1989531064850783e-19 -2.1989531064850783e-19 0 0 0 8.7958124259403152e-19 0 0 0 0 0 0 0 0 0 0 0 8.7958124259403133e-19 0 0 0 5.4973827662126958e-20 0 0 0 -4.3979062129701576e-19 0 8.7958124259403133e-19 -8.7958124259403133e-19 0 0 0 0 0 -1.0994765532425392e-19 2.1989531064850783e-19 0 0 0 0 0 0 0 0 0 -1.0994765532425392e-19 0 -2.1989531064850783e-19 0 4.3979062129701567e-19 -4.3979062129701567e-19 0 0 1.3743456915531743e-20 0 5.4973827662126958e-20 0 0 0 0 -4.3979062129701567e-19 4.3979062129701567e-19 0 0 0 2.7486913831063479e-20 0 -5.4973827662126958e-20 1.0994765532425392e-19 -1.0994765532425392e-19 -2.1989531064850788e-19 2.1989531064850788e-19 0 0 -1.7179321144414674e-21 0 1.374345691553174e-20 0 -5.4973827662126958e-20 5.4973827662126958e-20 0 1.0994765532425396e-19 0 2.1989531064850783e-19 0 0 3.4358642288829349e-21 6.8717284577658698e-21 0 0 0 5.4973827662126958e-20 -5.497382766212697e-20 0 0 0 0 0 0 0 0 0 0 0 0 0 0 0 -3.4358642288829349e-21 -6.8717284577658698e-21 0 0 0 -5.4973827662126958e-20 5.4973827662126958e-20 0 0 0 1.7179321144414674e-21 0 -1.374345691553174e-20 0 5.4973827662126958e-20 -5.4973827662126958e-20 0 -1.0994765532425394e-19 0 -2.1989531064850783e-19 0 0 0 -2.7486913831063479e-20 0 5.497382766212697e-20 -1.0994765532425392e-19 1.0994765532425392e-19 2.1989531064850788e-19 -2.1989531064850783e-19 0 0 0 -1.3743456915531743e-20 0 -5.4973827662126958e-20 0 0 0 0 4.3979062129701576e-19 -4.3979062129701567e-19 0 0 0 0 0 1.0994765532425392e-19 0 2.1989531064850783e-19 0 -4.3979062129701567e-19 4.3979062129701567e-19 0 0 0 0 0 1.0994765532425392e-19 -2.1989531064850783e-19 0 0 0 0 0 0 0 -5.4973827662126958e-20 0 0 0 4.3979062129701576e-19 0 -8.7958124259403133e-19 8.7958124259403133e-19 0 0 0 0 0 0 0 0 0 0 -8.7958124259403133e-19 0 -6.8717284577658698e-21 0 0 2.1989531064850783e-19 2.1989531064850783e-19 0 0 0 -8.7958124259403133e-19 0 0 1.3743456915531743e-20 0 1.0994765532425392e-19 0 0 0 0 0 1.759162485188063e-18 0 0 -1.374345691553174e-20 0 0 0 0 0 0 0 0 0 0 0 0 0 0 0 -8.7958124259403133e-19 0 1.7591624851880627e-18 1.7591624851880627e-18 1.7591624851880627e-18 0 -1.374345691553174e-20 -5.4973827662126958e-20 0 0 0 0 8.7958124259403133e-19 0 0 0 0 0 -5.4973827662126958e-20 2.1989531064850783e-19 0 0 -8.7958124259403133e-19 8.7958124259403133e-19 0 -1.7591624851880627e-18 0 0 -1.374345691553174e-20 0 0 0 0 0 -1.759162485188063e-18 0 0 3.5183249703761253e-18 0 0 0 0 0 4.3979062129701567e-19 0 0 1.7591624851880627e-18 0 3.5183249703761253e-18 0 0 0 0 -4.3979062129701576e-19 8.7958124259403133e-19 0 0 0 -1.7591624851880627e-18 0 0 0 0 0 0 0 0 0 -1.7591624851880627e-18 0 0 
end_dependent_variable

end_regular_table
