# ****************************************************************************
# CUI
#
# The Advanced Framework for Simulation, Integration, and Modeling (AFSIM)
#
# The use, dissemination or disclosure of data in this file is subject to
# limitation or restriction. See accompanying README and LICENSE for details.
# ****************************************************************************

# ##################################################################################################
# 
# This file was auto-generated by AFSIM Mover Creator 2.8.0.201104
# 
# Creation Date:  05 Nov 2020
# 
# ##################################################################################################

regular_table

independent_variable mach precision double
0.10000000000000001 0.5 0.70000000000000007 0.75 0.80000000000000004 0.84999999999999998 0.90000000000000002 0.92000000000000004 0.94000000000000006 0.95999999999999996 0.97999999999999998 1 1.02 1.04 1.0600000000000001 1.0800000000000001 1.1000000000000001 1.2 1.3 1.4000000000000001 1.5 1.75 2 2.5 3 3.5 4 
end_independent_variable

independent_variable surface_angle units deg
-40 -30 -28 -26 -24 -22 -20 -18 -16 -14 -12 -10 -9 -8 -7 -6 -5 -4 -3 -2 -1 0 1 2 3 4 5 6 7 8 9 10 12 14 16 18 20 22 24 26 28 30 35 40 
end_independent_variable

dependent_variable precision double
-1.1436807778104134 -0.20402339269508021 0.13510272201421472 0.063426399333763428 0.33664175838542154 0.24013894775482739 0.14482031595791919 0.4906141801023387 0.36662046989087471 0.47090707677780447 0.34502166516766414 0.23084733006364405 0.33025354241045751 0.2761414933101316 0.22401559526916376 0.17344841128738145 0.1250049812915712 0.15643838523262338 0.11231728286813621 0.071460719843978643 0.033994339805769692 0 -0.030456166730223527 -0.057361952704680551 -0.080651789607276134 -0.10020491435766894 -0.11585171981476651 -0.20545136664810856 -0.21201270062321101 -0.2136266850179625 -0.21080990105468375 -0.20392735929187139 -0.336118598054228 -0.30209419204100241 -0.48339408780717347 -0.42186879811840783 -0.28925477624708967 -0.51690105061271463 -0.43670068009155011 -0.70773229837987384 -0.61423749714977471 -0.51125315655962333 -0.68627492870021523 -0.93871374519622763 -1.1452305742624103 -0.20518406246567272 0.13402193751110125 0.062425864678684224 0.33572166812346266 0.23929942749777683 0.14406130902728728 0.48993517588110141 0.36602121319817427 0.47038689181200966 0.34457977119534527 0.23048280950600902 0.32992720209190368 0.27585303062624517 0.22376463025705171 0.17323458453648605 0.12482790683924941 0.15629765241513363 0.11221245472496025 0.071391332958253617 0.033959904328223392 0 -0.030422268804749238 -0.057294717606965015 -0.080551800134846724 -0.10007277672463062 -0.11568805327191514 -0.2052568375187469 -0.2117879557314542 -0.21337240227173704 -0.2105268283802755 -0.20361622948853697 -0.33575383252807567 -0.3016788343248038 -0.48293160320336181 -0.42136258771932583 -0.28870841960572979 -0.51631863879267315 -0.4360858351546868 -0.70708929750969007 -0.61357014699618462 -0.51056570954120262 -0.68555666696563022 -0.93799229440301923 -1.1450668012559095 -0.2050613892787421 0.13413614722085912 0.062531577210545725 0.33581886483990647 0.23938810329263263 0.14414147436820407 0.4900068532352283 0.36608446422251689 0.47044178161023853 0.3446263902743279 0.2305212745417354 0.32996163606153411 0.27588346799642871 0.22379110274987107 0.17325713619265948 0.12484657659332503 0.15631248842467951 0.11222350454118672 0.071398646446104455 0.033963533809986762 0 -0.030425840969751667 -0.057301801955426328 -0.080562334802323124 -0.10008669783612374 -0.11570529240474377 -0.20527732640979765 -0.21181162193693678 -0.21339917143304732 -0.21055662441547696 -0.20364897293285519 -0.33579224688506243 -0.3017225702047604 -0.48298031096128113 -0.42141589000922708 -0.28876592146534491 -0.51637997436490446 -0.43615057220222347 -0.70715703494285975 -0.61364042832336796 -0.51063808975966307 -0.68563236874783173 -0.93806839548773358 -1.1450341839339961 -0.20503696391339907 0.13415889265619316 0.062552640673402701 0.33583822858634477 0.23940576413129591 0.14415744161785304 0.49002112612993731 0.36609706376141116 0.47045271672911593 0.34463567801503164 0.23052894088190659 0.32996849409495627 0.27588952985025622 0.22379637643440847 0.1732616258566701 0.12485029611920921 0.15631544342922449 0.11222570515694912 0.071400102885424713 0.033964256779865615 0 -0.030426553001256455 -0.05730321395510872 -0.080564433996779122 -0.10008947214606938 -0.11570872831478468 -0.20528140856950955 -0.21181633790002974 -0.2134045060405784 -0.21056256231702189 -0.20365549849076761 -0.33579990071511651 -0.30173128107588126 -0.48299001587609347 -0.42142650101394846 -0.28877737779654961 -0.51639219508979406 -0.43616347128182942 -0.70717053029549548 -0.61365443071870851 -0.5106525118821974 -0.6856474444601568 -0.93808355889853234 -1.1450039626824682 -0.20501432417578905 0.13417997424595451 0.062572147775570547 0.33585616005203089 0.2394221297898779 0.14417224083105962 0.49003435813184304 0.3661087369133697 0.47046284673260091 0.34464428446497125 0.23053603941594714 0.32997485070246102 0.27589514791406283 0.2238012617946992 0.17326578904492107 0.12485374272029411 0.15631818330443462 0.11222774620489154 0.071401453451496427 0.033964926597703629 0 -0.03042721177700133 -0.057304521453825807 -0.080566378761498941 -0.10009204185815623 -0.11571190980989343 -0.20528519169912685 -0.21182070613292939 -0.21340944811127235 -0.21056806351335711 -0.20366154240917222 -0.33580699171755596 -0.30173935814362124 -0.48299900120386491 -0.42143634328474039 -0.28878799952422862 -0.51640351380971095 -0.43617542418809008 -0.7071830302002432 -0.61366740090173522 -0.5106658716660134 -0.68566141723971008 -0.93809760022842126 -1.1449758192592647 -0.20499326211712882 0.13419959368386761 0.062590308635954592 0.33587286156896023 0.23943736162335799 0.14418601281046811 0.49004666719347773 0.36611960699240365 0.4704722785949596 0.34465229445039947 0.2305426485873972 0.32998076996648451 0.27590037803658535 0.223805811903 0.17326966379838052 0.124856952746129 0.15632073316628461 0.11222964472685708 0.071402710151797985 0.033965550703350403 0 -0.030427825722167165 -0.057305738988205956 -0.080568189217984643 -0.10009443392338904 -0.11571487126097833 -0.20528871179714955 -0.21182477418684598 -0.21341404593035135 -0.21057318487445351 -0.20366716979173941 -0.33581359444246606 -0.30174687053275961 -0.48300737296145463 -0.42144550592427321 -0.28879788609104723 -0.51641405958310738 -0.4361865502777344 -0.70719467609801789 -0.61367948376002823 -0.51067831336042002 -0.68567442559135905 -0.93811067253485247 -1.144949515078582 -0.20497354834272055 0.13421794091946543 0.062607289460396204 0.33588847215261802 0.23945161051906697 0.14419889197601021 0.49005818428810832 0.36612976514365203 0.47048109656800136 0.34465978743609105 0.23054882794696741 0.32998629975737304 0.27590526598187476 0.22381006553429134 0.17327328668999295 0.12485995041910909 0.15632311570531862 0.11223141987098426 0.07140388560016564 0.033966133919743312 0 -0.030428400150362384 -0.057306877759910176 -0.080569882360209108 -0.10009667146314501 -0.11571764301783888 -0.20529200467059663 -0.21182857997509369 -0.21341834669797669 -0.21057797139843651 -0.20367243233844304 -0.33581976863203894 -0.30175390000584768 -0.48301519797586606 -0.421454070120654 -0.28880712136585179 -0.51642391627883022 -0.43619694720626861 -0.70720555530433127 -0.61369076928983846 -0.51068994113129063 -0.68568658555282291 -0.93812291100368372 -1.1578207486958028 -0.20978708090255485 0.13202042677252565 0.060432678376265751 0.33589058901761437 0.23924846587631363 0.14373608463670864 0.49217263176820097 0.36771536218068246 0.47299157771832784 0.34653177549438358 0.23181145540160461 0.33197375198379708 0.27758445900451534 0.22518498439988521 0.17434593410233531 0.1256369595358848 0.15733408155771697 0.1129632783475977 0.071873178787331973 0.034191038312301594 0 -0.030632642592590763 -0.057693914556045257 -0.081117147491377994 -0.10078012796484401 -0.11651148370570008 -0.20669186339924689 -0.21327665778840582 -0.21488023847618215 -0.21202224248524218 -0.20506962236551363 -0.33808551382562546 -0.30376699429585946 -0.48617635056190323 -0.42414582559938635 -0.29055046515832755 -0.51954152124940756 -0.43867790971409193 -0.71126371724160831 -0.61700860338208541 -0.5131985092294058 -0.68886371299670268 -0.94245137873451057 -1.1707337316374482 -0.21462624041171305 0.12980096089335391 0.058239482364312818 0.33587732951898197 0.23903293555384111 0.14326348800313146 0.49427969878982875 0.36929557121240653 0.47549830448039282 0.3484012881324054 0.23307255708151242 0.33396004939875973 0.27926279605430782 0.22655929744391098 0.1754181625406441 0.12641368981746917 0.15834487156637769 0.11369503511568269 0.072342417692717306 0.034415919277112551 0 -0.030836861166664627 -0.058080895021548534 -0.081664309114093406 -0.10146341072271789 -0.11730505051135504 -0.20809130127734599 -0.21472413113328495 -0.21634127735800701 -0.21346535357782359 -0.2064652808223516 -0.34034878842427224 -0.30577633401889387 -0.48933210452179987 -0.42683019694321128 -0.29228402414995752 -0.5226467569310721 -0.44114348620762478 -0.7153033022677503 -0.62030450340944954 -0.51568146472653553 -0.69200647688503969 -0.94673823597768147 -1.1836884628312225 -0.21949102840204612 0.12755955737498012 0.056027690701579876 0.33584868584428029 0.23880502093031528 0.14278110804949787 0.49637937677462557 0.37087038097971875 0.47800126069316745 0.35026832718837786 0.2343321248678801 0.33594519123633526 0.2809402844075447 0.22793299961126004 0.17648996821358784 0.12719013984689986 0.15935548695678162 0.11442668686261125 0.072811600181304184 0.034640776163139465 0 -0.031041056810842751 -0.058467820697845126 -0.082211366787948159 -0.10214651389658441 -0.1180983347415489 -0.20949032029630027 -0.21617099487802996 -0.21780146223285921 -0.21490731333113924 -0.2078594123811027 -0.34260958530487173 -0.30778190584784643 -0.49248245916622302 -0.42950720008337984 -0.29400779880029698 -0.52573961627730892 -0.44359369568182033 -0.71932431513149531 -0.62357847611207529 -0.51813881390326921 -0.695114857456955 -0.95098347384846016 -1.1966849590764259 -0.22438143506970731 0.12529621611528086 0.053797326570079837 0.33580466943133075 0.23856473778380227 0.14228893333798653 0.49847166526303627 0.37243979046138526 0.48050045046711887 0.3521328880156861 0.23559016345838435 0.33792918255163235 0.28261692521311427 0.22930609520388093 0.17756135608691712 0.12796631170494135 0.16036592774169423 0.11515823646698688 0.073280727414746366 0.03486561000438182 0 -0.031245228484742961 -0.058854690742416962 -0.082758322689447314 -0.10282944727114234 -0.11889134016208226 -0.2108889166264821 -0.21761724603553129 -0.21926080019831543 -0.21634811967719028 -0.2092520147184595 -0.34486791148840812 -0.30978371846320663 -0.4956274363495814 -0.43217680428074728 -0.2957217939091461 -0.52882010342411601 -0.44602854135356595 -0.72332674837783484 -0.62683052567702269 -0.52057056692088555 -0.69818888907697441 -0.95518708923208306 -1.2078916099942101 -0.22929747910327969 0.12301093711425611 0.051548361273135938 0.33574528160773753 0.2383120728893211 0.14178698122957625 0.50055659463677371 0.37400381232070817 0.48299587903607155 0.35399497531200663 0.23684667224028469 0.3399120122642616 0.28429271081176122 0.23067857943473896 0.17863232060767181 0.12874220599156858 0.16137619284881971 0.11588968380753804 0.073749801186586139 0.035090419674290801 0 -0.031449376185173891 -0.059241505965868559 -0.083305175101641135 -0.10351220172549505 -0.11968406614744923 -0.21228709312734681 -0.21906289359264858 -0.22071928096544263 -0.21778776927143514 -0.21064308566429962 -0.34712376286441426 -0.31178176936295104 -0.49876700962191306 -0.43483903986596484 -0.29742600406396424 -0.53188821352063154 -0.44844801755501257 -0.72731061375096062 -0.6300606425046914 -0.52297670054630996 -0.70122854636743193 -0.95616692995784558 -1.2134735655179074 -0.23321390514145435 0.12084699838548257 0.049280827592361132 0.33567051241646867 0.23804702456183563 0.14127523073790738 0.50263412292311849 0.37556242978391818 0.48548754394906374 0.35585458777526618 0.23810164914558221 0.34189368895258893 0.28596765027970317 0.23205046023116349 0.17970286564377588 0.12951781837930229 0.16238628470997166 0.11662102700774717 0.074218817896973488 0.035315206556319409 0 -0.03165350049136674 -0.05962826550653369 -0.083851924503233088 -0.10419478413382424 -0.12047651162535407 -0.21368484757771034 -0.22050793034968175 -0.22217691502742062 -0.21922626563713135 -0.21203262514203053 -0.34937713713511365 -0.31377605816411691 -0.50190118449788201 -0.43749390055844306 -0.2991204211459409 -0.5349439496305578 -0.45085211647371981 -0.73127589103043833 -0.63304763955509369 -0.52373011320788865 -0.69736017551861995 -0.94708739753266658 -1.2191206360478624 -0.23316138542320411 0.12327200936909911 0.050905894150927548 0.33864527135547162 0.24010543279371674 0.14246925197003943 0.50589970537105278 0.37788523203863023 0.48840579497001962 0.3578808923404293 0.23935510405471624 0.34387421200387391 0.28764173456625325 0.23342172928286239 0.18077299409298089 0.1302931553657441 0.16339620228476789 0.11735226909302009 0.074687780762795641 0.035539969091490035 0 -0.031857601446404794 -0.06001497017501687 -0.084398572011197881 -0.10487719169411898 -0.12126868042542445 -0.21508218475184185 -0.22195236023838188 -0.22363369801847385 -0.22066360167670215 -0.21342064022369794 -0.35142350486438373 -0.31522993395714399 -0.50403939857076407 -0.43855221040643028 -0.29845009807791373 -0.53467468605741575 -0.44875498192338115 -0.72931498062585998 -0.6288381090306796 -0.51804200581744242 -0.69021235396562508 -0.93772533529556823 -1.2267227766980602 -0.23501359715650286 0.12380000943056955 0.051237600416132262 0.34094754665263377 0.24199454840225268 0.14388663444944749 0.50967652937866825 0.38091179820641896 0.4921362394290984 0.36075973286717722 0.24140302268107333 0.34648235639588815 0.28979544340208663 0.23514532350667647 0.18208943222059384 0.13122658663357772 0.16449337686672244 0.11812158841315508 0.075164712965739663 0.035759940157670957 0 -0.032032680097835199 -0.060326369300109192 -0.084805618822590453 -0.10533211795964263 -0.1217227575922816 -0.21600945316580061 -0.22276996111078892 -0.22427728800028343 -0.22107527981003325 -0.21354235227620433 -0.35202728217725177 -0.31517996653255737 -0.50469485826655558 -0.43826170342899201 -0.29670620414665633 -0.53377345717133629 -0.44666068344211718 -0.72820966342570514 -0.62636461761584294 -0.51407376384446168 -0.68473650925506802 -0.92996734278970106 -1.2401751497287605 -0.23934983142332647 0.12219328209091371 0.049735920631787535 0.34167749651302143 0.24254045876433356 0.14416055127552921 0.51248316643703873 0.38311582090772439 0.49516760583093733 0.36304008280547684 0.2429563361099466 0.34870339609885131 0.2916525978443506 0.2366475875390201 0.18324623734794401 0.13205008129021889 0.16551959818778647 0.11884979550572622 0.075622033517680223 0.035973898347771024 0 -0.032208542820854093 -0.060647439620142185 -0.085239993831576627 -0.10584136418756177 -0.12226916524428212 -0.21708000089540952 -0.22379662089869148 -0.22521298717362923 -0.22188207436670718 -0.21418486785596833 -0.35328045129403757 -0.31591045986817451 -0.50629876319614231 -0.43912965004213889 -0.29637797681735961 -0.53459911923129377 -0.44666446762488216 -0.72964417705520679 -0.6269560211463685 -0.51379762517052363 -0.68520600925170339 -0.9322144597040799 -1.2536671869282059 -0.24448593490131251 0.11972162394437821 0.047330284755838108 0.34148844071307088 0.24218258873812759 0.14357450462820248 0.51450306056289741 0.38463075620788867 0.49762720698193186 0.36487703354906331 0.2441959373664791 0.35067268266509127 0.29331771046213478 0.23801180333564306 0.18431092406216629 0.13282134234009374 0.16652658392728514 0.11957904109758344 0.076089773494026167 0.036198093062449865 0 -0.032412146578521817 -0.061033161325323312 -0.085785149405955274 -0.10652173225410466 -0.12305866327477388 -0.2184739225777983 -0.22523675139204952 -0.22666441584733421 -0.22331279393300441 -0.21556475465500838 -0.35551951230575202 -0.31788420677624252 -0.50940456374788956 -0.44174657684271901 -0.29802292966229582 -0.5375927574688335 -0.44899186451369943 -0.7335169017311356 -0.63005478164248996 -0.51605005857829445 -0.68803533195215416 -0.93611024787868702 -1.3217165550165959 -0.27053676196938731 0.1070460654087752 0.035033247130742622 0.34032084416723918 0.24021439805814448 0.1405030990604757 0.52449634327588024 0.39212807959105322 0.50987143940279889 0.37402664736932983 0.25037235986753725 0.36050289932084295 0.30163136340897084 0.24482441194825538 0.18962853430142748 0.13667378464402721 0.17155909402341726 0.12322383428685928 0.07842769050411745 0.037318721347038356 0 -0.033429785563535278 -0.062960865388911658 -0.08850924166722518 -0.10992069538754323 -0.12700158046882007 -0.2254366805517484 -0.2324275418016383 -0.23390783765988177 -0.2304478548346684 -0.22243976634856777 -0.36667558053096627 -0.32769360889493637 -0.52484885897197242 -0.45471569548813173 -0.30609492237956687 -0.55236795993107779 -0.46038948190927603 -0.75259133001059964 -0.64520724634427751 -0.52691336529872435 -0.70164395169866789 -0.95492935615726848 -1.3907527382465563 -0.29720646810412366 0.09384035313121801 0.022287010518528778 0.33878176633250157 0.23794741140138756 0.13719576953483156 0.53431215517007657 0.39949608308548595 0.52202581995014985 0.38311747742594277 0.25651268748944034 0.37030595191684357 0.30992508703718757 0.25162282145031872 0.19493637637319255 0.14051975787705659 0.17658754126754375 0.12686621678933774 0.080764292515804151 0.038438772379081235 0 -0.03444678460180664 -0.064887051005124916 -0.091230494323397554 -0.11331484480664236 -0.13093685806626176 -0.2323879855773317 -0.23960185938689732 -0.24112835287359724 -0.23755198281232714 -0.2292740466327399 -0.37776617680309232 -0.33740404003068258 -0.54015188803908432 -0.46749215986224096 -0.31391214400925638 -0.56682137001294708 -0.47138791499992666 -0.77118353667876971 -0.6597904264237856 -0.53711158798391712 -0.71435554243518662 -0.97264816389477127 -1.4607822349856421 -0.32449729644610759 0.080102651443505229 0.0090900548123160983 0.33686997023911697 0.23538065885081949 0.13365173582845727 0.54394987405864237 0.40673429539167327 0.53408997523528556 0.39214926636792158 0.26261671355994765 0.38008168216181543 0.31819875809660042 0.25840693852657171 0.20023436060034647 0.14435920044600323 0.18161187893820674 0.130506159818984 0.083099561689403925 0.039558236552595702 0 -0.035463138858430943 -0.066811706014895153 -0.093948894162256796 -0.11670415778894437 -0.13486446389822632 -0.23932780720900795 -0.24675967727660553 -0.24832592963874348 -0.24462514927142709 -0.23606752682953483 -0.38879125606017739 -0.34701542499512394 -0.55531358367543182 -0.48007585405498177 -0.32147446970550159 -0.58095282023205697 -0.48198697817636271 -0.78929328276687771 -0.67380408878434195 -0.54664445319845578 -0.72616968392389891 -0.9892661175823404 -1.5318112285507057 -0.35241143064904246 0.065831127485829269 -0.0045590913308500552 0.33458424955436644 0.23251314470324363 0.12987022282471042 0.5534088803078191 0.41384222401949577 0.54606356250652877 0.4011217384620735 0.26868425195915402 0.38982993189213544 0.32645224580542431 0.26517665384114419 0.20552241230514956 0.14819205299163812 0.18663206720727848 0.1341436277602607 0.085433480073537058 0.040677106304067109 0 -0.036478839501329345 -0.068734817971932427 -0.096664420695294878 -0.12008861269705294 -0.13878437154028281 -0.24625611978827178 -0.25390095755744896 -0.25550054038200132 -0.25166730710754787 -0.24282019123747917 -0.39975076238965751 -0.35652773851271791 -0.57033388154327014 -0.49246673977007754 -0.32878181598241923 -0.59476223016622642 -0.49218656420900925 -0.80692046334312562 -0.6872480488378927 -0.55551176716317996 -0.73708613413233559 -1.0047829299979003 -1.7137943642339823 -0.42493727708466145 0.027805790461548748 -0.040669532816410378 0.32722644461375422 0.22402238845422387 0.11937244870485694 0.57627057292588002 0.43103902637768587 0.57559888686783078 0.42329169181501008 0.28369225806250931 0.41407934435310045 0.34699684501390382 0.28203727345042084 0.21869856962256784 0.15774494754190596 0.19916408378179104 0.14322629988016244 0.091262248838172896 0.043471627030007093 0 -0.039015196328914828 -0.073535776220544774 -0.10344057779467435 -0.12852839396878299 -0.14855036332928653 -0.26352642626490563 -0.27168171686279508 -0.27333643898581961 -0.26913696692744543 -0.25952314523473835 -0.42686259974214735 -0.37987494175397907 -0.60726594954202762 -0.52260029410089881 -0.34593465453397865 -0.62787677178932433 -0.5159377363643658 -0.84887703317591934 -0.7183654868579491 -0.57476812126731092 -0.76044972179735437 -1.0387575874880575 -1.8262788937404928 -0.47044925410742194 0.0032804999200436863 -0.063785277828591724 0.32161120324280501 0.21795995571464044 0.11230776857304157 0.58940931573827171 0.4409346378195283 0.59302625866234315 0.43640202836408537 0.29258093017994052 0.42854278218739539 0.35926183034673664 0.29211127868323439 0.22657679415749732 0.16346028293412018 0.2066747826981154 0.14867232117368012 0.094758564514009852 0.045148396000449703 0 -0.040537777348300989 -0.076417730457991467 -0.10750753260816645 -0.13359225647676248 -0.15440688097771227 -0.27388018931023461 -0.28233353839434749 -0.28400984302243393 -0.27957505757644874 -0.26948103982635435 -0.44301301761082224 -0.39369088018210896 -0.62913444194411483 -0.54026784993115995 -0.35566371131925484 -0.64702239284735963 -0.52927841161469569 -0.8729425667021008 -0.73572362664326263 -0.58478755255043857 -0.77245705281166577 -1.0568850886236698 -1.8271669512093769 -0.47083300705526593 0.0029501217697183932 -0.064067896692119833 0.32137149791051639 0.21776059550996052 0.11214629998117005 0.58928376777749603 0.44084254165653736 0.59296474526773346 0.43636738555209226 0.29256858728992796 0.42853958508655393 0.35926651430052498 0.29212212769931623 0.22659186214673996 0.16347796560166131 0.20669342548522945 0.14868944184335919 0.094771988476002975 0.045156140066106028 0 -0.040548741133537312 -0.076441704964459067 -0.10754665305275669 -0.13364953414359049 -0.154485087081108 -0.27398173986656066 -0.28246127913610575 -0.2841672186997225 -0.27976475371567827 -0.26970586322547863 -0.44331876295763867 -0.394090277797297 -0.62964151400942492 -0.54089685606525839 -0.35642944792695458 -0.64794117286603492 -0.53036747985778965 -0.87422247933445685 -0.73721861499575492 -0.58652785919285566 -0.77501995071431984 -1.0608061716422887 -1.8276686783909879 -0.47103728067225925 0.0027763881569304026 -0.064214522923646267 0.32124899195066109 0.21766071116081093 0.1120674824138881 0.58922480682973477 0.44080191058339507 0.59294070988614245 0.43635769276443409 0.29257048806179975 0.42854606417831714 0.35927680610577928 0.29213521449450558 0.22660654142877296 0.16349329304817917 0.20670839916989037 0.14870256342433338 0.094781946624945684 0.045161741534859287 0 -0.04055628179011507 -0.076458017343345896 -0.10757301796495176 -0.1336877689867797 -0.15453685279672971 -0.27404849187270108 -0.28254473151028736 -0.28426943880262118 -0.27988736243720957 -0.26985055549502662 -0.44351400695083376 -0.39434373979048343 -0.62996159429091858 -0.54129211449119541 -0.3569087615742973 -0.64851437494212283 -0.53104489631539065 -0.87501650923145613 -0.73814383134201744 -0.58760250761119159 -0.77659461830032162 -1.0632050108482165 -1.8279387769250874 -0.47113481618309844 0.0026957693880963161 -0.064280439751816867 0.32119600522208069 0.21761962563851742 0.11203740068846177 0.58920494382750122 0.44079137974554644 0.59293844529964101 0.43636232469911307 0.29258034552344803 0.42855780773159785 0.35928997523796385 0.29214918433801096 0.22662060797037722 0.16350686844003345 0.20672088870272959 0.14871306522083885 0.094789669867001491 0.045165975786638848 0 -0.04056168583358305 -0.076469560639012488 -0.1075914636858081 -0.13371421224677441 -0.15457228578856755 -0.27409378136878032 -0.28260089778724906 -0.28433774882895613 -0.27996874904639352 -0.26994604981431236 -0.44364151951060937 -0.39450786039952335 -0.63016732954914323 -0.54154463248115881 -0.35721331143900614 -0.64887684409586399 -0.53147145045872868 -0.87551456635320746 -0.7387221638426541 -0.58827205546045291 -0.7775684453872691 -1.064679019223735 -1.8280713943785605 -0.47116981642700839 0.0026694241027430858 -0.064299387473034902 0.32118327553967241 0.21761250636066029 0.11203533907222736 0.58920748925336586 0.44079787160273526 0.59294831042054463 0.43637472822489726 0.29259427260277759 0.42857205075521099 0.35930427538685655 0.2921631688617557 0.22663382497290779 0.1635190000622524 0.20673156139637025 0.14872174890160322 0.094795888384514693 0.045169308001531946 0 -0.040565719269261134 -0.076478059859376959 -0.10760489004131851 -0.13373320783833845 -0.1545974534634092 -0.27412562504207511 -0.28264003626300294 -0.28438490909815706 -0.28002451034022807 -0.27001101434173319 -0.44372716402750217 -0.39461688670821632 -0.63030272348268424 -0.54170940348863306 -0.35741064449410082 -0.64911016799189514 -0.53174449780614197 -0.87583170420410039 -0.73908856730056505 -0.58869434978126822 -0.7781762085766265 -1.0655904399745519 
end_dependent_variable

end_regular_table
