# ****************************************************************************
# CUI
#
# The Advanced Framework for Simulation, Integration, and Modeling (AFSIM)
#
# The use, dissemination or disclosure of data in this file is subject to
# limitation or restriction. See accompanying README and LICENSE for details.
# ****************************************************************************

# ##################################################################################################
# 
# This file was auto-generated by AFSIM Mover Creator 2.8.0.201104
# 
# Creation Date:  05 Nov 2020
# 
# ##################################################################################################

regular_table

independent_variable mach precision double
0.10000000000000001 0.5 0.70000000000000007 0.75 0.80000000000000004 0.84999999999999998 0.90000000000000002 0.92000000000000004 0.94000000000000006 0.95999999999999996 0.97999999999999998 1 1.02 1.04 1.0600000000000001 1.0800000000000001 1.1000000000000001 1.2 1.3 1.4000000000000001 1.5 1.75 2 2.5 3 3.5 4 
end_independent_variable

independent_variable surface_angle units deg
-40 -30 -28 -26 -24 -22 -20 -18 -16 -14 -12 -10 -9 -8 -7 -6 -5 -4 -3 -2 -1 0 1 2 3 4 5 6 7 8 9 10 12 14 16 18 20 22 24 26 28 30 35 40 
end_independent_variable

dependent_variable precision double
0.34549529768999787 0.17917784685809637 0.17254276108337996 0.33907735448547643 0.37287595582131189 0.48115107538561874 0.51095599404670911 0.46014973011083832 0.50222629979513356 0.43607521195898397 0.45117643656154899 0.32927710804915844 0.2457853319772059 0.2376577055565291 0.26645317418930131 0.27324203799332297 0.26357890180201787 0.18657699393797028 0.14952161326828675 0.10369238202182209 0.052726882342541755 0 -0.057376577510259853 -0.11924433347338201 -0.18674039077929225 -0.25911436206377303 -0.34967741917337797 -0.37862441972690752 -0.49415780269818155 -0.63379288690154534 -0.74036602935416873 -0.86073397522185469 -0.78838788397793347 -1.0252625242444737 -1.0119278647009577 -1.2583281131652373 -1.2872855040731068 -1.0767716696195495 -1.3377311306938102 -1.1092313990347731 -1.3924938503873288 -1.6093458567731791 -1.1498765925248091 -0.25662011505623117 0.34672709322067702 0.17989937973299117 0.17317581155961684 0.33962661245276654 0.3733469284119133 0.48154899974303811 0.5112865705717482 0.46041888732245412 0.50243992702242668 0.43623953215545302 0.45129765819193457 0.32936169884399502 0.24585402483865454 0.23771211639598935 0.2664949323218696 0.27327280748796701 0.26360035196152981 0.18659078812921931 0.1495294381231303 0.10369591518844928 0.052727806176392417 0 -0.057375820265213255 -0.11924113492047331 -0.18673306885030372 -0.25910123355755538 -0.34965680658535309 -0.37859460403295064 -0.49411714781752059 -0.63373973071194001 -0.74029873922151201 -0.86065091072512967 -0.7882683491708864 -1.0251001388397354 -1.0117161243312223 -1.2580610244631854 -1.2869566861130981 -1.0763753825556173 -1.3372618596067867 -1.1086833867177128 -1.3918620435188533 -1.6086252559020069 -1.1489133140196517 -0.25538784911961859 0.34659705004293051 0.17982335664502735 0.17310918037822967 0.33956881800959671 0.37329742779341007 0.48150719463370356 0.51125186648571208 0.46039067011509094 0.50241755778418506 0.43622236061555303 0.45128501652713587 0.32935291386957849 0.24584690517783467 0.23770649111971737 0.2664906276927031 0.27326964791747677 0.26359816084005272 0.18658939002789407 0.14952865560254103 0.10369557117618615 0.052727723264953147 0 -0.057375915239979723 -0.11924150307534763 -0.18673388724173895 -0.25910267975262158 -0.34965905712988643 -0.3785978308134067 -0.49412153082640037 -0.63374544196335347 -0.74030595762289897 -0.86065980669492193 -0.7882811070648853 -1.0251174458208012 -1.0117386226279166 -1.258089384388007 -1.2869915150449966 -1.0764173067663727 -1.3373114880072003 -1.1087412689870109 -1.3919287666113052 -1.6087013411575934 -1.149014976337279 -0.25551785834133306 0.34657114503710623 0.17980821831828972 0.17309590925029456 0.33955730353187841 0.37328756120448242 0.48149886417226551 0.51124495241207146 0.4603850516044945 0.50241309856571448 0.43621894152396029 0.45128249430243222 0.32935116098516221 0.24584548652417418 0.23770536970899195 0.26648976950505354 0.27326901807137766 0.2635977239593183 0.18658910979488855 0.14952849922607742 0.10369550222693112 0.052727706566180782 0 -0.057375933977230981 -0.11924157588614388 -0.18673404947434152 -0.2591029667832162 -0.34965950495697323 -0.37859847498869598 -0.49412240222626536 -0.63374658000104567 -0.74030739529704348 -0.86066157400426901 -0.78828365108655307 -1.0251208915921333 -1.0117431088452624 -1.2580950334717975 -1.286998449479491 -1.0764256515250874 -1.337321365638221 -1.1087527987194128 -1.3919420508238012 -1.6087164999728392 -1.1490352353230144 -0.25554376347481156 0.3465471437392017 0.17979418649864312 0.1730836044650774 0.33954663438064336 0.37327842390431942 0.48149114811076171 0.5112385460194071 0.46037984043862901 0.50240896563152238 0.43621576906039028 0.45128016151664457 0.32934953684006318 0.24584416929182012 0.23770433037995323 0.26648897265527405 0.27326843232982406 0.26359731832196315 0.18658885183755078 0.14952835452997829 0.10369543862319809 0.052727691032253519 0 -0.057375951094868885 -0.11924164343120211 -0.18673420076059169 -0.25910323389974693 -0.34965991822167031 -0.37859906759166601 -0.49412320973517532 -0.63374762982964716 -0.7403087219119856 -0.86066321787195088 -0.78828600388214565 -1.0251240837144591 -1.0117472626509256 -1.258100265892097 -1.2870048863176957 -1.0764333863517672 -1.3373305199802275 -1.1087634851677997 -1.3919543643533354 -1.6087305474301323 -1.1490539930946999 -0.25556775430506717 0.34652480296785909 0.17978112242591118 0.17307215445275831 0.33953669975199724 0.37326991491840428 0.48148396009108763 0.51123257888503737 0.46037499117257913 0.50240512119594849 0.43621281581109117 0.4512779842137406 0.32934802305206834 0.24584294594917125 0.23770336279260626 0.26648823079256528 0.27326788805994678 0.26359693989092114 0.18658860961359999 0.14952821900902871 0.10369537884111429 0.0527276764078628 0 -0.057375967199251102 -0.1192417058222197 -0.18673434011116885 -0.25910348075116441 -0.34966030370560974 -0.37859962311107442 -0.49412395979966989 -0.63374860762933438 -0.7403099619454282 -0.86066474142549598 -0.78828819442917841 -1.0251270526333176 -1.0117511204901959 -1.2581051307957929 -1.287010858877371 -1.0764405884772361 -1.3373390495823045 -1.1087734302002674 -1.3919658186420716 -1.6087436220343401 -1.1490714694729629 -0.25559008792777127 0.34650390596615199 0.17976890814756152 0.17306144777117199 0.3395274069689504 0.37326195803714651 0.48147723979660773 0.51122699701121255 0.46037045555303641 0.5024015265797539 0.43621005200070817 0.45127595281965133 0.32934660908970181 0.24584180079475426 0.23770245737288204 0.26648753731081959 0.2732673785120272 0.26359658737369324 0.18658838455914667 0.1495280913707295 0.10369532252165224 0.052727663028101099 0 -0.05737598217070182 -0.1192417642559554 -0.18673447087699738 -0.25910371116709652 -0.34966066499906784 -0.37860013771729401 -0.49412466410011385 -0.63374952785695238 -0.74031112276940525 -0.86066616898304094 -0.78829024417356708 -1.0251298318579523 -1.0117547373182314 -1.2581096867761896 -1.2870164471977361 -1.076447321090352 -1.3373470195481238 -1.1087827226641787 -1.3919765458121662 -1.6087558359935543 -1.1490877969629225 -0.25561098416355293 0.3605226449832844 0.18669857225349532 0.1774661508789904 0.34533043278005288 0.3773553563276455 0.48672471387710559 0.51709411276489714 0.46494670550517575 0.50769728797611346 0.44013649191529097 0.45563592747184561 0.33313163355566094 0.24830488233691528 0.24017652301485853 0.26919105735472315 0.2760287215106787 0.26627893444015366 0.18829301684105859 0.15091280418997935 0.10467382336281289 0.053236994082273323 0 -0.057944671175775689 -0.12043733646176701 -0.18862261757696483 -0.26174389461362702 -0.35320353151151784 -0.38222857396677357 -0.49886220900880579 -0.63978386449476521 -0.74744556433091536 -0.86901712515868867 -0.79613517507433496 -1.0354674521992402 -1.0216286476769734 -1.2705553831949372 -1.2996002604153052 -1.0865696217131589 -1.3498996463203352 -1.1182132160587355 -1.4037387597451909 -1.6224151554660597 -1.1577443715204636 -0.25389671883617476 0.37468226558617651 0.19370090502544637 0.18191309534179784 0.35118011075812117 0.38147102714552183 0.49200008056572464 0.52299439324747554 0.46954352737469401 0.51301921604399137 0.4440767196001138 0.46001395100611059 0.33693773613918571 0.25077888438154144 0.24266235954089194 0.27190681332713829 0.27880244993374093 0.26897346563941116 0.19000367816327154 0.15230258990638734 0.10565608299311552 0.053748393926849138 0 -0.058515803476926691 -0.12163817033027649 -0.19051922138415772 -0.2643960871470562 -0.35676235078485874 -0.38587153240695882 -0.50361875849592141 -0.64584206623615703 -0.75460907106871511 -0.8774026875095583 -0.80401452748567792 -1.0458518014021709 -1.0315445706853397 -1.2830558007551107 -1.3122384433166026 -1.0967324475581988 -1.3625027819498945 -1.1276734968590658 -1.4155381435338608 -1.6361190206571219 -1.1664199665621486 -0.25214216858293503 0.38898277237038142 0.20077590263378695 0.18640227564493045 0.35707644442641256 0.38560898067758498 0.49730333787105818 0.52892784320768615 0.47416091740855593 0.51836731338753428 0.44803073785080477 0.46441000825712064 0.34076491492546213 0.25326380352026406 0.24515995902365292 0.27463480549613883 0.28158856286210321 0.27168018033957725 0.19172036900448894 0.1536974507219894 0.10664210310717036 0.054261862092699127 0 -0.059089379303932467 -0.12284426625402066 -0.19242427938805898 -0.26706028968649453 -0.36033712239783144 -0.38952900901674054 -0.50839431769316168 -0.65192413388534931 -0.76180164156584207 -0.88582285396765048 -0.81192828961234254 -1.056282890802442 -1.0415025242659872 -1.2956109628940311 -1.3249310066245852 -1.1069358050592464 -1.3751564425212381 -1.1371635869706402 -1.4273746867615882 -1.6498674006233489 -1.1751145502254752 -0.25034730307318243 0.40342415665540982 0.20792356288286387 0.19093369921786596 0.36301943209989107 0.38976919872033822 0.50263448303577463 0.53489445332676833 0.47879886812622219 0.52374157760684226 0.45199854812262252 0.46882411016484554 0.34461317172718081 0.25575964164236625 0.24766932327583199 0.27737503853387058 0.28438706455941776 0.27439907996399687 0.19344308796689674 0.15509738544321827 0.10763188137209592 0.054777398072397655 0 -0.059665398246703735 -0.12405562439575872 -0.19433779465237075 -0.26973650177876957 -0.36392784705891718 -0.39320100844273381 -0.51318887975825866 -0.65803006338293701 -0.7690232787328134 -0.89427763474530619 -0.81987647434740896 -1.0667607152172913 -1.0515024794414003 -1.3082208595525437 -1.3376779418630114 -1.1171796871697866 -1.3878606127158553 -1.1466834847594842 -1.439248383147784 -1.6636603078748582 -1.1838281265953798 -0.24851214487618947 0.4164874065790245 0.21514387729643458 0.19550736562657992 0.36900907148078005 0.39395169442216976 0.50799352606796744 0.54089423021721239 0.48345738363815977 0.52914200282981949 0.45598014331799042 0.47325625120185599 0.34848250710602036 0.25826639770108301 0.25019045331866319 0.28012750498532507 0.28719795125988395 0.27713016454458367 0.19517183503134683 0.15650239516151782 0.10862542007609473 0.055295002596765327 0 -0.060243860507891621 -0.12527224481612645 -0.19625976523674835 -0.27242472558762088 -0.36753452121294483 -0.39688753231891305 -0.51800245140582624 -0.66415985480551254 -0.77627397889318661 -0.90276702540015696 -0.82785906501923112 -1.0772852625195641 -1.0615444523726076 -1.3208854946623991 -1.3504792693544381 -1.1274640927664621 -1.4006153022354697 -1.1562331775622958 -1.4511592517384631 -1.6774977536962856 -1.1925607244706624 -0.39020299571085321 0.44383086789411469 0.21378058057215854 0.19119772271145347 0.37504535559915708 0.39815645552827111 0.51338045769993768 0.54692717341946306 0.4881364638677762 0.53456859832416503 0.45997553393008822 0.47770643462333551 0.35237292355123878 0.2607840739558947 0.25272334631822196 0.28289221342886822 0.29002122355709414 0.2798734323963013 0.19690661247646762 0.15791247830674068 0.10962271754370467 0.055814674205756587 0 -0.060824766235894202 -0.12649412739066093 -0.19819018960934073 -0.2751249571876801 -0.37115714890017171 -0.40058857761987238 -0.52283503409112275 -0.67031350792329836 -0.78355374591488547 -0.91129102577901799 -0.83587608613742626 -1.0878565461895502 -1.071628443289387 -1.3336048480031633 -1.3633349782227231 -1.1377890172537197 -1.4134205132246724 -1.1658126656854448 -1.5274736961932838 -1.7672400435909352 -1.3177504063181054 -0.43586695983115176 0.47086967073625496 0.21917957775250474 0.19409490809943003 0.37042840017697509 0.39143675121944821 0.50794131511983154 0.54210476138276653 0.48200768502429009 0.52917386931492982 0.45319241951418893 0.47141837090550809 0.35628441635239405 0.26331266490490285 0.25526800904018387 0.28566915426489997 0.29285688074256711 0.28262888408082859 0.19864741678538433 0.15932763688305868 0.1106237755333631 0.056336414911521637 0 -0.061408115438689855 -0.12772127093536892 -0.20012907259547871 -0.27783719952137781 -0.37479572599098249 -0.40430414331161224 -0.52768661864857269 -0.67649103287204215 -0.79086257682356587 -0.91984963113315055 -0.8680734923882214 -1.1272653898280154 -1.1160620282029767 -1.3869118815365269 -1.4238883420049067 -1.2036233495251765 -1.4904196656971351 -1.24967863439717 -1.5605087139125704 -1.8049740761050477 -1.3587029249274372 -0.48239771125970571 0.51218624319926198 0.23901386237402025 0.21141690447144026 0.38948668172490641 0.40865114922327306 0.52685259865598133 0.56198785739192636 0.50102558342917525 0.54915820559121564 0.472071835595056 0.4905875289318572 0.36429306430880243 0.26967297586375216 0.26132519036451485 0.29217442407368011 0.29896290199803399 0.28811764482985952 0.20249798026121263 0.16280993944219321 0.11286700550968361 0.057172740172430167 0 -0.06317149630752969 -0.13140890822792575 -0.20592689161925662 -0.28527331253560539 -0.38488096228991786 -0.41631856282633972 -0.54217598713443194 -0.69452788830338186 -0.81239581022761509 -0.94514181401292729 -0.87370469786852478 -1.136539137250963 -1.1262554281103776 -1.4007043349516253 -1.4390014523292973 -1.2170791478259353 -1.5073182754363923 -1.264844227369015 -1.5794106567315001 -1.8286326921846596 -1.3857057306991132 -0.51520969100335423 0.53107287771981226 0.24729187935875158 0.21712977556206958 0.39690483393850007 0.41426995069270617 0.53410756966820494 0.57021861158832388 0.50833679683859345 0.55746060081133864 0.4792426780102077 0.49810018826331326 0.37131921594796086 0.27502353361542531 0.26634196512048497 0.297615808607188 0.30401420148581054 0.29256934970497195 0.20534235906629494 0.16545674032578697 0.11445072022726495 0.057591838651394126 0 -0.064453071753054578 -0.13401938240266134 -0.20992137886048104 -0.28993232223546433 -0.39110045032013824 -0.42319064466324269 -0.55003106298699822 -0.70421234649570874 -0.82363845849670292 -0.95797511588284179 -0.8859553485156062 -1.1510934880209505 -1.1401134655334704 -1.4164306117636598 -1.4540434979378669 -1.2282743176220583 -1.5195325908058235 -1.2723726387505754 -1.5874075616324796 -1.8370078351653771 -1.3816918829155727 -0.48585629581126072 0.54527287995943019 0.25466262946215623 0.22173654368953655 0.40297761828935674 0.41844111526662725 0.53950098651934264 0.57629650512206088 0.5130234583778811 0.56293101579917837 0.4832429026592025 0.50258440859862519 0.37526419966016483 0.27756046885082736 0.26890261605292465 0.30041175068986731 0.30687375771812903 0.29535222841063502 0.20709589200447234 0.16688212761424329 0.11546102541144408 0.058120258063478224 0 -0.065042183956703359 -0.13525973239289293 -0.21188256444933898 -0.29267928325246229 -0.39478605572394543 -0.42694999401592715 -0.55494260119553107 -0.71046644861571462 -0.83104209734049983 -0.96664834531244703 -0.89412920876748625 -1.1618808552414233 -1.1504062812223086 -1.429422846705551 -1.4671854005505263 -1.2388459850207376 -1.5326416700370697 -1.2821925297088677 -1.5996460075369838 -1.8512350804571998 -1.3907663249996394 -0.48415626107397114 0.61850695961128255 0.29261999902029773 0.24541577233164236 0.43405188849089565 0.43963987746534844 0.56689513170576566 0.6071916689984852 0.53677361491597664 0.59068356715968251 0.50345894537550329 0.52528339303816163 0.39531235679662641 0.29041531223602179 0.28188796529871651 0.31458090167867292 0.32136228306039272 0.3094532967572492 0.21595677308827396 0.17408802044781019 0.12057048459951306 0.060793521687106125 0 -0.068025962935861162 -0.14154359875261638 -0.22182019118324844 -0.30659963475595464 -0.41346062459895055 -0.44597376532081001 -0.57979546079163091 -0.74210706400880755 -0.86851057075691762 -1.0105501011240956 -0.93553490070048095 -1.2165429676797401 -1.2025299433351553 -1.4952392278270354 -1.5337504754153002 -1.2923577407481499 -1.5989966295707871 -1.3317988525741384 -1.6614638220595428 -1.9231197907960065 -1.4365449661463958 -0.47524999366833692 0.69544348117824772 0.3324130694592054 0.270167631688914 0.46630747883671186 0.46140813121389873 0.59499928092826171 0.63892821739471506 0.56105064269448801 0.61910262666630433 0.52403241579601323 0.54844494065270433 0.41589876567808032 0.30355339060801112 0.29517651389101601 0.32906551199255951 0.33616850595363501 0.32386536367862268 0.22497295399968031 0.18142545317336176 0.12577647689337604 0.063518738350998097 0 -0.071073422384235516 -0.14796429794869778 -0.23197729036900638 -0.32082922773719968 -0.43254612158747124 -0.46537595037045276 -0.60514031303874249 -0.77436465156928613 -0.90672967992082198 -1.0553448126260856 -0.97783501583714383 -1.2724143807987074 -1.2557536824664794 -1.5624818212728162 -1.6017426007822155 -1.3469599392996854 -1.6667024366538357 -1.3822517429773171 -1.724326425904035 -1.9962543496580309 -1.4830042842957609 -0.46567149997184232 0.77605483381067786 0.37403698838529997 0.2959881210769682 0.49974105576356387 0.48374315198749196 0.6238111410057755 0.67150422885888839 0.58585291871720391 0.6481868789695896 0.54496222847659304 0.57206822979563421 0.43702280973446966 0.31697419366890656 0.30876785620842451 0.34386520594505143 0.3512921523879951 0.33858823348078082 0.23414431570109742 0.18889431655076824 0.13107895541200737 0.066295916344702319 0 -0.074184526989467786 -0.15452177306329559 -0.24235379677528776 -0.33536803730361714 -0.45204251618014002 -0.48515652803807546 -0.63097720057338669 -0.80723928967686276 -0.94569954546548396 -1.101032629556858 -1.0210298713983001 -1.3294955939817734 -1.3100781801623529 -1.6311515397708221 -1.6711629510704258 -1.4026540009565946 -1.7357607850028818 -1.4335532073879982 -1.7882361153152153 -2.0706414035713072 -1.5301478353846882 -0.45542542251446905 0.86031484813078474 0.41748714109722712 0.32287337831628982 0.53434939587383357 0.50664234214967296 0.65332846586167292 0.70491785712750099 0.61117884832715841 0.67793501854946225 0.56624728967557758 0.59615243862885137 0.45868381992983898 0.33067715616566284 0.32266154341857795 0.3589795724256174 0.36673289971734108 0.35362168634309488 0.24347072243222417 0.19649448247898382 0.13647786338117679 0.069125061340854818 0 -0.077359232375747267 -0.16121594008395265 -0.25294959570474362 -0.35021596828895935 -0.47194970861515589 -0.50531540966779764 -0.65730606556818594 -0.84073093352489403 -0.98542014479610085 -1.1476135837023231 -1.0651196159735044 -1.3877868626651046 -1.3655038599795972 -1.7012489615948339 -1.74201228837584 -1.459440866275437 -1.8061728480158474 -1.4857046060899344 -1.8531944604404336 -2.1462827639497282 -1.5779779570179147 -0.44451482653021235 1.0867694778035617 0.5340741579793874 0.39472155107098184 0.62599012996708459 0.5663424948579735 0.73019433424460689 0.79210478369494475 0.67677459061985779 0.75520152662349516 0.62100709789465236 0.65837391958874636 0.51518105969835004 0.36616529432297173 0.35871549502363764 0.39813929495387163 0.40671987256704051 0.39256250703402507 0.26746405933867895 0.21606837670448206 0.15039657262064418 0.076425323133678558 0 -0.085573839398608881 -0.17854864340243182 -0.28039745735530158 -0.38868731564065445 -0.52351383646545036 -0.55736640430819462 -0.7252795593815613 -0.92715827993026934 -1.0880049859029681 -1.2679722821680501 -1.1792582925206163 -1.5388088289240784 -1.5088860317699127 -1.8827398541694489 -1.9253892157767074 -1.6061917598421174 -1.9881289809943525 -1.619805845616219 -2.0201832742374624 -2.3408793751807075 -1.7005643301186837 -0.41433774082155261 1.2330426055307533 0.60956560617807853 0.44105735696199111 0.68450307128719368 0.60384610319354148 0.77838860738701421 0.84686525316306549 0.71760809117933644 0.80344127850941616 0.65479458392762802 0.69695451337294212 0.5505459246937251 0.38816915576602012 0.3811315957808919 0.42244593194558056 0.43154804038336519 0.41676482225507805 0.28225609693994524 0.22813543475165854 0.15899732195988639 0.080956415936884324 0 -0.090652125122162266 -0.18927351364586975 -0.29739302458692674 -0.41254866450890215 -0.55548271688414208 -0.58947445259893816 -0.76725420489743668 -0.98051803116086877 -1.151396316953103 -1.3423894106581145 -1.24983315364453 -1.632331579287603 -1.5973399724645505 -1.9948883574630774 -2.038496955914094 -1.6961393880923785 -2.0997909077517432 -1.7010029692904372 -2.1214608049172794 -2.4589769829567993 -1.7725817436946236 -0.38848543833339788 1.2317957604568717 0.60992456101015202 0.4412892868735469 0.68461137698761165 0.60388772103408261 0.77829813434788842 0.8466792258071536 0.71730145225272834 0.8030634525486785 0.65432773444184122 0.69647686880499671 0.55002863837312144 0.38768144055381876 0.38068600328181407 0.42196278196870945 0.431128437333402 0.41642206866290499 0.28200306418419463 0.22787453689806011 0.15885109480747781 0.08093766412505729 0 -0.090500065327121168 -0.18896064527135262 -0.29690918384096282 -0.41199776123782006 -0.5547344752922273 -0.58852006980826466 -0.76619471095410174 -0.97922641837767932 -1.1498656090249686 -1.3406133512499485 -1.2476242499295616 -1.629643975303992 -1.594059365314932 -1.9910436065833768 -2.0339911321511877 -1.6909728999398861 -2.0939056635873867 -1.6942163648071793 -2.1137438753644338 -2.4499076357072749 -1.7591345218195238 -0.36698145085129935 1.2310077379691593 0.61012355229403203 0.44141351744240065 0.6846627973984708 0.60390073666202426 0.77823287940703501 0.84655775320850046 0.71710845242135346 0.80282872062620347 0.65404028641780854 0.69618400249606804 0.54971270749321877 0.38738382614483829 0.38041431545222715 0.42166865411659593 0.43087314509732005 0.41621363096408082 0.28184923378473081 0.2277160975416834 0.1587623141446507 0.080926268230164411 0 -0.090407861017040125 -0.18877097410448693 -0.29661592866525693 -0.41166398062286885 -0.55428120630446476 -0.58794200219020909 -0.76555318512884618 -0.97844443585108964 -1.1489389508238841 -1.3395383256132858 -1.2462876613606266 -1.6280181777205629 -1.5920751458559483 -1.9887186460015656 -2.0312668282072477 -1.6878496381496699 -2.0903483632848032 -1.690114380389298 -2.1090797462821191 -2.4444255824043228 -1.7510034307985118 -0.35397041846277999 1.2305002369855493 0.61022681948096558 0.44147356983405062 0.68468070090787481 0.6038972006391331 0.77818364826666619 0.84647608256859697 0.7169848569324232 0.80268117847539022 0.65386196491105986 0.69600343363614259 0.54951903683872882 0.38720166830856129 0.38024821684049054 0.42148925425051981 0.43071756551541346 0.41608669093364337 0.28175561039813457 0.22761981336168868 0.15870838460960585 0.080919336125360161 0 -0.090351953798434206 -0.18865601490467854 -0.29643823553658349 -0.41146185702268218 -0.55400679114169848 -0.58759212612882239 -0.765165075341245 -0.97797145576965838 -1.1483785741708965 -1.3388883203540756 -1.2454798958656816 -1.6270360231082253 -1.5908768387598253 -1.9873150415013161 -2.0296224435258741 -1.6859649251832383 -2.0882021480218711 -1.6876396634936037 -2.1062660958478623 -2.4411178768092405 -1.7460948029665961 -0.3461083664455431 1.2301654726349878 0.61027357668185311 0.44149602294113843 0.68467945372579364 0.60388467520353439 0.7781450200888006 0.846419264935794 0.71690396306866744 0.80258698048507415 0.65375016531365526 0.69589125043769873 0.54939971457601811 0.38708967946372214 0.38014630661829824 0.42137952999218209 0.43062253298539876 0.41600923543727297 0.28169852995713207 0.22756124973779929 0.15867560355515248 0.080915114998033805 0 -0.09031806717833997 -0.18858636355124866 -0.29633062970062413 -0.41133956616024825 -0.55384082656693068 -0.58738059600564674 -0.76493060638653743 -0.97768577894842779 -1.1480402048641456 -1.3384959584032068 -1.2449926625482965 -1.6264439633071697 -1.5901547637373052 -1.9864696562971278 -2.0286324171138399 -1.6848305741459138 -2.0869107516126451 -1.6861507948861441 -2.1045735050897956 -2.4391276550471397 -1.7431387388912607 -0.34136674101749642 
end_dependent_variable

end_regular_table
