# ****************************************************************************
# CUI
#
# The Advanced Framework for Simulation, Integration, and Modeling (AFSIM)
#
# The use, dissemination or disclosure of data in this file is subject to
# limitation or restriction. See accompanying README and LICENSE for details.
# ****************************************************************************

# ##################################################################################################
# 
# This file was auto-generated by AFSIM Mover Creator 2.8.0.201104
# 
# Creation Date:  05 Nov 2020
# 
# ##################################################################################################

regular_table

independent_variable mach precision double
0.10000000000000001 0.5 0.70000000000000007 0.75 0.80000000000000004 0.84999999999999998 0.90000000000000002 0.92000000000000004 0.94000000000000006 0.95999999999999996 0.97999999999999998 1 1.02 1.04 1.0600000000000001 1.0800000000000001 1.1000000000000001 1.2 1.3 1.4000000000000001 1.5 1.75 2 2.5 3 3.5 4 
end_independent_variable

independent_variable surface_angle units deg
-40 -30 -28 -26 -24 -22 -20 -18 -16 -14 -12 -10 -9 -8 -7 -6 -5 -4 -3 -2 -1 0 1 2 3 4 5 6 7 8 9 10 12 14 16 18 20 22 24 26 28 30 35 40 
end_independent_variable

dependent_variable precision double
0.46195497089896326 -0.98595227615778924 -1.3950528683665258 -1.1108837467886361 -1.3383580101080035 -1.0770386952603987 -0.90101647246122807 -1.2582527928139529 -1.0108346231849268 -1.025304892181423 -0.78694215804110301 -0.69888628467665137 -0.73864892068142329 -0.631948855431687 -0.49442353003142014 -0.37663308296870796 -0.27669158029607377 -0.25687644387678538 -0.18449141655293314 -0.11688210169440376 -0.05490764322470805 0 0.055200694887616246 0.1060820921612866 0.15183780425801885 0.18890444933073319 0.2135313493410034 0.27546506052431363 0.26671723078363735 0.23986901459681639 0.24797640960507678 0.24440876286121757 0.45338920934936272 0.43728232177346504 0.50452777071729782 0.46185865831589656 0.4019786569729828 0.48300790253513576 0.37471363508773742 0.34046444780129215 0.17369191899316644 0.085321921950114496 0.2305799473738408 0.23933315822011098 0.46318549205720472 -0.98523226709174816 -1.3944212802974452 -1.1103357523431716 -1.337888109685498 -1.0766417076299095 -0.9006867767505552 -1.257984015756711 -1.0106213263268478 -1.0251407514030104 -0.78682109010644141 -0.69880194874353674 -0.73858038591977049 -0.63189459247968216 -0.49438187051176441 -0.37660237905643779 -0.27667017743246358 -0.25686264448362528 -0.18448358671957354 -0.11687856516089552 -0.054906717763265604 0 0.055201453808124933 0.10608529425660086 0.15184513196336241 0.18891758246441753 0.2135519569185986 0.27549481060398284 0.26675778807261946 0.2399220257073596 0.24804354202090009 0.24449165298222861 0.45350859224784484 0.43744452929199734 0.50473917995189288 0.46212537005493015 0.40230665271192828 0.48340325823361591 0.37518183515555281 0.34101120668121254 0.174322266135224 0.086040939525549101 0.2315416473064682 0.24056376503435828 0.46305536079802156 -0.98530839549447324 -1.3944880077301416 -1.110393630272225 -1.3379376926409965 -1.0766835792471117 -0.90072154083409173 -1.2580122595161596 -1.010643720202361 -1.025157932134017 -0.78683374102617376 -0.69881075037683371 -0.73858751432490699 -0.63190022650027078 -0.4943861805662369 -0.37660554596704782 -0.27667237072406309 -0.25686404210624714 -0.18448436869763224 -0.116878908710412 -0.054906800802359136 0 0.055201358713682612 0.10608492613364012 0.15184431290174238 0.18891613620552419 0.21354970656554673 0.27549157718550554 0.26675339689386734 0.23991630232879188 0.2480363119391488 0.24448274303429549 0.45349581871619965 0.43742720999229601 0.5047166536989165 0.46209698306740654 0.40227176237833273 0.48336126904684418 0.37513213475813889 0.3409532295648024 0.17425544487664968 0.085964742189525822 0.23143986116421278 0.24043363722184002 0.46302944494158549 -0.98532355392675608 -1.3945013048357175 -1.1104051624300577 -1.337947567208315 -1.0766919217080497 -0.90072846480093705 -1.2580178817925565 -1.0106481819100894 -1.0251613621400484 -0.78683626245303828 -0.69881250958013552 -0.73858893364875233 -0.63190135049599472 -0.4943870419452428 -0.3766061753344434 -0.27667280934408667 -0.25686432130206177 -0.18448452497835513 -0.11687897708522285 -0.054906817373477239 0 0.055201340275621007 0.10608485372974179 0.15184415157867634 0.18891584987702797 0.21354925926503368 0.27549093478141895 0.26675252456850895 0.23991516445066743 0.2480348741373499 0.24448097151235781 0.45349327852415949 0.43742375914670711 0.50471216767305205 0.46209132594139757 0.40226481913569462 0.48335290948023574 0.37512224008527495 0.3409416861733951 0.1742421369204617 0.085949563332561915 0.23141959451922173 0.24040771632306085 0.46300543419726609 -0.98533759768207585 -1.3945136197694485 -1.1104158377725244 -1.3379567121039067 -1.0766996506626336 -0.90073488249100342 -1.258023097362494 -1.0106523189930452 -1.0251645347951002 -0.7868386017172796 -0.69881413564004868 -0.73859025410437651 -0.63190239164410678 -0.49438783802909686 -0.37660676098025647 -0.27667321592289207 -0.25686458138165164 -0.18448467031272564 -0.11687904156657894 -0.054906832795707051 0 0.055201322675290473 0.10608478622457557 0.15184400069134579 0.18891558374981782 0.21354884502697302 0.27549033967323433 0.26675171575114298 0.239914110313735 0.24803354292685481 0.24447932879356454 0.45349092183511247 0.43742056992851597 0.50470801367590767 0.46208609275517298 0.4022583838293412 0.48334516380294457 0.37511307189278198 0.3409309886190881 0.1742298120296992 0.085935503237497601 0.23140081325915354 0.24038370538726 0.46298307351185952 -0.985350674967023 -1.3945250851641049 -1.1104257874005452 -1.337965231876606 -1.0767068407886025 -0.90074085964623185 -1.2580279503943441 -1.0106561689815787 -1.0251674896081635 -0.78684078032863947 -0.69881565249174538 -0.73859148220214621 -0.63190336235898281 -0.4943885823491499 -0.37660730593627523 -0.27667359452945856 -0.25686482295137425 -0.1844848059294158 -0.11687910107739738 -0.054906847491903263 0 0.055201306782335584 0.10608472342665998 0.15184386081419474 0.1889153358612094 0.21354845842605866 0.27548978573354715 0.26675096479306848 0.2399131278546672 0.24803230209557287 0.24447780064446589 0.45348873125616584 0.43741759504182048 0.50470414664553065 0.46208121949012293 0.40225239588732781 0.48333795312464001 0.37510453635478158 0.34092103382106953 0.17421833495467787 0.085922417080579405 0.23138332686003102 0.24036134546777901 0.4629621660425034 -0.98536291407412557 -1.3945357979092687 -1.1104350882896374 -1.3379731981404517 -1.0767135759548034 -0.90074644260511805 -1.258032492971044 -1.0106597709378933 -1.0251702531951519 -0.78684281379711052 -0.69881706339040994 -0.73859262655872415 -0.63190426733191729 -0.49438927605429067 -0.37660781489379397 -0.27667394578610072 -0.25686504802178439 -0.18448493178055547 -0.11687915688624244 -0.054906861294519702 0 0.055201292070182588 0.10608466538386546 0.15184373060685363 0.18891510511018492 0.21354809869636529 0.27548926817532299 0.26675026164151289 0.23991221132902271 0.24803114475017443 0.24447637461877217 0.45348668333085046 0.43741481821070333 0.50470053020045824 0.4620766649777503 0.40224679346116765 0.48333121234165199 0.37509655228316729 0.34091172776198003 0.17420760286989459 0.085910180590389171 0.23136697658378697 0.24034045140211979 0.47208661377084116 -0.99234583900785822 -1.4063313722396309 -1.1198899014028749 -1.3505403553881299 -1.0868466178662655 -0.90900248605427048 -1.2704847865106799 -1.0205310825112919 -1.0355140519768993 -0.7946811044043206 -0.70523434207793623 -0.74571744529987394 -0.63792770089207096 -0.49913164072813376 -0.38022380406185718 -0.27930822094049096 -0.25949054392066878 -0.18635822910557648 -0.1180589546099057 -0.055458966937847777 0 0.055727274444439472 0.10707934369251249 0.15324428987014724 0.19063575345673328 0.21547581402863308 0.27826651702192634 0.26945873860230035 0.24240267680262548 0.25051093124316443 0.24684096651112294 0.45786473309806502 0.44135572690545105 0.51001677402856316 0.46667215390705824 0.40558405333982139 0.48860112564045466 0.37921396507102095 0.34673948209175265 0.17863928287079406 0.089430042120871814 0.2381559835967357 0.25044527357866436 0.48128892722526645 -0.9993385892854284 -1.4181643181193626 -1.1293747187809362 -1.3631581682444889 -1.0970203155647338 -0.91728941570597056 -1.2829919154167702 -1.0304444805184743 -1.0459046783991528 -0.80255384994199008 -0.71167491383755499 -0.75287135146745021 -0.64397501362330245 -0.50389305986768385 -0.38385432884985377 -0.28195286587773788 -0.26212805504023884 -0.18823998684406815 -0.11924401627808669 -0.056013516529885364 0 0.05625532490540585 0.10807778189770217 0.15464992790907753 0.19236243579018511 0.21741013282620578 0.28105616603700695 0.27217949596634211 0.24490492570869854 0.25300166157381754 0.24921531652458004 0.46226086639271541 0.44531051059659194 0.51535924935101762 0.47128830028209656 0.40893099027912888 0.49389905664854927 0.38335378590401009 0.35261408821421664 0.18311343293204763 0.092987861440129188 0.24501151006806682 0.26065344277711422 0.49056906075661721 -1.0063411770084594 -1.430034686099549 -1.1388895051912464 -1.3758266359436029 -1.1072346557231034 -0.92560723339843942 -1.2955538652899139 -1.0403999530110022 -1.0563421109394047 -0.81046105692048576 -0.71813876779312324 -0.76005435095907925 -0.65004621130834961 -0.50867352328613114 -0.38749938784082144 -0.28460787655758413 -0.26477758067201329 -0.19013020220040219 -0.1204343403780824 -0.056570508639309097 0 0.056785444348257191 0.10907998235465552 0.1560606438045338 0.19409514900854194 0.21935105152752959 0.28385821499078717 0.27491253132097276 0.24741896141731418 0.2555033397632428 0.25159942894832638 0.46667508413391212 0.44927916338649926 0.52072794981063952 0.47592511352374922 0.41228760213449855 0.49922500337452941 0.38751602251798251 0.35853553134700894 0.18763005673009783 0.096583636556754851 0.25193354466208223 0.27096496091228311 0.49992705225267675 -1.0133535666890683 -1.4419424243525625 -1.1484342906580871 -1.3885457643065062 -1.1174896528428988 -0.93395593933592425 -1.3081706439425524 -1.0503975083374644 -1.0668263583036754 -0.8184027187528482 -0.724625916531351 -0.76726644483429185 -0.65614129528758214 -0.513473038936336 -0.39115898077945177 -0.2872732574096325 -0.26743912260953456 -0.19202887802765137 -0.1216299283300465 -0.057129945450602466 0 0.057317632078873491 0.11008594272091697 0.15747643785012089 0.19583389957110917 0.22129857223251712 0.28667266138762637 0.2776578459937965 0.24994478284341132 0.25801596323282439 0.25399329817834021 0.47110738355155796 0.45326168713892523 0.52612289090465558 0.48058258939389514 0.41565388949314003 0.50457896431207483 0.39170068448700751 0.36450381628992978 0.1921891507672181 0.10021736828773611 0.2589221110458812 0.28137982162698921 0.3451535126106649 -1.020375795244866 -1.453887565302584 -1.1580090525100619 -1.4013155573160117 -1.1277853066177492 -0.94233554281165466 -1.3208422632720622 -1.0604371538252146 -1.0773574229173957 -0.8263788449876156 -0.73113635308231562 -0.77450762248501892 -0.66226026182073028 -0.51829160042281996 -0.39483310876357125 -0.2899490073871181 -0.27011267787207571 -0.19393601322160625 -0.12283078105628095 -0.057691825025016429 0 0.057851887664825949 0.11109566460493012 0.15889730931820953 0.19757868039307558 0.22325269201150308 0.28949950643385719 0.2804154432017007 0.25248238719136168 0.26053953065495788 0.25639692473800391 0.47555776871782368 0.457258090074804 0.5315440550933711 0.48526072722873204 0.41902985554640976 0.50996094622686128 0.39590775718190729 0.37051894176643652 0.19679071854113506 0.10388906230092189 0.26597718963730066 0.28811258060042533 0.2805941013837841 -1.1069916920414615 -1.5331209057642545 -1.1676138108144203 -1.4141360129807128 -1.1381216084692887 -0.95074603371541355 -1.3335687180701494 -1.0705188658071541 -1.0879353020998264 -0.83438942428909024 -0.73767007407594476 -0.78177789486399596 -0.66840311427786647 -0.52312921414106139 -0.39852177305695713 -0.2926351245369308 -0.27279824998289431 -0.19585160782056318 -0.12403689595263893 -0.058256149172050083 0 0.058388212049160386 0.11210914765245442 0.16032326071720585 0.19932949765928987 0.22521341174530193 0.29233875146984933 0.28318531666409585 0.25503177859716325 0.26307404153179181 0.25881030969961333 0.48002623270108313 0.46126836001591942 0.53699145355929889 0.48995953461092279 0.42241549202231193 0.51537094643814918 0.40013724772578946 0.37658090639786324 0.19287384665770593 0.099365544892208321 0.26628833539741709 0.30024122510512513 0.2147176803807665 -1.1388855448456083 -1.5679688116807109 -1.2550707362818168 -1.4938833560104363 -1.2061497937125616 -1.0084721370771828 -1.3882872370690342 -1.1159702389718786 -1.1281768392755089 -0.8671163255603479 -0.74422708972457896 -0.789077256431028 -0.67456984745069692 -0.52798587591676605 -0.40222497298304172 -0.29533161208872322 -0.27549583697611468 -0.19777566204153432 -0.12524827543178588 -0.058822916299216571 0 0.058926604930293607 0.11312639171349609 0.16175428837704994 0.20108634795500066 0.22718073433166522 0.29519039681473841 0.28596746893406705 0.25759295542684141 0.26561949679520208 0.26123345408440235 0.47398177161274546 0.45471592240633729 0.53191081843416066 0.48409417310755493 0.41526413715269611 0.51019127111592544 0.39365730874675553 0.37205008736995326 0.19537742824868076 0.10131425798368754 0.27238144930128216 0.3121018712946067 0.16282662359814387 -1.1559702806175174 -1.5879975033175269 -1.2710285067852831 -1.5112001521565508 -1.2198906621959955 -1.0189940422427266 -1.4022351989498532 -1.1259529212243817 -1.1376395270223671 -0.87240408334122654 -0.76748344260626422 -0.81044518477325755 -0.69231771529661501 -0.5428130702086158 -0.41380204002985443 -0.30395569791048316 -0.28232835637833131 -0.20295233495480502 -0.12825910923375669 -0.059866376261640313 0 0.060488540767484007 0.11608045107448148 0.16594225170214733 0.2056535999352147 0.23258301298593345 0.30203269332663191 0.29261356107150122 0.26442223451086816 0.27277582834258057 0.26854762142606969 0.49379502949753346 0.47390001991238939 0.55257644680232132 0.50359615450150297 0.43316406863764406 0.52964631388675731 0.41141540129008553 0.39150971749859786 0.21303357753289703 0.11839447821606827 0.29357710625916456 0.33900016331000843 0.19738571829629895 -1.1562233510440394 -1.59557060696473 -1.2781351536622523 -1.5228836865931372 -1.2305841070061605 -1.0288185709822633 -1.4175517870435439 -1.1391753315977347 -1.1519703361185532 -0.88403133468444162 -0.77767303762538009 -0.82104369265368027 -0.70133729717270976 -0.55070123733781706 -0.41998624031324944 -0.30851928273497159 -0.28624073972749009 -0.20619999924500959 -0.13009083030799332 -0.060336957151539992 0 0.061719121308889797 0.11844581759838857 0.16934297771533047 0.2092539242729442 0.23695139312835478 0.30779512396096914 0.29814044477476603 0.27013849547303104 0.27881343947801046 0.27472372133205764 0.5019900267283568 0.48145407062573636 0.56157830656570984 0.51144631863955747 0.43938995182695439 0.53749824144070413 0.4176381391806514 0.39944850159553652 0.21924052969816593 0.12379939209458757 0.30253643632213056 0.35164035441699953 0.206705045054314 -1.1634732102181737 -1.6078558323840857 -1.2879903432179818 -1.536016238633668 -1.2411741995095338 -1.0374268001667868 -1.4305564491783185 -1.1494703531521164 -1.1627682135479469 -0.89220217330902052 -0.78431362044766828 -0.82844069285065935 -0.70758329624733463 -0.55561940791257836 -0.4237357116774812 -0.31124844934865814 -0.28897544770392347 -0.20814872156589151 -0.13131780386510264 -0.060911932626083215 0 0.062261763153955575 0.11947000872531328 0.17078208803417083 0.21102139020084323 0.23892744532548374 0.31066895347095941 0.30094327288544587 0.27271425003578159 0.28136607672304842 0.27714539599510107 0.50649204751779187 0.48547195978983704 0.56707009513965612 0.51615602769521052 0.44272799386876543 0.5429199235227361 0.42184092008840274 0.40555812762847682 0.22389093546287409 0.12745495426072667 0.30957402398270145 0.36202541593067861 0.25418632283846776 -1.1999533652365029 -1.6699150137867294 -1.3377788008779363 -1.602492598641384 -1.2947813007113693 -1.0809716708048145 -1.4964371598749542 -1.201606087017336 -1.2174846072566543 -0.93359295165059519 -0.81788173321615232 -0.86587560768650718 -0.73918283537306761 -0.58050626496458024 -0.44270929111606455 -0.32505599955179909 -0.30283344217774166 -0.21802290509197603 -0.13753356037632133 -0.06382372397148818 0 0.065007451738860578 0.12465019041367421 0.17805789407196024 0.21995325573147012 0.24891185399329291 0.32523023612235574 0.31514757015463035 0.28577662592347081 0.29430100796302622 0.28940840661233419 0.5292819011714377 0.50577810662446399 0.59493175476288562 0.54002370963470925 0.45957288427166693 0.57045803807265549 0.44320060094446062 0.43681949454563029 0.24779154926437302 0.14631725052719816 0.34578723786729898 0.41555880024633945 0.30313587732204572 -1.2368207379944929 -1.7330316166658628 -1.3884234897582866 -1.6703266469347011 -1.3494843091054103 -1.1253572447995379 -1.5637478545685344 -1.2548435483429088 -1.2734132105035436 -0.97587846569345693 -0.85205878040179306 -0.90406060788851694 -0.77139846004355117 -0.60588656769216276 -0.46205999403401521 -0.33913313339559831 -0.31699890150120458 -0.22811473239077826 -0.14388414583930087 -0.066797058869821055 0 0.067807249548132567 0.12992902575245949 0.18546736343454215 0.22904259127588086 0.25906970059471973 0.34011153293034141 0.32966855299567899 0.29914471805280612 0.30752183539807376 0.30192870668031163 0.55253742516850812 0.52644471256891734 0.62346369548142311 0.56442215180153288 0.47667418292798358 0.5987107114901562 0.46513465663625669 0.4692672995214926 0.27277031521057254 0.16615019618322255 0.38370290278000552 0.47175993626633567 0.35354767556490907 -1.274078120035413 -1.7972080853451784 -1.4399265258559786 -1.7395202038633086 -1.4052847963708552 -1.1705848022678349 -1.632489557556807 -1.3091835387975617 -1.3305546111364621 -1.0190591276331971 -0.88684499369706415 -0.94299586432190929 -0.80423030270007523 -0.63176039198578049 -0.48178785464267337 -0.35347987251745183 -0.33147183997158869 -0.23842418134619811 -0.1503695535043223 -0.06983195232045683 0 0.070661116514291883 0.13530642466563456 0.19301035059606458 0.23828923918106906 0.2694007449801949 0.35531252782297823 0.34450588746505778 0.31281808167635933 0.32102802294414251 0.31470562869492841 0.57625779652201403 0.54747075000643575 0.65266462160456973 0.58934979668610332 0.49403000859694429 0.62767573599488014 0.48764050918609048 0.50289841630333398 0.29882357128383052 0.18694908806304589 0.42331269183370185 0.53061265236655419 0.40541799670080414 -1.3117274430234651 -1.8624461286045475 -1.4922894211080209 -1.8100745339702671 -1.4621837834864442 -1.2166552087055622 -1.70266292140833 -1.364626503766994 -1.3889091216530296 -1.0631350990801045 -0.92224044663081772 -0.98268141911258933 -0.83767837272522783 -0.6581277016554522 -0.50189283407131824 -0.36809617632330643 -0.3462522356642756 -0.24895119346067288 -0.15698975804797263 -0.07292842100621115 0 0.073568997442829603 0.14078227058890699 0.20068666579847605 0.24769300471046732 0.27990471448022763 0.37083285698563684 0.3596591829407435 0.32679624115437272 0.33481897030709395 0.32773848945060657 0.60044214054499379 0.5688551799590299 0.68253322378262193 0.61480510171439129 0.51163851846170971 0.65735096125088543 0.51071569116484805 0.53770986161119183 0.3259477766103942 0.20870942750303256 0.464608729782027 0.59210168058736046 0.54146855309766806 -1.4075723391924557 -2.030191519816408 -1.6269634510254181 -1.9924179182615016 -1.6092404887801541 -1.3355209855412018 -1.8843613485279078 -1.5080603685100051 -1.540102891073305 -1.1772418113206495 -1.0133938143271219 -1.0851771454216144 -0.92399385028076464 -0.72620401123839839 -0.55380432718335171 -0.40581559550795726 -0.38454785751808562 -0.27621999193325486 -0.17412971317352918 -0.080939042212588741 0 0.081074581093548245 0.15490169839401405 0.22045937083664996 0.27188838846498736 0.30691919041036991 0.41102816588945895 0.39892206303283895 0.3630717032114778 0.37053811974401885 0.36143556308022784 0.66292715765282328 0.62387729852604579 0.76011726990364037 0.68074204468523958 0.5567535995735643 0.73463284559918907 0.57087905425523267 0.62988397986499944 0.39842221795366461 0.26728919582615757 0.57517836374981735 0.75726637506365313 0.6356463612758555 -1.4637357924420062 -2.1318347454730153 -1.7084401317758342 -2.1042698922073257 -1.6993404819590201 -1.4081410006066579 -1.9966172913878273 -1.5965440175413705 -1.6337178381275472 -1.2478061597974461 -1.0694487005041653 -1.1485297640420749 -0.9773035233850067 -0.76823570528171226 -0.58584842452146713 -0.42907989129914204 -0.40832708464820267 -0.2931316925526376 -0.18476392057191926 -0.085921162494551451 0 0.08570255394288058 0.16359738328592829 0.2326208829804936 0.28677665136572283 0.32352177513187452 0.43595711370910689 0.42328849854379624 0.38559642210294148 0.39265636115568903 0.38224467195991152 0.70164117598452558 0.65781012212083345 0.80852168301437555 0.72176249937052894 0.58447520045760293 0.7830576230742482 0.60864205827294171 0.68870556173045094 0.4451264027521965 0.30532514985490955 0.64660346732236007 0.86427693624951563 0.6661862786763435 -1.4543028731059688 -2.1236396971166629 -1.7012997590529242 -2.0981443529480179 -1.6939911061070421 -1.403547936648659 -1.9926620136236544 -1.593235503894848 -1.6309537015878366 -1.2456223343993402 -1.0677175645434995 -1.1470569058314031 -0.97608208342288294 -0.76714130396293856 -0.58497885617588685 -0.42842632384791812 -0.40787971312749971 -0.29275295833186843 -0.18456326890508817 -0.085887327055835488 0 0.085565021401632024 0.16333564865868178 0.232246720696903 0.28640918007996047 0.32306548105738059 0.43542400943050663 0.42278217868118989 0.38503449125938699 0.39205067075231348 0.38160724894244391 0.70103814047053925 0.65726186751599558 0.80800560940920396 0.72134328917653867 0.58413617054007738 0.78284023872689257 0.60855322878236184 0.68870250441101988 0.44525193028829135 0.30546854771030185 0.64692505137098966 0.86473753195330127 0.68467787081301923 -1.4486002664387556 -2.1186856779843986 -1.6969832312331543 -2.0944412855270507 -1.6907569459584686 -1.4007707672476815 -1.9902700434932412 -1.591234374076572 -1.6292814416848513 -1.2443009194535446 -1.0666697745806257 -1.1461653391470217 -0.97534264040056262 -0.76647860125401945 -0.58445222715942202 -0.42803046800006284 -0.40760871893922629 -0.29252343917093721 -0.18444165708351223 -0.085866828056163344 0 0.085481578521735657 0.16317680591485612 0.23201957654340466 0.28618594533805208 0.32278816335596844 0.43509985921219585 0.42247399418067699 0.38469224700769517 0.3916815032606244 0.38121842620582291 0.70066922030897105 0.65692506835659337 0.80768703225657434 0.72108201282807094 0.58392192521087649 0.7826980338005225 0.60848704515679608 0.68868635742417839 0.44531157290977946 0.30553674189039942 0.64709511492391758 0.86498509057541895 0.69586411114287317 -1.4451588608821095 -2.1156961863655872 -1.6943783810358086 -2.0922066811807216 -1.6888049272855612 -1.3990943311357114 -1.9888257543050623 -1.5900257933659261 -1.6282711469683211 -1.2435023993180905 -1.0660363133129929 -1.1456262501177645 -0.97489546818006678 -0.76607765040567166 -0.58413355011733725 -0.42779088617326683 -0.40744468306069881 -0.29238441921825448 -0.18436797680219519 -0.085854414517498423 0 0.085430950404994654 0.16308038570329483 0.23188162378030214 0.28605021854603857 0.32261945102334022 0.43490252583796557 0.42228605711709521 0.38448336283811074 0.39145594138162926 0.38098055909482065 0.70044254145523588 0.65671680937372778 0.80748861094894731 0.72091700566022321 0.58378396606506122 0.78260215460365501 0.60843554049412785 0.68866326987543824 0.44533245842260361 0.30556070897696336 0.64717505712519485 0.86510573788930689 0.70262195384571213 -1.4430874714378741 -2.1138969226050368 -1.6928105991203752 -2.0908617018975399 -1.6876297460344549 -1.3980847914941055 -1.9879557050220722 -1.5892974275416702 -1.6276619840500466 -1.2430207310879957 -1.0656539352014862 -1.1453007649550717 -0.97462543155828119 -0.76583538911604221 -0.58394092399379693 -0.42764603656984829 -0.40734548022570843 -0.29230025932035897 -0.18432335605484956 -0.08584690282247999 0 0.085400224304819194 0.1630218256696814 0.2317977830180466 0.28596759464797838 0.32251665998678153 0.43478215457640623 0.4221711625422539 0.38435547848531454 0.39131760629402995 0.38083441411983932 0.70030236367845133 0.65658685734111999 0.80736354743607308 0.72081095944013651 0.58369298879162401 0.78253519803156923 0.60839388308076747 0.68863715436774575 0.4453312163466927 0.30555936477764767 0.64720244151619188 0.86515195511269161 
end_dependent_variable

end_regular_table
