# ****************************************************************************
# CUI
#
# The Advanced Framework for Simulation, Integration, and Modeling (AFSIM)
#
# The use, dissemination or disclosure of data in this file is subject to
# limitation or restriction. See accompanying README and LICENSE for details.
# ****************************************************************************

# ##################################################################################################
# 
# This file was auto-generated by AFSIM Mover Creator 2.5.0.200324
# 
# Creation Date:  24 Mar 2020
# 
# ##################################################################################################

regular_table

independent_variable mach precision double
0.10000000000000001 0.5 0.70000000000000007 0.75 0.80000000000000004 0.84999999999999998 0.90000000000000002 0.92000000000000004 0.94000000000000006 0.95999999999999996 0.97999999999999998 1 
end_independent_variable

independent_variable surface_angle units deg
-20 -16 -14 -12 -10 -9 -8 -7 -6 -5 -4 -3 -2 -1 0 1 2 3 4 5 6 7 8 9 10 12 14 16 18 20 
end_independent_variable

dependent_variable precision double
0.0012502624794657349 0.00064782458488158823 0.00042088195305678351 0.00024172080633066989 0.00010701255610726541 5.5220266723641244e-05 1.3265196243558505e-05 -1.9199009533280083e-05 -4.246859340230625e-05 -5.6790946593968496e-05 -6.2368453343603322e-05 -5.9363659305013261e-05 -4.7904882090703209e-05 -2.8091700433219413e-05 0 0.00010505598394094569 0.0002179290153210874 0.00033854187848444522 0.00046679330060815747 0.00060255290697040396 0.00074565573316574037 0.00089589661621186515 0.0010530250280460997 0.0012167412331600571 0.0013866950312273541 0.0017436862565999548 0.0021204689716191037 0.002513671409997456 0.0029212882633867583 0.0033439280877246079 0.0013614582243375046 0.00071916138124053248 0.00047556463991712779 0.00028194375640015789 0.00013497828572478751 7.7885873805823844e-05 3.1184358795794512e-05 -5.4716031209353663e-06 -3.2377249208847743e-05 -4.9778970877828352e-05 -5.7878159307585628e-05 -5.6836375029844374e-05 -4.6780959276952248e-05 -2.7810524271386812e-05 0 0.00010533716151029675 0.00021905481671191754 0.00034107666731627515 0.00047130234322179375 0.00060960235681632746 0.00075581261416297224 0.00090972880540030922 0.0010711012371156633 0.001239630989159181 0.0014149686564265066 0.0017844416615662912 0.0021759964442409157 0.0025862667827370104 0.0030132525051168231 0.0034575668680722487 0.0015016863690259666 0.00080912326716946626 0.00054452403923862071 0.0003326680407647639 0.00017024508723815452 0.00010646875104214057 5.3781561156274387e-05 1.1839446822731516e-05 -1.9651561919777106e-05 -4.0936596285083188e-05 -5.2215795872471978e-05 -5.3649479209142793e-05 -4.5363756677145101e-05 -2.7456021931344608e-05 0 0.00010569203572241754 0.00022047512721024077 0.00034427413285038406 0.00047698982062018664 0.00061849382117843982 0.00076862313804641064 0.00092717453642859166 0.0010938993748293858 0.0012684997605193181 0.0014506272901909996 0.0018358415791708067 0.0022460258944503818 0.0026778209971349957 0.003129233186866435 0.0036008816501021316 0.0015528021684952291 0.00084191606363402715 0.00056966103251115355 0.00035115799071746515 0.00018310049369987222 0.00011688774148396851 6.201866073955354e-05 1.8149644756317152e-05 -1.5012814394329866e-05 -3.7713388732417488e-05 -5.0151761486613845e-05 -5.2487798567853629e-05 -4.4847161639150279e-05 -2.7326800185234061e-05 0 0.00010582139742233337 0.00022099286391331091 0.00034543967949644713 0.00047906302697011451 0.00062173494469681403 0.00077329283608960594 0.00093353385837989912 0.0011022097534222743 0.0012790230030041427 0.0014636255689930604 0.0018545778594976667 0.0022715529971993891 0.0027111942884205428 0.0031715103918026765 0.0036531226552231279 0.0016140441846256208 0.00088120522510469967 0.00059977774935959913 0.00037331086179343443 0.00019850259874470744 0.0001293707681384896 7.1887556531153516e-05 2.5709913219715517e-05 -9.4551163744074489e-06 -3.3851653797383987e-05 -4.7678835772541981e-05 -5.1095985757802111e-05 -4.4228227882349131e-05 -2.7171979447371584e-05 0 0.0001059763870360756 0.00022161316789616402 0.00034683612773413013 0.0004815469464211846 0.00062561815067315243 0.0007788876231746212 0.00094115299064893626 0.0011121664544238305 0.0012916309448849901 0.0014791988614196768 0.0018770258733781201 0.0023021371208364382 0.0027511789594962168 0.0032221628741982843 0.0037157128027726556 0.0029424158792448066 0.0017669407149433778 0.0012951845439633245 0.00089958122739876344 0.0005776694043223826 0.00044352553500621257 0.0003268596956998586 0.00022741864884812455 0.00014498829403323767 7.9392663352952254e-05 3.0490894485334395e-05 -1.8268325775258016e-06 -1.7643704534654385e-05 -1.702058873542739e-05 0 8.719023335858297e-05 0.0001904498880117475 0.00030973473171642924 0.00044498144430468799 0.00059610365254272673 0.00076298761850408835 0.00094548783328032436 0.0011434229572764244 0.0013565727970055105 0.0015846773052060033 0.0020845295403548163 0.0026403216755776569 0.0032495126530038116 0.0039106236917582238 0.0046242141134150479 0.0042707875269424435 0.0026526761730036245 0.001990591313378959 0.0014258515737708203 0.0009568361959628026 0.00075768029021804171 0.00058183182530546979 0.0004291273768723839 0.00029943169851516326 0.00019263697611283194 0.00010866062166802883 4.7442318611215187e-05 8.9408176904010722e-06 -6.8691984817923944e-06 0 6.8404080655906763e-05 0.00015928660984766368 0.00027263333793585935 0.00040841594472795187 0.00056658915704867034 0.00074708761629882275 0.00094982267796959389 0.0011746794615979362 0.0014215146497196509 0.0016901557484359573 0.0022920332039583578 0.0029785062229463551 0.0037478463340267741 0.0045990844906319533 0.0055327153981989102 0.0048019725512134471 0.0030073744848566285 0.0022692498075522118 0.0016368546833178256 0.0011089305710948513 0.00088371933088533697 0.00068414036547426616 0.00051006941925462086 0.0003614060368775114 0.0002380729179621454 0.00014001403409325723 6.7192112463051611e-05 1.9585907783379937e-05 -2.812467409011454e-06 0 6.0947515070400527e-05 0.00014696485349124518 0.0002580527877767524 0.00039419996612572659 0.00055538045771461432 0.00074155108644551342 0.00095264870733179562 0.0011885876953229315 0.001449258068700206 0.0017345248508863784 0.0023781940265777397 0.0031181487870807442 0.0039530027591888756 0.0048820071380272145 0.0059056468347673495 0.0053333490844059261 0.0033623385044676741 0.0025481692383119673 0.0018480936733000779 0.0012612216022370455 0.0010099320342437954 0.00078659834426807185 0.00059113620280369628 0.0004234806931479041 0.00028358576507327528 0.00017142267532056874 8.6977908974306906e-05 3.0250927712660266e-05 1.2519657569593113e-06 0 5.3476816651531244e-05 0.00013461975885253861 0.00024344528612153777 0.00037995967383779294 0.00054415698631964918 0.00073601687676622357 0.00095550234061136897 0.0012025576431849926 0.0014771067674435073 0.0017790528759625637 0.0024646537336031654 0.0032582777084229344 0.004158884962565286 0.0051659508380371725 0.0062799536238426412 0.0058649152092168106 0.0037175672540825495 0.0028273489588853088 0.0020595681459575762 0.0014137090684539751 0.001136318244205702 0.00088920565656105889 0.00067232766118227897 0.00048565562894220445 0.00032917549809213001 0.00020288653763360796 0.00010679970647027562 4.093587791001297e-05 5.3241014156782177e-06 0 4.5991984993193326e-05 0.00012225132548824983 0.0002288108346368895 0.00036569507559237863 0.00053291876225243615 0.00073048502562623378 0.00095838364422246621 0.001216589410402831 0.0015050609020840608 0.0018237400446997909 0.0025514127229482779 0.0033988936340000513 0.0043654939221588378 0.005450916990113572 0.0066556376834024872 0.0063966690082825038 0.0040730597559856876 0.0031067883225037447 0.0022712777035717572 0.0015663927489672491 0.0012628778047031298 0.00099196219727861433 0.00075364372798611043 0.00054793080590630596 0.00037484209769069062 0.00023440561335448832 0.00012665750326065531 5.1640758813319756e-05 9.4039399764663001e-06 0 3.8493019679154742e-05 0.00010985955295947876 0.00021414943501962835 0.00035140617906382037 0.00052166580484565002 0.00072495557142748974 0.00096129268459681607 0.0012306831020488492 0.001533120628781165 0.0018685865779978536 0.002638471392470153 0.0035399972108387545 0.004572830616048954 0.0057369069936632298 0.0070327009312374259 0.006928608564233588 0.0044288150324373081 0.0033864866824392876 0.0024832219483956561 0.0017192724228767245 0.0013896105596856107 0.0010948678613292469 0.00083508433683828452 0.00061030618570565628 0.00042058554449833722 0.00026597989477861037 0.00014655129767533813 6.236557085522449e-05 1.3491481842621096e-05 0 3.0979920307354646e-05 9.7444440828954744e-05 0.00019946108893357668 0.00033709299196713494 0.00051039813348888316 0.00071942855252305057 0.00096422952814240171 0.0012448388233046279 0.0015612861036682778 0.0019135926968363917 0.0027258301400472813 0.0036815890858593156 0.0047808960222217077 0.0060239222480992487 0.0074111452852150478 
end_dependent_variable

end_regular_table
