# ****************************************************************************
# CUI
#
# The Advanced Framework for Simulation, Integration, and Modeling (AFSIM)
#
# The use, dissemination or disclosure of data in this file is subject to
# limitation or restriction. See accompanying README and LICENSE for details.
# ****************************************************************************

# ##################################################################################################
# 
# This file was auto-generated by AFSIM Mover Creator 2.5.0.200324
# 
# Creation Date:  24 Mar 2020
# 
# ##################################################################################################

regular_table

independent_variable mach precision double
0.10000000000000001 0.5 0.70000000000000007 0.75 0.80000000000000004 0.84999999999999998 0.90000000000000002 0.92000000000000004 0.94000000000000006 0.95999999999999996 0.97999999999999998 1 
end_independent_variable

independent_variable surface_angle units deg
-20 -16 -14 -12 -10 -9 -8 -7 -6 -5 -4 -3 -2 -1 0 1 2 3 4 5 6 7 8 9 10 12 14 16 18 20 
end_independent_variable

dependent_variable precision double
0.00046031212601491882 0.00031676969857925375 0.00025463615081191908 0.00019893441399452215 0.00014966890217011223 0.00012745096273532433 0.00010684348745367053 8.7846870900557344e-05 7.0461470956392959e-05 5.4687608590090703e-05 4.0525567751984717e-05 2.7975595286532981e-05 1.7037900937555133e-05 7.712657330191077e-06 0 7.709241292800121e-06 1.7031083096838269e-05 2.7965394449462531e-05 4.0512008518270197e-05 5.4670722849904177e-05 7.0441299627579121e-05 8.7823465993498267e-05 0.00010681691438058206 0.00012742130279880224 0.00014963625515876264 0.00019889617772710604 0.0002545929946957156 0.00031672246825903145 0.00038527979182155985 0.00046025957232896306 0.00048282373753504596 0.00033117581634429133 0.00026566441760101717 0.00020703513213407354 0.00015529256391682281 0.00013200507831498916 0.00011044073298724807 9.0599936727939618e-05 7.2483060048764332e-05 5.6090435167143558e-05 4.1422355604653306e-05 2.8479076070628288e-05 1.7260812345765919e-05 7.7677411439060822e-06 0 7.7670579242063135e-06 1.725944875515812e-05 2.8477035852698342e-05 4.1419643677131592e-05 5.6087057925989465e-05 7.2479025659156232e-05 9.0595255560759806e-05 0.00011043541818360329 0.00013199914607720057 0.0001552860341951623 0.0002070274843591363 0.00026565578565146549 0.00033116636934349197 0.00040355408812539379 0.00048281322513851364 0.0005112309345534342 0.00034936092806077396 0.00027958876743825178 0.00021726608833717696 0.00016239781823725768 0.00013776045362368544 0.00011498825124711994 9.4081646554253939e-05 7.5041033666549639e-05 5.7866765233579639e-05 4.2559152156004535e-05 2.9118463365584483e-05 1.7544925751849738e-05 7.8387238687827658e-06 0 7.8382358530071313e-06 1.7543951736858917e-05 2.9117006072716612e-05 4.2557215043966317e-05 5.7864352889536854e-05 7.5038151916121347e-05 9.4078302828159863e-05 0.00011498445488264602 0.00013775621615800174 0.00016239315392887238 0.00021726062545455963 0.00027958260134230528 0.00034935417950069351 0.00042656983346230814 0.0005112234243445841 0.000521586107623247 0.00035598995441344462 0.00028466465403668333 0.00022099564564059514 0.00016498797548000741 0.00013985854166113812 0.00011664603890593821 9.5350912429051585e-05 7.5973565071163674e-05 5.8514357019651116e-05 4.2973605599068929e-05 2.9351584983070458e-05 1.7648526102745564e-05 7.8646164349254023e-06 0 7.8641609497907397e-06 1.7647617026820902e-05 2.9350224843603624e-05 4.2971797660967313e-05 5.8512105508088992e-05 7.5970875398554351e-05 9.5347791561694792e-05 0.00011664249557353285 0.00013985458665359202 0.00016498362215375991 0.00022099054679806154 0.00028465889882554885 0.00035598365551666264 0.00043495915279832494 0.00052157909767503027 0.00053399273483495889 0.00036393227121666206 0.00029074614548238887 0.00022546409041353737 0.00016809129499900392 0.00014237230779037534 0.00011863227581273336 9.6871656083274786e-05 7.709086187292933e-05 5.929026242700919e-05 4.347018271379373e-05 2.9630903219672577e-05 1.7772659748944497e-05 7.8956433120772653e-06 0 7.8952162947817066e-06 1.7771807492884034e-05 2.9629628078374032e-05 4.3468487736831925e-05 5.9288151637029375e-05 7.708834030754975e-05 9.6868730260670627e-05 0.00011862895394580533 0.00014236859995435993 0.00016808721365292741 0.00022545931017009486 0.00029074074977422263 0.00036392636571270343 0.00044501032909807201 0.00053398616246580943 0.00075810473950156708 0.00050260173748982516 0.00039430121763689061 0.00029898047197787574 0.00021664749338202701 0.00018035361146042508 0.00014730916419497035 0.0001175148346240758 9.0971233977979197e-05 6.7678901015867979e-05 4.7638301847793356e-05 3.0849829360838072e-05 1.7313803179541811e-05 7.0304692998358305e-06 0 7.0301547631101545e-06 1.7313175402159758e-05 3.0848890056876014e-05 4.763705322848403e-05 6.767734601962804e-05 9.0969376245675053e-05 0.00011751267895413195 0.00014730671646422011 0.00018035087910889985 0.00021664448545253082 0.00029897694801492633 0.00039429723880308635 0.00050259738103485354 0.00062386830764687615 0.00075809988579130655 0.00098221687612397605 0.00064127131193908937 0.00049785638482871455 0.00037249693458408297 0.00026520375863454374 0.00021833497489282965 0.0001759861051672415 0.00013815805873274112 0.00010485164468575762 7.6067571399454162e-05 5.180644605232428e-05 3.2068774052031759e-05 1.6854958778757422e-05 6.165301278786752e-06 0 6.1650867193742152e-06 1.6854530539885995e-05 3.206813324673805e-05 5.1805594194338091e-05 7.6066510416292999e-05 0.00010485037703919658 0.00013815658758642308 0.0001759844345123848 0.0002183331096425088 0.0002652017048436779 0.00037249452744992452 0.00049785366537386444 0.00064126833235317955 0.00080272622324174792 0.00098221354981537726 0.001072800279133229 0.00069736306483775365 0.00053976585669593825 0.00040226967010499858 0.00028488731708111939 0.00023374232610585613 0.00018762975621459984 0.00014655068200907474 0.0001105060583386251 7.9496719614875663e-05 5.3523379094266804e-05 3.2586628476488329e-05 1.6686937366380895e-05 5.8246530142565488e-06 0 5.8244750722644243e-06 1.668658220253861e-05 3.2586097006366694e-05 5.3522672546658244e-05 7.9495839531794205e-05 0.00011050500674931832 0.00014654946146214917 0.00018762836996541837 0.00023374077819149713 0.0002848856124917115 0.00040226767139783451 0.00053976359764540817 0.00069736058819191277 0.000875044023373819 0.0010727975098259784 0.0011635406832355779 0.00075355416834866273 0.00058175021172664427 0.00043209599365036058 0.00030460650910917915 0.00024917763175694423 0.00019929456893996063 0.00015495857415033921 0.00011617075985877243 8.2932096655648422e-05 5.5243412446871144e-05 3.3105391879446118e-05 1.65185758600667e-05 5.4833611366122874e-06 0 5.4832183673336053e-06 1.651829089318822e-05 3.3104965434353223e-05 5.5242845467244287e-05 8.2931390366904542e-05 0.00011616991582003574 0.00015495759430914736 0.00019929345586750091 0.00024917638864805367 0.0003046051398261093 0.00043209438721629039 0.00058174839480533338 0.00075355217459531173 0.00094748859836480109 0.0011635384483376803 0.0012544380873597142 0.0008098446216630973 0.0006238094492839138 0.000461975904616772 0.00032436133414605469 0.00026464089141379923 0.00021098054293826587 0.0001633817348101401 0.000121845748973833 8.6373702333560119e-05 5.6966545915290427e-05 3.3625064120880762e-05 1.6349874160994641e-05 5.1414255955709021e-06 0 5.1413166559123877e-06 1.6349656700703161e-05 3.3624738669325253e-05 5.696611315129228e-05 8.6373163131485975e-05 0.00012184510445108431 0.00016338098644168682 0.00021097969256223337 0.00026463994133203451 0.00032436028727497561 0.00046197467531873066 0.00062380805729222001 0.00080984309204106583 0.0010200599486169587 0.0012544363658686781 0.0013454924906231235 0.00086623442412900721 0.0006659435687147655 0.00049190940254633124 0.0003441517917978622 0.0002801321046393543 0.00022268767790409254 0.00017182016370260891 0.00012753102539130373 8.9821536408951443e-05 5.8692779335639113e-05 3.4145645082883126e-05 1.6180832196388133e-05 4.7988463569992724e-06 0 4.7987699763096024e-06 1.6180679705920452e-05 3.4145416829832104e-05 5.8692475749185848e-05 8.982115802806754e-05 0.00012753057293461801 0.00017181963810547951 0.00022268708034142053 0.00028013143660543131 0.00034415105515770117 0.00049190853607389794 0.00066594258553929423 0.00086623334090443565 0.0010927580745977385 0.0013454912627830584 0.0014367038922273295 0.00092272357502054699 0.00070815256941999258 0.00052189648685892068 0.00036397788161438184 0.00029565127111573188 0.00023441597349197729 0.00018027386055060677 0.00013322658889748158 9.3275598691398544e-05 6.0422112554332701e-05 3.4667134643179234e-05 1.601144988517737e-05 4.4556233835633836e-06 0 4.4555783699622175e-06 1.6011359998377696e-05 3.4667000038496941e-05 6.0421933415091473e-05 9.3275375251845294e-05 0.00013322632146606567 0.00018027354954344385 0.00023441561945321862 0.0002956508747408434 0.00036397744381416221 0.00052189596986287261 0.00070815197989760605 0.00092272292161422402 0.0011655829766779777 0.0014367031394362942 
end_dependent_variable

end_regular_table
