# ****************************************************************************
# CUI
#
# The Advanced Framework for Simulation, Integration, and Modeling (AFSIM)
#
# The use, dissemination or disclosure of data in this file is subject to
# limitation or restriction. See accompanying README and LICENSE for details.
# ****************************************************************************

# ##################################################################################################
# 
# This file was auto-generated by AFSIM Mover Creator 2.5.0.200324
# 
# Creation Date:  24 Mar 2020
# 
# ##################################################################################################

regular_table

independent_variable mach precision double
0.10000000000000001 0.5 0.70000000000000007 0.75 0.80000000000000004 0.84999999999999998 0.90000000000000002 0.92000000000000004 0.94000000000000006 0.95999999999999996 0.97999999999999998 1 
end_independent_variable

independent_variable surface_angle units deg
-20 -16 -14 -12 -10 -9 -8 -7 -6 -5 -4 -3 -2 -1 0 1 2 3 4 5 6 7 8 9 10 12 14 16 18 20 
end_independent_variable

dependent_variable precision double
-0.012811757987293081 -0.010295105077887045 -0.0089703024111950774 -0.007613656997789711 -0.006248383074194396 -0.0055702522586208239 -0.0048989006589994907 -0.0042367793634436888 -0.003586001424596696 -0.0029483494637535636 -0.0023253009760373904 -0.0017180627774094053 -0.0011276085895192676 -0.00055471591600179026 0 0.00035803129247782958 0.000694012524493428 0.0010073258381052045 0.0012971889146045693 0.0015626199305201543 0.0018023993528750871 0.0020150307811378628 0.0021987047131148637 0.0023512713294459252 0.0024702310238876946 0.0025957429401719852 0.0025501609105748934 0.0023094450909729451 0.0018589755509270096 0.0012022547491071923 -0.013099502503384257 -0.010479316884912217 -0.0091113490669693219 -0.0077172827620379169 -0.006320338228355162 -0.0056285300620600078 -0.0049449404861120873 -0.0042720210737259125 -0.0036118853070738815 -0.0029663161834380136 -0.0023367915163449537 -0.0017245183835630921 -0.0011304707089917526 -0.00055542613947005695 0 0.00035729677113345565 0.00069110190865227642 0.0010007976688691709 0.0012856019171115691 0.0015445330843124809 0.0017763719633106755 0.0019796225504011529 0.0021524758150826989 0.0022927824797858683 0.0023980435549239287 0.0024918450499318763 0.0024088070630376062 0.0021248970149404783 0.0016255029614930709 0.00091413581011241547 -0.013462469376353679 -0.010711737184614902 -0.0092893342395834987 -0.0078480714318027792 -0.0064111773644502353 -0.0057021143127941529 -0.0050030841565683673 -0.0043165391610313604 -0.0036445934180842619 -0.0029890304544152764 -0.0023513285334913711 -0.0017326951009853668 -0.0011341043677918403 -0.00055633418487588025 0 0.0003563869901284716 0.00068746478573074332 0.00099261576784015005 0.001271058009807027 0.0015218102324928158 0.0017436536021904763 0.0019350925691021055 0.0020943186394516556 0.0022191831557157524 0.0023071878270187946 0.0023610369454269142 0.0022307999518101397 0.0018924527020569536 0.0013313928881176513 0.00055114220703775458 -0.01359477878235019 -0.010796460110071487 -0.0093542145326597145 -0.0078957476449689132 -0.0064442910985408747 -0.0057289382379847442 -0.0050242796119594766 -0.0043327677364870653 -0.0036565169284388005 -0.0029973109076364178 -0.0023566281020842485 -0.0017356760921485481 -0.0011354291932381762 -0.00055666533172885274 0 0.00035605555394534237 0.00068613938271821627 0.00098963391323292588 0.0012657572931586431 0.0015135283497334285 0.0017317283833291057 0.0019188620111899775 0.0020731209335953832 0.002192356717731382 0.0022740713265959845 0.002313357493621636 0.0021659160028943219 0.0018077257774577909 0.0012241880136195477 0.0004188283476377253 -0.013753299453174626 -0.010897967306592529 -0.0094319482035413339 -0.007952869029040523 -0.0064839650945872499 -0.0057610763704257061 -0.0050496742299276512 -0.0043522114926571867 -0.0036708027419486014 -0.0030072319309836161 -0.0023629776837401535 -0.0017392477431384466 -0.0011370165498480588 -0.00055706212003722917 0 0.00035565851259907778 0.00068455152105218592 0.00098606150633025235 0.0012594067068843336 0.0015036060754459858 0.0017174410752948538 0.0018994165206265591 0.0020477243459277867 0.0021602163880135687 0.0022343949119527757 0.0022562332761551476 0.0020881791342332087 0.0017062150812726285 0.0010957465139302444 0.0002603037825574651 -0.015110311721565611 -0.011312374001323167 -0.0095131680965049176 -0.0077904186436665883 -0.0061624108100640489 -0.0053900257883412192 -0.004648355973409784 -0.0039393293392267622 -0.0032646081831936387 -0.0026255950710580289 -0.0020234526354703884 -0.0014591305281308877 -0.00093339483070836347 -0.00044685691211012677 0 0.00026746682602966893 0.00049222136260802698 0.00067378180228617839 0.00081153878286783002 0.00090472795945657726 0.00095240010364254567 0.00095339045017734866 0.00090629033897787542 0.00080942590750960534 0.00066085067291702087 0.00019954444799817964 -0.00049715574386246944 -0.0014479461943409087 -0.0026641340130207393 -0.0041428269272766058 -0.016467325539475827 -0.011726781888172179 -0.0095943890044414976 -0.0076279690996773307 -0.0058408571971363728 -0.005018975796263328 -0.004247038227693371 -0.0035264476207634812 -0.0028584139864953726 -0.0022439585041430401 -0.0016839278133161208 -0.0011790134767947079 -0.00072977321699549608 -0.000336651754908395 0 0.0001792752000234193 0.00029989132088110651 0.00036150226632721921 0.00036367107367175721 0.00030585010078610156 0.00018735942575508159 7.3647050223268071e-06 -0.00023514331662377011 -0.00054136420004299705 -0.00091269317811970053 -0.00185714398098574 -0.0030824902425631057 -0.0046021071376392527 -0.0064240142878859551 -0.0085459575001172582 -0.017034290377215218 -0.011909191400399583 -0.0096402218149585096 -0.007573351717814431 -0.0057199503426528303 -0.0048770766250834669 -0.0040919275868540415 -0.0033656983278895396 -0.0026994197518927445 -0.0020939621523834908 -0.0015500472763026313 -0.0010682647680494812 -0.0006490901233651465 -0.00029290231022649558 0 0.00014407238486389645 0.00022300456829743091 0.00023650451681187301 0.00018420408293544038 6.5642204606532515e-05 -0.0001197534136314992 -0.00037268508411722126 -0.00069400252116544596 -0.0010847159175174023 -0.001546000518810976 -0.0026857329177477321 -0.004124988110305817 -0.0058750189512890728 -0.0079425284323791628 -0.010325499487193125 -0.017605227377726934 -0.012093902414506768 -0.0096876597112965472 -0.0075197495856122523 -0.005599583059892871 -0.0047355237072132595 -0.0039370002203862747 -0.0032050000347751094 -0.002540375224525407 -0.0019438454045276156 -0.0014160075704274374 -0.00095734953435967708 -0.00056826459861578386 -0.00024906596343968358 0 0.00010880872660316211 0.00014596551647047456 0.00011123266806117667 4.3112161652695288e-06 -0.0001751728448244777 -0.00042768358485237052 -0.00075379054488548152 -0.0011541830075065505 -0.0016296807306034956 -0.0021812377304940766 -0.0035169542509546465 -0.0051709014083976389 -0.0071521947424024986 -0.0094662065935445135 -0.012111147167567376 -0.018180144411718672 -0.012280920269745194 -0.0097367068492504229 -0.0074671657717457277 -0.0054797574603709228 -0.0045943187335716383 -0.0037822574403372769 -0.0030443537173809728 -0.0023812810921986539 -0.001793608706921428 -0.0012818089506592043 -0.00084626788941530697 -0.0004872966667994747 -0.00020514270042400456 0 7.3484238573212431e-05 6.8774139895549113e-05 -1.4313395872032282e-05 -0.00017600778450149005 -0.00041659549795939227 -0.000736431779132075 -0.0011359526597912088 -0.0016156860924600072 -0.0021762603372710121 -0.0028184069315722107 -0.0043508110588910669 -0.0062202343002764077 -0.0084336398610977137 -0.010995055366106635 -0.013902908421199794 -0.018759049348916694 -0.012470250304449584 -0.0097873673843314069 -0.0074156033470300789 -0.0053604756571462246 -0.004453463395842956 -0.0036277005581015075 -0.0028837603527424806 -0.0022221380421358007 -0.0016432525063020315 -0.001147451672004775 -0.00073501994718247368 -0.00040618635178857007 -0.00016113250706178953 0 3.8098934223370755e-05 -8.5695867071566454e-06 -0.00014013379097030062 -0.00035675317677113697 -0.00065862620468079981 -0.0010459986892818658 -0.0015191724097787965 -0.0020785130935762255 -0.0027244564345100994 -0.0034575102426200716 -0.0051873064181766513 -0.0072729909504154209 -0.0097193596535745559 -0.012529081348984138 -0.015700791129927408 -0.019341950061371436 -0.01266189785795846 -0.0098396454725703606 -0.0073650653808288342 -0.0052417397637892207 -0.0043129593853584187 -0.0034733308863202569 -0.0027232209174680427 -0.0020629467622748318 -0.0014927772491760655 -0.001012935989490547 -0.00062360582147736199 -0.00032493367767843557 -0.00011703536936969033 0 2.6528270178590493e-06 -8.6065688716157791e-05 -0.00026622863303273509 -0.00053792521856600066 -0.0009012654151953352 -0.0013563850058446701 -0.0019034507758112608 -0.0025426653276718527 -0.0032742707201936509 -0.0040985497821190847 -0.0060264434072859405 -0.0083291755239137174 -0.011009359468818909 -0.014068291137728527 -0.017504803174261251 
end_dependent_variable

end_regular_table
