# ****************************************************************************
# CUI
#
# The Advanced Framework for Simulation, Integration, and Modeling (AFSIM)
#
# The use, dissemination or disclosure of data in this file is subject to
# limitation or restriction. See accompanying README and LICENSE for details.
# ****************************************************************************

# ##################################################################################################
# 
# This file was auto-generated by AFSIM Mover Creator 2.5.0.200402
# 
# Creation Date:  03 Apr 2020
# 
# ##################################################################################################

regular_table

independent_variable mach precision double
0.10000000000000001 0.5 0.70000000000000007 0.75 0.80000000000000004 0.84999999999999998 0.90000000000000002 0.92000000000000004 0.94000000000000006 0.95999999999999996 0.97999999999999998 1 1.02 1.04 1.0600000000000001 1.0800000000000001 1.1000000000000001 1.2 1.3 1.4000000000000001 1.5 1.75 2 2.5 3 
end_independent_variable

independent_variable surface_angle units deg
-20 -16 -14 -12 -10 -9 -8 -7 -6 -5 -4 -3 -2 -1 0 1 2 3 4 5 6 7 8 9 10 12 14 16 18 20 
end_independent_variable

dependent_variable precision double
-0.0027894772482731332 -0.0018940640176020027 -0.0015096626287739014 -0.0011674584781996913 -0.00086744395461240591 -0.00073325541494203119 -0.00060961154901680264 -0.00049651161982900219 -0.00039395499117925522 -0.00030194112395624735 -0.00022046956820149385 -0.00014953995283476212 -8.9151975023954398e-05 -3.9305389714725813e-05 0 -3.9738287878982938e-05 -9.0016372608361429e-05 -0.00015083405729909377 -0.00022219109687364767 -0.00030408718853084185 -0.00039652196117498552 -0.00049949496482698291 -0.00061300566043735272 -0.0007370534117448872 -0.00087163748170064636 -0.0011724111548342953 -0.0015153191708018347 -0.0019003539183569094 -0.0023275096940680701 -0.0027967848698733548 -0.0029769264252170139 -0.0020140252942019324 -0.001601504750804736 -0.0012349312614349144 -0.0009142971568467912 -0.00077120496719094056 -0.00063959486981908205 -0.00051946612170508894 -0.00041081808205333615 -0.00031365020745511836 -0.00022796204457174865 -0.00015375321931379024 -9.1023426690144303e-05 -3.9772419742525911e-05 0 -4.0208644108068313e-05 -9.1894465990324464e-05 -0.00015505726716295151 -0.00022969680065478267 -0.00031581276155201031 -0.0004134047756106152 -0.00052247238964649298 -0.0006430150601994106 -0.00077503214616457842 -0.00091852290534030908 -0.0012399219925287499 -0.0016072047550587235 -0.0020203635236845535 -0.0024793925508260536 -0.002984290195642449 -0.0031840483813262051 -0.0021465829035196972 -0.0017029939400000718 -0.0013094945289525515 -0.00096607699643215441 -0.00081314652712480349 -0.00067273377222900309 -0.00054483798843007266 -0.00042945853420069721 -0.0003265948661940042 -0.00023624653051481018 -0.0001584131533416211 -9.3094429168063473e-05 -4.0290110829742494e-05 0 -4.0726572816792164e-05 -9.3965942763152714e-05 -0.00015971791136814659 -0.0002379822315395174 -0.00032875859795123785 -0.00043204663645719083 -0.00054784589337860822 -0.00067615582551289438 -0.00081697579075562683 -0.00097030504636923243 -0.0013144879774609122 -0.0017086970484337792 -0.0021529245847657441 -0.0026471648365888009 -0.0031914161626087332 -0.0032498646152862975 -0.00218870521924422 -0.0017352437997155802 -0.0013331882663060884 -0.00098253094693605725 -0.00082647420863879136 -0.00068326426784021371 -0.00055290038161725239 -0.0004353819079891507 -0.00033070830336685706 -0.00023887911459203077 -0.00015989396691825972 -9.3752555238508362e-05 -4.0454632491436764e-05 0 -4.0891134016802849e-05 -9.462414799525076e-05 -0.00016119884339355837 -0.0002406149729764806 -0.00033287223175291868 -0.00043797024509239726 -0.00055590855952741087 -0.00068668663154619917 -0.00083030381924529661 -0.00098675938016537837 -0.0013381821689157425 -0.0017409474254232598 -0.0021950474765261665 -0.0027004765702129136 -0.0032572330654366166 -0.0033210670801831813 -0.0022342747319063767 -0.0017701329236017428 -0.0013588210610728652 -0.0010003314677983883 -0.00084089261499484247 -0.00069465657311499284 -0.0005616225998334866 -0.00044179005332414903 -0.00033515838986911009 -0.00024172715586174003 -0.00016149597721260201 -9.4464548219518185e-05 -4.0632622045293116e-05 0 -4.1069158221595022e-05 -9.5336210162195423e-05 -0.00016280095719370735 -0.00024346315221099253 -0.00033732248980042698 -0.00044437859591379579 -0.00056463101661469346 -0.00069807920826769378 -0.00084472252954128594 -0.0010045602376154532 -0.0013638153592692168 -0.0017758370030603291 -0.0022406174924674343 -0.002758151076530145 -0.0033284361136244681 -0.0036595970934006588 -0.0024349034785968717 -0.0019149706554623923 -0.001456641460978564 -0.0010599089534572908 -0.00088463927982884141 -0.00072476628581491292 -0.00058028929989920226 -0.00045120774122799117 -0.00033752111855898546 -0.00023922902158924185 -0.00015633111197650622 -8.8827113440786396e-05 -3.6716802632396343e-05 0 -4.0616212791201237e-05 -9.6624658306644374e-05 -0.00016802515686359831 -0.00025481748524377199 -0.00035700136712337501 -0.00047457646424774988 -0.00060754236631395332 -0.00075589858155411093 -0.00091964452999047149 -0.0010987795395811517 -0.0015032136209798528 -0.001969193978491361 -0.0024967136716539341 -0.0030857675003770667 -0.0037363539786703388 -0.0039981271225710425 -0.0026355322415700481 -0.0020598084041416084 -0.0015544618761363944 -0.0011194864516888966 -0.0009283859565347699 -0.00075487600952110084 -0.00059895600907497492 -0.00046062543728347927 -0.00033988385432873539 -0.0002367308928301831 -0.00015116625088837181 -8.3189681465149033e-05 -3.2800984685456116e-05 0 -4.0163265884545434e-05 -9.7913103508874766e-05 -0.00017324935246281912 -0.00026617181282494515 -0.00037668023741797613 -0.00050477432448158563 -0.00065045370644971475 -0.00081371794387548259 -0.00099456651856772793 -0.0011929988291390354 -0.0016426118674589688 -0.0021625509379282668 -0.0027528098346814196 -0.0034133839070756467 -0.0041442718284228569 -0.0041334629687147136 -0.0027157191244765221 -0.0021176856619086822 -0.0015935395584940567 -0.0011432747852300256 -0.00094584600628963014 -0.00076688539521990241 -0.00060639236836712129 -0.00046436642181323491 -0.00034080712881597578 -0.00023571413241363815 -0.00014908713912017697 -8.0925909112316123e-05 -3.1230248004733704e-05 0 -3.9986529713740509e-05 -9.8437364621694538e-05 -0.00017535234880791922 -0.00027073128805301104 -0.00038457394262850453 -0.00051688001866911232 -0.00066764915949756043 -0.00083688093846639186 -0.0010245748513731231 -0.001230730314564033 -0.0016984231807856364 -0.0022399535896656521 -0.0028553155127703238 -0.0035445044329459976 -0.0043075190588730385 -0.0042687973025971994 -0.0027959051054461501 -0.0021755622346654397 -0.0016326167215702369 -0.0011670627269315351 -0.00096330571714213292 -0.00077889448979261719 -0.00061382847954006897 -0.00046810719873262817 -0.00034173023295339827 -0.00023469723743619532 -0.00014700792728151196 -7.8662070191143913e-05 -2.9659478161446468e-05 0 -3.9809825718749368e-05 -9.8961692258540059e-05 -0.00017745544830586287 -0.00027529090602659845 -0.00039246783297723512 -0.00052898594445200872 -0.00068484489539412049 -0.00086004427138667379 -0.0010545835851652951 -0.0012684622711933223 -0.0017542351318698697 -0.0023173570930408284 -0.0029578223147022189 -0.0036756264198056416 -0.0044707681587068783 -0.0044041301277553437 -0.0028760901887825057 -0.0022334381234506736 -0.0016716933668736585 -0.0011908502783021487 -0.00098076509003213884 -0.00079090329356077641 -0.00062126434337291306 -0.00047184776775722716 -0.00034265316702543434 -0.00023368020767525582 -0.00014492861506939522 -7.6398164679990804e-05 -2.8088674965458029e-05 0 -3.96331540603377e-05 -9.9486086400861362e-05 -0.00017955865121944004 -0.00027985066680135686 -0.00040036190876714922 -0.00054109210233112162 -0.00070204091389206252 -0.0008832079440584859 -0.0010845927211190699 -0.0013061946995586663 -0.0018100477231478866 -0.0023947614508486445 -0.0030603302419116283 -0.0038067498719086845 -0.0046340191330688785 -0.0045394614474704173 -0.0029562743741310808 -0.0022913133306635036 -0.0017107694948289085 -0.0012146374384102501 -0.00099822412467521658 -0.00080291180711797652 -0.00062869995956061112 -0.00047558812894474278 -0.0003435759304838319 -0.00023266304311845315 -0.00014284920244672699 -7.4134192543818175e-05 -2.6517838488391573e-05 0 -3.945651459010641e-05 -0.00010001054718056884 -0.00018166195738994625 -0.00028441057039789734 -0.00040825617033008382 -0.00055319849248164452 -0.00071923721629812358 -0.00090637195638701808 -0.0011146022603969075 -0.0013439276015439095 -0.0018658609554400053 -0.0024721666643917162 -0.003162839299172058 -0.0039378747935669457 -0.0047972719861471913 -0.0046747912657986619 -0.0030364576659191152 -0.0023491878577961648 -0.0017498451074352522 -0.0012384242093251825 -0.0010156828223451249 -0.00081492003050543955 -0.00063613532863080423 -0.00047932828244769631 -0.00034449852322553586 -0.00023164574365448792 -0.0001407696892919024 -7.1870153564149503e-05 -2.4946968620493588e-05 0 -3.9279907360613492e-05 -0.00010053507459147914 -0.00018376536707707987 -0.00028897061722431738 -0.00041615061825345202 -0.00056530511551572383 -0.0007364338023196275 -0.00092953630972847313 -0.0011446122028504085 -0.0013816609775406609 -0.0019216748306300697 -0.0025495727358300739 -0.0032653494880416985 -0.0040690011882842944 -0.004960526722740056 -0.0048101195867715878 -0.0031166400637014126 -0.0024070617048239252 -0.0017889202039506949 -0.001262210590774881 -0.0010331411832026299 -0.0008269279633150681 -0.00064357045031142768 -0.00048306822856288608 -0.00034542094603582502 -0.00023062830924626038 -0.00013869007569148768 -6.9606047648235384e-05 -2.3376065313843531e-05 0 -3.9103332430600288e-05 -0.00010105966873870835 -0.00018586888026229107 -0.0002935308072249675 -0.0004240452520611402 -0.00057741197184764045 -0.00075363067341583235 -0.00095270100483721355 -0.0011746225502727292 -0.0014193948289216122 -0.0019774893508822341 -0.0026269796689478964 -0.0033678608126015259 -0.0042001290594739088 -0.0051237833462111854 -0.0049454464135632852 -0.0031968215719464328 -0.0024649348758112692 -0.0018279947869804642 -0.0012859965832292752 -0.001050599207392008 -0.00083893560706795251 -0.00065100532503943392 -0.00048680796710893511 -0.00034634319834789696 -0.00022961074009575813 -0.00013661036149296139 -6.7341874979513558e-05 -2.1805128524643038e-05 0 -3.892678970422567e-05 -0.00010158432941820762 -0.0001879724970671846 -0.00029809114067397356 -0.00043194007224987277 -0.00058951906168556501 -0.00077082782967742602 -0.00097586604172560521 -0.0012046333029895229 -0.0014571291573232754 -0.0020333045168766601 -0.0027043874635390721 -0.003470373274228352 -0.0043312584112414976 -0.0052870418628263175 -0.0050807717490263171 -0.0032770021911158642 -0.0025228073691505419 -0.001867068856190663 -0.0013097821878879257 -0.0010680568951853247 -0.00085094296063048904 -0.00065843995273237935 -0.00049054749811469904 -0.00034726528020503493 -0.00022859303530228109 -0.00013453054635005905 -6.5077635126183864e-05 -2.0234158173539821e-05 0 -3.8750279254143403e-05 -0.00010210905701746359 -0.00019007621774321456 -0.00030265161791966143 -0.00043983507954309582 -0.00060162638533866263 -0.00078802527171449425 -0.00099903142177046301 -0.0012346444625672248 -0.0014948639628322171 -0.0020891203315648419 -0.0027817961245749723 -0.0035728868775143073 -0.004462389246381912 -0.0054503022768725411 -0.005216095598453584 -0.003357181924721819 -0.0025806791895163152 -0.0019061424141906425 -0.0013335674047631988 -0.0010855142473987752 -0.00086295002557323496 -0.00066587433393439424 -0.00049428682144414537 -0.00034818719137845699 -0.00022757519598500591 -0.00013245063047301269 -6.2813328338669821e-05 -1.8663154269808815e-05 0 -3.8573801060257771e-05 -0.00010263385122731143 -0.00019218004206778233 -0.0003072122385477503 -0.00044773027377386016 -0.00061373394328923057 -0.00080522299923023889 -0.0010221971450954524 -0.0012646560294015661 -0.0015325992470189948 -0.0021449367943284499 -0.0028592056511404697 -0.0036754016234734526 -0.0045935215691245267 -0.0056135645914662377 -0.0053514179625705934 -0.0034373607736794235 -0.002638550336529346 -0.001945215459937486 -0.0013573522350093096 -0.0011029712644239676 -0.00087495680136854854 -0.00067330846835280203 -0.00049802593776506984 -0.00034910893243908741 -0.00022655722134628725 -0.00013037061381441703 -6.0548954256279088e-05 -1.7092116756769802e-05 0 -3.8397355120507651e-05 -0.00010315871227859418 -0.00019428397027173089 -0.00031177300307145368 -0.00045562565520392532 -0.00062584173588353306 -0.00082242101442179074 -0.00104536321263219 -0.0012946680044901183 -0.0015703350111450005 -0.0022007539092649482 -0.002936616047522649 -0.0037779175163434051 -0.0047246553833194737 -0.0057768288127577234 -0.0060280076687194506 -0.0038382418312273838 -0.002927896029426356 -0.0021405730612045009 -0.0014762706028790017 -0.0011902513342781575 -0.0009349863582208787 -0.00071047544790385074 -0.00051671841040822357 -0.00035371507989798552 -0.00022146531910395488 -0.00011996901474814016 -4.9226074390258967e-05 -9.2364228105096899e-06 0 -3.751560938837238e-05 -0.00010578401997103291 -0.00020480517158450687 -0.00033457898947273983 -0.0004951053807007857 -0.00068638423211431904 -0.00090841540607316021 -0.001161198737606959 -0.0014447340335495338 -0.0017590210668502377 -0.0024798493022802513 -0.0033236811474206874 -0.0042905142785887307 -0.0053803469516001106 -0.0065931786668444702 -0.0067045608386763064 -0.0042391011047333005 -0.003217225126644175 -0.0023359180378702102 -0.0015951793888033076 -0.0012775230881550816 -0.0009950087359980556 -0.00074763628892548844 -0.00053540570996126716 -0.00035831696614842164 -0.00021637003122855269 -0.0001095648832303469 -3.7901504737519184e-05 -1.3798808792415009e-06 0 -3.6634670084340136e-05 -0.00010841100075529088 -0.00021532898015638125 -0.00035738859388568319 -0.00053458982385705454 -0.00074693264850109599 -0.00099441704155940852 -0.0012770429702089934 -0.0015948103974737378 -0.0019477192788751288 -0.0027589612063460296 -0.0037107683067647977 -0.0048031401321309928 -0.0060360763448366267 -0.0074095768484222745 -0.0060460334355612296 -0.0038174815575802009 -0.0028943328418054447 -0.0020986022750335634 -0.001430289857264557 -0.0011439154540397163 -0.0008893955876327637 -0.00066673025919791436 -0.0004759194675809529 -0.00031696321335898707 -0.00018986149609918614 -9.4614316378657714e-05 -3.1221673620294139e-05 3.1643177914304759e-07 0 -3.2170968993792512e-05 -9.6196475166165257e-05 -0.00019207651851711825 -0.0003198110993352053 -0.00047940021689904186 -0.00067084387214642785 -0.00089414206450025562 -0.001149294794104802 -0.0014363020602386825 -0.0017551638643446665 -0.0024884510838759596 -0.0033491564524101274 -0.0043372799699471698 -0.0054528216347557645 -0.0066957814502985567 -0.005298126177064745 -0.0033451883972492936 -0.0025362156096952852 -0.0018389068900679238 -0.0012532622386763742 -0.0010023139379506992 -0.00077928165428397698 -0.00058416538798537255 -0.00041696513890030358 -0.00027768090656502263 -0.00016631269113411224 -8.2860492916737201e-05 -2.7324311526441462e-05 2.958527276101337e-07 0 -2.8211869747917467e-05 -8.4339756477496658e-05 -0.00016838366015009198 -0.00028034358103622262 -0.00042021951867214142 -0.00058801147336701317 -0.00078371944527542016 -0.0010073434340881978 -0.0012588834398053459 -0.001538339462581447 -0.0021809995590013429 -0.0029353237242753802 -0.0038013119574760649 -0.0047789642573667366 -0.0058682806261115498 -0.0041239095326159126 -0.0026036778774722416 -0.0019739588778929897 -0.0014311710972159221 -0.00097531453471965421 -0.0007799854600188008 -0.00060638919058453192 -0.00045452572551511679 -0.00032439506517124768 -0.0002159972095529246 -0.00012933215820928222 -6.4399911861705099e-05 -2.1200469878981712e-05 2.6616737819562768e-07 0 -2.1998972036111865e-05 -6.5730748662510156e-05 -0.00013119532985665162 -0.00021839271586651218 -0.00032732290624122649 -0.00045798590152183299 -0.00061038170152798556 -0.00078451030571864569 -0.00098037171481519798 -0.0011979659284569503 -0.0016983527695564006 -0.0022856708295580352 -0.0029599201081011613 -0.0037211006051857797 -0.0045692123200905049 -0.0034190333730215339 -0.0021585864144602709 -0.0016364829891223425 -0.00118645959837215 -0.0008085162434463526 -0.00064657457900538251 -0.00050265292352051117 -0.00037675127719784864 -0.00026886963962517501 -0.00017900801080249031 -0.00010716639083284953 -5.3344779819307574e-05 -1.7543177710336983e-05 2.384155971171899e-07 0 -1.8258424450161081e-05 -5.4536857804893524e-05 -0.00010883529996114239 -0.00018115375112501755 -0.00027149221093582672 -0.00037985067970273473 -0.00050622915732268664 -0.00065062764410484723 -0.00081304613943088697 -0.0009934846435069155 -0.0014084216785272693 -0.0018954387489597986 -0.002454535855628943 -0.0030857129964736037 -0.0037889701735548797 -0.0025845505359580706 -0.0016317413470774218 -0.0012370678300737763 -0.0008968816986290707 -0.00061118295248566731 -0.00048876634870872614 -0.00037997159164356644 -0.00028479868025963899 -0.00020324761584513058 -0.00013531839736949169 -8.1011025347997099e-05 -4.0325499458600086e-05 -1.3261820023347349e-05 1.8001315098912548e-07 0 -1.3801859444110056e-05 -4.1225565213545712e-05 -8.2271117276102294e-05 -0.00013693851559957516 -0.00020522776050601094 -0.00028713885135131631 -0.00038267178877958463 -0.00049182657240435992 -0.00061460320248327941 -0.00075100167850106854 -0.0010646641701567169 -0.0014328140471136677 -0.0018554513085990087 -0.0023325759559009269 -0.0028641879879888728 -0.0020937292288490442 -0.0013218647682598501 -0.0010021422782013779 -0.00072655961455476872 -0.0004951167782475173 -0.00039594779542344191 -0.00030781376897045875 -0.00023071469950689747 -0.00016465058641442835 -0.00010962143015679866 -6.5627230734008411e-05 -3.2667987914183968e-05 -1.0743701929198959e-05 1.4562741417463329e-07 0 -1.1180584133077255e-05 -3.3396124985057131e-05 -6.6646622594585233e-05 -0.00011093207684572476 -0.0001662524879317037 -0.00023260785562064849 -0.00030999817983526785 -0.00039842346134847387 -0.00049788369907818972 -0.00060837889379732741 -0.00086247415327637381 -0.0011607092388581186 -0.0015030841523975508 -0.001889598892658011 -0.0023202534599486642 
end_dependent_variable

end_regular_table
