# ****************************************************************************
# CUI
#
# The Advanced Framework for Simulation, Integration, and Modeling (AFSIM)
#
# The use, dissemination or disclosure of data in this file is subject to
# limitation or restriction. See accompanying README and LICENSE for details.
# ****************************************************************************

# ##################################################################################################
# 
# This file was auto-generated by AFSIM Mover Creator 2.5.0.200324
# 
# Creation Date:  24 Mar 2020
# 
# ##################################################################################################

regular_table

independent_variable mach precision double
0.10000000000000001 0.5 0.70000000000000007 0.75 0.80000000000000004 0.84999999999999998 0.90000000000000002 0.92000000000000004 0.94000000000000006 0.95999999999999996 0.97999999999999998 1 1.02 1.04 1.0600000000000001 1.0800000000000001 1.1000000000000001 1.2 1.3 1.4000000000000001 1.5 1.75 2 2.5 3 3.5 4 5 
end_independent_variable

independent_variable surface_angle units deg
-20 -16 -14 -12 -10 -9 -8 -7 -6 -5 -4 -3 -2 -1 0 1 2 3 4 5 6 7 8 9 10 12 14 16 18 20 
end_independent_variable

dependent_variable precision double
0.17883153244994332 0.1204049900787702 0.094390305208884209 0.070537527506815842 0.050182596095595208 0.040769686060774982 0.032336137595581092 0.024883144043837131 0.018410352144001708 0.012911132189888236 0.0082603205848884136 0.0046479505455050132 0.0020689981417659825 0.00051983207438152136 0 0.00051929213074885724 0.0020657731654535744 0.0046399611539749063 0.0082496680628482769 0.012892741930672243 0.018382485588043711 0.024846788128782996 0.032291730205920077 0.040712192818019216 0.05011110583797089 0.070443576274773226 0.094267911536033519 0.12025469241103195 0.14796091283836835 0.178622887969352 0.17883153244994335 0.1204049900787702 0.094390305208884223 0.070537527506815828 0.050182596095595222 0.040769686060774989 0.032336137595581092 0.024883144043837124 0.018410352144001704 0.012911132189888232 0.0082603205848884136 0.0046479505455050106 0.0020689981417659816 0.00051983207438152136 0 0.00051929213074885724 0.0020657731654535761 0.0046399611539749072 0.0082496680628482769 0.012892741930672243 0.018382485588043708 0.024846788128782993 0.032291730205920077 0.040712192818019223 0.050111105837970904 0.07044357627477324 0.094267911536033505 0.12025469241103195 0.14796091283836837 0.17862288796935202 0.17883153244994335 0.12040499007877019 0.094390305208884223 0.070537527506815828 0.050182596095595215 0.040769686060774982 0.032336137595581092 0.024883144043837131 0.018410352144001704 0.012911132189888231 0.0082603205848884153 0.0046479505455050141 0.0020689981417659833 0.00051983207438152136 0 0.00051929213074885811 0.0020657731654535761 0.0046399611539749072 0.0082496680628482803 0.012892741930672245 0.018382485588043708 0.024846788128782993 0.032291730205920077 0.040712192818019223 0.050111105837970911 0.07044357627477324 0.094267911536033519 0.12025469241103197 0.14796091283836837 0.17862288796935202 0.17883153244994338 0.1204049900787702 0.094390305208884209 0.070537527506815828 0.050182596095595215 0.040769686060774982 0.032336137595581092 0.024883144043837124 0.018410352144001697 0.012911132189888229 0.008260320584888417 0.0046479505455050132 0.0020689981417659842 0.00051983207438151876 0 0.00051929213074885811 0.0020657731654535752 0.0046399611539749098 0.0082496680628482803 0.01289274193067224 0.018382485588043711 0.024846788128782993 0.032291730205920084 0.040712192818019216 0.050111105837970911 0.070443576274773226 0.094267911536033519 0.12025469241103195 0.14796091283836837 0.17862288796935202 0.17883153244994332 0.12040499007877022 0.094390305208884223 0.070537527506815828 0.050182596095595208 0.040769686060774975 0.032336137595581078 0.024883144043837124 0.018410352144001701 0.012911132189888229 0.0082603205848884136 0.0046479505455050132 0.0020689981417659825 0.00051983207438152223 0 0.00051929213074885724 0.002065773165453577 0.0046399611539749098 0.0082496680628482769 0.01289274193067224 0.018382485588043708 0.024846788128782993 0.03229173020592007 0.040712192818019223 0.050111105837970904 0.07044357627477324 0.094267911536033519 0.12025469241103197 0.14796091283836835 0.17862288796935202 0.17883153244994332 0.1204049900787702 0.094390305208884223 0.070537527506815828 0.050182596095595215 0.040769686060774975 0.032336137595581085 0.024883144043837135 0.018410352144001704 0.012911132189888232 0.0082603205848884136 0.0046479505455050132 0.0020689981417659807 0.00051983207438152049 0 0.00051929213074885811 0.0020657731654535752 0.0046399611539749063 0.0082496680628482769 0.012892741930672243 0.018382485588043708 0.024846788128782989 0.03229173020592007 0.040712192818019209 0.050111105837970904 0.070443576274773254 0.094267911536033519 0.12025469241103198 0.14796091283836837 0.17862288796935202 0.17883153244994335 0.12040499007877022 0.094390305208884237 0.070537527506815842 0.050182596095595222 0.040769686060774989 0.032336137595581092 0.024883144043837131 0.018410352144001711 0.012911132189888234 0.008260320584888417 0.0046479505455050106 0.0020689981417659833 0.00051983207438152049 0 0.00051929213074885638 0.0020657731654535761 0.004639961153974909 0.0082496680628482803 0.012892741930672242 0.018382485588043715 0.024846788128783 0.032291730205920084 0.040712192818019223 0.050111105837970904 0.070443576274773254 0.094267911536033547 0.12025469241103197 0.14796091283836835 0.17862288796935202 0.17883153244994338 0.1204049900787702 0.094390305208884237 0.070537527506815842 0.050182596095595222 0.040769686060774989 0.032336137595581085 0.024883144043837135 0.018410352144001704 0.012911132189888229 0.0082603205848884136 0.0046479505455050132 0.0020689981417659807 0.00051983207438152049 0 0.00051929213074885638 0.002065773165453577 0.0046399611539749081 0.0082496680628482769 0.012892741930672243 0.018382485588043708 0.024846788128782989 0.032291730205920084 0.040712192818019216 0.050111105837970904 0.07044357627477324 0.094267911536033519 0.12025469241103198 0.1479609128383684 0.17862288796935205 0.17883153244994332 0.12040499007877022 0.094390305208884237 0.070537527506815828 0.050182596095595222 0.040769686060774989 0.032336137595581092 0.024883144043837135 0.018410352144001708 0.012911132189888232 0.008260320584888417 0.0046479505455050149 0.0020689981417659842 0.00051983207438152136 0 0.00051929213074885811 0.002065773165453577 0.0046399611539749098 0.0082496680628482803 0.012892741930672243 0.018382485588043711 0.024846788128782996 0.032291730205920091 0.04071219281801923 0.050111105837970911 0.07044357627477324 0.094267911536033519 0.12025469241103197 0.14796091283836835 0.178622887969352 0.17952202085411728 0.1207491531911271 0.094615252248721832 0.070672564031980634 0.050252112023496755 0.040814097975518653 0.032359776783980866 0.024889850723033929 0.018410352144001704 0.012911132189888231 0.0082603205848884153 0.0046479505455050141 0.0020689981417659833 0.00051983207438152136 0 0.00051929213074885811 0.0020657731654535744 0.004639961153974909 0.0082496680628482786 0.012892741930672242 0.018382485588043715 0.024853425206988917 0.032315081692985602 0.040755934859766349 0.050179375522122704 0.07057571727581817 0.094487150140627599 0.12058910205040703 0.14844326808389374 0.17929069459207223 0.18070449054952101 0.12156997208180483 0.09527141511865389 0.07117791617085617 0.050623341564228971 0.041125487700025679 0.032615818993142434 0.025096506718542445 0.018567513322933368 0.013020356500178283 0.0083296310466276242 0.0046875746709131496 0.0020877033581286897 0.0005253492858367393 0 0.00052463468326235767 0.002083432163414712 0.0046769809818821978 0.0083154828883914896 0.012995879873733797 0.018530328623130705 0.025047846636014164 0.032556174890864646 0.041047963150372485 0.050526519818345064 0.071049385804866416 0.095101989003941276 0.12135910582295766 0.14937955881625628 0.18040238398981395 0.18184785955068825 0.12235169027824601 0.095888477294349406 0.071644167615495136 0.050955470410724631 0.041397776730296119 0.032832760508067438 0.025264062019814397 0.01869246872076772 0.013108088921412285 0.008385637691046945 0.0047199400652437051 0.0021032892922513043 0.00053013061202187087 0 0.00052923449741375771 0.0020979338912852086 0.0047066601262190297 0.0083679073186936053 0.013077426828532761 0.018645908991232425 0.025203167370802845 0.032758167394507126 0.041300890746742064 0.050834563420330846 0.071483953639678105 0.095677727173018423 0.12209000890127165 0.15027674885438227 0.18147497269331916 0.18299122855185546 0.12313340847468718 0.096505539470044865 0.072110419060134046 0.051287599257220297 0.04167006576056656 0.033049702022992442 0.025431617321086349 0.018817424118602079 0.013195821342646283 0.0084416443354662536 0.0047523054595742537 0.0021188752263739188 0.00053491193820699723 0 0.00053383431156515601 0.0021124356191557017 0.0047363392705558581 0.0084203317489957123 0.01315897378333172 0.018761489359334145 0.025358488105591527 0.032960159898149606 0.041553818343111636 0.05114260702231662 0.071918521474489766 0.096253465342095529 0.12282091197958564 0.15117393889250835 0.18254756139682438 0.18413459755302267 0.12391512667112831 0.097122601645740325 0.072576670504773039 0.051619728103715963 0.041942354790837015 0.033266643537917452 0.025599172622358307 0.018942379516436431 0.013283553763880275 0.0084976509798855709 0.0047846708539048093 0.0021344611604965386 0.00053969326439212879 0 0.00053843412571655778 0.0021269373470262001 0.0047660184148926935 0.0084727561792978245 0.013240520738130691 0.018877069727435865 0.025513808840380202 0.033162152401792093 0.041806745939481214 0.051450650624302416 0.072353089309301455 0.096829203511172662 0.12355181505789964 0.15207112893063432 0.18362015010032962 0.1852779665541899 0.12469684486756945 0.097739663821435827 0.073042921949411976 0.051951856950211622 0.042214643821107456 0.033483585052842463 0.025766727923630248 0.019067334914270782 0.013371286185114267 0.0085536576243048883 0.0048170362482353561 0.002150047094619148 0.00054447459057725689 0 0.00054303393986795262 0.0021414390748966915 0.0047956975592295253 0.0085251806095999298 0.013322067692929651 0.018992650095537581 0.025669129575168894 0.033364144905434573 0.042059673535850786 0.05175869422628819 0.072787657144113171 0.097404941680249768 0.12428271813621362 0.15296831896876037 0.18469273880383483 0.1850513590370417 0.12460484689681238 0.097687723396935947 0.073017209693597165 0.051941716011900313 0.04220924963727174 0.033481287482497027 0.025766345566161274 0.019068072680851561 0.013372389570914219 0.008554580639488751 0.0048177921744590371 0.0021506048832358217 0.00054475921114442195 0 0.00054328990787957596 0.0021418272285604768 0.0047960394415633417 0.0085255631506559546 0.0133222637569672 0.01899206074038156 0.025667089509458244 0.033359926584876444 0.042051945633543295 0.051745864591498908 0.072759062902537641 0.097350256070609847 0.12418878968247164 0.15281885590304267 0.18446831541353204 0.18500276674639887 0.12457200604580866 0.097661929508286657 0.072997806197307225 0.051927947113144593 0.042197980600105975 0.033472322215202077 0.025759430422473188 0.019062922498654288 0.013368777493964375 0.0085522762062323378 0.0048164619951147729 0.0021499656609938137 0.00054456390643600749 0 0.00054310189284357581 0.0021412315594853994 0.0047948172139117111 0.0085234027561706047 0.013318900573980774 0.018987288127985974 0.025660667612073106 0.033351564717913625 0.042041459151004164 0.051733070631848913 0.072740946323454153 0.09732614739021242 0.12415803050601694 0.15278088967662684 0.18442265343648556 0.18477386273136828 0.1244173024384603 0.097540422071675598 0.07290640202294868 0.051863085873510968 0.042144895474489394 0.033430089473084228 0.025726855210772455 0.019038661502362525 0.013351762059921642 0.0085414206977188576 0.0048101959107506951 0.0021469544726806823 0.00054364388329409229 0 0.00054221620920824609 0.0021384255373549169 0.0047890596582781265 0.0085132257720193349 0.013303057606327032 0.01896480575217941 0.025630415938893543 0.033312174417608378 0.041992060410483763 0.051672802044110393 0.072655604438229715 0.097212578474916281 0.12401313305631101 0.1526020419304685 0.1842075532684978 0.18456674181342994 0.12427732082582635 0.097430477596460313 0.072823696105824398 0.051804396996910272 0.042096862066490374 0.033391875707749735 0.025697379940325199 0.019016709245118894 0.013336365858515654 0.0085315982274240601 0.0048045261231535082 0.0021442298368222045 0.00054281141192982427 0 0.00054141480951445421 0.0021358865435354146 0.0047838500065044386 0.0085040172559565086 0.01328872229638119 0.018944462857303283 0.025603043093042482 0.033276532599984525 0.041947362581657072 0.051618268770792404 0.072578383907152932 0.097109817070830634 0.12388202442203911 0.15244021379761302 0.18401292258787663 0.18437933105682133 0.12415066022487817 0.097330995721379182 0.072748860697317369 0.05175129310533947 0.04205339964161707 0.033357298462991028 0.025670709612717786 0.018996846021354513 0.013322434799387901 0.0085227104887637753 0.0047993958871832554 0.0021417644843469384 0.00054205816068999234 0 0.00054068967308470647 0.0021335891669233727 0.0047791361186446599 0.0084956850460582815 0.013275751171543053 0.018926055844828194 0.025578275117878309 0.033244282549751647 0.041906918313629707 0.051568925024566288 0.072508511881194032 0.097016834707284005 0.12376339242392229 0.15229378564771451 0.1838368134653528 0.18420975479169949 0.12403605297374931 0.097240980798389359 0.072681146819506159 0.05170324271720287 0.042014073213313137 0.033326011678120777 0.025646577302347318 0.018978873033249681 0.013309829455816238 0.0085146685302622295 0.0047947538577140132 0.0021395337411786626 0.00054137659078301245 0 0.00054003354250989691 0.0021315104146014743 0.0047748708165247095 0.0084881457507674299 0.01326401441243549 0.018909400491186484 0.02555586412718077 0.033215101497567401 0.041870322826573478 0.051524276956634842 0.07244528905763245 0.096932700785529596 0.12365604975304981 0.15216129197863257 0.18367746334163584 0.1838530959572901 0.12379500692539394 0.097051658209582989 0.072538728582401374 0.051602181431218044 0.041931360470051041 0.033260208198982781 0.025595821368536942 0.018941071605180028 0.013283317448712121 0.0084977543970050171 0.0047849905761686694 0.0021348419627762339 0.00053994308870406078 0 0.00053865354533950624 0.0021271383087550482 0.0047658998813445291 0.0084722888366599598 0.013239329243080919 0.018874370358801719 0.025508728534151905 0.033153726870337609 0.041793353896111773 0.051430371551561667 0.072312316565619247 0.0967557473277703 0.12343028282836693 0.15188262657963086 0.18334231249168009 0.18357532977776264 0.1236072800741785 0.096904213629167443 0.072427813147820472 0.051523474822554864 0.041866943720828546 0.033208960397901305 0.025556292607539888 0.018911631823398167 0.013262669876818641 0.0084845816567793216 0.004777386924855808 0.0021311880020824236 0.0005388266761624412 0 0.00053757880246257071 0.0021237333092981817 0.0047589133100013267 0.0084599394595359732 0.013220104413857332 0.018847088864269376 0.025472019297390486 0.033105928262590331 0.041733410432796027 0.051357237948556039 0.07220875748471238 0.096617935836300142 0.1232544553706323 0.15166560174867341 0.18308129674728749 0.18319053155552131 0.12334721616453492 0.096699954015849673 0.07227415850880553 0.051414440082818862 0.041777705172688681 0.033137965207689565 0.025501532172036386 0.018870847968027054 0.01323406614625746 0.0084663330455570507 0.0047668533476121298 0.0021261260554425905 0.00053728007476541197 0 0.00053608992736223909 0.0021190162564879208 0.0047492345930423285 0.0084428314791073072 0.013193471653451746 0.018809294952087583 0.025421164837464282 0.033039711348356718 0.041650368868275355 0.051255923668788277 0.072065293833746311 0.096427021243989552 0.12301087606492772 0.15136495042648324 0.18271970342951876 0.18295713963592908 0.12318947942985134 0.096576064297831415 0.072180962259235842 0.051348307170195173 0.041723579257213608 0.033094904448134017 0.025468318288964294 0.018846111309323191 0.013216717106689946 0.0084552647033535652 0.0047604644100573915 0.0021230558296077076 0.00053634201359976756 0 0.00053518687896541087 0.0021161552193350204 0.0047433641544600176 0.0084324549644515644 0.01317731806771298 0.018786371785598839 0.025390320048335913 0.032999548759682473 0.041600001613363059 0.051194473451842401 0.071978278730881057 0.096311225690366667 0.12286313774794635 0.15118259618169172 0.18250038599594481 0.18281558028096717 0.12309380726410282 0.096500921385430163 0.07212443587650165 0.051308195531072825 0.041690750229992968 0.033068786777233072 0.025448173050552966 0.018831107767400442 0.013206194382275677 0.008448551414454962 0.0047565893235474513 0.0021211936435066095 0.00053577305074211344 0 0.00053463915242552701 0.0021144199125832045 0.0047398035534738838 0.0084261612901718949 0.013167520422698122 0.018772468182305716 0.025371611738037179 0.032975188918278123 0.041569452329013185 0.051157202011218747 0.07192550140313525 0.096240992136835971 0.12277352992908283 0.15107199274129696 0.18236736324827271 0.18272972019201367 0.1230357791622952 0.096455344905198706 0.072090150892290664 0.051283866592133777 0.041670838418455106 0.03305294560907137 0.025435954345809267 0.018822007659220014 0.013199812027294715 0.0084444795989104416 0.0047542389647701327 0.0021200641705421963 0.00053542795732470713 0 0.00053430693948594565 0.0021133673958342175 0.0047376439398087913 0.0084223439837590331 0.013161577850603621 0.018764035220627945 0.025360264574249586 0.032960413927600643 0.041550923251422719 0.05113459573974885 0.071893490335719692 0.096198393333279023 0.12271918003959213 0.15100490836362782 0.18228668087337038 0.18264605725407451 0.12297923599375878 0.096410934722498495 0.072056743257366884 0.051260160228287784 0.041651436148165709 0.033037509814804786 0.025424048316487292 0.018813140421889869 0.013193592996133843 0.0084405119807149341 0.0047519487514368162 0.0021189636006770027 0.00053509169481304186 0 0.00053398322784197969 0.0021123418128826607 0.0047355395904395189 0.0084186243618321679 0.013155787348329517 0.018755818057588775 0.02534920778323857 0.032946017027444034 0.041532868331058494 0.051112567960485245 0.071862298428289922 0.096156884628807629 0.12266622095829045 0.15093954066841547 0.1822080631523022 
end_dependent_variable

end_regular_table
