# ****************************************************************************
# CUI
#
# The Advanced Framework for Simulation, Integration, and Modeling (AFSIM)
#
# The use, dissemination or disclosure of data in this file is subject to
# limitation or restriction. See accompanying README and LICENSE for details.
# ****************************************************************************

# ##################################################################################################
# 
# This file was auto-generated by AFSIM Mover Creator 2.5.0.200324
# 
# Creation Date:  24 Mar 2020
# 
# ##################################################################################################

regular_table

independent_variable mach precision double
0.10000000000000001 0.5 0.70000000000000007 0.75 0.80000000000000004 0.84999999999999998 0.90000000000000002 0.92000000000000004 0.94000000000000006 0.95999999999999996 0.97999999999999998 1 1.02 1.04 1.0600000000000001 1.0800000000000001 1.1000000000000001 1.2 1.3 1.4000000000000001 1.5 1.75 2 2.5 3 3.5 4 5 
end_independent_variable

independent_variable surface_angle units deg
-20 -16 -14 -12 -10 -9 -8 -7 -6 -5 -4 -3 -2 -1 0 1 2 3 4 5 6 7 8 9 10 12 14 16 18 20 
end_independent_variable

dependent_variable precision double
-1.1170216341368238 -0.34993418820256383 0.4837876731709006 0.13108928307681517 -0.17358823465313811 0.50070096773621509 0.36513548573275556 0.23795846606778834 0.11758817360246795 0.0054182980000609601 0.31510418362934123 0.21983875007267584 0.13552199025023862 0.062247529984956376 0 -0.051240234986136814 -0.091697323110341469 -0.12138231112665419 -0.14010179582068849 -0.14752252110205563 -0.55869593244700055 -0.54182232868097502 -0.51098867881293186 -0.46783877947686253 -0.41352877844786445 -1.105327564237377 -0.95179312199740684 -1.9651123421665895 -1.7506390970396082 -1.5016865886508388 -1.1178824344325851 -0.3506321795260624 0.48317062334013888 0.13056002852947624 -0.17402573790684922 0.50030469845952885 0.36478356003126394 0.23764961263462153 0.11732293918487954 0.0051970191305602664 0.31492637747809343 0.21970543818773394 0.13543324814890231 0.062203275566403197 0 -0.051196081556676036 -0.091609170005300472 -0.12125029446394414 -0.13992611898107077 -0.14730294550439005 -0.55843293805872052 -0.54151549189532688 -0.51063761844394751 -0.46744488424710906 -0.41309203705085706 -1.1048130640515288 -0.95119621694483125 -1.9644387754835535 -1.7498864941353234 -1.500856550237305 -1.1177993473984029 -0.35056603893745986 0.48322812686210692 0.13060932732188738 -0.17398440546322289 0.50034170618705132 0.36481646132939821 0.23767831530542494 0.11734748398894521 0.0052174334324436491 0.31494263282552654 0.21971761458483044 0.13544136171098095 0.062207333141758851 0 -0.05120012924601354 -0.091617256789615881 -0.12126240775940615 -0.1399422494705635 -0.14732304929299103 -0.55845702052774404 -0.54154349250498746 -0.51066947591023559 -0.46748066334616362 -0.4131316981384216 -1.1048609354217085 -0.95125178611331507 -1.9645022602790727 -1.7499575122555737 -1.5009349859840297 -1.1177827066572721 -0.35055277651672334 0.48323967175625032 0.13061922499001113 -0.17397611517649406 0.50034913523450664 0.36482306531833109 0.23768408045337361 0.11735241511905566 0.005221535239053882 0.31494590059283062 0.21972006312575454 0.13544299339058405 0.062208149010184413 0 -0.051200942835252145 -0.091618881935788238 -0.12126484254649246 -0.13994549142616469 -0.14732709136128821 -0.55846186283754529 -0.54154912382136799 -0.51067588581405499 -0.46748786062499359 -0.41313967742525992 -1.1048705476511844 -0.95126294538476863 -1.9645149965045967 -1.7499717589129635 -1.5009507189432438 -1.1177672635448042 -0.35054046235225705 0.4832503965724495 0.13062841713348669 -0.17396841797929427 0.50035603539609186 0.36482919887162646 0.23768943395940542 0.11735699494666663 0.0052253459108378749 0.31494893759334985 0.21972233820516582 0.1354445093433066 0.062208906832691618 0 -0.051201698697014519 -0.091620392185176369 -0.12126710448748222 -0.13994850353094943 -0.14733084621624881 -0.55846636122984206 -0.54155435537479668 -0.51068184088232338 -0.46749454891164194 -0.41314709150235696 -1.1048794743355728 -0.95127330925217635 -1.964526821456074 -1.7499849848380853 -1.5009653246888646 -1.1177528678994317 -0.35052897957221968 0.48326039777362462 0.13063699420419192 -0.17396123939194413 0.50036247206336237 0.36483492063988476 0.23769442852032646 0.11736126839716489 0.0052289012564346628 0.31495177154228365 0.21972446088318101 0.13544592332298624 0.062209613731292412 0 -0.0512024043701498 -0.091621801524188085 -0.12126921560139658 -0.13995131451626966 -0.14733435061110417 -0.55847055818266811 -0.54155923771527847 -0.51068739988013734 -0.46750079182297505 -0.41315401024092585 -1.1048878038944459 -0.95128297592452282 -1.9645378501734083 -1.7499973219876328 -1.5009789490316088 -1.1177393926305419 -0.35051822676173694 0.48326976775808683 0.13064502644545245 -0.17395451758657787 0.50036849851991672 0.36484027862557444 0.23769910715802689 0.11736527080689341 0.0052322313310568663 0.31495442620471831 0.21972644994430818 0.1354472485753847 0.0622102760444165 0 -0.051203065286064303 -0.091623121663622381 -0.12127119316998292 -0.13995394780372331 -0.1473376331412424 -0.5584744915655917 -0.54156381283423949 -0.51069260909252456 -0.46750664023817468 -0.41316049555470491 -1.1048956051113055 -0.95129203256192552 -1.9645481785756649 -1.7500088744385156 -1.5009917054943089 -1.1216832654644393 -0.35258781878734602 0.48225149414329793 0.12984111867494808 -0.17462359198281832 0.50025537484437443 0.36475108829367797 0.23761830632368491 0.1172785840570337 0.0051285581764970618 0.31508858676871732 0.21982885188073262 0.13551507562780254 0.062243176875263817 0 -0.051231567219533855 -0.091673501091203272 -0.12133448386607687 -0.14001870659963206 -0.14738988281740134 -0.55876218150915891 -0.54180401229018038 -0.51086344325881616 -0.4675852256369592 -0.4131225937905158 -1.1050772051635285 -0.95107668784512756 -1.9645686549687551 -1.7494192779778279 -1.4996621199070617 -1.1256301937284261 -0.35465907278034098 0.48123208455596811 0.12903649510949997 -0.17529308106084573 0.50014195774980985 0.36466170016985844 0.237537382703781 0.11719182878128924 0.0050248543885195963 0.3152227401709885 0.21993125894658005 0.13558291126169919 0.062276083348619511 0 -0.051260074874227804 -0.091723888486277896 -0.121397779250784 -0.14008345814794101 -0.1474421014880305 -0.55904980123229986 -0.54204408779269964 -0.51103408113880777 -0.4676635185097906 -0.41308427937111986 -1.105258085069958 -0.95086020601082832 -1.9645874657191364 -1.7488273841310367 -1.4983294773440288 -1.1234297890748233 -0.3536348400584356 0.48224629636620342 0.12945894543037559 -0.17532762181644276 0.50043524692223995 0.36478936226162006 0.23751822087416746 0.11710500302177755 0.0049211186446951119 0.31535688563868347 0.2200336705235717 0.13565075456683104 0.062308994921342932 0 -0.051288588110604091 -0.091774283793029432 -0.12146107913518581 -0.14014820126361596 -0.14749428616478291 -0.55933735121589778 -0.54222066155428428 -0.51098132439400068 -0.46732255565033232 -0.41239021501017875 -1.1041640820515324 -0.94851912834102192 -1.961351380822649 -1.7435204068887717 -1.4904414215293387 -1.1173340645753769 -0.3487044230751804 0.48682787317906745 0.1329643414163163 -0.17284041238249601 0.50296306881431396 0.36686405540103506 0.23917637990960361 0.11832902247412766 0.0057117398529712322 0.31604101581871108 0.2204348996259404 0.13584656091801817 0.062370265570101141 0 -0.051243701439864266 -0.091611964407299365 -0.12110527850672807 -0.13949725605999383 -0.14645194904724088 -0.55807961666185257 -0.54044474069427051 -0.50866210328699701 -0.4643941150743956 -0.40878578628573548 -1.0994952674365037 -0.94201588619833587 -1.9534974327738515 -1.7333472890157504 -1.4777151380411029 -1.1116609143960259 -0.3441773028040036 0.4910138559556888 0.13608064669574652 -0.17073688815923493 0.50510954944734887 0.36855954022829041 0.24045727585203933 0.11924108145985285 0.0062913740754887287 0.31659209740032179 0.22076141262614751 0.1360084705338418 0.062422236878458812 0 -0.051203265396532326 -0.091474233013544279 -0.12081089412521245 -0.13896222312323836 -0.14560049875638117 -0.55711141150480914 -0.53902057706626327 -0.50669167788011948 -0.46181124416938407 -0.40552341919925006 -1.0951604921793288 -0.93583737557177138 -1.9459575458735718 -1.7234762268539245 -1.4652775616507014 -1.1060441966624621 -0.33968729340411419 0.4951704445168259 0.13917407695857695 -0.16865082576261436 0.50724092199480186 0.3702420537810851 0.24172714958624072 0.12014391074739873 0.0068634424964711602 0.31713717764867344 0.22108343485090748 0.13616737444950341 0.062472689393876388 0 -0.051161202395843666 -0.09133315473428473 -0.12051132451536931 -0.13841997827792041 -0.14473960866136915 -0.55613134052692448 -0.53758187908664612 -0.50470374740144419 -0.45920763831630657 -0.40223680909738252 -1.0907934363757936 -0.92961725481431501 -1.9383653696128029 -1.7135408536129493 -1.4527623061263597 -1.1004840246799747 -0.33523447694627939 0.49929757159605054 0.14224457343398614 -0.16658226060626197 0.50935715041331708 0.37191156605572973 0.24298597474949274 0.12103748905195 0.0074279278212904653 0.3176762428013411 0.22140095480481703 0.13632326626038035 0.062521619489691538 0 -0.051117509177523328 -0.091188723203540434 -0.12020655873710123 -0.13787050830833361 -0.14386926273848288 -0.55513938251208073 -0.53612862077054113 -0.50269828613515855 -0.4565832634182399 -0.39892591342195177 -1.0863940437281916 -0.92335547029601805 -1.9307208278516728 -1.7035410706888277 -1.4401692583230832 -1.0949805222073421 -0.33081894025285252 0.50339517044216675 0.14529208902974949 -0.16453123768712469 0.51145820002776632 0.3735680458406016 0.24423372711443159 0.12192179562682273 0.0079848129614114687 0.31820927886690775 0.2217139633425044 0.1364761393285642 0.062569024922497329 0 -0.051072182055514156 -0.091040931478557297 -0.11989658709545536 -0.13731379932896975 -0.14298944310916448 -0.55413551500760294 -0.53466077649945754 -0.50067525945765756 -0.45393808545840825 -0.39559068963767591 -1.0819622664344224 -0.91705194931188994 -1.9230238337563785 -1.6934767788249356 -1.427498293749319 -1.1011837667052968 -0.33388868572578329 0.50176503482400414 0.14413958646533453 -0.16538366161230364 0.51121602881248251 0.37338851441137838 0.24408996090734195 0.12179175870955516 0.0078500454853480481 0.31831920503993949 0.22179889360562827 0.13653283973803992 0.062596393057419639 0 -0.051089800319536381 -0.091070449673224779 -0.11993038999844507 -0.13733909188096383 -0.14299383233234184 -0.5543720968864827 -0.53485232023576623 -0.50080607813104239 -0.45399743335141646 -0.39556902730596938 -1.0822828174364882 -0.91719665049370858 -1.9237528349605459 -1.694104434390282 -1.4280880527142479 -1.1057024088990512 -0.3363412552162065 0.50044694090741249 0.14310984887648426 -0.16621447247342544 0.51096937432124245 0.37319161728067163 0.24392443181239135 0.12164026433980939 0.0076990382390388062 0.31842110208314073 0.22188084996271137 0.1365893255948023 0.062624746188962702 0 -0.051117077952488675 -0.091120202202024839 -0.11999539616592811 -0.13741035782791033 -0.14305934750345617 -0.55468123319931062 -0.53512376973356091 -0.50101993159978686 -0.4541318354476912 -0.39560070569471339 -1.0825655671446466 -0.9171168177921506 -1.923945709656165 -1.6937257155830767 -1.4270085403385657 -1.1281962123379585 -0.34853140271562211 0.49391612387999639 0.1380082713616772 -0.17033330790914308 0.50976584639263534 0.37223159863113914 0.24311637752743237 0.12089802189667492 0.0069552574270024337 0.31893829586007966 0.22229551597779379 0.13687443717753253 0.062767551799970706 0 -0.051253522599581894 -0.091368482331054574 -0.12031877242095257 -0.13776295865534938 -0.14338031155573983 -0.55621672089405005 -0.53646643666604443 -0.502069260143714 -0.45477781966063352 -0.39572620864862451 -1.0839301656233946 -0.91664918816652607 -1.9248193929900077 -1.6917166033927555 -1.4214679204569212 -1.150543569320337 -0.36061337411982569 0.487474480782918 0.13297743900854203 -0.17439907688824363 0.50860718857792397 0.37130853687288379 0.2423379427690058 0.12017881517106851 0.0062284899262374663 0.3194671301210501 0.22271753840690101 0.13716356782916625 0.062911902756983565 0 -0.05138999009937071 -0.091615874822315646 -0.12063935773462121 -0.13810944725438207 -0.14369054873089557 -0.55773577119264006 -0.53778565964534064 -0.50308659402646361 -0.45538207607509562 -0.39579901061730399 -1.0852160235669377 -0.91607179175209386 -1.9255475600332164 -1.6895219887127075 -1.4156972846554676 -1.1727685151428384 -0.37260338161124018 0.48110922555624863 0.12800762629376325 -0.1784188168530739 0.50748754998593149 0.37041767798686948 0.24158535709637649 0.11947972900773414 0.0055165825813118536 0.32000611293960957 0.22314595418083655 0.13745617174704228 0.063057572214706009 0 -0.051526394783765139 -0.091862285567212473 -0.12095712584440298 -0.13844997029444597 -0.14399046901064752 -0.55923911606831567 -0.53908256889056383 -0.50407355153517885 -0.45594675389639566 -0.3958218572732326 -1.0864272435976703 -0.91539026347185937 -1.9261374926771999 -1.687150910433447 -1.4097075102877639 -1.1948925980189586 -0.38451594907081188 0.47480889479840727 0.12309012716683747 -0.18239882273910898 0.50640170418692787 0.36955477980864315 0.24085525552793965 0.1187981668080456 0.004817618728380847 0.32055391785041731 0.22357990960275409 0.13775176596536187 0.063204361690660738 0 -0.051662665958611527 -0.092107644150675572 -0.12127207297192831 -0.13878469063185753 -0.14428047968606278 -0.56072746791548822 -0.54035824827855328 -0.50503167295657081 -0.45647389653550391 -0.39579732512098026 -1.0875676827439644 -0.91460985663350092 -1.9265959959373287 -1.6846118082304224 -1.4035087226973257 -1.2498833974445085 -0.41404075130519513 0.45927736375899986 0.11097608647865692 -0.19221053037860547 0.50380543459370819 0.3674959201015866 0.23910942551171535 0.11715634686245217 0.0031161024038826191 0.32195464697402354 0.2246843032391575 0.13850117591119776 0.063575151766399926 0 -0.052002404106797892 -0.092716138353694938 -0.12204726066536753 -0.13959727849518 -0.14496479558726749 -0.56438721322727103 -0.54346123337112828 -0.50731015039583849 -0.45763982353256338 -0.39554425450592312 -1.0901320919512467 -0.91225758141048752 -1.9272077000907255 -1.6775790763941387 -1.3871576266558863 -1.2834697941320796 -0.43212692804450548 0.44968211705254918 0.1035147378276892 -0.19822081035879083 0.50215419663256045 0.36619344676347521 0.23801701299224248 0.11614421353332623 0.0020824541223631553 0.3227931695876553 0.2253510943394641 0.13895701598609203 0.063802402976971234 0 -0.052216060405476092 -0.093103629923241615 -0.1225499788930046 -0.140141418781069 -0.14545398302974338 -0.56668585356372458 -0.54545252022989288 -0.5088365672699775 -0.45853007338547397 -0.39561585231966501 -1.0919669958855107 -0.91121958084794075 -1.9280302510065714 -1.6739011795229346 -1.3779765061442755 -1.2861915793023997 -0.43396174782417407 0.4482545514149151 0.10246122390934874 -0.19894232065901246 0.50157975693544965 0.36575427727740045 0.23769677770730482 0.11592393043595564 0.0019470468023094797 0.32272696904605963 0.22533040089621553 0.13896143016654544 0.063813872725927062 0 -0.052256756666123297 -0.093202127438517926 -0.12272362710595455 -0.14041513639691527 -0.1458493989960073 -0.56722037779167622 -0.54614646990014271 -0.50971464891225904 -0.45960885257426265 -0.39691195445362143 -1.0937616922425726 -0.91357709312019308 -1.9310155050367948 -1.6775717258909726 -1.3823851678881469 -1.2878168363927989 -0.43505407676153185 0.44740667984115795 0.10183766898561578 -0.19936707094215297 0.50124292058226161 0.36549819470067868 0.2375115427089699 0.11579802757597261 0.0018713405841225955 0.32269194735267498 0.22532169504608018 0.1389666693625852 0.06382210874868513 0 -0.052282716641343145 -0.093264418297872076 -0.12283276953350034 -0.14058623678655544 -0.14609557451592936 -0.56755218018299047 -0.54657621707706117 -0.51025732211019192 -0.46027449109294527 -0.39771063995632666 -1.0948652257631948 -0.9150244013113964 -1.9328459284544572 -1.6798201323028543 -1.3850835454863988 -1.2887788619576859 -0.43569755571507029 0.44690910778152154 0.1014737753557072 -0.19961276056947103 0.5010493545652287 0.36535241489738984 0.23740753807690132 0.11572881643235282 0.0018313763110227356 0.32267546664839519 0.22531998275768123 0.13897222324385711 0.063828290605000712 0 -0.052299646402701468 -0.093304565192168606 -0.12290251029290249 -0.14069473331327001 -0.14625077448157339 -0.56776048055332984 -0.54684508113386954 -0.51059582981944163 -0.46068872949391215 -0.39820671555261461 -1.0955484720566304 -0.91591838645475521 -1.9339744899524678 -1.6812043712046967 -1.3867428336646865 -1.289340688913261 -0.43607045016555807 0.44662254793112327 0.10126612360548015 -0.19975088631194612 0.50094175504349081 0.36527270847352339 0.2373520743306537 0.1156933653072279 0.0018125731975278442 0.32266981669778294 0.22532220183421295 0.13897775995072184 0.063833124842830477 0 -0.052310995089976463 -0.093331072887858441 -0.12294804215102002 -0.14076484146186644 -0.14635027984831289 -0.56789325274683711 -0.5470156460398049 -0.51080968854355491 -0.46094956666215026 -0.39851823096165112 -1.0959755815308416 -0.91647535477053044 -1.934675737887062 -1.6820626765170748 -1.3877698912674388 -1.2898383986543953 -0.43639386142774927 0.44637828034472232 0.10109378186399878 -0.1998604773493203 0.50085939431498994 0.36521502593698418 0.23731552232602657 0.1156738030849343 0.0018067276017934453 0.32267428190053776 0.22533183567481796 0.13898813422295769 0.063840321491932139 0 -0.052324535285281609 -0.093361860159585142 -0.12299983486772632 -0.14084304068838008 -0.14645956489499859 -0.56803739582911883 -0.54719904208848769 -0.51103767937176181 -0.46122574572835001 -0.39884617340494483 -1.0964209144823043 -0.91705189504076334 -1.935397482045462 -1.6829419769697882 -1.3888180911379482 
end_dependent_variable

end_regular_table
