# ****************************************************************************
# CUI
#
# The Advanced Framework for Simulation, Integration, and Modeling (AFSIM)
#
# The use, dissemination or disclosure of data in this file is subject to
# limitation or restriction. See accompanying README and LICENSE for details.
# ****************************************************************************

# ##################################################################################################
# 
# This file was auto-generated by AFSIM Mover Creator 2.5.0.200324
# 
# Creation Date:  24 Mar 2020
# 
# ##################################################################################################

regular_table

independent_variable mach precision double
0.10000000000000001 0.5 0.70000000000000007 0.75 0.80000000000000004 0.84999999999999998 0.90000000000000002 0.92000000000000004 0.94000000000000006 0.95999999999999996 0.97999999999999998 1 1.02 1.04 1.0600000000000001 1.0800000000000001 1.1000000000000001 1.2 1.3 1.4000000000000001 1.5 1.75 2 2.5 3 3.5 4 5 
end_independent_variable

independent_variable surface_angle units deg
-20 -16 -14 -12 -10 -9 -8 -7 -6 -5 -4 -3 -2 -1 0 1 2 3 4 5 6 7 8 9 10 12 14 16 18 20 
end_independent_variable

dependent_variable precision double
9.1014352903516453 6.5824163701437532 2.858876356044699 4.5083592674964752 5.4180835945323453 1.9706130274296105 2.3895058141165171 2.8317072274477799 3.1142714261323405 3.2576451170685967 1.1813166867020846 1.0564971451036751 0.80833909050092212 0.45159416284232284 0 -0.56187045422673976 -1.2289353651342749 -2.0043063500300446 -2.8832672505151806 -3.9108876281357641 -2.82790998421829 -4.0719151740190265 -5.4766613452155379 -6.8664179858776686 -8.3823632922450013 -6.5743508650333737 -9.9612341381849738 -6.86886718595549 -10.527632284819642 -14.465733918392864 9.1022436058879599 6.5830760796563297 2.859472715809845 4.5088518782706037 5.4184810758069473 1.9709780896061853 2.389823460044703 2.831980117099766 3.1145006104673518 3.2578324808060808 1.1814642006625171 1.0566055059955086 0.80840911679915595 0.45162770274216518 0 -0.56190322754691624 -1.2289990483514452 -2.0043990970385539 -2.8833862161454826 -3.9110319736470576 -2.8280652842534795 -4.0720890000872743 -5.4768527583347542 -6.8666252747899179 -8.3825846186017348 -6.5745541330734065 -9.9614440048612494 -6.8690087928358095 -10.52775502183527 -14.465831355903724 9.1022309101081653 6.5830779548726044 2.8594806082514306 4.5088615353252814 5.4184917156957022 1.9709897817136222 2.3898347766051025 2.8319909005665655 3.1145105804397297 3.2578414192835612 1.1814718891866411 1.0566116467620548 0.80841340633634895 0.45162992030162424 0 -0.56190574637410173 -1.2290043089296221 -2.0044073242665843 -2.8833975574370281 -3.9110467297832368 -2.8280827787916403 -4.0721101256386083 -5.4768778020553484 -6.8666544609775313 -8.3826181705236618 -6.5745941746313381 -9.9614936947721588 -6.8690641516750519 -10.527820946827813 -14.46590874973641 9.1022274275963682 6.5830773866287178 2.8594812526351894 4.5088626506312863 5.418493140828013 1.9709914461426732 2.3898364427515943 2.8319925293300976 3.1145121170339434 3.257842822375383 1.1814731164697807 1.0566126368093824 0.80841410668005109 0.45163028584456977 0 -0.56190617088251205 -1.2290052003672285 -2.0044087245818765 -2.8833995034118614 -3.9110492739999216 -2.8280858188334612 -4.0721138128120922 -5.4768821992760754 -6.8666596150171362 -8.3826241157309589 -6.5746013478087511 -9.9615026520269936 -6.8690742525164135 -10.52783304402227 -14.465923003120444 9.1022239547022394 6.5830766235125591 2.8594816020771288 4.5088634723694243 5.4184942881929121 1.970992818606802 2.3898378265508318 2.8319938983020969 3.1145134254375333 3.2578440254426089 1.181474171779856 1.0566134953579993 0.80841471599939507 0.4516306064478165 0 -0.56190654177814792 -1.2290059842357979 -2.0044099626562688 -2.8834012242874647 -3.9110515291140855 -2.8280885159596183 -4.0721170970739848 -5.4768861057667406 -6.8666641926836363 -8.3826294128906245 -6.5746077721820093 -9.96151068964957 -6.8690833677757945 -10.527843985264626 -14.465935906825065 9.1022205186758356 6.5830757052542523 2.8594817388999054 4.5088640639705035 5.4184951994669577 1.970993955667055 2.3898389953264898 2.8319950623261692 3.1145145420602414 3.2578450606586267 1.1814750900954092 1.0566142447632576 0.8084152504383233 0.45163088663395801 0 -0.56190686999538164 -1.2290066792554333 -2.0044110626770499 -2.8834027559010988 -3.911053540695153 -2.828090929765303 -4.0721200329816485 -5.4768896223983603 -6.8666683176327581 -8.3826341901237331 -6.5746135827419518 -9.9615179720562104 -6.8690916517938634 -10.527853925353533 -14.465947674728884 9.1022171270738994 6.5830746802856304 2.8594816799344409 4.5088644577224137 5.4184959282343037 1.9709948964810822 2.3898399820534326 2.8319960567815947 3.1145155091511119 3.2578459592808602 1.1814758915104979 1.056614902628926 0.80841572150368923 0.45163113516194242 0 -0.56190716283333664 -1.2290072995091499 -2.004412046026359 -2.8834041312276288 -3.911055351679146 -2.8280931057626968 -4.0721226883739954 -5.476892798976718 -6.866672055127256 -8.3826385109755961 -6.5746188684520117 -9.9615246139719602 -6.8690992419658832 -10.527863033285167 -14.465958474454123 9.1149529885458431 6.5907485691585697 2.8616689768056691 4.5132394094711135 5.4244135596611311 1.9723794611928789 2.3918938476575518 2.8346666940025287 3.1176433625477489 3.2612774301605874 1.1823591416875829 1.0574966883328587 0.80914573596353256 0.45206450488505079 0 -0.56248720505107175 -1.2303110360907468 -2.0065850237928231 -2.8865858366039201 -3.9154188348624923 -2.8309622089449129 -4.0764229468853941 -5.4827978427538184 -6.8742380382988504 -8.3920092520276715 -6.5817289660064784 -9.9726649268949874 -6.8759079483213172 -10.538847838271082 -14.481384260281088 9.1276975960503108 6.5984268903109262 2.8638567288673866 4.5176162353369262 5.430334289122027 1.9737641504305778 2.3939483458752364 2.8373384054024871 3.1207726482670486 3.2647106031156663 1.1832425366563706 1.0583787282294677 0.80987601689002886 0.45249805499095813 0 -0.56306752597508725 -1.2316154293758772 -2.0087591341083968 -2.8897692465744762 -3.9197846887323138 -2.8338326567458187 -4.0807253687767231 -5.4887059537884504 -6.8818080895608329 -8.4013851212203452 -6.5888428019027128 -9.9838113486859665 -6.8827197896701451 -10.549838115068933 -14.496818008346432 8.9376028367243041 6.451116063087504 2.7299495874671957 4.4015345643767905 5.3287992338555457 1.8731182292472945 2.298833931066008 2.7470730540124992 3.1239033659655218 3.2681454811000936 1.1841260808822063 1.0592610189869178 0.81060656156962119 0.45293178900041781 0 -0.5636481238535932 -1.2329204777157976 -2.0109343736755929 -2.8929543528268828 -3.9241529147312577 -2.836704457340431 -4.1918012783772758 -5.6086577107073472 -7.0116514330771871 -8.5422771390989087 -6.7494534656598075 -10.174993870343146 -7.1014515445916153 -10.8097091795761 -14.804081539405582 8.9519109769805389 6.4925840082984703 2.7807013038602739 4.4657236249505532 5.4055559743049804 1.9487527243159619 2.3778583120039438 2.831593665229474 3.1206608032833709 3.2686328926086805 1.1842193004502555 1.0632120557354969 0.81350879236286044 0.45335137740669984 0 -0.5695024901741933 -1.2458764247966037 -2.0322999332972245 -2.921235581149455 -3.9642556528482826 -2.8871200925218323 -4.1470440242666449 -5.573193716776208 -6.9857521492813195 -8.5262691969247548 -6.7462233554533499 -10.192076858322002 -7.133151315243655 -10.863761177414419 -14.882629545109006 8.8842103661666556 6.4521370743600519 2.7495800088280684 4.448085641422832 5.4005255238877625 1.9426147381458621 2.3751266831961853 2.8343727581907681 3.1251314832314327 3.2738991456217756 1.1867032209508726 1.0680269324667202 0.8163228231634958 0.45333685151634806 0 -0.57412527235724464 -1.2557184761444118 -2.0479794149563681 -2.9402381159148554 -3.9907079827833041 -2.918689171934588 -4.1840728085054453 -5.6195380986865029 -7.0416849910131454 -8.5921182476291769 -6.8248936830555316 -10.29111098076126 -7.2468559622363502 -10.999873078027711 -15.043298345700061 8.8162062920042619 6.4114806374764006 2.7182911487837083 4.4303261354993566 5.395413433300023 1.9364098358596276 2.3723446518083136 2.8371159696019435 3.129578392242768 3.2791513797616436 1.1891786303190583 1.072840086433156 0.81913691527676491 0.45332142314524615 0 -0.57875461977231646 -1.2655760364513653 -2.0636857069070822 -2.9592752587366302 -4.0172112009677745 -2.950325577382229 -4.2211820090894081 -5.665985277850865 -7.0977443561907094 -8.6581187314479582 -6.903758953964882 -10.390390776271706 -7.3608600893058416 -11.136339515379072 -15.204382667746247 8.7478983748244605 6.3706144181855642 2.6868344809497735 4.4124449270549446 5.3902195794356107 1.9301379311272382 2.3695121424103323 2.8398232308569682 3.1340014769164197 3.2843895569926977 1.1916455068921608 1.0776515067691295 0.82195106335570234 0.45330509196135549 0 -0.5833905357226199 -1.275449113629141 -2.0794188316707394 -2.9783470369793341 -4.0437653298200216 -2.9820293648075253 -4.2583717030056771 -5.7125353344623271 -7.1539303713092446 -8.7242707961268007 -6.9828193676335175 -10.489916497385828 -7.4751639884628496 -11.273160893044173 -15.365882942577077 8.6792862176465579 6.3295381602911851 2.6552097978136264 4.3944418332623068 5.3849438349291221 1.9237989176963615 2.3666290634512013 2.8424944622894928 3.1384006865077398 3.289613641821163 1.194103841876883 1.082461179437425 0.82476526043894827 0.45328785872035016 0 -0.58803302241792854 -1.2853377145017035 -2.0951788038226864 -2.9974534728781008 -4.0703704188481353 -3.0138005871305498 -4.2956419534789694 -5.759188362270252 -7.2102431585589342 -8.7905745884038389 -7.0620750966756809 -10.589688391186092 -7.5897680016383724 -11.410337549564927 -15.527799576699318 8.7469041221027233 6.3699209731451978 2.6817938455594987 4.4163282689997674 5.4029478917709204 1.9348340578929157 2.3761415430998518 2.8510716487502656 3.1457685504578858 3.295810079712254 1.1964549924853638 1.0843367595468671 0.82573288486058638 0.45342536360227986 0 -0.58853348937274541 -1.2862027423922966 -2.0962554850431387 -2.9979644851135889 -4.0706347900628446 -3.0107347995913587 -4.2913030906556306 -5.7536774568953382 -7.2031191091114311 -8.7814450335060243 -7.0409084919134592 -10.560371857286055 -7.5411839605165811 -11.347866283230271 -15.448348115747008 8.7626280331060507 6.3793279496775748 2.6851296239397322 4.4214645309856104 5.4092399841259171 1.9364511035328398 2.3783430892332547 2.8537147569535861 3.1488371322502315 3.299175824570669 1.1972743488755959 1.0850701110627292 0.82638721745555233 0.4538777359997701 0 -0.58896839341732032 -1.2872026785604676 -2.0979515782050719 -3.0005921869118746 -4.0742275951713856 -3.0125897836593394 -4.2944514420965607 -5.7581654330057077 -7.2089959330017637 -8.788848295855864 -7.0454934501610094 -10.568413023055527 -7.5441731821211091 -11.354371895006066 -15.458563610885893 8.8404817881749107 6.4259016596612204 2.7014550431833024 4.4469377626668223 5.4406325726436018 1.944460419478635 2.3893114149403658 2.8669515440858637 3.164218894529907 3.3160517420728337 1.2013916116508452 1.0887846368512808 0.82968598027100882 0.45613745462120153 0 -0.59119130613913795 -1.2923052760060707 -2.1065958936988292 -3.0139288239867481 -4.0924677460244014 -3.0221972486111923 -4.3105830583449025 -5.7810927177383968 -7.238968898300925 -8.826558438542909 -7.0692595949987433 -10.609680443231181 -7.5603507830737504 -11.388377675604252 -15.511389262620565 8.9171553752282549 6.4717624219888483 2.7172288852720174 4.4720884876046227 5.4719232221237979 1.9523506512907187 2.4002185821254147 2.88022229887522 3.1796628204924517 3.3330035346176086 1.2055408082898706 1.092573679644816 0.83302728145971794 0.45839417364654156 0 -0.59348996641221596 -1.2975691211558253 -2.1154971228102499 -3.0275767822281132 -4.1111419019333715 -3.0323249512031101 -4.3273256121097283 -5.8047845981494302 -7.269866202103775 -8.865358372247913 -7.0943433777611098 -10.652612766929305 -7.5784536245411136 -11.424696518189178 -15.56695381050196 8.9927703803674319 6.516980893545675 2.7324987647614201 4.4969476153811421 5.5031261813706953 1.9601313190864951 2.4110703776476621 2.8935252792642818 3.1951657359639238 3.3500277131669196 1.2097191549357593 1.0964308742645339 0.83640783280967501 0.46064863543954176 0 -0.59585815349451821 -1.3029811914009672 -2.1246347880928789 -3.0415121434115258 -4.130216789888741 -3.0429297956950778 -4.3446299457722519 -5.8291804359867871 -7.301615443979272 -8.9051636096500211 -7.120637463440862 -10.697077705415952 -7.5983203234274699 -11.463138451833849 -15.625035567739777 9.0674379041457183 6.561621662468391 2.7473082881583974 4.5215435030036151 5.534254613536957 1.9678111563955203 2.4218721358779889 2.9068589828359084 3.2107248387680438 3.3671211427044763 1.2139241434380823 1.1003504274393947 0.83982463807379837 0.46290150430627325 0 -0.59829021889525724 -1.3085296206000667 -2.133990243121064 -3.0557131252363217 -4.14966210152713 -3.0539725231096524 -4.3624512207336181 -5.8542249282852961 -7.3341505979493613 -8.9458971214719671 -7.1480439331857548 -10.742954537034935 -7.6198035823989105 -11.503530057617967 -15.685432236304507 9.2506052813212811 6.6710711506682321 2.7825717588403638 4.5820466296503533 5.6118266805050174 1.9866212461346209 2.4486894157147607 2.9403198383278881 3.2498527024935191 3.4101399385124425 1.2245388124351992 1.1103889315701965 0.84850802494322497 0.46853052768865977 0 -0.60461721784362377 -1.3229288398234085 -2.1582240623237543 -3.0922517052018303 -4.1997207838863035 -3.0832679416714042 -4.4090067885894548 -5.9193542889362192 -7.4185447052765214 -9.05134605821417 -7.220859790235858 -10.863124362920901 -7.6797308746435524 -11.612034184007758 -15.845379535560379 9.3667751196426465 6.7405031754841218 2.8062049751402385 4.6201444265306932 5.6595102170555771 1.9985712719495363 2.4652732116637441 2.9606067109758483 3.2734549524784713 3.4360339250799501 1.2308575776865089 1.1162231107605223 0.85362162253939899 0.47194328255489837 0 -0.60819323856429297 -1.3311017118568047 -2.1720236651708547 -3.1133130236803983 -4.2285431766236856 -3.0991262099400791 -4.4350000827317784 -5.9560506444559733 -7.46634491845239 -9.1113122974345266 -7.2600955890996124 -10.929809025866772 -7.7087098232660285 -11.669030758693557 -15.931978378789248 9.3976025004799464 6.759160388954875 2.8193431596498679 4.6289782340144781 5.6642185888072083 2.0019225770014542 2.4675174132082609 2.9610855403186553 3.2733709953888206 3.4356542733589457 1.2304429382631337 1.1149833114857259 0.85294065443108003 0.47207425343932935 0 -0.6068170062279723 -1.3281705091209564 -2.1673513691202908 -3.107743216294435 -4.2207329827015281 -3.0889274710230397 -4.4232499257982232 -5.9414776332555821 -7.4488444230615514 -9.0907904001798876 -7.2338148337367532 -10.897231372566585 -7.668778101392637 -11.621904689089064 -15.876873292557153 9.41628808378149 6.7704688567736975 2.827306010580442 4.6343319501465103 5.6670714559231259 2.0039529067979314 2.4688767641041331 2.9613745924617798 3.2733190971926298 3.4354233497144668 1.2301910549720949 1.1142311337052677 0.85252754925474883 0.4721536867901211 0 -0.60598233619167807 -1.326392816858234 -2.1645178446804945 -3.1043655845937033 -4.2159967947074977 -3.0827429200429628 -4.4161248206971537 -5.932640880933441 -7.4382326167518755 -9.0783466548111118 -7.2178795794703126 -10.877478529237408 -7.6445665907430724 -11.593331797266199 -15.843463265582034 9.4276102705167926 6.7773207193459584 2.8321304160620722 4.6375752819902125 5.6687991451854929 2.0051822875048333 2.4696996483465985 2.9615486985873618 3.2732867457617658 3.4352827027690132 1.2300379405519666 1.1137747484502845 0.85227694259464615 0.47220186558218996 0 -0.60547614673010353 -1.3253147798900768 -2.1627995887475273 -3.1023175525632327 -4.2131250540630152 -3.0789930525302598 -4.4118048848033355 -5.9272832547613659 -7.4317988937471773 -9.0708023842578864 -7.2082189204559972 -10.865503962339547 -7.6298894659962455 -11.576011256459077 -15.823211147350746 9.4344673083104276 6.7814701637544328 2.835051723190726 4.6395389624921464 5.6698447036321733 2.0059260813121713 2.4701972790854598 2.961653200275399 3.2732663500082428 3.4351968788212983 1.2299447785525306 1.1134977888072772 0.85212489585016615 0.47223109699574345 0 -0.60516918726194002 -1.3246610916101718 -2.1617577582921728 -3.1010759036047801 -4.2113840775342686 -3.0767197546775269 -4.4091862319483184 -5.9240356304608213 -7.4278990965219247 -9.0662295059845857 -7.2023636085869587 -10.858246595983587 -7.6209945199127116 -11.565514927428609 -15.810938698374535 9.4411254138003784 6.7854986018695396 2.8378871170647475 4.641444288938219 5.6708579341196801 2.0066464148792589 2.4706787922156339 2.9617524969730913 3.2732446518621727 3.4351120715984904 1.2298532607163448 1.1132275689741398 0.85197662633031201 0.47225957960514253 0 -0.60487021632617066 -1.3240245170545724 -2.1607433513577723 -3.0998673050755645 -4.2096895554871079 -3.0745073177716282 -4.4066380834697831 -5.9208756036517762 -7.42410463795082 -9.0617805078554596 -7.1966676729269183 -10.851187788674196 -7.6123436061262 -11.555307856634151 -15.799005686672364 
end_dependent_variable

end_regular_table
