# ****************************************************************************
# CUI
#
# The Advanced Framework for Simulation, Integration, and Modeling (AFSIM)
#
# The use, dissemination or disclosure of data in this file is subject to
# limitation or restriction. See accompanying README and LICENSE for details.
# ****************************************************************************

# ##################################################################################################
# 
# This file was auto-generated by AFSIM Mover Creator 2.5.0.200324
# 
# Creation Date:  24 Mar 2020
# 
# ##################################################################################################

regular_table

independent_variable mach precision double
0.10000000000000001 0.5 0.70000000000000007 0.75 0.80000000000000004 0.84999999999999998 0.90000000000000002 0.92000000000000004 0.94000000000000006 0.95999999999999996 0.97999999999999998 1 1.02 1.04 1.0600000000000001 1.0800000000000001 1.1000000000000001 1.2 1.3 1.4000000000000001 1.5 
end_independent_variable

independent_variable surface_angle units deg
1 2 3 4 5 6 7 8 9 10 12 14 16 18 20 22 24 26 28 30 35 40 45 
end_independent_variable

dependent_variable precision double
6.750040673769298e-07 1.5700633061650764e-06 2.6851777163644387e-06 4.0203472979750182e-06 5.5755720509968143e-06 7.3508519754298279e-06 9.3461870712740564e-06 1.3288938373440324e-05 2.2414919998879812e-05 3.1006285913508981e-05 4.7092693046745727e-05 6.22702223591666e-05 7.7591475687517855e-05 9.7733680913014321e-05 0.00011744675012294659 0.00013697779488133316 0.00015650951109722077 0.00017618074726332916 0.00019609943708736468 0.00021635106517659339 0.00026885744377607107 0.00032461968973030911 0.0003841304565072233 7.1349845563375093e-07 1.724091688214238e-06 3.0317796977414607e-06 4.6365624842154196e-06 6.5384400476361133e-06 8.7374123880035432e-06 1.1233479505317711e-05 1.5753924583056062e-05 2.5534415907675572e-05 3.4857365116339698e-05 5.2638136851615692e-05 6.9818269774681802e-05 8.7450318438252409e-05 0.00011021129974582928 0.00013285136244734464 0.00015561760707387626 0.00017869272093847636 0.00020221554705376657 0.00022629401340487304 0.00025101360139829652 0.00031603816121911102 0.00038624467993714955 0.00046212578805726227 7.7647089654615931e-07 1.9759850823336693e-06 3.5985425573625314e-06 5.6441433216327444e-06 8.1127873751443083e-06 1.1004474717897226e-05 1.4319205349891494e-05 1.9784256899106279e-05 3.0635287224627763e-05 4.1154726355497138e-05 6.1706329229045022e-05 8.2161093011011899e-05 0.00010357156890785759 0.00013061475876493831 0.00015804082849992711 0.00018609687771034523 0.00021496559313941165 0.00024478581653884052 0.00027566547671819755 0.00030769005418679926 0.00039318119314771721 0.00048700301136221088 0.00058964813744376916 8.0405525796430822e-07 2.0863231330823026e-06 3.8468036253539836e-06 6.0854967347793497e-06 8.8024024613584018e-06 1.1997520805091141e-05 1.5670851765977565e-05 2.154967203859006e-05 3.2869637733499303e-05 4.391318203505751e-05 6.5678504074202264e-05 8.7567665311599958e-05 0.00011063321643540468 0.00013955215689039874 0.00016907465455229907 0.00019944781013404506 0.00023085430949379565 0.00026343299491672585 0.00029729179438796181 0.00033251618888966041 0.00042697233536474088 0.00053113839454815609 0.00064550699585358613 8.4076818954196342e-07 2.2331753888339244e-06 4.1772215978758819e-06 6.6729068166678383e-06 9.7202310452097944e-06 1.3319194283501743e-05 1.746979653154369e-05 2.3899313670989328e-05 3.5843400335379466e-05 4.7584492280129052e-05 7.0965189603297549e-05 9.4763432668009534e-05 0.00012003177149256198 0.00015144720323028024 0.0001837598989879568 0.0002172169577447832 0.00025200106695930097 0.00028825106748604009 0.00032607488874077177 0.00036555801055386235 0.00047194593739964221 0.00058987943802771541 0.00071985114279744268 2.4752940577172236e-06 5.4808164481484117e-06 9.0165671584116977e-06 1.3082546240034549e-05 1.7678753596402961e-05 2.2805189369217477e-05 2.8461853403895688e-05 3.6110650068555489e-05 4.8490121233300008e-05 6.0761125784143609e-05 8.5407263041285575e-05 0.000110660159761835 0.00013741065604204653 0.00016961719461371528 0.00020283650871261979 0.0002372777339144287 0.00027309549117363421 0.00031040728971148881 0.00034930447660351771 0.00038985939951015911 0.0004988553530559473 0.00061920658720408925 0.00075133004740715733 4.1098187551896451e-06 8.7284552079734935e-06 1.3855909365171359e-05 1.9492181206323803e-05 2.5637270731430826e-05 3.2291178049609425e-05 3.9453902997184103e-05 4.8321978640008184e-05 6.1136834274796821e-05 7.3937751795457763e-05 9.984932939879299e-05 0.0001265568794842012 0.00015478953338980936 0.00018778717923189663 0.0002219131131511706 0.00025733850632560001 0.00029418991133851462 0.00033256350849369016 0.00037253406257490256 0.00041416078701156275 0.00052576476997316017 0.00064853374108461823 0.0007828089602612676 5.0382332087726097e-06 1.0605022718769248e-05 1.6700368571818098e-05 2.3324270698205522e-05 3.0476729097931522e-05 3.8157743854652463e-05 4.6367314856826516e-05 5.6259017968023551e-05 6.9993812072844793e-05 8.3753174378678146e-05 0.0001116845383564531 0.00014053532236152404 0.00017100848033658439 0.00020622758386665643 0.0002426864907748748 0.00028055022896684479 0.00031994080689949129 0.00036095095107146401 0.00040365274203691727 0.00044810326957572415 0.00056716126514139696 0.00069793355786271943 0.00084074915416547066 6.0421605430160158e-06 1.2631572798147143e-05 1.9768236679918399e-05 2.7452152330788087e-05 3.5683319636789568e-05 4.4461738626414494e-05 5.3787409470612838e-05 6.4758647150938488e-05 7.9432893260158313e-05 9.4174545395042127e-05 0.0001241827686164201 0.00015524242800919164 0.00018802280475287446 0.00022549783942492921 0.00026432934790917971 0.00030467445099898903 0.00034664931261215771 0.00039034221997024028 0.0004358217974022925 0.00048314240152565489 0.00060976589681992948 0.00074864291303295826 0.00090008669158022649 7.1215840025503697e-06 1.4808075746279296e-05 2.3059475333029309e-05 3.187578257366428e-05 4.1256997584575675e-05 5.120312042395922e-05 6.171415097542346e-05 7.3820840979089503e-05 8.9454066495844138e-05 0.00010520187254093513 0.00013734407389335415 0.00017067831494281123 0.00020583270361668182 0.00024559823852940204 0.00028684208469338646 0.000329711698918816 0.00037431609857126484 0.00042073813761209716 0.00046904222381803754 0.00051927936644614316 0.00065358038530367998 0.00080066415618980033 0.00096082465321297599 8.276486842463226e-06 1.7134501992459617e-05 2.6574045553953418e-05 3.6595117452684458e-05 4.7197717837173088e-05 5.8381846410378596e-05 7.0147503350525409e-05 8.344557348748108e-05 0.0001000573203905127 0.00011683516176687079 0.00015116850898823592 0.00018684310006305866 0.00022443837421153658 0.00026652907225572576 0.00031022510378376182 0.00035566249870904701 0.00040294182978913652 0.00045213953154033752 0.00050331501780846125 0.00055651534697144739 0.00069860644979155193 0.00085399964123419577 0.0010229661237478691 9.5068522820760109e-06 1.9610821928397258e-05 3.0311908999584302e-05 4.1610113374396029e-05 5.3505435174073545e-05 6.5997874337996303e-05 7.9087430926784853e-05 9.3632819210630959e-05 0.00011124264377300829 0.00012907441994479499 0.0001656561294973875 0.00020373690265663459 0.00024384001385976576 0.0002882906313691736 0.00033447880368527678 0.00038252737811767342 0.00043252717540999338 0.00048454722006454129 0.00053864117145559784 0.00059485152459130928 0.00074484580639807413 0.00090865172385176348 0.0010865141820494823 1.0812663554652877e-05 2.2237005756059055e-05 3.4273026758800947e-05 4.6920726222797249e-05 6.018010458087871e-05 7.4051161585713464e-05 8.8533897360967462e-05 0.00010438255300798316 0.00012301002525151651 0.00014191965466925076 0.00018080698942644783 0.0002213598398569978 0.00026403781879737626 0.00031088320699389281 0.00035960358882916789 0.0004103068618374111 0.0004630728009311237 0.00051796203259027462 0.0005750216849112899 0.00063428908422901917 0.0007923001776005094 0.00096462274810837488 0.0011514719121424135 1.2193903938317188e-05 2.5013024014462107e-05 3.8457360386048194e-05 5.2526912706325887e-05 6.7221681605748933e-05 8.2541666327772833e-05 9.8486867250669843e-05 0.00011569474877875204 0.00013535945438475317 0.00015537087299162086 0.00019662114289744723 0.00023971203036889162 0.00028503198646308655 0.00033430709168952505 0.00038559985825386704 0.00043900147902264838 0.00049457937522516798 0.00055238478862982914 0.00061245755080073191 0.00067482920762650046 0.00084097128044451866 0.0010219150729680086 0.0012178423949474881 1.3650556732106401e-05 2.793884713168791e-05 4.2864871230873417e-05 5.8428628933276251e-05 7.463012030315418e-05 9.1469345533280592e-05 0.00010894630436662432 0.00012756938179460137 0.00014829091857334239 0.00016942808037260482 0.00021309864651543393 0.00025879359280491638 0.00030682271271463129 0.00035856257639593113 0.00041246801283097184 0.00046861175309549429 0.00052704756502122425 0.00058781631399033505 0.00065094976751049597 0.00071647308019200811 0.00089086083436178793 0.0010805310467836213 0.0012856287118123014 1.5182605106542397e-05 3.1014445366080412e-05 4.7495520582203442e-05 6.4625830951322086e-05 8.240537647343635e-05 0.00010083415721401641 0.0001199121731730623 0.00014000642566376688 0.00016180440754573759 0.00018409128420306052 0.00023023955283115361 0.00027860464445856898 0.00032941019690148891 0.00038364995139342006 0.00044020845655525078 0.00049913821320063802 0.0005604780378243334 0.00062425743077379426 0.00069049932442621432 0.00075922188073828029 0.0009419705571157256 0.0011404730234561634 0.0013548339440844473 1.6790032276400055e-05 3.4239788945673259e-05 5.2349270007819607e-05 7.1118475196108665e-05 9.0547405044001295e-05 0.0001106360587513062 0.00013138443738494512 0.00015300585514384997 0.00017589990916327901 0.00019936049196113943 0.00024804391807623177 0.00029914530280763282 0.00035279463269905393 0.00040956950877606754 0.00046882158669986514 0.0005305813836331242 0.00059487146070306832 0.00066170896440906433 0.00073110722433793564 0.00080307679661342931 0.00099430217003907795 0.0012017433509894167 0.0014254611774761996 1.7346388392459107e-05 3.5280995015507435e-05 5.380381994188964e-05 7.2914862953371738e-05 9.2614124195443065e-05 0.00011290160388633759 0.00013377730173507667 0.00015524121701421367 0.00017729335117864186 0.0001999337039373826 0.00024697906349192974 0.00029637729538687648 0.00034812839962222275 0.00040223237765286187 0.00045868922889683652 0.00051749895219023207 0.00057866154869696314 0.00064217701899898713 0.00070804536076847458 0.00077626657575129772 0.00095711343133435842 0.0011526657430458729 0.0013629235108858413 1.6254251349132236e-05 3.30474379766409e-05 5.0379559764315907e-05 6.8250616909174073e-05 8.6660609332408654e-05 0.00010560953679759952 0.00012509740009281384 0.00014512419795714411 0.00016568993149388442 0.00018679460023019443 0.00023062074298629671 0.00027660262780158533 0.00032474025246947215 0.00037503361856609156 0.00042748272546098981 0.00048208757378462064 0.00053884816227607656 0.00059776449345717256 0.0006588365654365474 0.00072206437695329358 0.00088956527268330956 0.0010705395534461983 0.0012649872123069686 1.5712490910471004e-05 3.1939746375152852e-05 4.8681766372828354e-05 6.5938551052017864e-05 8.3710100158115047e-05 0.00010199641394572625 0.00012079749249972023 0.00014011333548062191 0.00015994394237921862 0.00018028931472314829 0.00022252435303120582 0.00026681844938636915 0.00031317160412811348 0.00036158381623801339 0.00041205508707396933 0.00046458541731493152 0.00051917480458457427 0.0005758232515986983 0.00063453075632045311 0.00069529731874983869 0.00085622210568893798 0.0010300160073744304 0.0012166790244852665 1.5426548526457702e-05 3.135420235663868e-05 4.7782961445077521e-05 6.4712825928170474e-05 8.214379576045211e-05 0.00010007587076006077 0.00011850905138165063 0.00013744333689777501 0.0001568787280358806 0.00017681522406852069 0.00021819153263602116 0.00026157226260027639 0.00030695741287011636 0.00035434698599160446 0.00040374097905495401 0.00045513939387878161 0.00050854222973564073 0.00056394948662553122 0.00062136116527589981 0.00068077726495929987 0.00083808685691475924 0.0010079240810541117 0.0011902889395596973 
end_dependent_variable

end_regular_table
