# ****************************************************************************
# CUI
#
# The Advanced Framework for Simulation, Integration, and Modeling (AFSIM)
#
# The use, dissemination or disclosure of data in this file is subject to
# limitation or restriction. See accompanying README and LICENSE for details.
# ****************************************************************************

# ##################################################################################################
# 
# This file was auto-generated by AFSIM Mover Creator 2.5.0.200401
# 
# Creation Date:  01 Apr 2020
# 
# ##################################################################################################

regular_table

independent_variable mach precision double
0.10000000000000001 0.5 0.70000000000000007 0.75 0.80000000000000004 0.84999999999999998 0.90000000000000002 0.92000000000000004 0.94000000000000006 0.95999999999999996 0.97999999999999998 1 1.02 1.04 1.0600000000000001 1.0800000000000001 1.1000000000000001 1.2 1.3 
end_independent_variable

independent_variable surface_angle units deg
-20 -16 -14 -12 -10 -9 -8 -7 -6 -5 -4 -3 -2 -1 0 1 2 3 4 5 6 7 8 9 10 12 14 16 18 20 
end_independent_variable

dependent_variable precision double
0.0083141346550318594 0.013727659974453989 0.013116228054789189 0.012544988017394038 0.015186195083068919 0.014075341901475944 0.011416395255214491 0.0027533043872914826 0.0020232689117185357 0.0014054920481446523 0.00089982459361912502 0.00050636235787838047 0.00022519227685772431 5.6388113348222196e-05 0 5.6374327957108173e-05 0.00022498607856023684 0.00050579701705179216 0.00089874672790403139 0.001403765312356005 0.0020207768492865566 0.0027497074146662511 0.011411970196342715 0.014069819848449999 0.015179672964442066 0.012536355005677818 0.01310511122368495 0.013713486199697027 0.013808166301204267 0.0082865184597568139 0.0083151295047091765 0.013728534773689819 0.013117006428462044 0.012545651224648839 0.015186752959262671 0.014075838004343541 0.011416882936727459 0.0027536618191640848 0.0020235717209266353 0.0014057424316910733 0.00090002350229012682 0.00050651073095630867 0.00022529103924503202 5.6438186673642294e-05 0 5.6327537683548033e-05 0.000224893433073281 0.00050565944223295012 0.00089856514376047373 0.0014035406229240429 0.0020205099413466302 0.0027493991545609951 0.011411544114618134 0.014069401000239725 0.015179210004350907 0.012535827325055626 0.013104516794171388 0.013712849700859236 0.013807489219984332 0.0082858982964770025 0.0083152207757843568 0.013728610234470841 0.013117071987799747 0.01254570592013067 0.015186797894040557 0.014075877571199312 0.011416921034264164 0.0027536898508983593 0.0020235951880546647 0.0014057615912151937 0.00090003852725857743 0.0005065217865236856 0.0002252982979088554 5.6441814231014051e-05 0 5.632424637089871e-05 0.00022488701964118666 0.0005056500740082886 0.000898552989508112 0.0014035258499402632 0.0020204927106862295 0.0027493796356007506 0.011411516941638807 0.014069375206506265 0.015179182029034764 0.012535796958638705 0.013104484290963619 0.013712817218211656 0.013807457262600572 0.0082858742067914107 0.0083152370699771973 0.013728623517820128 0.013117083445942925 0.012545715427503738 0.015186805660651137 0.014075884385310284 0.011416927559063936 0.0027536946564136978 0.0020235991941703578 0.0014057648533091249 0.00090004107635460046 0.00050652365542019375 0.00022529951833339889 5.6442422240408639e-05 0 5.6323700699868255e-05 0.00022488596164823831 0.00050564853722610804 0.00089855100802010426 0.0014035234524144269 0.0020204899431994117 0.0027493765141850023 0.011411512589610207 0.014069371134732594 0.015179177636742465 0.012535792293801548 0.013104479399719643 0.013712812502830705 0.013807452805201015 0.0082858712781886043 0.0083152516728499087 0.013728635350697189 0.013117093638655557 0.012545723870642374 0.015186812537544113 0.01407589041348364 0.011416933317017694 0.0027536989005625067 0.0020236027385385214 0.0014057677285533503 0.00090004331619114651 0.00050652529723678116 0.0002253005908592174 5.6442954036372525e-05 0 5.632322448065946e-05 0.00022488503913223554 0.00050564720102813144 0.0008985492876954225 0.0014035213803025007 0.0020204875422468781 0.0027493738273479656 0.011411508834806084 0.014069367637420336 0.015179173881815961 0.012535788330703153 0.013104475301756211 0.013712808584891292 0.013807449204475911 0.0082858690549960194 0.008315264844586754 0.013728645989125298 0.013117102784267242 0.012545731428591535 0.01518681868516236 0.014075895802333089 0.011416938455595819 0.0027537026836368865 0.0020236058880409532 0.0014057702860937357 0.00090004531028450667 0.00050652675336918104 0.00022530153947319546 5.6443424748388413e-05 0 5.6322804404222784e-05 0.00022488422908535004 0.00050564602830199758 0.00089854777927528544 0.0014035195690479446 0.0020204854574684076 0.0027493714902176781 0.011411505567204959 0.01406936461225808 0.015179170647869902 0.012535784945615245 0.013104471825983195 0.013712805332465541 0.013807446255557682 0.0082858674030829114 0.0083152768341128568 0.013728655599054538 0.013117111030370754 0.012545738246373972 0.015186824211079725 0.014075900642176597 0.011416943063280552 0.0027537060825539666 0.0020236087107832726 0.0014057725729249946 0.00090004709131069269 0.00050652805419874099 0.00022530238381765453 5.6443844059937187e-05 0 5.6322432209768884e-05 0.00022488351168168749 0.00050564499123638233 0.00089854645393871709 0.0014035179799168362 0.0020204836244298446 0.0027493694512101003 0.011411502707870403 0.014069361974067916 0.01517916783614197 0.01253578203243258 0.0131044688659282 0.013712802611177955 0.013807443844631012 0.0082858661814651444 0.0083156088432409913 0.013735112130097909 0.013124050971009793 0.012553061396782833 0.015196814740560402 0.014085355441085546 0.011424657538271269 0.0027550954108192297 0.0020246327309110215 0.0014064858419829446 0.00090050482507578395 0.00050678621051156224 0.00022541747456687712 5.6472798995553853e-05 0 5.6351007644722389e-05 0.00022499771319059062 0.00050590162582613615 0.0008990019199641517 0.0014042281167037489 0.0020215035823297235 0.0027507535223090154 0.011419210366033264 0.014078809121356468 0.015189149574331515 0.012543094202771561 0.013111395350952956 0.013719242988767857 0.013812894260581162 0.0082861722370777945 0.0084220394882464616 0.013793891543523102 0.013166451700043194 0.012583353141160516 0.015220788408591647 0.014105397614076394 0.011440190340448884 0.0027620842947872529 0.0020295142196404192 0.0014097247919239192 0.00090249690578958193 0.00050787111023372342 0.00022588878598564686 5.6589624712472267e-05 0 5.6466650459438283e-05 0.00022546500767509284 0.00050697703753607097 0.00090097486203220953 0.0014074321837911391 0.0020263260778128995 0.002757643120180162 0.011434591995178172 0.014098635272869843 0.015212824193661788 0.012572858536795602 0.013152918334475752 0.013776621564016996 0.013891081436633822 0.0083886782754887083 0.0086143514586414453 0.013927796184166553 0.013275673875780759 0.012669894160411567 0.015288764765685079 0.014162987968110542 0.011486812644478525 0.0027938742444626168 0.0020532632098904748 0.0014265171358935924 0.00091343335894789144 0.00051413832713966662 0.00022874440482722029 5.7344769896203835e-05 0 5.7177520119106447e-05 0.00022817423794958269 0.00051294093475384652 0.00091140061556931583 0.0014234615373176643 0.0020490213813478841 0.0027879763821592476 0.011479382491367516 0.014154032101101948 0.015278233619455316 0.012656065550267246 0.013257910055272373 0.013905226094543694 0.014045911045801194 0.0085711903536374173 0.0088069315450341953 0.014061882993548212 0.013385043766670279 0.012756550623936916 0.015356826295604373 0.014220649254299798 0.011533492450749222 0.002825709249437727 0.0020770459583029422 0.0014433334121899996 0.0009243854428903481 0.00052041451783287746 0.00023160412589112215 5.8101004733123851e-05 0 5.788941192601622e-05 0.00023088734440672771 0.00051891335202738529 0.00092184123079272256 0.001439513689105284 0.0020717488650019871 0.0028183525198869387 0.011524227782804554 0.014209496614644039 0.015343724407341976 0.012739383129031896 0.013363043341473252 0.014034005138761508 0.014200951610807628 0.0087539566062149084 0.0089997797591733868 0.014196151979696339 0.013494561384460424 0.012843322552198838 0.015424973000013916 0.014278381489973456 0.011580229771107557 0.0028575893151952989 0.0021008624656610659 0.0014601736257818518 0.00093535314709209381 0.00052669968221545019 0.00023446794371911225 5.8858329174279432e-05 0 5.8602325170351602e-05 0.00023360432836825405 0.00052489428547717568 0.0009322967039820146 0.0014555886306851585 0.0020945085381741503 0.0028487715503743411 0.011569127872328546 0.014265028818587197 0.015409296569804734 0.012822811256984066 0.01346831817349725 0.014162958688837981 0.01435620313116359 0.0089369770285217028 0.0091928961048773367 0.014330603140554911 0.013604226724158003 0.012930209925665154 0.01549320487083649 0.014336184663676553 0.011627024603644363 0.0028895144410010392 0.002124712732331991 0.0014770377692527961 0.00094633647808833074 0.00053299381992023831 0.00023733586242322791 5.9616742026445462e-05 0 5.9316259448251768e-05 0.00023632519244089965 0.00053088374163841974 0.00094276703506376239 0.001471686360955849 0.0021173003918325763 0.0028792334601839028 0.01161408274907196 0.014320628705294781 0.015474950109193321 0.012906349948222167 0.013573734564414771 0.014292086750060017 0.014511665583078004 0.0091202515923609756 0.0092125229873045306 0.014356080290900557 0.013628595837522078 0.012952495611461275 0.015515054905707542 0.014355808324665138 0.011643191983310311 0.0028976684923460241 0.0021308961959950767 0.0014814650365089267 0.00094924926895967028 0.00053467625567781376 0.00023810692276419061 5.9821508209013191e-05 0 5.9508679899479483e-05 0.00023705580852011719 0.00053248301688619052 0.00094554103708617933 0.00147590845372613 0.0021232040520596843 0.00288700646006468 0.011629778954264668 0.014339699479949059 0.015496167741599048 0.012927858583736129 0.013597184938829217 0.014316511672827473 0.014535567426984707 0.0091383847878852634 0.0092064598665271159 0.01435838274212489 0.013632235431023031 0.012957285850875029 0.015523206063450996 0.014363741517944508 0.011649680368153264 0.0028981025150022028 0.0021312078105682471 0.0014816752902176032 0.00094937976414741145 0.00053474701701203091 0.0002381366432363359 5.982786937172778e-05 0 5.9516050065601923e-05 0.00023708919049229986 0.00053256164456013451 0.00094568504080620882 0.0014761391517992702 0.0021235441719612428 0.0028874802891762359 0.01163631738930895 0.014347693229244663 0.015504390144012444 0.012932742440876673 0.013600944834976614 0.014318967003041541 0.014536091867419363 0.0091326144253707012 0.0092005260190014728 0.014360769168005704 0.013635941738609885 0.01296212729523831 0.015531394406642092 0.014371705480326733 0.011656193533406174 0.0028985558445549816 0.0021315338204541449 0.0014818957019313557 0.0009495168647357527 0.00053482155723516144 0.00023816808555070045 5.983468232007194e-05 0 5.9523854259716357e-05 0.00023712421982497727 0.00053264389023952984 0.00094583537060201437 0.0014763795842886846 0.0021238980873565529 0.0028879725798669964 0.011642879543857548 0.014355716433063936 0.015512648203957884 0.012937675525272582 0.013604768884683406 0.014321503064102035 0.01453671601927751 0.0091269670284383972 0.0091947189375596872 0.014363237979730098 0.013639713506209168 0.012967018989628362 0.015539619226737651 0.014379699615713271 0.011662731008730304 0.0028990281191940298 0.0021318739481636785 0.0014821260881505188 0.00094966044888111203 0.00053489980666285839 0.00023820121080202623 5.9841939680526342e-05 0 5.9532083193024157e-05 0.00023716086198193113 0.00053272968683452926 0.00094599190649022108 0.00147662956133084 0.0021242655375718206 0.0028884829821976886 0.011649464961816996 0.014363768553219532 0.0155209412564602 0.012942656866874677 0.013608655869269012 0.014324118271308101 0.014537437994350774 0.0091214402507794213 0.009167502610505281 0.014376763934818765 0.013659511465985957 0.012992198204802966 0.015581266799852707 0.014420103272557988 0.011695767193326604 0.00290166130833951 0.002133777291062081 0.0014834210689492157 0.00095047140151623209 0.00053534428522653487 0.00023839105402159413 5.9884601058587164e-05 0 5.9579335520069119e-05 0.00023736723308289374 0.00053320957462928804 0.00094686358510578613 0.0014780163832603731 0.0021262968591889992 0.0028912947887007171 0.011682725805127359 0.014404443835343237 0.015562908385789838 0.012968256093378695 0.013628993466640467 0.0143383300021281 0.014542451231705016 0.0090955367166213035 0.0091431127187716153 0.014392126540210218 0.013680768849016365 0.013018497623645526 0.015623727855117781 0.014461179872150749 0.011729345527042301 0.0029047169730996593 0.0021359956376846446 0.0014849384152668507 0.00095142695223211662 0.00053587151199484056 0.00023861853633465216 5.9937180646307834e-05 0 5.9636063125486679e-05 0.00023760956743854519 0.00053376855850310499 0.00094787355325145063 0.0014796159645734496 0.0021286297666831605 0.0028945102748914081 0.011716505186874931 0.014445763463932247 0.015605655353216119 0.012994931268238006 0.013650733679714038 0.014354306216505514 0.014549644794144384 0.0090723215101135724 
end_dependent_variable

end_regular_table
