# ****************************************************************************
# CUI
#
# The Advanced Framework for Simulation, Integration, and Modeling (AFSIM)
#
# The use, dissemination or disclosure of data in this file is subject to
# limitation or restriction. See accompanying README and LICENSE for details.
# ****************************************************************************

# ##################################################################################################
# 
# This file was auto-generated by AFSIM Mover Creator 2.5.0.200401
# 
# Creation Date:  01 Apr 2020
# 
# ##################################################################################################

regular_table

independent_variable mach precision double
0.10000000000000001 0.5 0.70000000000000007 0.75 0.80000000000000004 0.84999999999999998 0.90000000000000002 0.92000000000000004 0.94000000000000006 0.95999999999999996 0.97999999999999998 1 1.02 1.04 1.0600000000000001 1.0800000000000001 1.1000000000000001 1.2 1.3 
end_independent_variable

independent_variable surface_angle units deg
-20 -16 -14 -12 -10 -9 -8 -7 -6 -5 -4 -3 -2 -1 0 1 2 3 4 5 6 7 8 9 10 12 14 16 18 20 
end_independent_variable

dependent_variable precision double
-0.12024178595267201 -0.081274193619379514 -0.062353727330524286 -0.045739739470262261 -0.031563517938962948 -0.025289061249352675 -0.019668599581365853 -0.015005734837679623 -0.011022213496765725 -0.007655418106761726 -0.0049009947968671466 -0.0027584442577660538 -0.0012274909525733166 -0.00030801425678377871 0 -0.00030701812998842751 -0.00122420079962409 -0.0027516288473165519 -0.0048895215073172472 -0.0076382801938076521 -0.010998551099493596 -0.014971305417905268 -0.019625185326466742 -0.025237597826018747 -0.031504083481166664 -0.045664420472229073 -0.06225726318115684 -0.081151507846449603 -0.10216730294691571 -0.12001067699056196 -0.12024384630612971 -0.081275210973527551 -0.062354500367604836 -0.045740302869986926 -0.031563901352119526 -0.025289370651680337 -0.019668848200132309 -0.015005927376608929 -0.011022354980238245 -0.0076555162967375228 -0.0049010575892075607 -0.0027584795394367807 -0.0012275066028299797 -0.00030801814811274404 0 -0.00030702201803602374 -0.0012242164389275581 -0.0027516641061630237 -0.004889584261397969 -0.0076383783262944736 -0.010998692503662538 -0.014971497994161103 -0.01962543400394599 -0.025237907255392843 -0.031504466861035321 -0.04566498367400075 -0.062258036052348496 -0.08115252516216967 -0.10216860142404761 -0.12001273769378759 -0.12024429517551709 -0.081275477512240776 -0.062354704270075979 -0.045740452511248995 -0.031564004803208492 -0.025289454397543557 -0.019668914689757275 -0.01500597845461461 -0.01102239251891725 -0.0076555423669014697 -0.0049010742739521666 -0.0027584889231886665 -0.0012275107717520629 -0.00030801918890336342 0 -0.0003070230585589323 -0.0012242206069164783 -0.0027516734882627519 -0.0048896009433124898 -0.0076384043926339823 -0.010998730036742564 -0.014971549074400256 -0.019625500498466241 -0.025237991003397749 -0.031504570309431879 -0.045665133302351509 -0.062258239943438112 -0.081152791699903845 -0.10216893907102374 -0.12001318658593804 -0.12024438615513937 -0.081275532328636088 -0.062354746221699252 -0.04574048331408035 -0.031564026121934673 -0.025289471658799467 -0.019668928382642843 -0.015005988968442477 -0.011022400245386515 -0.0076555477333435278 -0.0049010777084556555 -0.0027584908549398378 -0.0012275116299792373 -0.00030801940321730506 0 -0.00030702327283462958 -0.001224221465025095 -0.0027516754196964949 -0.0048896043772805563 -0.0076384097585023734 -0.010998737762806438 -0.01497155958859527 -0.019625514191504788 -0.025238008263965262 -0.031504591627331976 -0.045665164101725574 -0.062258281892980882 -0.081152846512382915 -0.10216900847260754 -0.12001327756666175 -0.12024447087161476 -0.081275583572209403 -0.062354785449587301 -0.045740512120554293 -0.031564046063281316 -0.025289487807051703 -0.019668941190338945 -0.015005998799607895 -0.011022407470624737 -0.0076555527514250397 -0.0049010809203767656 -0.00275849266141002 -0.0012275124325914124 -0.00030801960369442467 0 -0.00030702347328880254 -0.0012242222675799036 -0.0027516772258951417 -0.0048896075884826721 -0.0076384147756124784 -0.010998744986675512 -0.014971569420770341 -0.019625526999568033 -0.025238024413273042 -0.031504611568525645 -0.045665192907189858 -0.062258321118421299 -0.081152897759260559 -0.10216907334568784 -0.12001336229084721 -0.12024455008658798 -0.081275631655327085 -0.062354822258349075 -0.045740539152794239 -0.03156406478642159 -0.025289502967221735 -0.019668953211424318 -0.015006008026366537 -0.011022414252235622 -0.0076555574612873212 -0.0049010839344519695 -0.0027584943570020514 -0.0012275131860212951 -0.00030801979186832225 0 -0.0003070236614129824 -0.0012242230209218241 -0.0027516789211697442 -0.0048896106027796933 -0.0076384194849928805 -0.010998751767766273 -0.014971578647406602 -0.019625539021938421 -0.025238039573137121 -0.0315046302910846 -0.045665219936951572 -0.062258357928498674 -0.0811529458372382 -0.10216913421118383 -0.12001344151028738 -0.12024462443503843 -0.081275676928063062 -0.062354856922793515 -0.045740564609059162 -0.031564082418525756 -0.025289517247066989 -0.019668964532453693 -0.015006016715424285 -0.011022420637925233 -0.0076555618966848774 -0.0049010867733295998 -0.0027584959536022906 -0.0012275138954318792 -0.00030801996912726946 0 -0.00030702383860691418 -0.0012242237303515303 -0.0027516805176590747 -0.004889613441190742 -0.0076384239198932597 -0.010998758152843973 -0.014971587336953876 -0.019625550342233504 -0.025238053853563688 -0.031504647923096984 -0.045665245393308282 -0.062258392587099372 -0.081152991112177039 -0.10216919150581595 -0.12001351585904378 -0.12040929532721671 -0.081387222484389538 -0.062441159976410428 -0.045804315845001414 -0.031608280467497273 -0.025324995677808899 -0.019696633612531211 -0.01502718530854125 -0.011037998958759449 -0.0076663984862712416 -0.0049080330644902326 -0.0027624093025476158 -0.0012292564284427513 -0.00030845732287944621 0 -0.00030745966445113989 -0.0012259612189404461 -0.0027555834253032005 -0.0048965421725321737 -0.0076492343156853142 -0.011014300365847447 -0.014992704814031874 -0.019653155212406914 -0.025273455990353601 -0.031548757553241956 -0.045728883986069176 -0.06234455324078874 -0.081264358628593505 -0.1023080333490118 -0.12017786210628781 -0.12338015208783024 -0.083212235504919713 -0.063847464562197032 -0.046852723874490215 -0.032349580425051351 -0.025930604120255836 -0.020178917483596379 -0.015399267799704361 -0.011313107008518196 -0.0078591560118907063 -0.0050326013524499983 -0.0028333306137320754 -0.0012613883232900354 -0.00031689646675929668 0 -0.0003154469088768852 -0.0012565971232596873 -0.0028233941473545057 -0.0050158463875027495 -0.007834075741694391 -0.011278389079785142 -0.015349372164830196 -0.020115837735658802 -0.025855310878996722 -0.032261907305335125 -0.046739687006133741 -0.063701405971940558 -0.083024807370615558 -0.1045528844795298 -0.12301769746423484 -0.12509494206118496 -0.08436230041936936 -0.064766777358424593 -0.047562536599582414 -0.032868175390224769 -0.0263604870685584 -0.020525712748656451 -0.015669886421293761 -0.011515018511150369 -0.0080020293205063046 -0.0051257498456820198 -0.002886798354038855 -0.0012858258261045916 -0.00032341311241738854 0 -0.00032162788387621078 -0.0012799258306818368 -0.0028745647448875089 -0.0051051270357341909 -0.0079711701028312744 -0.011472319091016387 -0.015608388166746975 -0.02044799760384939 -0.026267832501049169 -0.032760434678407981 -0.047424021001808994 -0.064588046796487761 -0.084133264313072886 -0.10591464012137564 -0.12465381751427296 -0.12681401301276213 -0.085515289098469824 -0.065688458326807489 -0.048274199580595395 -0.033388135825904129 -0.026791507405167551 -0.020873429953177439 -0.015941227172127235 -0.011717470681017297 -0.0081452861155975782 -0.0052191488303861468 -0.0029404100762327042 -0.0013103291877441213 -0.00032994731684831536 0 -0.00032782540464918906 -0.0013033170528788192 -0.0029258724020169821 -0.0051946465318918507 -0.008108630578496397 -0.011666765818385307 -0.015868092391932355 -0.020781036809404699 -0.02668144086959974 -0.033260268800135009 -0.048110130359350869 -0.065476961006690315 -0.08524452636418528 -0.1072797935222241 -0.12629400149138231 -0.12853736912210495 -0.086671204447473366 -0.06661250984241443 -0.048987714694245857 -0.033909463130035254 -0.027223666301616191 -0.021222070054652122 -0.016213290801366582 -0.011920464083221215 -0.008288926798002496 -0.0053127985687384163 -0.0029941659303112001 -0.00133489847619492 -0.00033649909822275402 0 -0.00033403948850064386 -0.0013267708545846269 -0.0029773172602839014 -0.0052844051257055092 -0.0082464575493805831 -0.011861729798977819 -0.016128485553102763 -0.021114956258961655 -0.027096137097364505 -0.033761411004578613 -0.048798016876808875 -0.066368150876211146 -0.086358596315512043 -0.10864834800729377 -0.12793825335452469 -0.13026501456021453 -0.087830049378950739 -0.067538934297680125 -0.049703083821056593 -0.034432158704859599 -0.027656964926273644 -0.02157163399631579 -0.016486078055823871 -0.012123999276613701 -0.0084329517645739694 -0.0054066993203249515 -0.0030480660658542902 -0.0013595337607512426 -0.00034306847545791211 0 -0.00034027015303982435 -0.0013502873005041872 -0.0030288994622190073 -0.0053744030636266368 -0.0083846513938417543 -0.012057211563246744 -0.016389568359841643 -0.021449756854396516 -0.027511922300412824 -0.034263862628187647 -0.049487682348610028 -0.067261618694830896 -0.087475476933279464 -0.11002030687194198 -0.12958657703502813 -0.12989185801417308 -0.087658114173719548 -0.067422817658038148 -0.049627313186418442 -0.034385183340297845 -0.027620698117265842 -0.021544131772740605 -0.016466043411661375 -0.012109949254312847 -0.0084236214312322418 -0.0054009506758937245 -0.0030449245786948842 -0.0013581590405645166 -0.00034272020574917039 0 -0.00033996254649303737 -0.0013490483234561807 -0.0030260441184433622 -0.0053691478297922058 -0.0083760806205586055 -0.012044248420106159 -0.016370950774777897 -0.021424118078231406 -0.027478057521176526 -0.034219927144856839 -0.049416500512739853 -0.067152004461198136 -0.087312668041502436 -0.10978338697161728 -0.12923515367977739 -0.13000157518524508 -0.087733520846618729 -0.067480353279826905 -0.049668905010501203 -0.034413206357364994 -0.027642762460969167 -0.021560970652453628 -0.016478763559540331 -0.012119227422082322 -0.0084300009893265044 -0.0054049911956419189 -0.0030471695162629744 -0.0013591383226710825 -0.00034295341897260819 0 -0.00034020552905294278 -0.0013500598926376693 -0.0030283560056553029 -0.0053733012147870757 -0.008382629076111715 -0.012053760307249875 -0.01638401092154091 -0.021441386910430141 -0.027500633548887311 -0.034248543765615626 -0.049458852195325156 -0.067210522698961425 -0.087389337950149443 -0.1098793179430459 -0.12934731358584403 -0.13011256128043211 -0.087809765211287888 -0.06753855464112668 -0.049711008028628677 -0.0344416009009492 -0.02766513406731495 -0.021578056911637229 -0.016491676421960727 -0.012128649171445485 -0.0084364819945952074 -0.0054090977678663424 -0.003049452321968705 -0.0013601348896410644 -0.00034319123124672258 0 -0.00034045287358192971 -0.0013510879632537877 -0.003030704136860267 -0.005377517917569752 -0.0083892748883839692 -0.012063410119476013 -0.016397255594298131 -0.021458892777204728 -0.027523504531508845 -0.034277517636264854 -0.049501696800117116 -0.067269683129926497 -0.087466815425731689 -0.10997624692160901 -0.12946068469418229 -0.13022479500224451 -0.087886833254833874 -0.067597410589296719 -0.04975361364812364 -0.0344703607190893 -0.027687807740511484 -0.021595386364231282 -0.016504778731734494 -0.0121382120685015 -0.0084430627250691691 -0.0054132692706034191 -0.003051772351230336 -0.0013611484466484215 -0.00034343356401752629 0 -0.00034070450595624163 -0.0013521322550052459 -0.0030330878986502851 -0.0053817968645695838 -0.0083960164098420224 -0.012073195524167139 -0.016410681677321542 -0.021476631685473192 -0.027546665499325808 -0.034306842763742636 -0.049545026068578267 -0.067329475048049231 -0.087545087007494971 -0.11007415727093368 -0.12957524675851545 -0.13080395917258317 -0.088284055999782715 -0.067901133091604851 -0.049973891372118238 -0.034619427769501762 -0.027805532169050299 -0.021685540325675861 -0.016573021862970602 -0.012188061666795107 -0.0084774041873315834 -0.0054350628762411153 -0.0030639091227751222 -0.0013664611519279893 -0.00034471037631146623 0 -0.00034202447124464467 -0.0013575875834556058 -0.0030455204206198548 -0.0054040890845384144 -0.0084311040798850864 -0.012124077803585563 -0.016480428126739347 -0.021568686971093425 -0.027666652723010533 -0.034458534861466592 -0.049768664206419219 -0.06763754522533634 -0.087947902400584657 -0.11057786763015516 -0.13016523832294891 -0.13141133493538543 -0.088699911634841255 -0.068219661615220542 -0.050205534456981192 -0.034776751553623607 -0.027930083010958767 -0.021781188782122499 -0.016645544694224922 -0.012241099618456697 -0.0085139980670544402 -0.005458322823872418 -0.0030768864136128068 -0.0013721574244737475 -0.00034608918657563065 0 -0.00034344122044600628 -0.0013634092494908124 -0.0030587577464054215 -0.0054277874593686376 -0.0084683541474099653 -0.012178023950651486 -0.016554274183349049 -0.021666009279652152 -0.027793195660881606 -0.034618169630966943 -0.050003265823478159 -0.067959903733846291 -0.088368688286698499 -0.11110378372106085 -0.13078217263679673 
end_dependent_variable

end_regular_table
