# ****************************************************************************
# CUI
#
# The Advanced Framework for Simulation, Integration, and Modeling (AFSIM)
#
# The use, dissemination or disclosure of data in this file is subject to
# limitation or restriction. See accompanying README and LICENSE for details.
# ****************************************************************************

# ##################################################################################################
# 
# This file was auto-generated by AFSIM Mover Creator 2.5.0.200324
# 
# Creation Date:  24 Mar 2020
# 
# ##################################################################################################

regular_table

independent_variable mach precision double
0.10000000000000001 0.5 0.70000000000000007 0.75 0.80000000000000004 0.84999999999999998 0.90000000000000002 0.92000000000000004 0.94000000000000006 0.95999999999999996 0.97999999999999998 1 1.02 1.04 1.0600000000000001 1.0800000000000001 1.1000000000000001 1.2 1.3 1.4000000000000001 1.5 
end_independent_variable

independent_variable surface_angle units deg
-20 -16 -14 -12 -10 -9 -8 -7 -6 -5 -4 -3 -2 -1 0 1 2 3 4 5 6 7 8 9 10 12 14 16 18 20 
end_independent_variable

dependent_variable precision double
0.074795051631794784 0.049614414467017323 0.038940650916832069 0.029544590721449125 0.021426233880868482 0.017846194218629034 0.014585580395090163 0.011644392410251865 0.0090226302641141527 0.006720293956677015 0.0047373834879404549 0.0030738988579044747 0.0017298400665690713 0.0007052071139342466 0 0.0007052071139342466 0.0017298400665690713 0.0030738988579044747 0.0047373834879404549 0.006720293956677015 0.0090226302641141527 0.011644392410251865 0.014585580395090163 0.017846194218629034 0.021426233880868482 0.029544590721449125 0.038940650916832069 0.049614414467017323 0.061565881372004902 0.074795051631794784 0.082142565349675706 0.054316823246461123 0.042540932638593709 0.03218969565988624 0.023263112310338712 0.019334065746499918 0.015761182589951107 0.012544462840692279 0.0096839064987234349 0.0071795135640445725 0.005031284036655692 0.0032392179165567944 0.0018033152037478808 0.00072357589822894886 0 0.00072357589822894886 0.0018033152037478808 0.0032392179165567944 0.005031284036655692 0.0071795135640445725 0.0096839064987234349 0.012544462840692279 0.015761182589951107 0.019334065746499918 0.023263112310338712 0.03218969565988624 0.042540932638593709 0.054316823246461123 0.067517367483488452 0.082142565349675706 0.091886854794270792 0.060553168491001973 0.047315634466445315 0.035697639859940483 0.025699184671487484 0.021307284359030426 0.01732026890108632 0.013738138297655177 0.010560892548736992 0.0077885316543317637 0.0054210556144394951 0.0034584644290601842 0.0019007580981938311 0.0007479366218404365 0 0.0007479366218404365 0.0019007580981938311 0.0034584644290601842 0.0054210556144394951 0.0077885316543317637 0.010560892548736992 0.013738138297655177 0.01732026890108632 0.021307284359030426 0.025699184671487484 0.035697639859940483 0.047315634466445315 0.060553168491001973 0.075410241933610456 0.091886854794270792 0.095570984474314599 0.062911011486230003 0.049120858009666785 0.037023926544756246 0.026620217091498435 0.022053320619239297 0.017909729649893326 0.014189444183460546 0.010892464219940935 0.0080187897593345034 0.0055684208016412466 0.0035413573468611697 0.0019375993949942692 0.00075714694604054602 0 0.00075714694604054602 0.0019375993949942692 0.0035413573468611697 0.0055684208016412466 0.0080187897593345034 0.010892464219940935 0.014189444183460546 0.017909729649893326 0.022053320619239297 0.026620217091498435 0.037023926544756246 0.049120858009666785 0.062911011486230003 0.078394386974445923 0.095570984474314599 0.10007764494091236 0.065795274184852565 0.051329121638299662 0.038646324312731434 0.027746882208147878 0.022965919363725343 0.018630795324548966 0.014741510090618771 0.011298063661934732 0.0083004560384968631 0.0057486872203051567 0.003642757207359619 0.0019826659996602467 0.00076841359720704046 0 0.00076841359720704046 0.0019826659996602467 0.003642757207359619 0.0057486872203051567 0.0083004560384968631 0.011298063661934732 0.014741510090618771 0.018630795324548966 0.022965919363725343 0.027746882208147878 0.038646324312731434 0.051329121638299662 0.065795274184852565 0.082044781952390136 0.10007764494091236 0.091799589138268273 0.060266295892008451 0.046969657159867194 0.035319690355051711 0.025316395477562006 0.020932250011564315 0.016959772527398057 0.013398963025063255 0.010249821504559891 0.0075123479658879694 0.0051865424090474892 0.0032724048340384529 0.0017699352408608599 0.00067913362951470854 0 0.00067913362951470854 0.0017699352408608599 0.0032724048340384529 0.0051865424090474892 0.0075123479658879694 0.010249821504559891 0.013398963025063255 0.016959772527398057 0.020932250011564315 0.025316395477562006 0.035319690355051711 0.046969657159867194 0.060266295892008451 0.075209606551475489 0.091799589138268273 0.083521533335624162 0.054737317599164316 0.042610192681434705 0.031993056397371981 0.022885908746976123 0.01889858065940328 0.015288749730247145 0.012056415959507736 0.0092015793471850443 0.0067242398932790748 0.0046243975977898217 0.0029020524607172868 0.0015572044820614723 0.00058985366182237662 0 0.00058985366182237662 0.0015572044820614723 0.0029020524607172868 0.0046243975977898217 0.0067242398932790748 0.0092015793471850443 0.012056415959507736 0.015288749730247145 0.01889858065940328 0.022885908746976123 0.031993056397371981 0.042610192681434705 0.054737317599164316 0.068374431150560813 0.083521533335624162 0.080210311014566521 0.052525726282026668 0.040866406890061713 0.030662402814300087 0.021913714054741774 0.018085112918538867 0.014620340611386779 0.011519397133285529 0.0087822824842351075 0.0064089966642355148 0.0043995396732867528 0.0027539115113888201 0.001472112178541717 0.00055414167474544362 0 0.00055414167474544362 0.001472112178541717 0.0027539115113888201 0.0043995396732867528 0.0064089966642355148 0.0087822824842351075 0.011519397133285529 0.014620340611386779 0.018085112918538867 0.021913714054741774 0.030662402814300087 0.040866406890061713 0.052525726282026668 0.065640360990194949 0.080210311014566521 0.076899088693508894 0.050314134964889019 0.039122621098688713 0.029331749231228194 0.020941519362507422 0.01727164517767445 0.013951931492526414 0.01098237830706332 0.008362985621285169 0.0060937534351919575 0.0041746817487836856 0.0026057705620603534 0.0013870198750219622 0.00051842968766851083 0 0.00051842968766851083 0.0013870198750219622 0.0026057705620603534 0.0041746817487836856 0.0060937534351919575 0.008362985621285169 0.01098237830706332 0.013951931492526414 0.01727164517767445 0.020941519362507422 0.029331749231228194 0.039122621098688713 0.050314134964889019 0.06290629082982907 0.076899088693508894 0.073587866372451266 0.048102543647751364 0.037378835307315735 0.0280010956481563 0.019969324670273077 0.01645817743681004 0.01328352237366605 0.010445359480841118 0.0079436887583352357 0.0057785102061484019 0.0039498238242806193 0.0024576296127318876 0.0013019275715022076 0.00048271770059157831 0 0.00048271770059157831 0.0013019275715022076 0.0024576296127318876 0.0039498238242806193 0.0057785102061484019 0.0079436887583352357 0.010445359480841118 0.01328352237366605 0.01645817743681004 0.019969324670273077 0.0280010956481563 0.037378835307315735 0.048102543647751364 0.060172220669463226 0.073587866372451266 0.070276644051393625 0.045890952330613723 0.035635049515942735 0.026670442065084406 0.018997129978038731 0.015644709695945631 0.012615113254805686 0.0099083406546189093 0.0075243918953852972 0.0054632669771048446 0.0037249658997775526 0.0023094886634034209 0.0012168352679824527 0.00044700571351464547 0 0.00044700571351464547 0.0012168352679824527 0.0023094886634034209 0.0037249658997775526 0.0054632669771048446 0.0075243918953852972 0.0099083406546189093 0.012615113254805686 0.015644709695945631 0.018997129978038731 0.026670442065084406 0.035635049515942735 0.045890952330613723 0.057438150509097348 0.070276644051393625 0.066965421730335969 0.043679361013476067 0.033891263724569756 0.025339788482012522 0.018024935285804376 0.014831241955081216 0.011946704135945323 0.0093713218283967056 0.0071050950324353587 0.0051480237480612864 0.003500107975274485 0.0021613477140749551 0.0011317429644626979 0.00041129372643771274 0 0.00041129372643771274 0.0011317429644626979 0.0021613477140749551 0.003500107975274485 0.0051480237480612864 0.0071050950324353587 0.0093713218283967056 0.011946704135945323 0.014831241955081216 0.018024935285804376 0.025339788482012522 0.033891263724569756 0.043679361013476067 0.05470408034873149 0.066965421730335969 0.063654199409278342 0.041467769696338412 0.032147477933196757 0.024009134898940628 0.017052740593570023 0.014017774214216802 0.011278295017084956 0.0088343030021744966 0.006685798169485422 0.0048327805190177282 0.003275250050771417 0.0020132067647464879 0.0010466506609429428 0.0003755817393607799 0 0.0003755817393607799 0.0010466506609429428 0.0020132067647464879 0.003275250050771417 0.0048327805190177282 0.006685798169485422 0.0088343030021744966 0.011278295017084956 0.014017774214216802 0.017052740593570023 0.024009134898940628 0.032147477933196757 0.041467769696338412 0.051970010188365619 0.063654199409278342 0.060342977088220701 0.039256178379200764 0.030403692141823761 0.022678481315868731 0.016080545901335678 0.013204306473352388 0.010609885898224591 0.0082972841759522912 0.0062665013065354861 0.0045175372899741708 0.0030503921262683498 0.0018650658154180215 0.00096155835742318767 0.00033986975228384705 0 0.00033986975228384705 0.00096155835742318767 0.0018650658154180215 0.0030503921262683498 0.0045175372899741708 0.0062665013065354861 0.0082972841759522912 0.010609885898224591 0.013204306473352388 0.016080545901335678 0.022678481315868731 0.030403692141823761 0.039256178379200764 0.049235940027999747 0.060342977088220701 0.057031754767163059 0.037044587062063115 0.028659906350450771 0.02134782773279684 0.015108351209101329 0.012390838732487973 0.0099414767793642236 0.0077602653497300831 0.0058472044435855467 0.0042022940609306135 0.0028255342017652822 0.0017169248660895552 0.00087646605390343272 0.00030415776520691432 0 0.00030415776520691432 0.00087646605390343272 0.0017169248660895552 0.0028255342017652822 0.0042022940609306135 0.0058472044435855467 0.0077602653497300831 0.0099414767793642236 0.012390838732487973 0.015108351209101329 0.02134782773279684 0.028659906350450771 0.037044587062063115 0.046501869867633883 0.057031754767163059 0.053720532446105418 0.03483299574492546 0.026916120559077772 0.020017174149724946 0.014136156516866977 0.011577370991623561 0.0092730676605038611 0.0072232465235078777 0.0054279075806356099 0.0038870508318870557 0.002600676277262215 0.0015687839167610885 0.00079137375038367778 0.00026844577812998142 0 0.00026844577812998142 0.00079137375038367778 0.0015687839167610885 0.002600676277262215 0.0038870508318870557 0.0054279075806356099 0.0072232465235078777 0.0092730676605038611 0.011577370991623561 0.014136156516866977 0.020017174149724946 0.026916120559077772 0.03483299574492546 0.043767799707268011 0.053720532446105418 0.050409310125047777 0.032621404427787798 0.025172334767704783 0.018686520566653056 0.013163961824632623 0.010763903250759146 0.0086046585416434933 0.0066862276972856696 0.0050086107176856715 0.0035718076028434971 0.0023758183527591474 0.0014206429674326218 0.00070628144686392294 0.00023273379105304858 0 0.00023273379105304858 0.00070628144686392294 0.0014206429674326218 0.0023758183527591474 0.0035718076028434971 0.0050086107176856715 0.0066862276972856696 0.0086046585416434933 0.010763903250759146 0.013163961824632623 0.018686520566653056 0.025172334767704783 0.032621404427787798 0.041033729546902147 0.050409310125047777 0.035205845821708159 0.022531741325893213 0.017250864452636995 0.01267410449581494 0.0088014614554270398 0.0071291837788959008 0.0056329353314733032 0.0043127161131592488 0.0031685261239537367 0.0022003653638567613 0.0014082338328683273 0.00079213153098843417 0.00035205845821708183 8.8014614554270457e-05 0 8.8014614554270457e-05 0.00035205845821708183 0.00079213153098843417 0.0014082338328683273 0.0022003653638567613 0.0031685261239537367 0.0043127161131592488 0.0056329353314733032 0.0071291837788959008 0.0088014614554270398 0.01267410449581494 0.017250864452636995 0.022531741325893213 0.028516735115583603 0.035205845821708159 0.028113607392038224 0.017992708730904455 0.01377566762209873 0.01012089866113376 0.0070284018480095559 0.0056930054968877385 0.0044981771827261137 0.0034439169055246826 0.0025302246652834418 0.0017571004620023903 0.0011245442956815297 0.00063255616632086045 0.00028113607392038243 7.0284018480095607e-05 0 7.0284018480095607e-05 0.00028113607392038243 0.00063255616632086045 0.0011245442956815297 0.0017571004620023903 0.0025302246652834418 0.0034439169055246826 0.0044981771827261137 0.0056930054968877385 0.0070284018480095559 0.01012089866113376 0.01377566762209873 0.017992708730904455 0.022772021987550954 0.028113607392038224 0.02383447029360412 0.01525406098790663 0.011678890443866019 0.0085804093056974871 0.00595861757340103 0.0048264802344548333 0.0038135152469766574 0.0029197226109665048 0.0021451023264243726 0.0014896543933502588 0.00095337881174416543 0.00053627558160609316 0.00023834470293604136 5.958617573401034e-05 0 5.958617573401034e-05 0.00023834470293604136 0.00053627558160609316 0.00095337881174416543 0.0014896543933502588 0.0021451023264243726 0.0029197226109665048 0.0038135152469766574 0.0048264802344548333 0.00595861757340103 0.0085804093056974871 0.011678890443866019 0.01525406098790663 0.019305920937819333 0.02383447029360412 0.020887483241590014 0.013367989274617605 0.010234866788379107 0.0075194939669724079 0.0052218708103975034 0.0042297153564219763 0.0033419973186544012 0.0025587166970947768 0.0018798734917431026 0.0013054677025993767 0.00083549932966360107 0.00046996837293577566 0.00020887483241590027 5.2218708103975067e-05 0 5.2218708103975067e-05 0.00020887483241590027 0.00046996837293577566 0.00083549932966360107 0.0013054677025993767 0.0018798734917431026 0.0025587166970947768 0.0033419973186544012 0.0042297153564219763 0.0052218708103975034 0.0075194939669724079 0.010234866788379107 0.013367989274617605 0.016918861425687905 0.020887483241590014 
end_dependent_variable

end_regular_table
