# ****************************************************************************
# CUI
#
# The Advanced Framework for Simulation, Integration, and Modeling (AFSIM)
#
# The use, dissemination or disclosure of data in this file is subject to
# limitation or restriction. See accompanying README and LICENSE for details.
# ****************************************************************************

# ##################################################################################################
# 
# This file was auto-generated by AFSIM Mover Creator 2.5.0.200324
# 
# Creation Date:  24 Mar 2020
# 
# ##################################################################################################

regular_table

independent_variable mach precision double
0.10000000000000001 0.5 0.70000000000000007 0.75 0.80000000000000004 0.84999999999999998 0.90000000000000002 0.92000000000000004 0.94000000000000006 0.95999999999999996 0.97999999999999998 1 1.02 1.04 1.0600000000000001 1.0800000000000001 1.1000000000000001 1.2 1.3 1.4000000000000001 1.5 
end_independent_variable

independent_variable surface_angle units deg
-20 -16 -14 -12 -10 -9 -8 -7 -6 -5 -4 -3 -2 -1 0 1 2 3 4 5 6 7 8 9 10 12 14 16 18 20 
end_independent_variable

dependent_variable precision double
-1.5791021271947108 -0.84549664738429242 -0.56349254169653806 -0.33628782157001613 -0.16138666717438946 -0.092753660939893859 -0.036285955518148075 0.008259871364768738 0.041092149005149257 0.062385753485415522 0.072285307241492305 0.070909123825332765 0.058353337009499802 0.034695862851304694 0 -0.084066936021954849 -0.17874157949604627 -0.28395492157086299 -0.39962087723019435 -0.52563342668405466 -0.66186355658766294 -0.8081561981299884 -0.96432749398972539 -1.1301629008464928 -1.3054168372267345 -1.6830588791333378 -2.0948428937427752 -2.5384280378806388 -3.0122170921414773 -3.5160323466718206 -1.8362671595137015 -1.0105238370124625 -0.6899749621379383 -0.42929234434627517 -0.22601224989040777 -0.14511059824777861 -0.077658843794915278 -0.023416220471652448 0.017823250293869639 0.046232401688871903 0.061954123226852675 0.065105307714364777 0.055780982182105213 0.034058271508181408 0 -0.0847244741129006 -0.18135378345674416 -0.28981843363638871 -0.41003153195188985 -0.54188592893548837 -0.68525115996575836 -0.83997038407491509 -1.0058576518611388 -1.182696009483766 -1.3702371484975875 -1.7762938780080733 -2.2215890964719724 -2.7037491626980916 -3.2211395232218805 -3.7735408661257415 -2.1777123436188388 -1.2296850864759137 -0.85797396927819258 -0.55284984514952673 -0.31189196364598604 -0.21469951361461384 -0.13266112580729164 -0.065539600566346098 -0.013132113988314043 0.024731427168692276 0.048191589628747485 0.057363362871821921 0.052340291681147545 0.033198441317554693 0 -0.085585728831980831 -0.18479731958831314 -0.2975646407623504 -0.42379973855063158 -0.56339397941704517 -0.71621499291478163 -0.88210361230216139 -1.0608711444508521 -1.252297476318875 -1.4561307277836151 -1.8998677671792013 -2.3896068289543839 -2.9229312356183614 -3.4981572172838429 -4.1150102549960197 -2.3068108931130844 -1.3125493538171629 -0.92149425079143443 -0.59956713355221303 -0.34436350831997969 -0.24101158027734568 -0.15345803266727179 -0.081467014831759069 -0.024836895970750048 0.016601380795181895 0.042987503789514776 0.054435742540280913 0.05103908131095173 0.032873184579161337 0 -0.085911222977574017 -0.18609900416413497 -0.30049297124886459 -0.42900476937144788 -0.57152520405967078 -0.72792118458988186 -0.8980326651186562 -1.0816699156061989 -1.2786116290137326 -1.4886045753593025 -1.946587773210392 -2.4531302094563743 -3.0057989411392709 -3.6028915940003952 -4.2441127758454629 -2.4647336791325882 -1.4139151504048841 -0.99919711797391597 -0.65671537742151342 -0.38408532239230952 -0.27319866579282109 -0.17889856218798456 -0.10095081100778994 -0.039155241248282638 0.0066559362922552975 0.036621335135722397 0.050854344276129698 0.049447262126265434 0.03247526292325726 0 -0.086309352363103331 -0.1876912382360231 -0.30407499076342803 -0.43537176455210169 -0.58147167899696361 -0.74224076227859803 -0.9175178933761311 -1.1071120738199454 -1.3108005362355275 -1.5283283994519326 -2.0037383864769316 -2.5308357747940988 -3.1071677260174959 -3.7310091089800137 -4.4020389980689707 -2.1893258356196856 -1.2411084558557248 -0.86792213710200394 -0.56069138207598179 -0.3173630592364251 -0.2190018830964805 -0.135860625432007 -0.067737277078416536 -0.014459175014306196 0.024118428248735741 0.048115147635589425 0.057628894157117444 0.052739462721290278 0.033511973767716578 0 -0.081054031632103132 -0.17601811408849041 -0.2848303030553001 -0.40741269853389778 -0.54366896683375343 -0.69348168978321756 -0.85670971242248417 -1.0331857770135362 -1.2227148830961356 -1.4250739898501625 -1.8672638635623278 -2.3575622244965828 -2.8938195434723881 -3.4745150588935729 -4.099343828885659 -1.9139186929283523 -1.0683022875268315 -0.73664759890615272 -0.4646677490161617 -0.25064108229446713 -0.16480535037470254 -0.092822903959675587 -0.034523925354676299 0.01023674044317097 0.04158079918423855 0.059608867006767118 0.064403377042649992 0.056031620543642809 0.034548664171884104 0 -0.075798699373751971 -0.16434496892861733 -0.26558558690700645 -0.37945359871742068 -0.50586621756926553 -0.64472257906607111 -0.79590149437205659 -0.95925944646656502 -1.1346292019917552 -1.3218195604783329 -1.7307893452286103 -2.1842887147180217 -2.6804714501885991 -3.2180211602611721 -3.7966488866570596 -1.8064633891261443 -1.0008355637553947 -0.68536316823671128 -0.42711809535777984 -0.2245106628859363 -0.14355823606203849 -0.075928255689536012 -0.021463749015483834 0.019969447860753491 0.04848382235639602 0.064172382672404507 0.067111362362563057 0.05736304941811371 0.034978499431846048 0 -0.073770497323927417 -0.15983900677508572 -0.25815567262951672 -0.36865776123642124 -0.49126771488000565 -0.62589107066903515 -0.77241437922125178 -0.93070334967263224 -1.1006015669562059 -1.2819302658495622 -1.6780633802343465 -2.1173454265071623 -2.5980492420273342 -3.1189380023020132 -3.6797266748494875 -1.6986699459528949 -0.93315002066028507 -0.63390911828307661 -0.38944126391766631 -0.19828908028307418 -0.12223565227295605 -0.058972330038722154 -0.0083550086601307371 0.029739467342287183 0.055414354680610109 0.068755044892500977 0.069831565989789041 0.058701198373321259 0.035410983141029466 0 -0.071736875663981625 -0.1553208215048357 -0.25070535772183739 -0.35783198411695594 -0.4766283867928755 -0.60700652123575172 -0.74886069579602255 -0.90206586495445407 -1.0664764514827076 -1.2419261441401188 -1.6251841987325708 -2.0502056833006352 -2.515382529907098 -3.0195574672594363 -3.5624493804809747 -1.5905379652762619 -0.86524539182461735 -0.58228523834908397 -0.35163709245691432 -0.1719762146207674 -0.10083749804569093 -0.041955043364096216 0.0048023635549616309 0.039546852435569234 0.062372436927064477 0.073356883202527784 0.07256400773111292 0.060046079066465662 0.035846120331850737 0 -0.069697829564197927 -0.15079040190091775 -0.24323462305105029 -0.34697623871529731 -0.46194819367227036 -0.58806887853198064 -0.72524037771609562 -0.87334691029228928 -1.0322537563848886 -1.2018070775345964 -1.5721516408659573 -1.9828692767703657 -2.4324710502764582 -2.919879229130264 -3.4448166081731082 -1.4820670488685681 -0.79712141097900702 -0.53049131745196365 -0.31370541906219557 -0.14557194627883599 -0.079363672455054046 -0.024876312043206329 0.018008435294993189 0.049391656580770014 0.06935810978364873 0.077977927047717485 0.075308707350149023 0.061397703095012759 0.036283916042160032 0 -0.067653354211648253 -0.14624773676279626 -0.23574344946025377 -0.33609049638936689 -0.44722709580463815 -0.56907809028465817 -0.70155335864616697 -0.84454640382978541 -0.99793338264666243 -1.1615729483162207 -1.5189655470646846 -1.915335998784047 -2.349314539663129 -2.8199029621049894 -3.326827962684181 -1.3732567992192486 -0.72877781237931172 -0.4785271453596352 -0.27564608197487667 -0.11907615568566704 -0.057814074855266247 -0.007736052784575613 0.03126327427313124 0.059273933180885148 0.076371413879192621 0.082618205878998791 0.07806568457933287 0.062756082067520813 0.036724375282451129 0 -0.06560344477384282 -0.14169281486550214 -0.22823181775731993 -0.32517472845151696 -0.43246505349591363 -0.55003410425010069 -0.67779957219397124 -0.81566426349173859 -0.96351523110444215 -1.1212236386974661 -1.4656257574393488 -1.8476056410738628 -2.2659127345720385 -2.7196283403669077 -3.2084830489631564 -1.2641068189208686 -0.6602143303047735 -0.42639251173748816 -0.23745891951367154 -0.092488723523874744 -0.036188604665004641 0.009465817785117174 0.044566947996583103 0.069193735515694021 0.083412389817043214 0.087277748998451574 0.080834959099535003 0.064121227544280943 0.037167503055910253 0 -0.063548096419153752 -0.13712562497229938 -0.2206997087582904 -0.31422890618921689 -0.41766202700346466 -0.53093686810008167 -0.65397895199722278 -0.78670040731956581 -0.92899920270496594 -1.08075903087102 -1.4121321123322874 -1.779677995611235 -2.1822653716730036 -2.619055038301378 -3.08978147202735 -1.1546167109641223 -0.59143069937280435 -0.37408720645477328 -0.19914377023473284 -0.065809530464081459 -0.014487161371299854 0.026729382860514725 0.057919523967759359 0.079151116849386638 0.090481078053647454 0.091956585772312111 0.083616550591626024 0.065493151118561785 0.03761330436152651 0 -0.061487304301113252 -0.13254615585424653 -0.2131471032858023 -0.30325300094809637 -0.40281797658525853 -0.51178632950937286 -0.63009143166845305 -0.75765475331271248 -0.89438519823907803 -1.0401790071135131 -1.3584844519383397 -1.7115528540677889 -2.0983721876382391 -2.5181827301738409 -2.9707228370859484 -1.0447860786688805 -0.5224266543950844 -0.32161101981064927 -0.16070047286689576 -0.039038457450023913 0.0072903553838228607 0.044054725631762805 0.071321069554462102 0.089146130322936765 0.097577519149031858 0.096654745493366626 0.086410478711368546 0.066871864282675678 0.038061784188020961 0 -0.059421063584645821 -0.12795439625909319 -0.20557398212269484 -0.29224698401022853 -0.38793286251530179 -0.49258243618002751 -0.60613694476323221 -0.72852721949460808 -0.8596731186586134 -0.99948344965001112 -1.3046826165764596 -1.6432300084994891 -2.0142329190997885 -2.4170110905849094 -2.8513067492348152 -0.93461452537779866 -0.45320193028762296 -0.268963741774499 -0.12212886614619062 -0.012175385278538675 0.029144045937952112 0.061441929113326618 0.084771652151475085 0.099178829082114894 0.10470175348214608 0.10137225742322253 0.089216763056214898 0.068257378577801717 0.038512947522166018 0 -0.057349369422609146 -0.12335033492154768 -0.19798032602947241 -0.28121082661181757 -0.37300664499205233 -0.47332513575683766 -0.58211542486171397 -0.69931772376816381 -0.82486286477090531 -0.95867224068579315 -1.2507264465691992 -1.5747092506942824 -1.9298473028875598 -2.3155397940476554 -2.7315328140434927 -0.82410165483405939 -0.38375626226562548 -0.21614516300523631 -0.08342878895974494 0.014779804892283277 0.051074010488371881 0.078891076307379696 0.098271338993191085 0.10924926626849435 0.11185382144423134 0.10610915077132266 0.0920354232353843 0.069649705530279049 0.03896679933417032 0 -0.055272216961415266 -0.11873396059925274 -0.19036611582749799 -0.27014450004363039 -0.35803928422161269 -0.4540143759487516 -0.55802680560161233 -0.67002618417809412 -0.78995433749361132 -0.91774526248579757 -1.1966157821497705 -1.5059903726892452 -1.8452150757415213 -2.2137685150715534 -2.611400636784722 -0.3726012301360615 -0.10903728949432628 -0.012253134258907034 0.06098206509740757 0.11053389286496659 0.12639292375294667 0.13629133803316076 0.14021899351646144 0.1381672645897041 0.13012905184819873 0.11609879039706643 0.096072456506714907 0.070047572860770818 0.038023212279548489 0 -0.044019885607022489 -0.094032713776513788 -0.15003320356630856 -0.21201452768847662 -0.27996831763808638 -0.35388467052630956 -0.43375215726485705 -0.51955783230635766 -0.61128724469784312 -0.7089244508610606 -0.9218510923612665 -1.1581809246284653 -1.4177342809614883 -1.7003093131645681 -2.0056827302871278 -0.30689041456092608 -0.093800981551475995 -0.015323626926748751 0.044258813675939132 0.084832752443737419 0.097961418183736076 0.10630432172865376 0.10985287657226026 0.10859977464646889 0.10253899437910864 0.091665807796845467 0.075976786273774286 0.055469804911066636 0.030144045804655465 0 -0.034960531877030625 -0.074734440204759972 -0.11931730828880313 -0.16870341547872933 -0.22288574159155455 -0.28185597263841122 -0.34560450778375434 -0.41412046756389981 -0.48739170327476705 -0.56540480779677027 -0.73559677507262733 -0.92456442638283087 -1.1321565723352978 -1.358203330812114 -1.6025167536050364 -0.26362408794845515 -0.081692383459141274 -0.014615005129288166 0.03637314725954837 0.071170701408180201 0.082471120872176396 0.089693860915490295 0.092831252343785683 0.091876765750377079 0.086825018835004292 0.077671782809727571 0.06441398746698225 0.047049725292782542 0.025578254347013399 0 -0.029683444436608631 -0.063469318246287459 -0.10135369497862444 -0.14333148528501782 -0.18939644087317517 -0.23954115962894415 -0.29375709183333587 -0.35203454753901037 -0.41436270508523787 -0.48072962065165398 -0.62552640544027471 -0.78630734306809968 -0.96293771902910541 -1.1552661599118084 -1.3631251961002302 -0.23326329095515044 -0.072872923334426118 -0.013692768598675133 0.031326911396407732 0.062092854945648694 0.072105938571466535 0.078527953610077195 0.081351840288348368 0.080571586727644195 0.076182235762314893 0.068179890825070838 0.056561720724984305 0.041325963436163939 0.02247192876500393 0 -0.026088365499432182 -0.055790636787783628 -0.089103210893329121 -0.12602141538700579 -0.16653951207131168 -0.21065070172598566 -0.2583471297994509 -0.30961989333972806 -0.36445904874041929 -0.42285362069524612 -0.55026001491424592 -0.69173104127203255 -0.84714289654738428 -1.0163564690485678 -1.1992178595841727 
end_dependent_variable

end_regular_table
