# ****************************************************************************
# CUI
#
# The Advanced Framework for Simulation, Integration, and Modeling (AFSIM)
#
# The use, dissemination or disclosure of data in this file is subject to
# limitation or restriction. See accompanying README and LICENSE for details.
# ****************************************************************************

# ##################################################################################################
# 
# This file was auto-generated by AFSIM Mover Creator 2.5.0.200324
# 
# Creation Date:  24 Mar 2020
# 
# ##################################################################################################

regular_table

independent_variable mach precision double
0.10000000000000001 0.5 0.70000000000000007 0.75 0.80000000000000004 0.84999999999999998 0.90000000000000002 0.92000000000000004 0.94000000000000006 0.95999999999999996 0.97999999999999998 1 1.02 1.04 1.0600000000000001 1.0800000000000001 1.1000000000000001 1.2 1.3 1.4000000000000001 1.5 
end_independent_variable

independent_variable surface_angle units deg
-20 -16 -14 -12 -10 -9 -8 -7 -6 -5 -4 -3 -2 -1 0 1 2 3 4 5 6 7 8 9 10 12 14 16 18 20 
end_independent_variable

dependent_variable precision double
-0.04335220476523248 -0.028728663526594356 -0.022519808829905175 -0.017053064335534208 -0.012332079267797761 -0.010252186091348325 -0.0083597950249312877 -0.0066551989407147042 -0.0051386644162377077 -0.0038104307885449876 -0.0026707083860595185 -0.0017196763663383408 -0.00095748045903522381 -0.00038423080492190045 0 -0.00045025390019253142 -0.0010892872010983376 -0.001916953744416282 -0.0029330522078581962 -0.0041373244703927026 -0.0055294538701535284 -0.0071090634638199491 -0.0088757144764870961 -0.010828905236199107 -0.012968071012463922 -0.017801763206701297 -0.023371117857082041 -0.02966979684292587 -0.036691214596466216 -0.044428975837376268 -0.047662873037256526 -0.031495482690275502 -0.024640703516836993 -0.018612887755204546 -0.013416227118710339 -0.011130667203915144 -0.0090541253523605363 -0.0071869394454025905 -0.0055294158735807106 -0.0040818285543979538 -0.0028444171317011458 -0.0018173847858581 -0.0010008959539322543 -0.00039507415075832849 0 -0.00046112466742157925 -0.0011327574725697022 -0.0020147442122907112 -0.0031068701657768452 -0.0044088584712226424 -0.0059203684002087816 -0.0076409936381129336 -0.0095702607602378611 -0.011707628197336825 -0.014052486110473819 -0.019361902722536198 -0.025492374025814953 -0.032437018410967966 -0.040188628854948942 -0.048740113101044528 -0.053381445238764362 -0.035166068668420376 -0.027454429433049821 -0.020682307749585235 -0.014854615573304999 -0.012296213856566707 -0.0099753705970972786 -0.007892483443660097 -0.0060479116526973254 -0.0044419750567181206 -0.0030749522225295128 -0.0019470782251549592 -0.0010585423389368777 -0.00040948583580457698 0 -0.00047553831097015535 -0.0011904077695607355 -0.0021444435105258193 -0.0033374130538784668 -0.0047690146979150506 -0.0064388758160461275 -0.0083465511666427437 -0.010491521404395675 -0.012873192088239237 -0.015490893604197604 -0.02143134520971867 -0.028306125627405355 -0.036107632932555159 -0.044827836141604065 -0.05445871841723908 -0.055543548707575212 -0.036553861487797684 -0.028518257103271567 -0.021464725090200309 -0.015398449723034745 -0.012736890722974946 -0.010323680825931944 -0.0081592402788097391 -0.0062439483260276823 -0.0045781421607697451 -0.0031621150661310109 -0.0019961141763892611 -0.0010803381567286569 -0.00041493499293289129 0 -0.00048098779450794668 -0.0012122042392621606 -0.0021934804379768469 -0.0034245771964202493 -0.004905183421509177 -0.0066349144268811784 -0.0086133102535441777 -0.010839834195015347 -0.01331387182080781 -0.016034730917721295 -0.02221376628306158 -0.029369957553034631 -0.037495430471279706 -0.046581842532981324 -0.056620827332135311 -0.058188376067355274 -0.038251501389328424 -0.029819601594913987 -0.022421829987082142 -0.016063703960901596 -0.01327595616987496 -0.010749757301104779 -0.0084855552448479359 -0.0064837536967710802 -0.0047447110864217105 -0.0032687386991913036 -0.0020560984211579723 -0.0011070004049829728 -0.00042160084936466947 0 -0.00048765393653774021 -0.0012388670578979185 -0.0022534655367811795 -0.0035312019656845708 -0.0050717537635069573 -0.0068747214915600525 -0.0089396271879126216 -0.011265912908750836 -0.01385293977136615 -0.016699987918133413 -0.023170874435868995 -0.030671305752202078 -0.039193074478724652 -0.048727457038976969 -0.059265659411427044 -0.053337850938673312 -0.035008555961746887 -0.027262282217318967 -0.020470642460821507 -0.014638789238516751 -0.012084138450023669 -0.0097709675048354063 -0.0076996952669010875 -0.005870698738299423 -0.004284312104447561 -0.00294082508385655 -0.0018404809528966006 -0.00098347450608860074 -0.00036995011788542589 0 -0.00043365748882234198 -0.0011106810314919196 -0.0020309141785826218 -0.0031941330239986339 -0.0046000448307947639 -0.0062482865818664956 -0.0081384235494733319 -0.01026994804806468 -0.012642278625525595 -0.015254760056236681 -0.021197195145069955 -0.02809063406268009 -0.035927587253279353 -0.044700064514579613 -0.054399963287003784 -0.048487329872659642 -0.031765613321916707 -0.024704965071348409 -0.018519456665720219 -0.013213875804843045 -0.010892321820084473 -0.0087921786146614549 -0.006913836026721536 -0.0052576443646797158 -0.0038239135702365255 -0.0026129117949331695 -0.0016248637054963664 -0.00085994873845742935 -0.00031829944403927944 0 -0.00037966105480226374 -0.00098249504867172063 -0.0018083629100797518 -0.0028570642343547308 -0.0041283361287945495 -0.0056218519977920779 -0.0073372203479597194 -0.0092739837521180896 -0.011431618188674436 -0.013809533064392285 -0.01922351709670319 -0.025509964056434038 -0.032662102221729793 -0.040672674764660743 -0.049534270587032601 -0.046619525309215162 -0.030516927688424771 -0.023720102141347951 -0.017767749616618679 -0.012664583005656701 -0.01043269058628077 -0.0084145038805523865 -0.0066104071341426618 -0.0050207453441264609 -0.0036458234627829668 -0.0024859050591077921 -0.0015412107310849047 -0.00081191647275622792 -0.00029815212727255441 0 -0.00035862496541584686 -0.00093269758283668095 -0.0017220843068557448 -0.0027265920175111387 -0.0039459669545159407 -0.0053798935983107666 -0.0070279935723179905 -0.0088898246951987902 -0.010964880384425106 -0.013252589696832059 -0.018463371360040452 -0.024516394188729231 -0.031405100860203046 -0.039122445597523786 -0.047661202518613735 -0.04474576345307598 -0.029264170209390646 -0.02273199823612404 -0.017013549416103221 -0.012113456436271501 -0.009971520625162808 -0.008035561665717195 -0.0063059577460611738 -0.004783048133844372 -0.0034671324210965703 -0.0023584692717058264 -0.0014572749404006054 -0.00076372175349610555 -0.00027793667111782641 0 -0.00033751919265043526 -0.00088273459732831358 -0.0016355183283975094 -0.002595684735425036 -0.0037629894264833699 -0.0051371282450184954 -0.006717736269048283 -0.0085043869514836255 -0.010496591587402062 -0.012693799372088846 -0.017700717959778962 -0.023519568386606664 -0.030144013331491165 -0.037567224351651725 -0.045782167695653193 -0.042866037295089962 -0.028007335986745107 -0.021740649421241487 -0.01625685301353539 -0.011560493837412748 -0.0095088100350886693 -0.0076553503994057958 -0.0060004865946685065 -0.0045445517398785386 -0.0032878396954008062 -0.002230603896284474 -0.0013730559792074135 -0.00071536437684560281 -0.00025765298992473174 0 -0.00031634365117471876 -0.00083260588894167216 -0.0015486646214076239 -0.0024643418528848271 -0.0035794027963097306 -0.0048935549457321415 -0.0064064471723245522 -0.0081176689525139702 -0.010026749898513309 -0.012133159833546653 -0.016935553848542208 -0.0225194827197585 -0.028878834742119212 -0.036007005103671108 -0.043897159112954325 -0.040980339827799979 -0.026746420125069292 -0.020746051764137071 -0.015497657358930259 -0.011005692950379835 -0.0090445569150584149 -0.0072738685113767215 -0.0056939924125052775 -0.0043052551686223219 -0.0031079445360622116 -0.0021023083966070482 -0.0012885534934002165 -0.00066684413907176928 -0.00023730099808128737 0 -0.00029509825565299247 -0.00078231125451523099 -0.0014615228326411054 -0.0023325628348139513 -0.0033952063157590153 -0.0046491727085297106 -0.0060941250166794076 -0.0077296691302954825 -0.0095553534193208861 -0.011570668825287731 -0.016167875979700132 -0.021516133258666786 -0.027609560199958801 -0.034441781931932272 -0.042006169767371947 -0.039088664047032068 -0.025481417729654787 -0.019748201332798001 -0.014735959403508008 -0.010449051517128057 -0.0085787593647292226 -0.0068911144318273892 -0.0053864739324612724 -0.0040651574268794795 -0.0029274461936934408 -0.0019735822367157145 -0.0012037671290775849 -0.00061816083649318166 -0.00021688061001559535 0 -0.00027378292075614378 -0.00073185049087064137 -0.0013740926088917668 -0.0022003471461147801 -0.0032103992367607079 -0.0044039805416222679 -0.0057807685368294328 -0.0073403859170097681 -0.0090824002514903295 -0.011006324091713494 -0.015397681307224225 -0.020509516074736448 -0.026336184813786294 -0.032871548916362264 -0.040109192657836475 -0.037191002949679211 -0.024212323907666367 -0.018747094196899163 -0.013971756099496349 -0.0098905672804068447 -0.0081114154840577438 -0.0065070865915990116 -0.0050779298879882317 -0.0038242575215362176 -0.0027463439191217466 -0.001844424880585958 -0.0011186965323099021 -0.00056931426550388929 -0.0001963917401537877 0 -0.00025239756118900777 -0.00068122339489525246 -0.0012863735970201802 -0.0020676942519276221 -0.0030249808113278001 -0.0041579774534018328 -0.0054663764676989961 -0.0069498177452698255 -0.0086078884973029377 -0.010440123377840281 -0.014624966785740271 -0.019499627240350644 -0.025058703693746267 -0.031296300138225139 -0.038206220784501678 -0.035287349534768232 -0.022939133767059292 -0.01774272642657131 -0.013205044399316967 -0.0093302379835087865 -0.007642523373844465 -0.0061217834216394902 -0.0047683590125791181 -0.0035825544598679215 -0.0025646369633950394 -0.0017148357925636539 -0.0010333413493500182 -0.00052030422254795356 -0.0001758343029841325 0 -0.00023094209163065558 -0.00063042976345913657 -0.001198365443904497 -0.0019346036173161004 -0.0028389502915672428 -0.0039111624524131852 -0.0051509475444385753 -0.0065579630478456588 -0.008131816259182462 -0.0098720644288920467 -0.013849729370378407 -0.018486462828516872 -0.02377711195069953 -0.029716029679844578 -0.036297247149521775 -0.03337769680298211 -0.021661842417071562 -0.016735094093175796 -0.012435821256629433 -0.0087680613701465772 -0.0071720811348559253 -0.0057352033534253414 -0.0044577600402173146 -0.0033400472492821336 -0.0023823245777094488 -0.0015848144369770985 -0.00094770122652368112 -0.00047113050412831347 -0.00015520821299387487 0 -0.00020941642677144918 -0.0005794693934666167 -0.0011100677964795494 -0.00180107470749448 -0.0026523069297175353 -0.0036635345473412947 -0.0048344805023309567 -0.006164820257737633 -0.0076541816399053209 -0.0093021449905530199 -0.013071966016859376 -0.017470018912933115 -0.022491404696754005 -0.028130731625012971 -0.034382264756356175 -0.031462037755964047 -0.020380444967763187 -0.015724193268609864 -0.011664083625447328 -0.008204035184300849 -0.0067000868687400886 -0.0053473448187652791 -0.0041461317050983772 -0.0030967348975198075 -0.0021994060134514506 -0.0014543602783373586 -0.00086177581021816714 -0.00042179290677700601 -0.0001345133846920075 0 -0.00018782048132804456 -0.00052834208186141912 -0.0010214803017136625 -0.001667106987696274 -0.0024650499780508213 -0.003415092746955996 -0.0045169740768492717 -0.0057703878081588897 -0.0071749827424979849 -0.0087303628087542964 -0.012291673681233385 -0.016450291567976616 -0.021201577044429498 -0.02654040005823741 -0.032461266609546964 -0.029540365397554121 -0.019094936530592081 -0.014710020025749152 -0.010889828460277692 -0.0076381571707960713 -0.0062265386770806548 -0.0049582062497123174 -0.0038334727416542771 -0.0028526164124658684 -0.0020158805221220941 -0.0013234727812238502 -0.00077556474689516471 -0.00037229122710745108 -0.00011374973261722718 0 -0.00016615416999982076 -0.00047704762555165521 -0.00093260260660221251 -0.0015326999232015194 -0.0022771786889433585 -0.0031658360600945652 -0.0041984270035978974 -0.0053746641325285267 -0.0066942176702354701 -0.0081567156297761515 -0.01150884932006842 -0.015427276868485914 -0.019907624107271839 -0.024945029064874957 -0.030534245714803749 -0.020683753018482222 -0.013210562888785502 -0.010089154711582402 -0.0073827413442790774 -0.0050944201776509709 -0.004107887003184792 -0.0032268300520437699 -0.0024515058987512862 -0.0017821413110863773 -0.0012189330360416501 -0.0007620476137878971 -0.00041162122013643223 -0.00016775953784468564 -3.0537656276306244e-05 0 -7.6160286258907152e-05 -0.00025900151134234409 -0.0005484759658735492 -0.00094450527904525858 -0.0014469804917121812 -0.0020557621581221383 -0.0027706804767518899 -0.0035915354492496786 -0.0045180970679255111 -0.0055501055316391325 -0.0079292763127601241 -0.010726383468356115 -0.013938304440871184 -0.017561470156042123 -0.021591878410899223 -0.016648538266495927 -0.010635876627028229 -0.0081238381219815407 -0.0059454321569266076 -0.0041032693277504046 -0.0033089895107579958 -0.0025995739228531346 -0.0019752388519942011 -0.0014361754660444956 -0.00098254963109319754 -0.00061450175290609504 -0.00033214664325953859 -0.00013557341016267918 -2.4845372650165805e-05 0 -6.1048875547706482e-05 -0.00020797768507342421 -0.00044074622979270163 -0.00075928846392760022 -0.001163512556935682 -0.001653300980006542 -0.002228510617181744 -0.002888972900813724 -0.0036344939706667036 -0.0044648548578269491 -0.0063790959311628339 -0.0086294506563463023 -0.011213287525595332 -0.014127598948108689 -0.017369012630704415 -0.014224094603900743 -0.0090888331802590101 -0.0069428398057111507 -0.0050816012248093541 -0.0035074477238365921 -0.0028286620609516413 -0.0022223649061300127 -0.0016887493536470862 -0.0012279860762116573 -0.00084022316128589466 -0.00052558596857475422 -0.00028417700942214518 -0.000116075847960024 -2.133902433132682e-05 0 -5.2069125095086842e-05 -0.00017753362794799889 -0.00037635762682297191 -0.00064848216369749071 -0.00099382526028363692 -0.0014122819960410585 -0.001903724608178909 -0.002468002613495582 -0.0031049429519978966 -0.0038143501522201668 -0.0054496723354425115 -0.0073719647827999142 -0.0095788786647920173 -0.012067729669824641 -0.014835508248536636 -0.012561385736429348 -0.0080279210429191582 -0.006132961232260389 -0.004489222078305509 -0.0030988490234391476 -0.0024992586982489138 -0.0019636702985709898 -0.0014922616285054991 -0.0010851898505812379 -0.00074259133312827433 -0.00046458151832026403 -0.00025125480984077573 -0.000102684481279004 -1.8922604747646406e-05 0 -4.5926204167044186e-05 -0.00015668946201363392 -0.00033225673677205576 -0.00057257374162824855 -0.00087756499164046641 -0.0012471338762253584 -0.0016811627520807522 -0.0021795130562553013 -0.0027420254397486073 -0.0033685199206614706 -0.0048126331438405933 -0.0065100072953334373 -0.008458479947018302 -0.01065557999907318 -0.013098537189453812 
end_dependent_variable

end_regular_table
