# ****************************************************************************
# CUI
#
# The Advanced Framework for Simulation, Integration, and Modeling (AFSIM)
#
# The use, dissemination or disclosure of data in this file is subject to
# limitation or restriction. See accompanying README and LICENSE for details.
# ****************************************************************************

# ##################################################################################################
# 
# This file was auto-generated by AFSIM Mover Creator 2.5.0.200401
# 
# Creation Date:  01 Apr 2020
# 
# ##################################################################################################

regular_table

independent_variable mach precision double
0.10000000000000001 0.5 0.70000000000000007 0.75 0.80000000000000004 0.84999999999999998 0.90000000000000002 0.92000000000000004 0.94000000000000006 0.95999999999999996 0.97999999999999998 1 
end_independent_variable

independent_variable surface_angle units deg
1 2 3 4 5 6 7 8 9 10 12 14 16 18 20 22 24 26 28 30 35 40 45 
end_independent_variable

dependent_variable precision double
-1.5339800019708575e-05 -3.4324949435189809e-05 -5.6955448246443692e-05 -8.3231296453470269e-05 -0.00011315249405626945 -0.00014671904105484129 -0.00018393093744918589 -0.00022478818323930309 -0.00026929077842519284 -0.00031743872300685536 -0.00042467066035749821 -0.00054648399529123187 -0.00068322398617458085 -0.00083613164797842563 -0.0010033821372233435 -0.0011850158260739176 -0.0013810624817466165 -0.0015915447026595617 -0.0018164800751245584 -0.0020558825822989363 -0.0027185856940828658 -0.0034729976451600372 -0.0043179764953154504 -1.6225766583014133e-05 -3.7868815635121269e-05 -6.4929147156321404e-05 -9.7406761146614563e-05 -0.00013530165760600074 -0.00017861383653447989 -0.00022734329793205202 -0.00028149004179871723 -0.00034105406813447552 -0.00040603537693932671 -0.00055224984195630805 -0.00072013343684966145 -0.00091003025183901182 -0.0011231771030436137 -0.0013577553211565384 -0.001613805141763151 -0.0018913562313346622 -0.0021904311118809182 -0.0025110473101577165 -0.0028532187620201681 -0.0038038517000850199 -0.0048904898584265465 -0.0061119951605238297 -1.7753298088864205e-05 -4.3978941657434013e-05 -7.8676930705709404e-05 -0.0001218472652336904 -0.00017348994524137698 -0.00023360497072876928 -0.00030219234169586703 -0.00037925205814267037 -0.00046478412006917941 -0.00055878852747539415 -0.00077221437872694002 -0.0010195296118973086 -0.0013010782337670277 -0.0016180967605380352 -0.0019687669639301339 -0.0023531290697194934 -0.0027712127372630535 -0.0032230404830307594 -0.0037086298295712617 -0.0042279947093750662 -0.0056750747224768661 -0.0073345363922038978 -0.00920524191793003 -1.8435627941434888e-05 -4.6708261067570699e-05 -8.4817899378407467e-05 -0.00013276454287394516 -0.00019054819155418375 -0.00025816884541912335 -0.00033562650446876391 -0.00042292116870310556 -0.00052005283812214776 -0.000627021512725891 -0.00087046987748748059 -0.0011532662629878741 -0.0014757546621010182 -0.0018391715410407043 -0.0022416987450258482 -0.0026833764982291761 -0.0031642344587747969 -0.0036842951422281413 -0.0042435760704847133 -0.0048420911753888369 -0.0065109282798505213 -0.0084262635104118151 -0.010586959112361743 -1.9345124505471287e-05 -5.0346247323596806e-05 -9.3003368454376591e-05 -0.00014731648789781062 -0.00021328560565389887 -0.00029091072172264141 -0.00038019183610403805 -0.00048112894879808892 -0.00059372205980479423 -0.00071797116912415367 -0.0010014373827008356 -0.0013315275895281339 -0.0017085857703107608 -0.002133848347527383 -0.0026054972307131886 -0.0031235726425940442 -0.0036881042403153841 -0.0042991145385409086 -0.0049566210586271722 -0.0056606377319087953 -0.0076250611228693447 -0.0098814574476324187 -0.012428688992235523 -2.4537886116761763e-05 -6.090628099465854e-05 -0.00010910518463812935 -0.00016913459703385712 -0.00024099451819663861 -0.0003246849481294332 -0.00042020588680264731 -0.00052755733424587447 -0.00064673929045911478 -0.00077775175541869323 -0.0010752682116478894 -0.0014201067029097883 -0.0018125705589628028 -0.0022537500843087801 -0.0027420420468073246 -0.0032774819157827943 -0.0038600958434904281 -0.0044899036839827254 -0.0051669208878023995 -0.0058911597402209149 -0.0079091450347966562 -0.010223398311668389 -0.012832916308831351 -2.9730620217039702e-05 -7.1466259644577211e-05 -0.00012520691826381199 -0.00019095259611861198 -0.00026870329317137608 -0.0003584590094158374 -0.00046021974488959715 -0.00057398549958012147 -0.00069975627347487691 -0.00083753206657386317 -0.0011490987103594612 -0.001508685431012118 -0.0019165549107586822 -0.002373651348496928 -0.0028785863521834537 -0.0034313906382793624 -0.0040320868541441242 -0.0046806921936201193 -0.0053772200368930019 -0.0061216810222742262 -0.0081932281107645697 -0.010565338235029998 -0.013237142574801554 -3.1802582901436373e-05 -7.567968201690399e-05 -0.00013163129733359064 -0.00019965742887712075 -0.00027975807660905765 -0.00037193324059346249 -0.00047618292077908635 -0.00059250711717874147 -0.00072090582974117896 -0.00086137905856889649 -0.0011785490648920499 -0.001544017136045704 -0.0019580287963665748 -0.002421466571116168 -0.0029330327558084067 -0.0034927560606140854 -0.0041006576536019388 -0.0047567536056207522 -0.0054610564223352906 -0.0062135760481931007 -0.0083064658958521363 -0.010701627623633145 -0.013398249161887562 -3.3873001101915277e-05 -7.9890013003503502e-05 -0.00013805103568185584 -0.00020835606919260801 -0.00029080511347030622 -0.00038539816854113202 -0.00049213523447053922 -0.00061101631115380165 -0.00074204139861710084 -0.0008852104968604369 -0.0012079807257919456 -0.0015793269980006906 -0.0019994777988230059 -0.0024692544083152737 -0.0029874491799398678 -0.0035540888310011554 -0.004169193061002649 -0.004832776825041238 -0.0055448517616428728 -0.0063054271244059705 -0.0084196525694567349 -0.010837858877934531 -0.013559290334763802 -3.5941875563187593e-05 -8.4097254110509698e-05 -0.00014446613563528165 -0.00021704852013081883 -0.0003018444076372291 -0.00039885379812777384 -0.00050807669152223736 -0.00062951308795431251 -0.00076316298731704513 -0.00090902638977086647 -0.0012373937034704811 -0.0016146150289996796 -0.0020409019323729531 -0.0025170148763279023 -0.003041835642566213 -0.0036153889696215126 -0.0042376930985526416 -0.0049087618772698542 -0.0056286060814206319 -0.0063972342803987978 -0.0085327881685778682 -0.010974032041397705 -0.013720266145316472 -3.8009207019102031e-05 -8.8301406802416941e-05 -0.00015087659936359254 -0.00022573478474357229 -0.00031287596291506051 -0.00041230013375522694 -0.00052400729753702784 -0.00064799745393291565 -0.00078427060324314239 -0.00093282674530393412 -0.0012667880076226215 -0.0016498812411619341 -0.0020823012109093381 -0.002564747990949873 -0.0030961921615287632 -0.0036766564970304428 -0.0043061577891824821 -0.0049847087865740941 -0.0057123194092026245 -0.0064889975460519526 -0.0086458727294686007 -0.011110147156407785 -0.013881176642722296 -4.0074996162006714e-05 -9.2502472545947647e-05 -0.00015728242913789646 -0.0002344148659517795 -0.00032389978297367038 -0.00042573718024534825 -0.0005399270576554022 -0.00066646941539880112 -0.00080536425325272352 -0.00095661157143999093 -0.0012961636483132123 -0.0016851256460741705 -0.0021236756483963819 -0.0026124537681240607 -0.0031505187547891567 -0.0037378914321744556 -0.0043745871542406932 -0.0050606175770030772 -0.0057959917716360687 -0.0065807169508714505 -0.0087589062865994112 -0.011246204266232239 -0.014042021877860317 
end_dependent_variable

end_regular_table
