# ****************************************************************************
# CUI
#
# The Advanced Framework for Simulation, Integration, and Modeling (AFSIM)
#
# The use, dissemination or disclosure of data in this file is subject to
# limitation or restriction. See accompanying README and LICENSE for details.
# ****************************************************************************

# ##################################################################################################
# 
# This file was auto-generated by AFSIM Mover Creator 2.5.0.200401
# 
# Creation Date:  01 Apr 2020
# 
# ##################################################################################################

regular_table

independent_variable mach precision double
0.10000000000000001 0.5 0.70000000000000007 0.75 0.80000000000000004 0.84999999999999998 0.90000000000000002 0.92000000000000004 0.94000000000000006 0.95999999999999996 0.97999999999999998 1 
end_independent_variable

independent_variable surface_angle units deg
1 2 3 4 5 6 7 8 9 10 12 14 16 18 20 22 24 26 28 30 35 40 45 
end_independent_variable

dependent_variable precision double
-4.9726668606992972e-07 -1.112703805204714e-06 -1.8463113577788256e-06 -2.6980893426688462e-06 -3.6680377624960854e-06 -4.7561566135158146e-06 -5.9624458964769807e-06 -7.2869056158732564e-06 -8.72953576870886e-06 -1.0290336353485899e-05 -1.3766448821860069e-05 -1.7715243017999979e-05 -1.7945043158514213e-05 6.1093238805667721e-07 1.5797819400849667e-05 2.8105763957054839e-05 3.7896160514852777e-05 4.5443369775930767e-05 5.0960901566822723e-05 5.4618521120345048e-05 6.6590072131431685e-05 8.2589528255230945e-05 8.8752943853047877e-05 -5.2598446657099825e-07 -1.2275789026132646e-06 -2.1047833137438924e-06 -3.1575976980905169e-06 -4.3860220537807741e-06 -5.7900563920488501e-06 -7.3697006717027277e-06 -9.1249549601475269e-06 -1.1055819212446501e-05 -1.3162293428599649e-05 -1.7902071812384133e-05 -2.3344290021627484e-05 -2.5297284274045684e-05 -8.6943154423510137e-06 4.3098145648835914e-06 1.4205250806281936e-05 2.1353387188800499e-05 2.6028582448892806e-05 2.8444347012249401e-05 2.8770444721643294e-05 3.1407985915295651e-05 3.6637423112136448e-05 3.0594851751649631e-05 -5.7550168357415938e-07 -1.4256480585955671e-06 -2.5504391198216024e-06 -3.9498748934653679e-06 -5.6239553166154168e-06 -7.572680473153679e-06 -9.7960503106539489e-06 -1.2294064829116225e-05 -1.5066724070481473e-05 -1.8114027971838245e-05 -2.5032569880349257e-05 -3.3049690470767335e-05 -3.7973726877518113e-05 -2.47379431188862e-05 -1.5497136046562542e-05 -9.761161908084789e-06 -7.168625142824154e-06 -7.4451684283367656e-06 -1.0377281051336899e-05 -1.5795198737658773e-05 -2.9250806331313947e-05 -4.2590385085551788e-05 -6.9677839560888344e-05 -5.9762046757478917e-07 -1.514123252079676e-06 -2.7495083408762e-06 -4.3037757437942746e-06 -6.1769254580253541e-06 -8.3689574891865312e-06 -1.0879871826043618e-05 -1.3709668491064989e-05 -1.6858347394377151e-05 -2.0325908783132212e-05 -2.8217678297983076e-05 -3.7384977035617585e-05 -4.3636142112486675e-05 -3.1904438175989428e-05 -2.4344661352837243e-05 -2.0466667483141276e-05 -1.990906212070407e-05 -2.2397486648903432e-05 -2.7718431121374119e-05 -3.5702131695343132e-05 -5.6346353255831432e-05 -7.7980486789975905e-05 -0.00011446843565997931 -6.2710323020389053e-07 -1.6320543349879866e-06 -3.0148533143522882e-06 -4.7755001682967953e-06 -6.9139949088046406e-06 -9.4303375238926914e-06 -1.2324528013560949e-05 -1.5596566329876879e-05 -1.9246452592671811e-05 -2.3274186777979481e-05 -3.2463198532672782e-05 -4.3163601977417031e-05 -5.1183734390435448e-05 -4.1456859724105428e-05 -3.6137775656954054e-05 -3.473633544073581e-05 -3.6891146199043638e-05 -4.2327849794580641e-05 -5.0832935178533378e-05 -6.2236637980870991e-05 -9.2462763849951183e-05 -0.00012515294391057807 -0.0001741710767796339 5.26339229836154e-06 1.0143279750317838e-05 1.4639662266744344e-05 1.8752539809444824e-05 2.2481912683989159e-05 2.5827780482950843e-05 2.8790143308186492e-05 3.1369001465266003e-05 3.3564354648619492e-05 3.5376202552677045e-05 3.7849384356323769e-05 3.878854687620614e-05 4.1890104830311885e-05 6.0440651131013837e-05 7.4902991397742325e-05 8.5709358713214001e-05 9.3178447391738858e-05 9.7552201963556844e-05 9.901890807241119e-05 9.7728266441643119e-05 9.2107395613344795e-05 8.3056102743462202e-05 5.8348512324537155e-05 1.1153887552812812e-05 2.1918613254441727e-05 3.2294176889190361e-05 4.22805787806033e-05 5.1877818551211856e-05 6.1085896308864221e-05 6.9904812484953191e-05 7.8334567079478738e-05 8.6375159445351723e-05 9.4026589366875735e-05 0.00010816196403384076 0.00012074069237455217 0.00013496393959333384 0.00016233815724081256 0.00018594375346745552 0.00020615504606074449 0.00022324803494302254 0.00023743224844911603 0.00024887074183271466 0.0002576931607024607 0.00027667754721570571 0.00029126513885234572 0.00029086809529334424 1.5273541893786175e-05 3.0031709534811772e-05 4.4274503088444022e-05 5.8001921838091588e-05 7.121396677595787e-05 8.3910636799594638e-05 9.609193389340869e-05 0.00010775785475005538 0.00011890840267687934 0.00012954357590996344 0.00014926780005882921 0.0001669305258737148 0.00018596506680150255 0.00021871230041673847 0.00024702565049684996 0.00027130658810953868 0.00029185111971702013 0.0003088839745359704 0.00032258002907504515 0.00033307833468589315 0.00035431483863791416 0.00036838592665467508 0.0003639359412019861 1.9983167814558766e-05 3.9306195019470041e-05 5.7969081502092381e-05 7.597182760035013e-05 9.33144326383946e-05 0.00010999689751735737 0.00012601922156138976 0.00014138140544634045 0.00015608344827107784 0.00017012535048616776 0.00019622873308740513 0.00021969155370061836 0.00024411948082890666 0.00028247293038046329 0.00031569433465886024 0.00034420531420647837 0.00036831674409907938 0.00038826462529059858 0.00040423262101282209 0.00041636675783597804 0.00043936073410637575 0.00045185723756488921 0.00044193052707748511 2.5267007036664454e-05 4.9710257945811686e-05 7.3329753015036883e-05 9.6125491611630628e-05 0.00011809747454085945 0.00013924570111249491 0.00015957017155661312 0.00017907088564313799 0.00019774784383222178 0.00021560104704416907 0.00024883618163436976 0.00027877629539571999 0.0003091402674008937 0.00035329545926855483 0.00039158591349146103 0.0004244464933157475 0.00045219782549884419 0.0004750833269241271 0.00049329242756699417 0.00050697574447697866 0.00053111161589562716 0.0005408482065626495 0.00052388533638309291 3.1109301756169195e-05 6.1212087487114568e-05 9.0308357134118763e-05 0.00011839811110820323 0.0001454813491744986 0.00017155807062839662 0.00019662827711398314 0.00022069196675230293 0.00024374914048283359 0.00026579979783583634 0.00030688156763690726 0.00034393727192786651 0.00038074050852324713 0.00043085529536380563 0.00047433649848226817 0.00051162537923567773 0.0005430472843552948 0.00056884921189808509 0.00058922337898190352 0.00060432261042865372 0.00062886386612682132 0.0006345279841194119 0.00060883381277888806 3.7494293613121545e-05 7.3779871757347556e-05 0.00010885673437276235 0.00014272488211843824 0.00017538431403572459 0.00020683502988495876 0.000237077031583442 0.00026611031673454773 0.00029393488725557726 0.00032055074218787985 0.00037015630528630449 0.00041492700698847224 0.0004586332911100412 0.00051482784299936761 0.00056358219624895174 0.00060533723427741773 0.00064041803934349376 0.0006690713968754389 0.00069148937252431055 0.00070782465249113319 0.00073191386676772665 0.00073206570552160582 0.00069580944716725085 
end_dependent_variable

end_regular_table
