# ****************************************************************************
# CUI
#
# The Advanced Framework for Simulation, Integration, and Modeling (AFSIM)
#
# The use, dissemination or disclosure of data in this file is subject to
# limitation or restriction. See accompanying README and LICENSE for details.
# ****************************************************************************

# ##################################################################################################
# 
# This file was auto-generated by AFSIM Mover Creator 2.5.0.200401
# 
# Creation Date:  01 Apr 2020
# 
# ##################################################################################################

regular_table

independent_variable mach precision double
0.10000000000000001 0.5 0.70000000000000007 0.75 0.80000000000000004 0.84999999999999998 0.90000000000000002 0.92000000000000004 0.94000000000000006 0.95999999999999996 0.97999999999999998 1 
end_independent_variable

independent_variable surface_angle units deg
1 2 3 4 5 6 7 8 9 10 12 14 16 18 20 22 24 26 28 30 35 40 45 
end_independent_variable

dependent_variable precision double
-6.7167941092487316e-09 -1.5029766862312718e-08 -2.4938918563830723e-08 -3.6444248473965748e-08 -4.9545757550153912e-08 -6.4243444573840163e-08 -8.053731093765883e-08 -9.8427355945292755e-08 -1.1791357959674194e-07 -1.3899598154384779e-07 -1.8594932102134668e-07 -2.3928737646674097e-07 -2.9901014648739623e-07 -3.6511762969067819e-07 -4.3760982886185547e-07 -5.1648674400092817e-07 -6.0174837510789625e-07 -6.9339471104168491e-07 -7.9142576851390626e-07 -8.9584154195402304e-07 -1.1848141037359542e-06 -1.5136911208203505e-06 -1.8824726043482869e-06 -7.1041842050740999e-09 -1.6580236635839416e-08 -2.8428157292295948e-08 -4.2647944433650767e-08 -5.9239599365498569e-08 -7.820312382863228e-08 -9.9538511730276657e-08 -1.2324577525598219e-07 -1.4932490396099132e-07 -1.7777589436371817e-07 -2.4179349855976954e-07 -3.1529856347303524e-07 -3.9829109606668702e-07 -4.9077108241438149e-07 -5.9273857125832059e-07 -7.0419350689313062e-07 -8.2513595895052866e-07 -9.5556582994611085e-07 -1.0954832173642811e-06 -1.2448880376469789e-06 -1.6599078334391117e-06 -2.134224272640178e-06 -2.6678374666609248e-06 -7.7729463647475283e-09 -1.9255348552356039e-08 -3.4447205953548002e-08 -5.3348522833266098e-08 -7.5959294317290118e-08 -1.0227952527984028e-07 -1.3230920597247617e-07 -1.6604834370652808e-07 -2.0349694823043643e-07 -2.4465500004732039e-07 -3.3809948455377682e-07 -4.4638178747745699e-07 -5.6950191856680129e-07 -7.0745987782180972e-07 -8.6025564574560137e-07 -1.0278892028412957e-06 -1.2103606660901772e-06 -1.4076699185109614e-06 -1.6198169990974095e-06 -1.8468019468432835e-06 -2.4791796877030234e-06 -3.2042937961075223e-06 -4.0221444280318254e-06 -8.0716838390013305e-09 -2.0450311113639791e-08 -3.7135881171118034e-08 -5.81283946642334e-08 -8.3427848328999166e-08 -1.1303424738779409e-07 -1.4694759184061821e-07 -1.8516787907628209e-07 -2.2769510909478577e-07 -2.7452927667375042e-07 -3.8111844540257791e-07 -5.049353852627645e-07 -6.4598011714382537e-07 -8.0425259926673012e-07 -9.7975281074196385e-07 -1.172480856017102e-06 -1.3824366933131145e-06 -1.6096202808509711e-06 -1.854031702188732e-06 -2.1156705395360951e-06 -2.8451400951330836e-06 -3.6822830688520824e-06 -4.6270991264608492e-06 -8.4698826486717702e-09 -2.2043116318361057e-08 -4.0719697875640594e-08 -6.4499628364986129e-08 -9.338291753483807e-08 -1.2736955145885299e-07 -1.6645953292229957e-07 -2.1065286749571517e-07 -2.5994953846748771e-07 -3.1434960154299083e-07 -4.3845967004261951e-07 -5.8298322896964743e-07 -7.4792013349010305e-07 -9.3327045045043474e-07 -1.1390341575684931e-06 -1.3652112548442782e-06 -1.6118017422777899e-06 -1.8788057089976262e-06 -2.166222976746591e-06 -2.4740538129104786e-06 -3.3329389616297386e-06 -4.3194082221956299e-06 -5.4334609707079682e-06 -1.05263167805862e-08 -2.6232385503139152e-08 -4.7118208757088337e-08 -7.3183778774145316e-08 -1.0442910443235403e-07 -1.408541798130185e-07 -1.8245901379418267e-07 -2.2924359453845466e-07 -2.8120792204583443e-07 -3.3835201999110581e-07 -4.6817943249618809e-07 -6.1872586756587733e-07 -7.8999126601321396e-07 -9.8197581723646844e-07 -1.194679355512154e-06 -1.4281016914420002e-06 -1.6822432985216835e-06 -1.9571037506050951e-06 -2.2526833317896408e-06 -2.5689818526770501e-06 -3.4503737883556147e-06 -4.4612594049492661e-06 -5.6016388918562754e-06 -1.2582747996672476e-08 -3.04216510322521e-08 -5.3516709890095697e-08 -8.1867919086705535e-08 -1.1547528645564981e-07 -1.5433882139721028e-07 -1.9845849884396885e-07 -2.4783431879592548e-07 -3.0246632512106196e-07 -3.6235444261712383e-07 -4.9789921166136896e-07 -6.5446857579382443e-07 -8.3206256008190859e-07 -1.0306811394582031e-06 -1.2503243139227083e-06 -1.490992284014769e-06 -1.7526846987905311e-06 -2.0354017587893401e-06 -2.3391436645505411e-06 -2.6639098144560983e-06 -3.5678083254135481e-06 -4.6031103425992585e-06 -5.7698169689796291e-06 -1.7650283578437225e-08 -4.2261389283041081e-08 -7.3833318715341055e-08 -1.123660638676897e-07 -1.5785964235691142e-07 -2.1031401894935738e-07 -2.697292384878534e-07 -3.3610525612957365e-07 -4.094421231234619e-07 -4.8973980103281036e-07 -6.7121761522235968e-07 -8.805386986982216e-07 -1.117703077084868e-06 -1.3827107503822989e-06 -1.6755617185905142e-06 -1.9962559304605706e-06 -2.3447935397392988e-06 -2.7211743926798678e-06 -3.125398591780165e-06 -3.5574657270486401e-06 -4.7594482046686398e-06 -6.1354518007827156e-06 -7.6854756954077693e-06 -2.3857524140680812e-08 -5.6631132470240619e-08 -9.8320821715988728e-08 -1.4892659842330653e-07 -2.0844845113777656e-07 -2.7688638313208954e-07 -3.542404009516269e-07 -4.4051051768715139e-07 -5.35696700611756e-07 -6.3979896281620364e-07 -8.7475176433691605e-07 -1.1453689091585259e-06 -1.4516502925549306e-06 -1.7935961501598608e-06 -2.1712062201580603e-06 -2.5844807120017342e-06 -3.0334193115125747e-06 -3.5180225946841456e-06 -4.0382899331598323e-06 -4.5942217458440442e-06 -6.1400823835004254e-06 -7.9088457231448354e-06 -9.9005104033379399e-06 -3.1311785546139551e-08 -7.3749497307676655e-08 -1.2731313862693373e-07 -1.9200269947694352e-07 -2.678181965693181e-07 -3.5475960985012302e-07 -4.5282694600400302e-07 -5.6202023176953758e-07 -6.8233942703885752e-07 -8.1378454518125266e-07 -1.1100525768238476e-06 -1.4508243266973225e-06 -1.8360997413245185e-06 -2.2658789811369119e-06 -2.7401617520101299e-06 -3.2589483213299656e-06 -3.8222386356192608e-06 -4.4300325344465384e-06 -5.0823301247661176e-06 -5.7791317274409491e-06 -7.7158386892037791e-06 -9.9306940436564405e-06 -1.2423697576890296e-05 -4.0120383100496056e-08 -9.3835105487842978e-08 -1.6114417142698345e-07 -2.4204757494699773e-07 -3.3654530922397754e-07 -4.4463740155355597e-07 -5.6632383146400817e-07 -7.0160460577924253e-07 -8.5047966990799263e-07 -1.0129491330327911e-06 -1.3786710652011013e-06 -1.7987703749885395e-06 -2.2732468713256744e-06 -2.8021008544644703e-06 -3.3853322698136603e-06 -4.0229407898256476e-06 -4.7149270150043612e-06 -5.4612905086196702e-06 -6.2620312706715748e-06 -7.1171493011600757e-06 -9.4928455818866284e-06 -1.2208400772984698e-05 -1.5263814110176556e-05 -5.0390635382123605e-08 -1.1710658350782178e-07 -2.0014783741392281e-07 -2.9951441798994185e-07 -4.1520629042002036e-07 -5.4722347907525927e-07 -6.955659561029717e-07 -8.602337841717032e-07 -1.04122690757608e-06 -1.2385453123897587e-06 -1.682158147287486e-06 -2.1910721078224209e-06 -2.7652875003741188e-06 -3.4048039071522765e-06 -4.10962171809451e-06 -4.8797407103793248e-06 -5.7151609954174687e-06 -6.6158824617981933e-06 -7.5819051095214995e-06 -8.6132292728196292e-06 -1.1477231931648441e-05 -1.4749367586627497e-05 -1.8429636237756797e-05 
end_dependent_variable

end_regular_table
