# ****************************************************************************
# CUI
#
# The Advanced Framework for Simulation, Integration, and Modeling (AFSIM)
#
# The use, dissemination or disclosure of data in this file is subject to
# limitation or restriction. See accompanying README and LICENSE for details.
# ****************************************************************************

# ##################################################################################################
# 
# This file was auto-generated by AFSIM Mover Creator 2.5.0.200402
# 
# Creation Date:  03 Apr 2020
# 
# ##################################################################################################

regular_table

independent_variable mach precision double
0.10000000000000001 0.5 0.70000000000000007 0.75 0.80000000000000004 0.84999999999999998 0.90000000000000002 0.92000000000000004 0.94000000000000006 0.95999999999999996 0.97999999999999998 1 1.02 1.04 1.0600000000000001 1.0800000000000001 1.1000000000000001 1.2 1.3 1.4000000000000001 1.5 1.75 2 2.5 3 
end_independent_variable

independent_variable surface_angle units deg
0 4 8 12 16 20 24 28 32 36 40 
end_independent_variable

dependent_variable precision double
0 -6.2742462499324596e-07 -2.102484951541578e-06 -2.7905068646735372e-05 -2.728903861492371e-05 -2.6336246192458055e-05 -2.4893477049137193e-05 -2.2917805760471272e-05 -2.0457754967170842e-05 -1.7629810019923647e-05 -1.4592713261992253e-05 0 -6.2742462499325284e-07 -2.1024849515417097e-06 -2.7905068646800468e-05 -2.728903861497236e-05 -2.6336246192493749e-05 -2.4893477049162824e-05 -2.2917805760489124e-05 -2.0457754967182792e-05 -1.7629810019931237e-05 -1.4592713261996732e-05 0 -6.2742462499325824e-07 -2.1024849515417076e-06 -2.7905068646801793e-05 -2.7289038614973353e-05 -2.6336246192494478e-05 -2.4893477049163332e-05 -2.2917805760489487e-05 -2.0457754967183039e-05 -1.7629810019931396e-05 -1.4592713261996827e-05 0 -6.2742462499325676e-07 -2.1024849515417084e-06 -2.7905068646801976e-05 -2.7289038614973482e-05 -2.6336246192494579e-05 -2.489347704916341e-05 -2.2917805760489544e-05 -2.0457754967183077e-05 -1.7629810019931409e-05 -1.4592713261996839e-05 0 -6.2742462499325337e-07 -2.1024849515417088e-06 -2.7905068646802111e-05 -2.7289038614973594e-05 -2.6336246192494651e-05 -2.4893477049163458e-05 -2.2917805760489582e-05 -2.0457754967183097e-05 -1.7629810019931423e-05 -1.4592713261996842e-05 0 -6.4809404465259577e-07 -2.2416877721276595e-06 -2.8294957962688386e-05 -2.8043832766203431e-05 -2.7518651521641491e-05 -2.6498575360643091e-05 -2.4872291856962841e-05 -2.2631643611362377e-05 -1.9857167684794377e-05 -1.6697634833878126e-05 0 -6.6876346431193627e-07 -2.3808905927136084e-06 -2.8684847278574624e-05 -2.8798626917433251e-05 -2.8701056850788307e-05 -2.810367367212269e-05 -2.68267779534361e-05 -2.480553225554165e-05 -2.2084525349657332e-05 -1.8802556405759412e-05 0 -6.7478845797384822e-07 -2.4190374133855183e-06 -2.8641937806336503e-05 -2.8784571657503928e-05 -2.8707881203539101e-05 -2.8099587471032158e-05 -2.6761443058058578e-05 -2.4619844005185591e-05 -2.1723046681967155e-05 -1.8226692099002476e-05 0 -6.8076244140899942e-07 -2.456447603668427e-06 -2.8595700108897054e-05 -2.876124784480252e-05 -2.8695060922154439e-05 -2.8060756903258839e-05 -2.6642382844193884e-05 -2.4359738156258443e-05 -2.1268292882448485e-05 -1.7545346404061247e-05 0 -6.8668555093548396e-07 -2.4931255045146751e-06 -2.8546166883113262e-05 -2.8728791699225905e-05 -2.866300564234067e-05 -2.7988183039557548e-05 -2.6471715171242876e-05 -2.4029242563498191e-05 -2.0727319800815746e-05 -1.6770094278742467e-05 0 -6.9255792287137454e-07 -2.5290754568766045e-06 -2.8493370825842133e-05 -2.8687339440670987e-05 -2.8612124999804141e-05 -2.7882866950683055e-05 -2.6251557898606381e-05 -2.3632385081642809e-05 -2.010718328678336e-05 -1.5912510680852874e-05 0 -6.9837969353474374e-07 -2.5643018017065553e-06 -2.8437344633940634e-05 -2.8637027289034693e-05 -2.8542828630251213e-05 -2.7745809707390214e-05 -2.5984028885685246e-05 -2.3173193565430323e-05 -1.941493919006575e-05 -1.4984170568199201e-05 0 -7.0415099924368671e-07 -2.5988088799568822e-06 -2.8378121004265793e-05 -2.8577991464213898e-05 -2.8455526169388249e-05 -2.7578012380433839e-05 -2.5671245991880296e-05 -2.2655695869598678e-05 -1.865764336037733e-05 -1.3996648898588225e-05 0 -7.0987197631627444e-07 -2.6326010325799304e-06 -2.8315732633674575e-05 -2.8510368186105495e-05 -2.8350627252921636e-05 -2.7380476040568708e-05 -2.5315327076592401e-05 -2.2083919848885902e-05 -1.7842351647432554e-05 -1.2961520629826624e-05 0 -7.155427610705881e-07 -2.665682600528029e-06 -2.8250212219023969e-05 -2.8434293674606398e-05 -2.8228541516557701e-05 -2.7154201758549661e-05 -2.4918389999222391e-05 -2.1461893358029944e-05 -1.6976119900945805e-05 -1.1890360719721181e-05 0 -7.2116348982470006e-07 -2.6980579247535331e-06 -2.8181592457170993e-05 -2.8349904149613529e-05 -2.8089678596002817e-05 -2.6900190605131504e-05 -2.4482552619171097e-05 -2.0793644251768831e-05 -1.6066003970631531e-05 -1.0794744126078624e-05 0 -7.2673429889670378e-07 -2.7297313462087838e-06 -2.8109906044972611e-05 -2.8257335831023744e-05 -2.793444812696335e-05 -2.6619443651069038e-05 -2.4009932795839366e-05 -2.0083200384840534e-05 -1.511905970620416e-05 -9.6862458067056852e-06 0 -7.5384432015778978e-07 -2.8777218452632845e-06 -2.7706618618794532e-05 -2.7676580030512902e-05 -2.6927119804219806e-05 -2.4849709347510579e-05 -2.1169222109003675e-05 -1.6039034556020853e-05 -1.007886811237555e-05 -4.3556518471213137e-06 0 -7.0994485782632453e-07 -2.5759462194045262e-06 -2.6136711426921038e-05 -2.5049333908735077e-05 -2.3107374036928093e-05 -1.9900168371543273e-05 -1.5392546708163262e-05 -9.9943461759535216e-06 -4.5751149183685175e-06 -4.2542334108490749e-07 0 -6.7935770371832745e-07 -2.3647898859511598e-06 -2.4824473805229512e-05 -2.2931581727445692e-05 -2.0109806518306631e-05 -1.6114295113461089e-05 -1.1118905857482184e-05 -5.7674166937128853e-06 -1.1700724374231869e-06 1.1521346077623106e-06 0 -6.5516088036717678e-07 -2.1978855688518766e-06 -2.3640801617045818e-05 -2.1074977922221109e-05 -1.7547976930389205e-05 -1.2970990185217797e-05 -7.7174790995388137e-06 -2.6590121909742741e-06 8.5442727692679071e-07 1.0663357530024291e-06 0 -6.0812364918946621e-07 -1.8764726906969254e-06 -2.0969780347057011e-05 -1.7043070314573313e-05 -1.2209825724401894e-05 -6.7721379566801903e-06 -1.6036888495447304e-06 1.8487865595939014e-06 1.6236432743593502e-06 -4.6436360629973386e-06 0 -5.8099028454298384e-07 -1.6995156164726803e-06 -1.9439438055724695e-05 -1.4826182539129283e-05 -9.4370922187969769e-06 -3.8148119889596843e-06 8.8764520898902666e-07 2.9318922405615914e-06 7.8030574251158274e-08 -1.02800803832504e-05 0 -5.6799015546038165e-07 -1.6295633959952647e-06 -1.9294760742731998e-05 -1.4645100283782858e-05 -9.2961408242791301e-06 -3.7696486113527089e-06 8.9333984850791675e-07 3.1782024621381135e-06 1.1885159760274486e-06 -7.2242583555048548e-06 0 -5.6034380357064517e-07 -1.5884192435149013e-06 -1.9209665153405528e-05 -1.453859221478072e-05 -9.2132367273286387e-06 -3.7430846383707558e-06 8.9668929353034516e-07 3.3230759950274344e-06 1.8416758097835443e-06 -5.4269000071304806e-06 
end_dependent_variable

end_regular_table
