# ****************************************************************************
# CUI
#
# The Advanced Framework for Simulation, Integration, and Modeling (AFSIM)
#
# The use, dissemination or disclosure of data in this file is subject to
# limitation or restriction. See accompanying README and LICENSE for details.
# ****************************************************************************

irregular_table
   independent_variable alt units ft
   independent_variable mach precision float
   dependent_variable precision float
   alt       0.0
      mach       0.00     0.20     0.40     0.60     0.80     0.90     1.00     1.10     1.20     1.30     1.50     1.75     2.00     2.25     2.50     2.75     3.00
      values        600.0000        579.0000        585.0000        616.2000        672.0000        708.6000        751.2000        796.8000        844.8000        896.4000       1003.2000       1125.6000       1186.2000       1092.6000        840.0000        480.0000          0.0000
   alt    5000.0
      mach       0.00     0.20     0.40     0.60     0.80     0.90     1.00     1.10     1.20     1.30     1.50     1.75     2.00     2.25     2.50     2.75     3.00
      values        516.0000        497.9400        503.1000        529.9320        577.9200        609.3960        646.0320        685.2480        726.5280        770.9040        862.7520        968.0160       1020.1320        939.6360        722.4000        412.8000          0.0000
   alt   10000.0
      mach       0.00     0.20     0.40     0.60     0.80     0.90     1.00     1.10     1.20     1.30     1.50     1.75     2.00     2.25     2.50     2.75     3.00
      values        441.6000        426.1440        430.5600        453.5232        494.5920        521.5296        552.8832        586.4448        621.7728        659.7504        738.3552        828.4416        873.0432        804.1536        618.2400        353.2800          0.0000
   alt   15000.0
      mach       0.00     0.20     0.40     0.60     0.80     0.90     1.00     1.10     1.20     1.30     1.50     1.75     2.00     2.25     2.50     2.75     3.00
      values        375.0000        361.8750        365.6250        385.1250        420.0000        442.8750        469.5000        498.0000        528.0000        560.2500        627.0000        703.5000        741.3750        682.8750        525.0000        300.0000          0.0000
   alt   20000.0
      mach       0.00     0.20     0.40     0.60     0.80     0.90     1.00     1.10     1.20     1.30     1.50     1.75     2.00     2.25     2.50     2.75     3.00
      values        317.4000        306.2910        309.4650        325.9698        355.4880        374.8494        397.3848        421.5072        446.8992        474.1956        530.6928        595.4424        627.4998        577.9854        444.3600        253.9200          0.0000
   alt   25000.0
      mach       0.00     0.20     0.40     0.60     0.80     0.90     1.00     1.10     1.20     1.30     1.50     1.75     2.00     2.25     2.50     2.75     3.00
      values        266.4000        257.0760        259.7400        273.5928        298.3680        314.6184        333.5328        353.7792        375.0912        398.0016        445.4208        499.7664        526.6728        485.1144        372.9600        213.1200          0.0000
   alt   30000.0
      mach       0.00     0.20     0.40     0.60     0.80     0.90     1.00     1.10     1.20     1.30     1.50     1.75     2.00     2.25     2.50     2.75     3.00
      values        222.0000        214.2300        216.4500        227.9940        248.6400        262.1820        277.9440        294.8160        312.5760        331.6680        371.1840        416.4720        438.8940        404.2620        310.8000        177.6000          0.0000
   alt   35000.0
      mach       0.00     0.20     0.40     0.60     0.80     0.90     1.00     1.10     1.20     1.30     1.50     1.75     2.00     2.25     2.50     2.75     3.00
      values        183.6000        177.1740        179.0100        188.5572        205.6320        216.8316        229.8672        243.8208        258.5088        274.2984        306.9792        344.4336        362.9772        334.3356        257.0400        146.8800          0.0000
   alt   40000.0
      mach       0.00     0.20     0.40     0.60     0.80     0.90     1.00     1.10     1.20     1.30     1.50     1.75     2.00     2.25     2.50     2.75     3.00
      values        145.2000        140.1180        141.5700        149.1204        162.6240        171.4812        181.7904        192.8256        204.4416        216.9288        242.7744        272.3952        287.0604        264.4092        203.2800        116.1600          0.0000
   alt   45000.0
      mach       0.00     0.20     0.40     0.60     0.80     0.90     1.00     1.10     1.20     1.30     1.50     1.75     2.00     2.25     2.50     2.75     3.00
      values        114.0000        110.0100        111.1500        117.0780        127.6800        134.6340        142.7280        151.3920        160.5120        170.3160        190.6080        213.8640        225.3780        207.5940        159.6000         91.2000          0.0000
   alt   50000.0
      mach       0.00     0.20     0.40     0.60     0.80     0.90     1.00     1.10     1.20     1.30     1.50     1.75     2.00     2.25     2.50     2.75     3.00
      values          0.0000          0.0000          0.0000          0.0000          0.0000          0.0000          0.0000          0.0000          0.0000          0.0000          0.0000          0.0000          0.0000          0.0000          0.0000          0.0000          0.0000
end_irregular_table
