# ****************************************************************************
# CUI
#
# The Advanced Framework for Simulation, Integration, and Modeling (AFSIM)
#
# The use, dissemination or disclosure of data in this file is subject to
# limitation or restriction. See accompanying README and LICENSE for details.
# ****************************************************************************

irregular_table
   independent_variable alt units ft
   independent_variable mach precision float
   dependent_variable precision float
   alt       0.0
      mach       0.00     0.20     0.40     0.60     0.80     0.90     1.00     1.10     1.20     1.30     1.50     1.75     2.00     2.25     2.50     2.75     3.00
      values         80.0000         77.2000         78.0000         82.1600         89.6000         94.4800        100.1600        106.2400        112.6400        119.5200        133.7600        150.0800        158.1600        145.6800        112.0000         64.0000          0.0000
   alt    5000.0
      mach       0.00     0.20     0.40     0.60     0.80     0.90     1.00     1.10     1.20     1.30     1.50     1.75     2.00     2.25     2.50     2.75     3.00
      values         68.8000         66.3920         67.0800         70.6576         77.0560         81.2528         86.1376         91.3664         96.8704        102.7872        115.0336        129.0688        136.0176        125.2848         96.3200         55.0400          0.0000
   alt   10000.0
      mach       0.00     0.20     0.40     0.60     0.80     0.90     1.00     1.10     1.20     1.30     1.50     1.75     2.00     2.25     2.50     2.75     3.00
      values         58.8800         56.8192         57.4080         60.4698         65.9456         69.5373         73.7178         78.1926         82.9030         87.9667         98.4474        110.4589        116.4058        107.2205         82.4320         47.1040          0.0000
   alt   15000.0
      mach       0.00     0.20     0.40     0.60     0.80     0.90     1.00     1.10     1.20     1.30     1.50     1.75     2.00     2.25     2.50     2.75     3.00
      values         50.0000         48.2500         48.7500         51.3500         56.0000         59.0500         62.6000         66.4000         70.4000         74.7000         83.6000         93.8000         98.8500         91.0500         70.0000         40.0000          0.0000
   alt   20000.0
      mach       0.00     0.20     0.40     0.60     0.80     0.90     1.00     1.10     1.20     1.30     1.50     1.75     2.00     2.25     2.50     2.75     3.00
      values         42.3200         40.8388         41.2620         43.4626         47.3984         49.9799         52.9846         56.2010         59.5866         63.2261         70.7590         79.3923         83.6666         77.0647         59.2480         33.8560          0.0000
   alt   25000.0
      mach       0.00     0.20     0.40     0.60     0.80     0.90     1.00     1.10     1.20     1.30     1.50     1.75     2.00     2.25     2.50     2.75     3.00
      values         35.5200         34.2768         34.6320         36.4790         39.7824         41.9491         44.4710         47.1706         50.0122         53.0669         59.3894         66.6355         70.2230         64.6819         49.7280         28.4160          0.0000
   alt   30000.0
      mach       0.00     0.20     0.40     0.60     0.80     0.90     1.00     1.10     1.20     1.30     1.50     1.75     2.00     2.25     2.50     2.75     3.00
      values         29.6000         28.5640         28.8600         30.3992         33.1520         34.9576         37.0592         39.3088         41.6768         44.2224         49.4912         55.5296         58.5192         53.9016         41.4400         23.6800          0.0000
   alt   35000.0
      mach       0.00     0.20     0.40     0.60     0.80     0.90     1.00     1.10     1.20     1.30     1.50     1.75     2.00     2.25     2.50     2.75     3.00
      values         24.4800         23.6232         23.8680         25.1410         27.4176         28.9109         30.6490         32.5094         34.4678         36.5731         40.9306         45.9245         48.3970         44.5781         34.2720         19.5840          0.0000
   alt   40000.0
      mach       0.00     0.20     0.40     0.60     0.80     0.90     1.00     1.10     1.20     1.30     1.50     1.75     2.00     2.25     2.50     2.75     3.00
      values         19.3600         18.6824         18.8760         19.8827         21.6832         22.8642         24.2387         25.7101         27.2589         28.9238         32.3699         36.3194         38.2747         35.2546         27.1040         15.4880          0.0000
   alt   45000.0
      mach       0.00     0.20     0.40     0.60     0.80     0.90     1.00     1.10     1.20     1.30     1.50     1.75     2.00     2.25     2.50     2.75     3.00
      values         15.2000         14.6680         14.8200         15.6104         17.0240         17.9512         19.0304         20.1856         21.4016         22.7088         25.4144         28.5152         30.0504         27.6792         21.2800         12.1600          0.0000
   alt   50000.0
      mach       0.00     0.20     0.40     0.60     0.80     0.90     1.00     1.10     1.20     1.30     1.50     1.75     2.00     2.25     2.50     2.75     3.00
      values          0.0000          0.0000          0.0000          0.0000          0.0000          0.0000          0.0000          0.0000          0.0000          0.0000          0.0000          0.0000          0.0000          0.0000          0.0000          0.0000          0.0000
end_irregular_table
