# ****************************************************************************
# CUI
#
# The Advanced Framework for Simulation, Integration, and Modeling (AFSIM)
#
# The use, dissemination or disclosure of data in this file is subject to
# limitation or restriction. See accompanying README and LICENSE for details.
# ****************************************************************************

# ##################################################################################################
# 
# This file was auto-generated by AFSIM Mover Creator 2.5.0.200402
# 
# Creation Date:  03 Apr 2020
# 
# ##################################################################################################

regular_table

independent_variable mach precision double
0.10000000000000001 0.5 0.70000000000000007 0.75 0.80000000000000004 0.84999999999999998 0.90000000000000002 0.92000000000000004 0.94000000000000006 0.95999999999999996 0.97999999999999998 1 1.02 1.04 1.0600000000000001 1.0800000000000001 1.1000000000000001 1.2 1.3 1.4000000000000001 1.5 1.75 2 2.5 3 
end_independent_variable

independent_variable surface_angle units deg
-10 -8 -7 -6 -5 -4 -3 -2 -1 0 1 2 3 4 5 6 7 8 9 10 
end_independent_variable

dependent_variable precision double
-0.0005920227382177674 -0.00051605472082917614 -0.00046960326182555952 -0.00041780477398482157 -0.0003608119099120757 -0.00029872562933860657 -0.00023160118352231104 -0.00015945456893973092 -8.2268849293193531e-05 0 0.00012597984769312977 0.00025739475914400946 0.00039427970331472372 0.00053663984683770261 0.00068444471722988983 0.0008376218906629403 0.00099605055011992884 0.0011595555148094241 0.0013279026766402032 0.0015007971765043312 -0.00056488790696388618 -0.00049827907631668075 -0.00045583705666919923 -0.00040757568638603923 -0.0003536284051273887 -0.00029407695316138152 -0.00022895738271340612 -0.00015826653937476431 -8.1968411079290195e-05 0 0.0001262851477802379 0.00025863004115664703 0.0003970881521435627 0.000541682939652547 0.00069240198629744003 0.00084919065956221256 0.0010119456437250396 0.0011805089434261946 0.0013546632947603334 0.0015341303159298069 -0.00052886108291818538 -0.00047467949245144143 -0.00043756113715876199 -0.00039399619950614666 -0.00034409260793398196 -0.00028790658214351725 -0.00022544868118525984 -0.00015669032050145604 -8.1570157577387574e-05 0 0.00012669161014796501 0.000260272514358303 0.00040082075463989634 0.00054838408015106294 0.00070297404817626981 0.00086455965010716319 0.0010330608090441948 0.0012083423484082797 0.001390209368947657 0.0015784053670061908 -0.00051522689934479875 -0.00046574835292106714 -0.00043064471776311131 -0.00038885712573230683 -0.00034048385058747571 -0.00028557145405827414 -0.00022412084713750128 -0.00015609382136190923 -8.1419448060310385e-05 0 0.00012684544737413732 0.00026089412951612137 0.00040223338688960363 0.00055092016113369893 0.00070697508262387734 0.00087037608344552877 0.0010410518811269703 0.0012188759345444302 0.0014036618088457166 0.0015951612796901635 -0.00049853910975913927 -0.00045481693726134788 -0.00042217925399751905 -0.00038256707489075999 -0.00033606685672985589 -0.00028271333995384717 -0.00022249562695613362 -0.00015536372984505711 -8.1234986726990942e-05 0 0.00012703374275640776 0.00026165497378811259 0.00040396241463796205 0.00055402425826521387 0.00071187224035659639 0.00087749523576019874 0.0010508327261625186 0.001231768740622801 0.0014201272033019913 0.0016156700241432265 -0.0013468968035146511 -0.0011335503795717624 -0.001016176578262674 -0.00089183515121163664 -0.00076058752385266292 -0.00062244914193668806 -0.00047739491225021104 -0.00032536505985624272 -0.00016627086913823273 0 0.00020788318447596577 0.00042340059309912449 0.00064665439360176542 0.00087771930555299079 0.0011166372936849268 0.0013634118394846204 0.0016180020988883286 0.0018803174806151601 0.0021502134762137635 0.002427489932830595 -0.0021952544085810806 -0.0018122837507124345 -0.0016101738403444775 -0.0014011031744901353 -0.0011851081469194827 -0.00096218490871596125 -0.00073229417112100157 -0.00049536637228110266 -0.0002513067428052628 0 0.00028873261820103673 0.00058514619644692615 0.00088934634876503015 0.0012014143212132065 0.0015214023077081027 0.0018493283961541563 0.0021851714169537984 0.0025288661577852274 0.0028802996789451208 0.0032393097642473695 -0.0025412753494447279 -0.0020890521431853456 -0.0018523703781317307 -0.0016087424720190658 -0.0013581915569139829 -0.0011007027182643029 -0.00083622755547591758 -0.00056468909262502001 -0.00028598658890818183 0 0.00032182089668584347 0.00065136734031002357 0.00098874975249638847 0.0013340553217341118 0.0016873435506004003 0.0020486414575409772 0.0024179386834607772 0.0027951829464115596 0.0031802765399540161 0.0035730748461491641 -0.0028888309147548173 -0.0023670566742542919 -0.0020956521009107675 -0.0018173148899002063 -0.0015320549457670605 -0.0012398463328721198 -0.00094063159402730829 -0.0006343264016908382 -0.00032082411359848749 0 0.00035505907772786095 0.0007178877444690455 0.0010886011602177616 0.0014672923910646965 0.0018540281924227546 0.0022488444643422754 0.002651741616977803 0.0030626802698745428 0.0034815779286897137 0.0039083075650542358 -0.0032379209359052197 -0.0026462972309380796 -0.0023400189218062721 -0.0020268203630234441 -0.0017066982676481211 -0.0013796157226864561 -0.0010455062695732427 -0.00070427829193802716 -0.00035581931497481609 0 0.00038844715941026709 0.00078470740136182013 0.0011889005542325547 0.0016011254995684202 0.0020214561879134344 0.0024499373510151064 0.0028865801304811603 0.0033313580155021469 0.0037842037051005477 0.0042450077515649928 -0.0035885452438775877 -0.0029267737023001253 -0.0025854707533740657 -0.0022372588259859921 -0.0018821214753085359 -0.0015200108575287032 -0.0011508515653920262 -0.00077454475551792259 -0.00039097219123370618 0 0.00042198513991311185 0.00085182630320151606 0.0012896479179654113 0.0017355546169059086 0.0021896274898980106 0.0026519200521649281 0.0031224541359495634 0.0036012160711293754 0.0040881537305405228 0.0045831752376606603 -0.0039407036699833486 -0.0032084859759858105 -0.0028320075070652202 -0.0024486302126595551 -0.0020583245238328389 -0.0016610317077190378 -0.0012566674643456222 -0.00084512578480445879 -0.00042628274027283695 0 0.00045567301711140217 0.00091924444234764001 0.0013908432342308891 0.0018705797133849716 0.0023585420529993305 0.002854792502380707 0.0033593635458893665 0.003872254324871538 0.0043934278640387243 0.0049228098537705137 -0.0042943960453443097 -0.0034914339385440111 -0.0030796290970061149 -0.0026609344595169455 -0.0022353073662032441 -0.0018026782432808387 -0.0013629539488982018 -0.00091602137220454783 -0.00046175096025576941 0 0.00048951078924289876 0.00098696181111435468 0.0014924864857775912 0.0020062007591155544 0.0025281998301006766 0.0030585546369233303 0.0035973082740064851 0.0041444726638216432 0.004700025969142165 0.0052639114310905621 -0.0046496222013131189 -0.0037756174789969209 -0.0033283354349817186 -0.0028741714988593102 -0.0024130699569519104 -0.0019449504336933538 -0.0014697110023383752 -0.00098723150991899124 -0.00049737684925537599 0 0.00052349845431039655 0.0010549784015190238 0.0015945776554035865 0.0021424177235975154 0.0026986007760310049 0.0032632063891574713 0.0038362882306431181 0.0044178709760949991 0.0050079479033629587 0.0056064798014763603 -0.0050063819702729773 -0.004061036483794485 -0.0035781264327852478 -0.0030883412670399185 -0.002591612249489761 -0.0020878482496642474 -0.0015769386074807009 -0.0010587561903856182 -0.00053316040527136039 0 0.00055763601038470723 0.0011232942064776509 0.0016971167261790093 0.0022792305772375994 0.0028697448448484239 0.0034687476945377605 0.0040763033297690019 0.0046924491489082803 0.0053171935287806196 0.0059505147960826933 -0.0053646751803035084 -0.0043476908431460907 -0.0038290020034300867 -0.0033034436978727653 -0.0027709341967000769 -0.0022313716610190327 -0.0016846367467769838 -0.0011305954057207253 -0.00056910162642090888 0 0.00059192345549954255 0.001191909217908668 0.0018001036808029966 0.0024166392897252862 0.0030416319880882561 0.0036751784874470557 0.0043173534834576614 0.0049682070710610829 0.0056277627054795148 0.0062960162437064506 -0.0057245016656923674 -0.0046355804414570708 -0.0040809620607375708 -0.0035194787262188818 -0.0029510357542774763 -0.0023755206369484036 -0.0017928054039033205 -0.0012027491482343527 -0.00060520051086139905 0 0.00062636078775456922 0.0012608234276913449 0.0019035385017479632 0.0025546438308778445 0.00321426216232727 0.0038824987025155456 0.0045594386044009493 0.0052451446288549501 0.00593965529393974 0.0066429839793607894 -0.0075466272816056513 -0.0060935531089408882 -0.0053570265564320983 -0.0046136405328118845 -0.0038632360625598205 -0.0031056479428339316 -0.0023407058483021102 -0.0015682354985484882 -0.00078805981261855754 0 0.00080079568774531565 0.0016098821882238709 0.0024274300091750201 0.00325360291755563 0.0040885568578341918 0.0049324388104306296 0.0057853856418704818 0.0066475230269126646 0.0075189645240229773 0.0083998110198667524 -0.0012293711476476094 -0.0010296500078243748 -0.00092214428386412205 -0.00080915848025346409 -0.00069040396976104363 -0.00056559176611208637 -0.00043443299315632867 -0.00029663935319862206 -0.00015192359805920404 0 0.00015941517820314461 0.00032660321365713101 0.00050184245587507137 0.00068540786187870064 0.00087757053560462385 0.0010785972683488385 0.0012887500887902156 0.0015082858134493875 0.0017374556077983661 0.0019765045504514973 -0.00045064204164083229 -0.00039884059434042857 -0.00036670754146491465 -0.00033005721017782596 -0.00028861661873982701 -0.00024211235672879012 -0.00019027102400231819 -0.00013281967058003215 -6.9486237842385874e-05 0 7.5907994563246474e-05 0.00015850448306527069 0.00024805354974199041 0.00034481618964409764 0.00044904987551775126 0.00056100812849057353 0.00068094009304988485 0.00080909011716080357 0.0009456973388046689 0.0010909952778917788 -0.00029491366357242921 -0.0002691232334374474 -0.00025090494151849282 -0.00022879599760614139 -0.00020253873871223617 -0.00017187503048820066 -0.00013654668558301376 -9.6295884203984457e-05 -5.0865595634004909e-05 0 5.6555089910316019e-05 0.00011905180783646864 0.00018773981480806049 0.00026286588201379407 0.00034467347694570953 0.00043340235240319663 0.00052928814071416367 0.00063256195189805757 0.00074344997832134503 0.00086217310418369492 -0.00018430792776918606 -0.00017258256853806966 -0.00016282834770023081 -0.0001501681118692805 -0.00013436681591148409 -0.00011518884207154614 -9.2398396418528529e-05 -6.5759905945523601e-05 -3.5038418058913509e-05 0 3.9587861569927326e-05 8.3955861683363922e-05 0.00013333247969639809 0.00018794358368816528 0.00024801203808962567 0.00031375731385973097 0.00038539510372819088 0.00046313694114660727 0.0005471898249881415 0.00063775585033386479 -0.00014546051417235818 -0.00013684311387891196 -0.00012943762954419622 -0.00011968619397225578 -0.0001073764542894459 -9.2295466859670846e-05 -7.4230062794496991e-05 -5.2967214944680567e-05 -2.8294406508369921e-05 0 3.2126393651994455e-05 6.8293546574267893e-05 0.00010870824677024907 0.00015357493259070517 0.00020309533003831689 0.00025746809260998132 0.00031688844578302847 0.00038154783418086553 0.00045163357592670423 0.00052732852052691929 -0.00010463116205016868 -9.9176957576125165e-05 -9.4110308019662963e-05 -8.7271072411954537e-05 -7.8498615473488031e-05 -6.7631855020557749e-05 -5.4509538329632434e-05 -3.8970519612784821e-05 -2.0854038733000725e-05 0 2.375074847841209e-05 5.0556136378928843e-05 8.0572593413572987e-05 0.00011395477311024935 0.00015085527824378679 0.00019142438914929806 0.00023580979405638265 0.00028415632328788982 0.00033660568717832121 0.00039329621747033727 -8.3507598389662065e-05 -7.9338584591275336e-05 -7.5359157657751066e-05 -6.9943956915496472e-05 -6.2962826756137981e-05 -5.4285249346065225e-05 -4.3780568635668782e-05 -3.1318215209119711e-05 -1.6767931921553287e-05 0 1.9114534894329103e-05 4.0703636932244658e-05 6.4894055184677526e-05 9.1811099811499796e-05 0.00012157841964158744 0.00015431778208128074 0.0001901488545155308 0.0002291889892257964 0.00027155301076193605 0.00031735300694678731 
end_dependent_variable

end_regular_table
