# ****************************************************************************
# CUI
#
# The Advanced Framework for Simulation, Integration, and Modeling (AFSIM)
#
# The use, dissemination or disclosure of data in this file is subject to
# limitation or restriction. See accompanying README and LICENSE for details.
# ****************************************************************************

# ##################################################################################################
# 
# This file was auto-generated by AFSIM Mover Creator 2.5.0.200402
# 
# Creation Date:  03 Apr 2020
# 
# ##################################################################################################

regular_table

independent_variable mach precision double
0.10000000000000001 0.5 0.70000000000000007 0.75 0.80000000000000004 0.84999999999999998 0.90000000000000002 0.92000000000000004 0.94000000000000006 0.95999999999999996 0.97999999999999998 1 1.02 1.04 1.0600000000000001 1.0800000000000001 1.1000000000000001 1.2 1.3 1.4000000000000001 1.5 1.75 2 2.5 3 
end_independent_variable

independent_variable surface_angle units deg
-10 -8 -7 -6 -5 -4 -3 -2 -1 0 1 2 3 4 5 6 7 8 9 10 
end_independent_variable

dependent_variable precision double
0.00056517720132140707 0.00040020351260305366 0.00032740751797041183 0.00026109353159638296 0.00020127557176638329 0.00014796599427321041 0.00010117548402837134 6.091304781474361e-05 2.7186008413731829e-05 0 2.7179849529681467e-05 6.090074419608633e-05 0.00010115705518211934 0.00014794146666129623 0.00020124498080363753 0.00026105692399245776 0.00032736495440405662 0.00040015507069009746 0.000479411622236727 0.00056511732010385712 0.0006027642683465224 0.00042427404318415735 0.00034584039733937243 0.00027463782672873055 0.00021068160363078462 0.00015398514713860559 0.00010456001300887089 6.2415886087326158e-05 2.7560573578009453e-05 0 2.7559341775178008e-05 6.2413425264146692e-05 0.00010455632693973061 0.00015398024092472411 0.00021067548415107927 0.00027463050282016251 0.0003458318810336061 0.00042426434937263178 0.00050991079664631427 0.00060275228171713542 0.00065270173562371537 0.00045625850998193041 0.00037033626595105244 0.00029263968670488152 0.00022318571861342244 0.00016198919911490338 0.00010906284629176812 6.441724969105733e-05 2.806086335402996e-05 0 2.8059983490263977e-05 6.4415491875194518e-05 0.00010906021302160263 0.00016198569401539278 0.00022318134622928963 0.00029263445324003394 0.00037033017948499754 0.00045625158072226007 0.00055037961651056215 0.00065269316369919719 0.00067160073965447662 0.00046836319797089626 0.00037960688641537963 0.00029945263798878899 0.00022791803284644184 0.0001650184454458654 0.00011076703357144511 6.5174729349322063e-05 2.8250231605224981e-05 0 2.824941040548433e-05 6.5173088708215694e-05 0.00011076457578838641 0.00016501517378640781 0.0002279139515616017 0.0002994477526435331 0.00037960120442966382 0.00046835672885153881 0.00056569455563022818 0.00067159273553176857 0.00069473260564913391 0.00048317902229545506 0.00039095389393708683 0.00030779152845685685 0.00023371028121769126 0.00016872618389969987 0.00011285293287557865 6.6101879420390537e-05 2.8482021951528194e-05 0 2.8481252058978253e-05 6.6100341284169715e-05 0.00011285062864953521 0.00016872311648998318 0.00023370645441672316 0.00030778694762349427 0.00039094856583173391 0.00048317295549228293 0.00058443945264664236 0.00069472509805543854 0.00067201298818229526 0.00046440974307249616 0.00037427185621869872 0.00029327119070054905 0.00022142588542952728 0.00015875173593019249 0.00010526218277741813 6.0968302573932085e-05 2.5878799497235009e-05 0 2.5877496737211924e-05 6.0965698455433108e-05 0.00010525827938086489 0.00015874653592728435 0.00022141939276211576 0.00029326341027404931 0.00037426279451526661 0.00046439940823862476 0.00056365278394956487 0.00067200013984871113 0.00064929306806370518 0.00044564022296891755 0.00035758960748501293 0.0002787506721343468 0.00020914133926359303 0.00014877716759251371 9.7671342568016956e-05 5.5834665605220891e-05 2.3275547061683033e-05 0 2.327377058514673e-05 5.5831114043389988e-05 9.7666017636756228e-05 0.00014877007207430657 0.00020913247686841737 0.00027874004787067279 0.00035757722691780733 0.00044562609333263732 0.00054286637690898333 0.00064927547238058424 0.00064167225692367345 0.00043914126172417227 0.00035172632590467392 0.00027357325863025468 0.0002047001872980662 0.00014512283121220234 9.4854487077685826e-05 5.390602222151412e-05 2.2285865016794319e-05 0 2.2283904382108468e-05 5.3902102279490067e-05 9.4848609677129214e-05 0.00014511499881818737 0.00020469040398744633 0.0002735615282902623 0.00035171265536166837 0.0004391256574252707 0.00053578001273838925 0.00064165281659008097 0.00063400975569860259 0.00043260769656345064 0.00034583222807318205 0.00026836897635743625 0.00020023627205007565 0.00014144998989502311 9.2023536443563341e-05 5.1967840173434845e-05 2.1291344175020891e-05 0 2.1289205200667479e-05 5.1963563484059404e-05 9.2017124121906231e-05 0.0001414414444597471 0.00020022559698855996 0.0002683561759320333 0.00034581730867742032 0.00043259066420337205 0.00052865547206677982 0.00063398852957127652 0.0006263055663918803 0.00042603952871104502 0.00033990731484383213 0.00026313782673804964 0.00019574959390298563 0.00013775864482816889 8.9178491154129878e-05 5.002011985671401e-05 2.0291984491533844e-05 0 2.0289672878512222e-05 5.0015497619998208e-05 8.9171560420773878e-05 0.00013774940807149128 0.00019573805458563244 0.00026312398901519611 0.0003398911860365013 0.00042602111376587406 0.00052149275354619617 0.00062628261043377604 0.00061855969118827141 0.00041943675920574946 0.00033395158854978814 0.00025787981095928782 0.00019124015412643312 0.00013404879625484936 8.6319351718476864e-05 4.806286156814986e-05 1.9287786462027447e-05 0 1.9285307214685568e-05 4.8057904184398372e-05 8.6311917965707999e-05 0.0001340388891628784 0.00019122777632109996 0.00025786496708630921 0.00033393428507277006 0.00041941700238631006 0.00051429185537936039 0.00061853505677021605 0.00061077213138214603 0.00041279939069401478 0.00032796504943838182 0.00025259492978787948 0.00018670795324805936 0.0001303204453705018 8.3446118645695699e-05 4.609606590752215e-05 1.8278750079287856e-05 0 1.8276108008230377e-05 4.6090782692901662e-05 8.3438196400138499e-05 0.0001303098863612166 0.00018669476118502403 0.00025257910879329171 0.00032794660590164794 0.00041277833038621148 0.00050705277550517334 0.00061074586721202712 0.00060294288868009411 0.00040612742245857864 0.00032194769849894071 0.00024728318360718907 0.00018215299229429159 0.00012657359203909377 8.0558792146018495e-05 4.4119732812997915e-05 1.7264875513355722e-05 0 1.7262075116930832e-05 4.4114133281540614e-05 8.0550395686965621e-05 0.00012656240054453405 0.00018213900912793834 0.00024726641381461219 0.00032192814733594219 0.000406105096652585 0.00049977551619908851 0.00060291504049781667 0.00059507196412915354 0.00039942085707993653 0.00031589953771011956 0.00024194457453190392 0.00017757527143413986 0.00012280823722934161 7.7657373435493498e-05 4.2133862700919109e-05 1.624616296312708e-05 0 1.624320851811484e-05 4.2127955097020296e-05 7.7648514601896617e-05 0.00012279642973829797 0.0001775605182866094 0.00024192688001497216 0.00031587890825441483 0.00039939729997350433 0.00049246007099749967 0.00059504257530023686 0.00058715935923804889 0.0003926796956958153 0.00030982056712962921 0.00023657910204262717 0.00017297479159509872 0.00011902438157194162 7.4741861895791115e-05 4.0138455812434307e-05 1.5222612298752708e-05 0 1.5219508130369007e-05 4.0132248458811042e-05 7.4732553487073924e-05 0.00011901197472984822 0.00017295928937829976 0.0002365605083836992 0.00030979888683505468 0.0003926549379416062 0.00048510644264579053 0.00058712847016002996 0.00057920507417991238 0.00038590393904821044 0.0003037107871284675 0.00023118676685662123 0.00016835155417459317 0.00011522202540079184 7.1812258343106466e-05 3.8133512265026143e-05 1.4194223990163138e-05 0 1.4190973604337077e-05 3.8127012828966062e-05 7.180251141500308e-05 0.00011520903387442789 0.00016833532005335671 0.00023116729793146585 0.00030368808518018255 0.00038587801164515081 0.00047771462825017851 0.00057917272435993367 0.00057120911212059182 0.00037909358641161501 0.00029757019892680481 0.00022576757216446705 0.00016370555871093696 0.0001114011694331546 6.8868563502946323e-05 3.6119032753284904e-05 1.3160997937395073e-05 0 1.3157605002882564e-05 3.6112247791143367e-05 6.885838827026251e-05 0.000111387607444102 0.00016368861177928256 0.00022574724663839519 0.00029754650024761643 0.00037906651911372754 0.00047028462752210948 0.00057117533705901941 0.00053060416263546733 0.00034452293137616206 0.00026640516112815476 0.00019826869065323128 0.00014013422855329124 9.2019399696614877e-05 5.3938721226672661e-05 2.5903596131497057e-05 7.9223053290629359e-06 0 7.9182473552505072e-06 2.5895480431204058e-05 5.3926550025885824e-05 9.2003176705312092e-05 0.00014011395624479109 0.00019824437298484354 0.00026637680601449888 0.00034449054376387527 0.0004325618018120731 0.00053056373475910453 0.00046463638333377259 0.00029766043050472913 0.00022799003958052323 0.00016756274820066921 0.00011639833831764557 7.4513575115412185e-05 4.1922191937625335e-05 1.8634882014902109e-05 4.6592884839494539e-06 0 4.6585462990086667e-06 1.8633397410570546e-05 4.1919964863663707e-05 7.4510604834977678e-05 0.00011639462462978101 0.00016755828989963183 0.00022798483599645588 0.00029765448016394615 0.00037654443748016226 0.00046462893666615851 0.00039822912481276217 0.00025513023690519761 0.00019541834597161268 0.00014362639937838556 9.9772204143405271e-05 6.3870850694475214e-05 3.5934701507506021e-05 1.5973381512100497e-05 3.9937709588634481e-06 0 3.9934456234310836e-06 1.5972730606785776e-05 3.5933724572426272e-05 6.3869547116453523e-05 9.9770572948572458e-05 0.00014362443952073398 0.00019541605615265004 0.00025512761561001632 0.00032273860755833474 0.00039822583472192834 0.00035277256047962685 0.00022601881849338435 0.00017312375977170656 0.00012724276584245522 8.8392349469393477e-05 5.6586504379944931e-05 3.1836694560361798e-05 1.4151845502495722e-05 3.5383372862348759e-06 0 3.5381105234979548e-06 1.4151391706502658e-05 3.1836013412286369e-05 5.6585595164843476e-05 8.8391211356385533e-05 0.00012724139778810952 0.00017312216061665499 0.0002260169866145116 0.00028590685642546098 0.00035277025836105697 0.00028199422631695366 0.00018069264559955026 0.00013841193635094192 0.00010173447148102753 7.0674872463523798e-05 4.5245530386257589e-05 2.5456596189930789e-05 1.1315973138668595e-05 2.8293106206207186e-06 0 2.8291719513409205e-06 1.1315695608491217e-05 2.5456179500157527e-05 4.5244973950763459e-05 7.0674175606010752e-05 0.00010173363336739465 0.00013841095594419882 0.0001806915216823605 0.0002285584894979554 0.00028199281132108216 0.00023747941161010567 0.00015217918699581706 0.00011657365366276095 8.5685128430623209e-05 5.9526613561001016e-05 3.8109127817036412e-05 2.1441698115966095e-05 9.5313523668029459e-06 2.3831144142030208e-06 0 2.3830146183742431e-06 9.5311526720904502e-06 2.1441398200323186e-05 3.8108727319770805e-05 5.952611183801932e-05 8.5684524889359517e-05 0.00011657294747877572 0.00015217837713856088 0.00019248583777006339 0.000237478391057022 0.00017951748924820705 0.00011503659332264532 8.8121346817761595e-05 6.4771823277512224e-05 4.4997851856765353e-05 2.8807761681309215e-05 1.6208376566286408e-05 7.2050091227394143e-06 1.8014570299201739e-06 0 1.8013981034267875e-06 7.2048911892409685e-06 1.6208199440606054e-05 2.8807525138014274e-05 4.4997555444990447e-05 6.4771466836234011e-05 8.8120929509658672e-05 0.00011503611482567101 0.00014550570171589959 0.00017951688611916311 0.00014542575175685137 9.3190262256099914e-05 7.1386423872144765e-05 5.2471151392546021e-05 3.6452407164114927e-05 2.3336938689810033e-05 1.3130273913973669e-05 5.8367164979069719e-06 1.4593429359417502e-06 0 1.4593034401354985e-06 5.8366374483260641e-06 1.3130155175358495e-05 2.3336780165546584e-05 3.6452208487069977e-05 5.247091240813716e-05 7.1386144155270346e-05 9.3189941497595128e-05 0.00011787313336977567 0.00014542534736926174 
end_dependent_variable

end_regular_table
