# ****************************************************************************
# CUI
#
# The Advanced Framework for Simulation, Integration, and Modeling (AFSIM)
#
# The use, dissemination or disclosure of data in this file is subject to
# limitation or restriction. See accompanying README and LICENSE for details.
# ****************************************************************************

# ##################################################################################################
# 
# This file was auto-generated by AFSIM Mover Creator 2.5.0.200324
# 
# Creation Date:  24 Mar 2020
# 
# ##################################################################################################

regular_table

independent_variable mach precision double
0.10000000000000001 0.5 0.70000000000000007 0.75 0.80000000000000004 0.84999999999999998 0.90000000000000002 0.92000000000000004 0.94000000000000006 0.95999999999999996 0.97999999999999998 1 
end_independent_variable

independent_variable surface_angle units deg
-20 -16 -14 -12 -10 -9 -8 -7 -6 -5 -4 -3 -2 -1 0 1 2 3 4 5 6 7 8 9 10 12 14 16 18 20 
end_independent_variable

dependent_variable precision double
0.0014051628244546568 0.0014632148878437805 0.0014121245914006898 0.0013120759968485139 0.0011693768079178274 0.0010840611285683195 0.00099041112133367625 0.00088905835492746434 0.0007805472708075303 0.00066533796435098655 0.00054381299083475926 0.00041628620608779725 0.00028301225074789843 0.00014419578974010712 0 -0.00016575129259054997 -0.00033577709246245728 -0.00050991422269876859 -0.00068795801835581634 -0.00086965383881442587 -0.0010546878282223691 -0.0012426774313213434 -0.0014331625527435477 -0.0016255987509938891 -0.0018193544574146711 -0.0022078952084870224 -0.0025924007093100485 -0.0029665632560228129 -0.0033260489764861925 -0.0036705017255792174 0.0013249673794143721 0.0014118865148288052 0.0013728246040371939 0.0012832009354586411 0.0011493231761729532 0.0010678168888388813 0.0009775753859005646 0.00087923023244001444 0.00077332586667461364 0.00066032238140213933 0.00054060232972058487 0.00041447956546619984 0.00028220872792658868 0.00014399448077204708 0 -0.00016595079417804515 -0.00033657700701753332 -0.00051171546241628304 -0.00069116149678547596 -0.00087466047088406587 -0.0010618985307594073 -0.0012524931233135069 -0.0014459841558417041 -0.0016418271900334998 -0.0018393906611793495 -0.0022367497441805038 -0.002631677345590317 -0.0030178657979565153 -0.0033909812548774568 -0.0037506675734111043 0.0012219450508024669 0.0013459519895306388 0.0013223433616180575 0.0012461125612644969 0.0011235672533149602 0.001046954534174968 0.0009610914943239113 0.00086660969839684107 0.00076405358466700979 0.00065388324530831236 0.00053648123345598881 0.00041216140289507443 0.00028117839262451182 0.00014373686635417104 0 -0.00016620827948716637 -0.00033760708459561949 -0.00051403323924645707 -0.00069528207989276349 -0.0008810989675355961 -0.0010711700482595561 -0.0012651127691901303 -0.0014624670378275155 -0.0016626884160288223 -0.0018651453390286365 -0.0022738366521390767 -0.0026821569198221917 -0.0030837984780151587 -0.0034744274816013478 -0.0038536877877877085 0.001183871699941777 0.0013215850058491429 0.0013036873694819739 0.0012324060990875551 0.0011140488587193975 0.0010392446251704871 0.00095499970511819831 0.0008619456630858418 0.00076062693770982573 0.00065150362085675967 0.00053495826560135741 0.00041130472577986874 0.00028079764042382704 0.00014364167320352774 0 -0.00016630345111851984 -0.0003379877937996272 -0.00051488985209245544 -0.00069680496232670907 -0.00088347848554069211 -0.0010745965678981553 -0.0012697766564640593 -0.001468558658882932 -0.0016703981367977155 -0.0018746635261041244 -0.0022875428699961889 -0.0027008126339581034 -0.0031081651540760323 -0.0035052665857175525 -0.003891760785940627 0.0011378939812986177 0.0012921592315857336 0.0012811582433318238 0.0012158540714241497 0.0011025543794599506 0.0010299340885421484 0.00094764322345361213 0.00085631334903424978 0.00075648890327796353 0.00064862997832140161 0.000533119127206687 0.00041027020368160854 0.00028033784688943968 0.00014352672036080071 0 -0.00016641838515165568 -0.00033844754971948805 -0.00051592431781781218 -0.0006986440258601376 -0.00088635203477768439 -0.0010787344907481702 -0.0012754088409529525 -0.0014759149930319026 -0.0016797085089166248 -0.0018861578239161984 -0.0023040946839006956 -0.0027233415168220212 -0.0031375906595298977 -0.0035425082665910975 -0.0039377381963858413 -48.176072780835419 2.6656994787196102 1.472448327874941 0.0013310098997824779 0.0011811167079540546 0.0010933936708167886 0.00099790748869909933 0.00089514618871824501 0.00078553047314750316 0.00066941586768565686 0.00054709798140088381 0.00041881933794595449 0.0002847767035142476 0.00014512822740987019 0 -0.00016310766917318947 -0.00033084136939975158 -0.00050307501031250851 -0.0006796504426073534 -0.00086037089997218342 -0.0010449938589521014 -0.0012332237104789297 -0.001424704928537288 -0.001619016811170496 -0.0018156713312612953 -0.0022137448359942323 3.7646773040877806 3.7384169626088037 3.6704081839516176 3.5123411399241609 -102.0212027635974 5.6435545291765559 3.1166801657059069 0.0014461657243788879 0.0012596790356473547 0.001156853253072806 0.0010481717544101707 0.00093397902978036907 0.00081457204476763877 0.00069020175888431302 0.0005610768376343385 0.00042736847377931848 0.00028921556134026225 0.00014672973509213388 0 -0.00015979695449137458 -0.00032323519183627219 -0.00049022570704867487 -0.00066065686541647234 -0.00083438977287675288 -0.0010112532367098155 -0.001191038591495519 -0.0013734948774701146 -0.001558325129216975 -0.0017451848566151799 -0.0021233950102123185 7.9752849467765516 7.9201267738947436 7.7765501110656521 7.4422514050045461 -125.14626415134174 6.9224673146601878 3.8228354038110228 0.0014957230819890688 0.0012937440972898703 0.0011845018641599273 0.0010701984562783743 0.00095111849722118418 0.00082750694002647342 0.00069957033464435406 0.00056747992575741904 0.00043137567807982505 0.00029137059292568684 0.00014755491572281538 0 -0.00015864450505982813 -0.0003205357999107598 -0.00048560255546064451 -0.00065375456416809884 -0.00082487887474879599 -0.00099883558468314478 -0.0011754535227912197 -0.001354526222563001 -0.0015358088235668799 -0.0017190168038284741 -0.0020898873827509294 9.7836226942148574 9.7160502490027127 9.5400156978219872 9.1300265841713202 -149.17819387349996 8.2515310915785065 4.5566805755503799 0.0015450371233680373 0.0013276648029589958 0.0012120439523081348 0.001092149506141985 0.00096820684804464329 0.0008404095655319704 0.00070892046714764623 0.00057387406489528775 0.00043537979901063988 0.00029352549827640624 0.00014838075042211311 0 -0.00015749547094163138 -0.00031784156093515317 -0.00048098387103134177 -0.0006468528845748531 -0.00081536086779656063 -0.00098639849941369192 -0.0011598314077328688 -0.001335496945527798 -0.001513201705243848 -0.0016927205009391675 -0.0020561524721155137 11.662873951329866 11.582399197984323 11.37263280186024 10.883984042005803 -174.11699193399167 9.630745857706005 5.3182156793420035 0.0015941067825594973 0.0013614404834988675 0.0012394790055240798 0.0011140245236151982 0.00098524380949305029 0.0008532797350915243 0.00071825203757530545 0.00058025918557909589 0.00043938080200215529 0.00029568026402271194 0.00014920723658229141 0 -0.00015634987278077632 -0.00031515251368048939 -0.00047636970555791134 -0.00063995188312137891 -0.00080583580390658353 -0.00097394201387597426 -0.001144172245974072 -0.0013164069949193424 -0.0014905036502498388 -0.0016662957288024862 -0.0020221897898675457 13.613038718997112 13.519173622241372 13.27440142525437 12.704123781420499 -199.96265833673911 11.06011161081862 6.1074407136057536 0.0016429309941435061 0.0013950704688559757 0.0012668065109093189 0.0011358231279360177 0.0010022291092966411 0.000866117262959491 0.00072756492743808118 0.0005866352189657397 0.00044337865212905759 0.00029783487689639292 0.00015003437163891399 0 -0.00015520773116678161 -0.00031246869682282654 -0.00047176011041195426 -0.00063305161673369377 -0.00079630373459479693 -0.00096146616203154694 -0.0011284760375930474 -0.0012972563190689914 -0.0014677145346724803 -0.0016397422684561649 -0.0019879988482799115 15.634116998093115 15.526373523173037 15.245321570079797 14.590445805328196 -226.71519308566428 12.539628348689725 6.9243556767590118 0.0016915086923797982 0.0014285540895504103 0.0012940259558708311 0.001157544937612411 0.0010191624743513248 0.00087892196325986202 0.00073685901731927934 0.00059300209553422487 0.00044737331467833925 0.00029998932342810566 0.00015086215300798988 0 -0.0001540690667022022 -0.00030979014893393176 -0.00046715513736361112 -0.00062615214249052637 -0.00078676471164903356 -0.00094897097715290063 -0.0011127427821614575 -0.0012780448658611405 -0.0014448342343684705 -0.0016130599002823962 -0.0019535791593126252 17.726108789494745 17.603998902181527 17.285393238411903 16.542950116642395 
end_dependent_variable

end_regular_table
