# ****************************************************************************
# CUI
#
# The Advanced Framework for Simulation, Integration, and Modeling (AFSIM)
#
# The use, dissemination or disclosure of data in this file is subject to
# limitation or restriction. See accompanying README and LICENSE for details.
# ****************************************************************************

# ##################################################################################################
# 
# This file was auto-generated by AFSIM Mover Creator 2.5.0.200324
# 
# Creation Date:  24 Mar 2020
# 
# ##################################################################################################

regular_table

independent_variable mach precision double
0.10000000000000001 0.5 0.70000000000000007 0.75 0.80000000000000004 0.84999999999999998 0.90000000000000002 0.92000000000000004 0.94000000000000006 0.95999999999999996 0.97999999999999998 1 
end_independent_variable

independent_variable surface_angle units deg
-20 -16 -14 -12 -10 -9 -8 -7 -6 -5 -4 -3 -2 -1 0 1 2 3 4 5 6 7 8 9 10 12 14 16 18 20 
end_independent_variable

dependent_variable precision double
-0.017303800220688708 -0.011483332499403285 -0.0090155438282219242 -0.0068427186166861165 -0.0049648568647958653 -0.0041365372862149129 -0.0033819585725441853 -0.0027011207237906659 -0.002094023739945044 -0.0015606676210096467 -0.001101052366984474 -0.00071517797787360035 -0.00040304445367091439 -0.0001646517943799083 0 -0.0001646517943799083 -0.00040304445367091439 -0.00071517797787360035 -0.001101052366984474 -0.0015606676210096467 -0.002094023739945044 -0.0027011207237906659 -0.0033819585725441853 -0.0041365372862149129 -0.0049648568647958653 -0.0068427186166861165 -0.0090155438282219242 -0.011483332499403285 -0.014246084630234858 -0.017303800220688708 -0.018528666563721489 -0.012267243382242389 -0.009615723641868499 -0.0072836651351260336 -0.0052710678619451558 -0.0043845671879577715 -0.003577931822372424 -0.0028511617651891127 -0.0022042570163961985 -0.0016372175759995005 -0.0011500434440048393 -0.00074273462040930444 -0.00041529110520416654 -0.00016771289840252 0 -0.00016771289840252 -0.00041529110520416654 -0.00074273462040930444 -0.0011500434440048393 -0.0016372175759995005 -0.0022042570163961985 -0.0028511617651891127 -0.003577931822372424 -0.0043845671879577715 -0.0052710678619451558 -0.0072836651351260336 -0.009615723641868499 -0.012267243382242389 -0.015238224356177867 -0.018528666563721489 -0.020102514574508262 -0.013274505853646866 -0.010386908831854804 -0.0078502500357783764 -0.0056645294654827693 -0.0047032710149457375 -0.0038297471208865019 -0.0030439577832398796 -0.0023459030020710524 -0.001735582777265953 -0.0012129971089467964 -0.00077814599705247525 -0.00043102944159928463 -0.00017164744258009546 0 -0.00017164744258009546 -0.00043102944159928463 -0.00077814599705247525 -0.0012129971089467964 -0.001735582777265953 -0.0023459030020710524 -0.0030439577832398796 -0.0038297471208865019 -0.0047032710149457375 -0.0056645294654827693 -0.0078502500357783764 -0.010386908831854804 -0.013274505853646866 -0.016513041101284927 -0.020102514574508262 -0.020684156228991675 -0.013646756469875837 -0.010671913186552728 -0.0080596409675025554 -0.0058099398125507256 -0.0048210533840112972 -0.0039228097216972369 -0.0031152088253291956 -0.002398250695029388 -0.0017719353307628957 -0.0012362627325297184 -0.00079123290034295113 -0.00043684583418731666 -0.00017310153407481827 0 -0.00017310153407481827 -0.00043684583418731666 -0.00079123290034295113 -0.0012362627325297184 -0.0017719353307628957 -0.002398250695029388 -0.0031152088253291956 -0.0039228097216972369 -0.0048210533840112972 -0.0058099398125507256 -0.0080596409675025554 -0.010671913186552728 -0.013646756469875837 -0.016984170817332209 -0.020684156228991675 -0.021386552979844948 -0.014096290353130148 -0.01101608754562698 -0.008312503741877645 -0.0059855389420683785 -0.0049632886685341869 -0.0040351931459012063 -0.0032012523743370483 -0.0024614663537113482 -0.0018158350840334189 -0.0012643585653125714 -0.00080703679754880566 -0.00044386978073746605 -0.00017485751489135603 0 -0.00017485751489135603 -0.00044386978073746605 -0.00080703679754880566 -0.0012643585653125714 -0.0018158350840334189 -0.0024614663537113482 -0.0032012523743370483 -0.0040351931459012063 -0.0049632886685341869 -0.0059855389420683785 -0.008312503741877645 -0.01101608754562698 -0.014096290353130148 -0.017553112164685122 -0.021386552979844948 -0.018034508032311245 -0.011957436491771254 -0.0093820575841398451 -0.0071154499183730281 -0.0051576134942729274 -0.0042944844978528426 -0.0035085483119186938 -0.0027998049363913298 -0.0021682543713103263 -0.001613896616685577 -0.001136731672477507 -0.00073675953869601003 -0.00041398021536582022 -0.00016839370246467676 0 -0.00010627748936884186 -0.00028974778917415037 -0.00055041089941097873 -0.00088826682009416746 -0.0013033155512039293 -0.0017955570927501575 -0.0023649914447427464 -0.0030116186071718017 -0.0037354385800274299 -0.0045364513632898439 -0.0063700553612329024 -0.0085124306008031048 -0.01096357708227747 -0.01372349480537898 -0.01679218377026593 -0.014682463754762154 -0.0098185830619993662 -0.0077480279547723638 -0.0059183963401752797 -0.0043296882183338223 -0.0036256804671912155 -0.0029819035892270393 -0.0023983575844622458 -0.0018750424528444561 -0.0014119581944260487 -0.0010091048091755966 -0.00066648229711405095 -0.00038409065822831746 -0.00016192989252232436 0 -3.7697475209885902e-05 -0.00013562582360016694 -0.00029378504516986104 -0.00051217513992715224 -0.00079079610784977975 -0.0011296479489613139 -0.0015287306632774682 -0.0019880442507301506 -0.0025075887113926911 -0.0030873640452336627 -0.0044276073323880442 -0.0060087741123399548 -0.0078308643850055898 -0.0098938781503430454 -0.012197815408561834 -0.013367758715384582 -0.0089811654934967358 -0.0071089653073584946 -0.0054508730919655126 -0.0040069179554023246 -0.0033652500591686207 -0.0027771259659512531 -0.0022425484454858097 -0.0017615200674636854 -0.0013340431995081884 -0.00096012000519883546 -0.00063975244234194004 -0.00037294226123852308 -0.00015969100337386971 0 -1.0287899574742667e-05 -7.4138935388383964e-05 -0.00019155356948176414 -0.00036253204969163882 -0.0005870744092616616 -0.0008651804666397608 -0.0011968498254373132 -0.0015820818745509524 -0.0020208757884516973 -0.0025132305275758085 -0.0036586172574290705 -0.0050182294953900978 -0.0065920513052152305 -0.0083800634259072592 -0.010382243325000576 -0.012047828179856297 -0.0081403046466764356 -0.0064672353975180809 -0.0049813715178582971 -0.0036827644002609228 -0.0031036967418506668 -0.0025714601353921357 -0.0020860594893585046 -0.001647499363219829 -0.001255783963679265 -0.00091091714132505476 -0.00061290238739192455 -0.00036174283089174903 -0.00015744123606698226 0 1.7241578457854526e-05 -1.238225502736536e-05 -8.8872412792157768e-05 -0.00021222943292080801 -0.00038245347853078996 -0.00059954433737195831 -0.00086350142168456923 -0.0011743237683073248 -0.0015320100392599927 -0.0019365585223068804 -0.0028862334113671497 -0.0040233273001533346 -0.0053478131613400211 -0.0068596581495957223 -0.0085588236927779757 -0.010722664446571545 -0.0072959952766236272 -0.0058228341037549498 -0.0045098885208805098 -0.0033572253617705564 -0.0028410187269466607 -0.0023649046756465527 -0.0019288896223244823 -0.0015329795344852912 -0.0011771799277566699 -0.00086149586162068549 -0.00058593193500004596 -0.00035049228279974189 -0.00015518057225314441 0 4.4891155154572425e-05 4.9644660047212539e-05 1.4259163842915797e-05 -6.1266204349491924e-05 -0.00017693183448007349 -0.00033273763491981409 -0.00052868303220606329 -0.00076476697115427522 -0.0010409879153178887 -0.0013573438478543141 -0.002110450216374439 -0.0030240603896440764 -0.0040981411102871601 -0.0053326516432770582 -0.0067275438899338695 -0.009392259814185306 -0.006448232139057597 -0.0051757573045384773 -0.0040364210041959094 -0.0030302986488387252 -0.0025772142260006296 -0.0021574581647224441 -0.0017710377506455887 -0.0014179597757020812 -0.0010982305326734916 -0.0008118558101662429 -0.00055884088795193074 -0.00033919053256714832 -0.00015290899357918271 0 7.2661026776127079e-05 0.00011194225238432011 0.00011784189933256816 9.035872122977392e-05 2.949200403283843e-05 -6.4758433095867972e-05 -0.00019239223735896793 -0.00035340852229377782 -0.0005478058681749325 -0.00077558232279022611 -0.001331262094665464 -0.0020204216270257223 -0.0028430263093214177 -0.0037990332291006341 -0.0048883912951170807 -0.0080566065815946535 -0.0055970099893773084 -0.0045260008789041843 -0.0035609658710120183 -0.0027019820706615889 -0.0023122814508219807 -0.0019491191808554194 -0.0016125027806874925 -0.0013024392813690089 -0.0010189352193027586 -0.00076199663113954864 -0.00053162904896522959 -0.00032783749581362988 -0.00015062648170618219 0 0.00010055138957710188 0.00017451096452104794 0.00022187653256728758 0.00024264642899715926 0.00023681951809284059 0.00020439519422128571 0.00014537338247876813 5.9754538926946443e-05 -5.2460349551903423e-05 -0.00019126976585469107 -0.00054866346869266271 -0.0010124038759319093 -0.0015824599160162431 -0.002258792229922574 -0.0030413532872920921 
end_dependent_variable

end_regular_table
