# ****************************************************************************
# CUI
#
# The Advanced Framework for Simulation, Integration, and Modeling (AFSIM)
#
# The use, dissemination or disclosure of data in this file is subject to
# limitation or restriction. See accompanying README and LICENSE for details.
# ****************************************************************************

# ##################################################################################################
# 
# This file was auto-generated by AFSIM Mover Creator 2.5.0.200401
# 
# Creation Date:  01 Apr 2020
# 
# ##################################################################################################

regular_table

independent_variable mach precision double
0.10000000000000001 0.5 0.70000000000000007 0.75 0.80000000000000004 0.84999999999999998 0.90000000000000002 0.92000000000000004 0.94000000000000006 0.95999999999999996 0.97999999999999998 1 
end_independent_variable

independent_variable surface_angle units deg
-20 -16 -14 -12 -10 -9 -8 -7 -6 -5 -4 -3 -2 -1 0 1 2 3 4 5 6 7 8 9 10 12 14 16 18 20 
end_independent_variable

dependent_variable precision double
0.01435095519051045 0.0087413097186178762 0.0063861613584754407 0.0043782990714673871 0.0027129567985339775 0.0020176734134747009 0.0014004784595671336 0.0008909574743925817 0.00050203295294074933 0.00020883823187356585 0 -0.00012625114247109999 -0.0001687788683921393 -0.00012625114247109999 0 0.00020883823187356585 0.0005020329529407489 0.0008909574743925817 0.0014004784595671336 0.0020176734134747009 0.0027129567985339771 0.0034997250967168376 0.0043782990714673871 0.0053407044256873794 0.006386161358475439 0.0087413097186178762 0.011453855728817812 0.01435095519051045 0.017033103509987681 0.018665755428835331 0.01435095519051045 0.0087413097186178762 0.0063861613584754416 0.004378299071467388 0.0027129567985339771 0.0020176734134747004 0.0014004784595671332 0.00089095747439258148 0.00050203295294074933 0.00020883823187356585 0 -0.00012625114247109999 -0.00016877886839213919 -0.00012625114247109999 0 0.00020883823187356585 0.00050203295294074868 0.00089095747439258148 0.0014004784595671332 0.0020176734134747004 0.0027129567985339767 0.0034997250967168372 0.004378299071467388 0.0053407044256873802 0.0063861613584754399 0.0087413097186178762 0.011453855728817812 0.01435095519051045 0.017033103509987681 0.018665755428835331 0.01435095519051045 0.0087413097186178745 0.0063861613584754416 0.0043782990714673871 0.002712956798533978 0.0020176734134747009 0.0014004784595671332 0.0008909574743925817 0.00050203295294074912 0.00020883823187356563 0 -0.00012625114247109988 -0.00016877886839213941 -0.00012625114247109988 0 0.00020883823187356585 0.00050203295294074868 0.0008909574743925817 0.0014004784595671332 0.0020176734134747009 0.0027129567985339771 0.0034997250967168372 0.0043782990714673871 0.0053407044256873811 0.0063861613584754399 0.0087413097186178745 0.011453855728817811 0.01435095519051045 0.017033103509987678 0.018665755428835328 0.01435095519051045 0.0087413097186178762 0.0063861613584754425 0.004378299071467388 0.0027129567985339775 0.0020176734134747 0.0014004784595671334 0.00089095747439258137 0.00050203295294074923 0.00020883823187356574 0 -0.00012625114247109999 -0.00016877886839213919 -0.00012625114247109999 0 0.00020883823187356574 0.00050203295294074879 0.00089095747439258137 0.0014004784595671334 0.0020176734134747 0.0027129567985339775 0.0034997250967168381 0.004378299071467388 0.0053407044256873811 0.006386161358475439 0.0087413097186178762 0.011453855728817812 0.01435095519051045 0.017033103509987681 0.018665755428835328 0.014350955190510451 0.0087413097186178762 0.0063861613584754399 0.0043782990714673871 0.0027129567985339775 0.0020176734134747009 0.001400478459567133 0.00089095747439258159 0.00050203295294074944 0.00020883823187356574 0 -0.0001262511424711001 -0.0001687788683921393 -0.0001262511424711001 0 0.00020883823187356574 0.00050203295294074879 0.00089095747439258159 0.001400478459567133 0.0020176734134747009 0.0027129567985339767 0.0034997250967168372 0.0043782990714673871 0.0053407044256873802 0.0063861613584754381 0.0087413097186178762 0.011453855728817812 0.014350955190510451 0.017033103509987681 0.018665755428835331 0.014350955190510448 0.0087413097186178762 0.0063861613584754407 0.0043782990714673863 0.0027129567985339775 0.0020176734134747 0.001400478459567133 0.0008909574743925818 0.00050203295294074923 0.00020883823187356574 0 -0.0001262511424711001 -0.0001687788683921393 -0.0001262511424711001 0 0.00020883823187356596 0.00050203295294074879 0.0008909574743925818 0.001400478459567133 0.0020176734134747 0.0027129567985339767 0.0034997250967168372 0.0043782990714673863 0.0053407044256873794 0.006386161358475439 0.0087413097186178762 0.011453855728817809 0.014350955190510448 0.017033103509987678 0.018665755428835328 0.014350955190510448 0.0087413097186178762 0.0063861613584754407 0.004378299071467388 0.0027129567985339767 0.0020176734134747 0.0014004784595671328 0.0008909574743925817 0.0005020329529407489 0.00020883823187356563 0 -0.00012625114247109999 -0.0001687788683921393 -0.00012625114247109999 0 0.00020883823187356585 0.00050203295294074868 0.0008909574743925817 0.0014004784595671328 0.0020176734134747 0.0027129567985339767 0.0034997250967168372 0.004378299071467388 0.0053407044256873802 0.006386161358475439 0.0087413097186178762 0.011453855728817812 0.014350955190510448 0.017033103509987681 0.018665755428835328 0.014350955190510448 0.0087413097186178779 0.0063861613584754416 0.0043782990714673871 0.0027129567985339771 0.0020176734134747 0.0014004784595671332 0.00089095747439258137 0.00050203295294074901 0.00020883823187356552 0 -0.00012625114247109999 -0.0001687788683921393 -0.00012625114247109999 0 0.00020883823187356596 0.00050203295294074879 0.00089095747439258137 0.0014004784595671332 0.0020176734134747 0.0027129567985339771 0.0034997250967168363 0.0043782990714673871 0.0053407044256873811 0.0063861613584754407 0.0087413097186178779 0.011453855728817812 0.014350955190510448 0.017033103509987674 0.018665755428835328 0.014350955190510448 0.0087413097186178762 0.0063861613584754416 0.004378299071467388 0.0027129567985339775 0.0020176734134747004 0.0014004784595671332 0.00089095747439258148 0.00050203295294074912 0.00020883823187356585 0 -0.0001262511424711001 -0.0001687788683921393 -0.0001262511424711001 0 0.00020883823187356585 0.00050203295294074868 0.00089095747439258148 0.0014004784595671332 0.0020176734134747004 0.0027129567985339767 0.0034997250967168381 0.004378299071467388 0.0053407044256873802 0.0063861613584754399 0.0087413097186178762 0.011453855728817812 0.014350955190510448 0.017033103509987685 0.018665755428835331 0.01435095519051045 0.0087413097186178762 0.0063861613584754407 0.0043782990714673871 0.0027129567985339775 0.0020176734134747 0.001400478459567133 0.00089095747439258137 0.00050203295294074901 0.00020883823187356574 0 -0.00012625114247109999 -0.00016877886839213941 -0.00012625114247109999 0 0.00020883823187356596 0.00050203295294074879 0.00089095747439258137 0.001400478459567133 0.0020176734134747 0.0027129567985339767 0.0034997250967168381 0.0043782990714673871 0.0053407044256873811 0.0063861613584754399 0.0087413097186178762 0.011453855728817812 0.01435095519051045 0.017040477207957785 0.018758722929736259 0.014781659180389036 0.0089373221039902324 0.0065219451234750821 0.0044703370124678666 0.0027663577616505912 0.002054719426890673 0.0014204461650865912 0.00089896121308388245 0.00050545904133242803 0.00021027042386999935 0 -0.00012733136391835471 -0.0001703076836124676 -0.00012733136391835471 0 0.00021027042386999935 0.00050545904133242738 0.00089896121308388245 0.0014204461650865912 0.002054719426890673 0.0027663577616505904 0.0035713997089115569 0.0044703370124678666 0.0054537564087330315 0.0065219451234750812 0.0089373221039902324 0.011746786893920358 0.014781659180389036 0.017645239517294718 0.019579740665679048 0.015202115612267985 0.0091560170934494381 0.0066843648484599507 0.0045882514816926066 0.002838241710794249 0.0021052370357100727 0.0014466721170049647 0.00090790418422678158 0.00050868334056583487 0.00021164036737580461 0 -0.00012855784695437855 -0.00017210342628538422 -0.00012855784695437855 0 0.00021164036737580526 0.00050868334056583444 0.00090790418422678158 0.0014466721170049647 0.0021052370357100727 0.0028382417107942486 0.0036657709865078889 0.0045882514816926066 0.0055938882344652042 0.0066843648484599498 0.0091560170934494381 0.012053112004586863 0.015202115612267985 0.018200110606479563 0.020350867181469747 
end_dependent_variable

end_regular_table
