# ****************************************************************************
# CUI
#
# The Advanced Framework for Simulation, Integration, and Modeling (AFSIM)
#
# The use, dissemination or disclosure of data in this file is subject to
# limitation or restriction. See accompanying README and LICENSE for details.
# ****************************************************************************

# ##################################################################################################
# 
# This file was auto-generated by AFSIM Mover Creator 2.8.0.201104
# 
# Creation Date:  05 Nov 2020
# 
# ##################################################################################################

regular_table

independent_variable mach precision double
0.10000000000000001 0.5 0.70000000000000007 0.75 0.80000000000000004 0.84999999999999998 0.90000000000000002 0.92000000000000004 0.94000000000000006 0.95999999999999996 0.97999999999999998 1 1.02 1.04 1.0600000000000001 1.0800000000000001 1.1000000000000001 1.2 1.3 1.4000000000000001 1.5 1.75 2 2.5 3 3.5 4 
end_independent_variable

independent_variable surface_angle units deg
-40 -30 -28 -26 -24 -22 -20 -18 -16 -14 -12 -10 -9 -8 -7 -6 -5 -4 -3 -2 -1 0 1 2 3 4 5 6 7 8 9 10 12 14 16 18 20 22 24 26 28 30 35 40 
end_independent_variable

dependent_variable precision double
-1.400095424405815 -0.91767713517791871 -0.61328346183398608 -0.70693621146219321 -0.43600792520916509 -0.51630615139804281 -0.58733508598684037 -0.42142958782151291 -0.48302649588813912 -0.30179748436020243 -0.33589316229763772 -0.35954632598313652 -0.21067387650911809 -0.21352212405514437 -0.21192766342144115 -0.20538658843207436 -0.19442277466503399 -0.10018029416001772 -0.080633465604752902 -0.057354520705809806 -0.03045485635928569 0 0.033993050027059026 0.071453528170201591 0.11229983897788097 0.15641534376706967 0.20357941017147901 0.17338974043391703 0.22393989144449417 0.27605002112114391 0.33013633065556131 0.38649200951342394 0.34483573355244407 0.47066997737949778 0.36633569379807446 0.49028437843863354 0.4430421715451161 0.23971904031329069 0.33616744214689265 0.062897184361207795 0.13448710272663458 0.20283022546992077 -0.081746080760427012 -0.68041929291930348 -1.3993746790300252 -0.91699192593860568 -0.61261851132510015 -0.70629528165465882 -0.43539542221728234 -0.51572579583275702 -0.58679083078984273 -0.42092529657651562 -0.48256565866250117 -0.30138370981208668 -0.33552969207922106 -0.3592364679991546 -0.21039197250942354 -0.21326886286210256 -0.21170373583605837 -0.20519270880756721 -0.19425962984512687 -0.10004856246751349 -0.080533772002975346 -0.057287476339509522 -0.030421050384767678 0 0.033958705694651509 0.071384320032348542 0.11219527118556012 0.15627494032947398 0.20340271657562997 0.17317632377231904 0.22368933881945613 0.2757619477189111 0.32981040993654692 0.38612791123606777 0.34439447210696372 0.47015044038670645 0.36573699163546208 0.48960589300429258 0.44228325014283565 0.23887955988436801 0.33524725767609287 0.061896285891498988 0.13340573765196484 0.2016688344527818 -0.083104775472181716 -0.68196993852741128 -1.3994508355166868 -0.9170644647036521 -0.6126889588581248 -0.70636316971985058 -0.43546032649189437 -0.5157872825476274 -0.58684848634518205 -0.42097873111622608 -0.48261448118159661 -0.30142755394285237 -0.33556819962381468 -0.35926930629058507 -0.2104218511369286 -0.21329570293535205 -0.21172746280496679 -0.20521324601575386 -0.1942769079125036 -0.10006251376923815 -0.0805443293929093 -0.05729457524055602 -0.030424629498948665 0 0.033962341718695499 0.071391646923896254 0.11220633999035719 0.15628979998697076 0.20342141569018449 0.17319890338477453 0.22371584233225969 0.27579241176883423 0.32984487467085305 0.38616640920659218 0.34444113599259019 0.47020537345972807 0.36580027636052825 0.48967761197370691 0.44236342339831636 0.23896824053008556 0.33534444903105787 0.062001979275222094 0.1335199113632225 0.20179145376961644 -0.082961313279044491 -0.68180622449717676 -1.3994660035230388 -0.91707891848444179 -0.61270299035863574 -0.70637668868852366 -0.43547324599618131 -0.51579952573966603 -0.58685996769662097 -0.42098937390685726 -0.48262420505306597 -0.30143629060013294 -0.33557586462361616 -0.35927584582663852 -0.21042780346340448 -0.21330104817009995 -0.21173218661879648 -0.20521733554749905 -0.19428034829044347 -0.10006529068013925 -0.080546430677703743 -0.05729598852475936 -0.030425342420044053 0 0.033963065705819202 0.071393105317922312 0.1122085441166116 0.15629275886901378 0.20342513920526414 0.1732034001974235 0.22372111898475855 0.27579847757994363 0.32985173927846945 0.38617407356812239 0.34445043126489505 0.47021631668465075 0.36581288815423113 0.4896918911234745 0.44237939358401313 0.23898590098578606 0.33536380090565038 0.062023035717094992 0.1335426519476948 0.20181587556064023 -0.082932739660998525 -0.68177360947304 -1.3994800443423108 -0.91709230482034321 -0.61271598454066256 -0.70638921271992572 -0.43548522928415484 -0.51581087126697667 -0.58687060755120435 -0.42099923468751627 -0.48263321048638269 -0.30144437877379315 -0.33558297279555305 -0.35928190270195015 -0.21043331372319188 -0.21330600118714635 -0.2117365635960127 -0.20522112407050866 -0.19428353687036343 -0.10006786541861244 -0.080548379000785958 -0.057297298903675603 -0.030426002763542757 0 0.033963736285593564 0.071394457359996361 0.11221058666449153 0.1562955019515371 0.20342858768924935 0.17320756593875958 0.22372600807893628 0.27580409621819441 0.32985809709868957 0.38618118097413373 0.34445904179977083 0.47022645045393624 0.36582456322100354 0.48970512248710896 0.44239418807401232 0.23900226370832017 0.33538173964762907 0.062042539883214946 0.13356372077203058 0.20183850891553753 -0.082906269785091455 -0.68174340175286319 -1.3994931419242844 -0.9171047714073296 -0.61272809127030148 -0.7064008670428813 -0.43549636890515031 -0.51582142738036796 -0.58688050611752296 -0.42100841507099068 -0.48264159558384218 -0.30145190641761516 -0.33558958356268132 -0.35928754208401736 -0.21043844631786279 -0.21331061138868815 -0.21174064125591205 -0.20522465304050216 -0.19428650342761855 -0.10007026120177545 -0.080550192664584838 -0.057298517770447047 -0.030426617167466072 0 0.03396436079813827 0.071395715711824861 0.11221248801080749 0.15629805403137978 0.20343179994903371 0.17321144538351294 0.22373056019779161 0.275809328383185 0.32986402063913062 0.38618779391138436 0.34446705931680016 0.47023589367752372 0.36583543815089919 0.48971744444182347 0.44240796120230907 0.23901749720130558 0.33539843810085634 0.062060696786317059 0.13358333752920429 0.2018595815695009 -0.082881612344311031 -0.68171527173335666 -1.3995053579259669 -0.9171164166668333 -0.61273940245861713 -0.70641177229066288 -0.43550679161984424 -0.51583130130941535 -0.58688976717848729 -0.42101699624538752 -0.48264944019318196 -0.30145894706045057 -0.3355957710282968 -0.35929281586429551 -0.2104432458625799 -0.21331492262396251 -0.21174444688459193 -0.2052279489776514 -0.19428927888645253 -0.10007250172544965 -0.080551887322703589 -0.057299657714974736 -0.030427192453338327 0 0.033964944963959708 0.071396892173448162 0.11221426553249518 0.15630043952241846 0.20343480432386224 0.17321507194518521 0.22373481737148854 0.2758142263493335 0.32986955662125061 0.38619397690910084 0.34447455332372579 0.47024471165056547 0.36584560830164764 0.48972896345126793 0.44242084049550545 0.23903174239504113 0.33541405251414175 0.062077672632242682 0.13360168182875423 0.20187927045132931 -0.082858566666166894 -0.68168897125464734 -1.4064486192015708 -0.92212648622982185 -0.61604855095528588 -0.71046277042427841 -0.43798158250394531 -0.518943690224969 -0.59056338517108864 -0.42370500736948286 -0.48580752070295585 -0.30346962431924845 -0.33785971412675136 -0.36172676637333628 -0.2118864690611289 -0.2147760181715116 -0.21319189467308899 -0.20662733435155498 -0.19561021512878785 -0.1007557837237807 -0.081099025322998924 -0.057686644314265005 -0.030631426408154357 0 0.034189841946188432 0.071866141080544441 0.11294601556043544 0.15731126641039372 0.20473897874539757 0.17428737991209547 0.22510930893999129 0.27749290833369106 0.33185637818458835 0.38849393750270067 0.34634563240712302 0.47275411838608089 0.36743000768644829 0.49184215256676661 0.4438914922278932 0.23882730977190647 0.33541491637602294 0.059901892592559194 0.1314030628086979 0.19957686397665367 -0.088262513282857599 -0.69190391777073323 -1.4133500970945949 -0.9271109057125354 -0.61933574777078448 -0.71449515753754156 -0.44044098267607928 -0.52204368365695675 -0.59422719707011429 -0.42638564426464109 -0.48896019801656698 -0.30547652770974543 -0.34012118670685876 -0.36415918640997108 -0.21332854247779415 -0.21623626733304716 -0.21463873249125465 -0.2080262951856994 -0.19693087045516744 -0.10143889184424966 -0.081646059974408616 -0.058073575326509509 -0.030835637292654976 0 0.034414715127281136 0.072335334687817041 0.11367766463939007 0.1583219171227303 0.2060428756210495 0.17535926479450509 0.22648319241468021 0.27917074308951706 0.33384204631513059 0.39079236598992001 0.34821424232530818 0.47525976041887102 0.36900902315087875 0.49394794861155999 0.44535236125296507 0.23861052195288895 0.33540041178883923 0.057707537326776671 0.12918254025865672 0.19724886200666286 -0.093700791337280279 -0.70216043703987707 -1.4202097683209021 -0.93206968170193327 -0.62260097375697432 -0.71850894879577776 -0.44288499274898646 -0.52513129248152091 -0.59788121850044518 -0.4290588824212449 -0.49210747182764497 -0.30747966672941796 -0.34238017038640606 -0.36659007168501678 -0.21476945408754466 -0.2176956597302781 -0.21608495938168187 -0.20942483488845326 -0.19825124540173911 -0.10212182321463575 -0.082192990396118257 -0.058460451421893073 -0.031039824513247882 0 0.034639564775311729 0.07280447293782151 0.11440920874824997 0.15933239307639041 0.20734649227007862 0.17643073153263369 0.22785646649348179 0.28084772874029373 0.33582656101287722 0.39308926558764601 0.35008037396376723 0.47776164854848568 0.37058265890752939 0.49604639401792255 0.44680345798730814 0.23838137464880549 0.33537057429153544 0.0554946408419889 0.12694011356589022 0.19489528690638247 -0.099173406037728576 -0.71245852921526376 -1.4270276450842401 -0.93700280587495843 -0.62584423805390033 -0.72250413812264469 -0.44531360817817545 -0.52820649969511468 -0.60152543363295363 -0.43172473368560937 -0.49524935433993689 -0.30947903831456408 -0.3446366807392125 -0.3690194256196076 -0.21620920983906883 -0.21915419836307953 -0.21753057782086335 -0.21082295640862989 -0.19957134333857529 -0.10280458091140657 -0.082739818662509568 -0.058847270991972081 -0.031243988028445455 0 0.034864390502530436 0.073273555677372759 0.11514065130814924 0.16034269457774428 0.20864983335186535 0.17750177790529734 0.22922913108703813 0.28252386245209682 0.33780992360543266 0.39538464625291081 0.35194403904116112 0.48025978583862722 0.37215089933151946 0.49813746749312465 0.44824478115438005 0.2381398541751199 0.33532536180926886 0.053263172092680847 0.12467576685020899 0.19251611768945287 -0.10468036632000043 -0.72279821094300833 -1.4302781557516004 -0.94191027797630211 -0.62906554949523696 -0.72648071811419546 -0.4477268399419122 -0.53126932015669359 -0.60515985696916297 -0.43438318907087481 -0.49838582252461477 -0.31147463832918587 -0.34689071342503347 -0.37144724734569445 -0.21764780659207189 -0.22061188926949771 -0.21897558446425755 -0.21222065355499789 -0.20089116153387487 -0.10348716330058762 -0.083286543962977966 -0.059234036277078732 -0.031448128205253674 0 0.035089192837106736 0.073742583295816275 0.11587199092765647 0.16135282190763126 0.20995289165394421 0.17857240544434705 0.23060119159512424 0.28419914853964007 0.33979213087590965 0.39767849532241212 0.35380522874934606 0.4827541567665381 0.37371375632022552 0.50022116776062364 0.44967633744326369 0.23788597830130465 0.33526480885975024 0.051013150380175995 0.12238951874913441 0.19011137044031032 -0.11022165548691913 -0.73152630364428828 -1.4223879500988199 -0.9450845534198562 -0.63203387644689712 -0.73043870209753425 -0.45012467410035195 -0.53431974344967015 -0.60878448069663305 -0.43703426343599672 -0.50151689706166824 -0.31346646416913648 -0.34914226783112839 -0.3738735390078689 -0.21908524718047842 -0.22206872184146401 -0.22041998310319583 -0.21361792946785196 -0.20221069868556446 -0.10416957013325311 -0.083833165531597961 -0.059620745707065673 -0.031652244234663694 0 0.035313971621068481 0.074211555582522529 0.11660322538558762 0.16236277479797745 0.21125567533342213 0.17964261414978283 0.23197264376685339 0.28587358328818457 0.34177318596460282 0.3999708206085904 0.35566396162372005 0.48524476715325232 0.3752712262737975 0.50229749007168112 0.4510981145991505 0.23761972833877659 0.33518889889898812 0.048744571262106254 0.12021855786186172 0.18865797643997623 -0.11198445133704756 -0.73518148366464675 -1.4141890590940529 -0.94150005939067249 -0.6274869371374161 -0.7282327787009496 -0.44785065772796384 -0.53392723423685184 -0.60996435048431508 -0.43803857624855985 -0.50362309108137004 -0.31490391019561426 -0.35118232961886808 -0.37629829887003308 -0.22052153076177022 -0.22352471033795873 -0.22186377186116063 -0.2150147862662527 -0.20352995859774084 -0.10485180192640277 -0.084379684849158879 -0.060007400673364276 -0.031856337069295394 0 0.035538726702826234 0.074680472799182732 0.11733436070722354 0.1633725516786354 0.21255817937348684 0.18071240090684082 0.23334348891706438 0.28754717462505974 0.34375308935659832 0.40226161950729883 0.35768574778989948 0.48815105559175503 0.37757106378316369 0.50552528645134587 0.45416931852421444 0.23959668421953192 0.33805025771152475 0.050217350786694773 0.12244048302580614 0.19098538410281282 -0.11206859862270258 -0.73889933018050935 -1.4075678963137299 -0.93962834862295486 -0.62467021641405573 -0.72684161135061542 -0.44550832922294553 -0.53281348899634573 -0.60997036545073435 -0.43759208557413676 -0.50414836623509185 -0.31474927039157491 -0.35170685572294658 -0.37739919882443673 -0.22088754719750786 -0.22413422576069569 -0.22265436345460185 -0.21592195809622028 -0.20449852422304585 -0.10529942993641968 -0.084781370979638573 -0.060316673917878379 -0.032031065131077119 0 0.035758353268466492 0.075155359080983156 0.1180986152234802 0.16446295906593633 0.21400726040883145 0.18201088408038463 0.23504340063394741 0.28967155305735587 0.34632265127097067 0.40529876103874074 0.36050125564464269 0.49180092442913831 0.38050108245852382 0.50919065374088834 0.45739421664165103 0.24134485410881001 0.34019406148343773 0.050373066154433502 0.1227648583623973 0.19140769231241123 -0.11407905159297267 -0.74456960008433282 -1.4120104239392801 -0.94162079703271218 -0.62504498607659653 -0.7280836926229719 -0.44533547499479642 -0.5334801139716383 -0.61143243539598513 -0.43833339048484243 -0.50564300072998636 -0.31538936411479412 -0.35288988487687223 -0.37902611861643015 -0.22165112989494609 -0.22503654963945235 -0.22365373457943391 -0.21697164050790838 -0.20555860937153675 -0.10580076523223042 -0.085209845508924922 -0.060635378877948891 -0.032206535138542859 0 0.035971926596941498 0.075610404470267151 0.11882125401825649 0.16548185651766717 0.215345694258333 0.1831491048160602 0.23652182287237936 0.29150010842731527 0.34850736496398277 0.40784590635514262 0.36272599650404264 0.49476336856206504 0.38262501582425651 0.51190809453247055 0.45950513907711865 0.24178746174501245 0.34081392772599167 0.048756485999744255 0.12103436445157731 0.18945069328529851 -0.11956189681186705 -0.75554715705751252 -1.4185138550799838 -0.94637340164588535 -0.62813410157881344 -0.73194854026538003 -0.44765617565196103 -0.53646815589765673 -0.61500739732868803 -0.4409464261794529 -0.50874564720037641 -0.31736065620598836 -0.35512715022722924 -0.38144279273036497 -0.22308083466096981 -0.2264872202511235 -0.22509326424250525 -0.21836511628121552 -0.20687522387903517 -0.10648097579256954 -0.085754889315619726 -0.061021055744572596 -0.032410131907140066 0 0.036196114461373823 0.076078107075829654 0.11955041338604649 0.16648873274896234 0.21664417759782731 0.18421354301297688 0.23788573594969964 0.29316487838278005 0.35047625518928865 0.41012314901013508 0.36456248924968948 0.49722253711831682 0.38413965100926495 0.5139278903134904 0.46085405583029565 0.24143018638339264 0.34062599426225981 0.046352629573061757 0.11856545883717139 0.18683073699391489 -0.12541126655596874 -0.76635683862489701 -1.4503643308147567 -0.96973603254225516 -0.64323703157841139 -0.75098255550517112 -0.45901950460375901 -0.55121469359671615 -0.63272887635915143 -0.45389562208044026 -0.52417382122377765 -0.32715752229378031 -0.36627406704648513 -0.39350163989622761 -0.23021073807538289 -0.23372677899057601 -0.23228099267328248 -0.22532560526459236 -0.21345369588479543 -0.1098791297575929 -0.088478398611816056 -0.062948534179263466 -0.033427733744765029 0 0.037316710792506355 0.078415838380892028 0.12319476932758197 0.17152069319778165 0.22313272675430496 0.18952989381534838 0.24469681871099 0.30147681265654047 0.36030444035521036 0.42148770727241841 0.37370975027436371 0.50946458435362962 0.391635373480405 0.52392059705047012 0.4674573324621934 0.23946486639231845 0.33946390216794686 0.034064427920258065 0.10590349445859831 0.17336044671821293 -0.15515269024543332 -0.82099572603084014 -1.4811030487836667 -0.99243099083038477 -0.65776864112565503 -0.76953272052067023 -0.4699823239441453 -0.56563833189769275 -0.65019468867977337 -0.46665143786802449 -0.53946016141173148 -0.33685497609786152 -0.37735520196811922 -0.40551951489677635 -0.2373095473384654 -0.24094331139150427 -0.23945215043274273 -0.23227456668568977 -0.22002447838113717 -0.11327244900915169 -0.091199052505700665 -0.064874488757230148 -0.034444696321789522 0 0.038436728075955308 0.080752249278200711 0.12683670041269768 0.17654857193367907 0.22961478041544753 0.19483643432431927 0.25149365302336146 0.30976876495430095 0.37010539074092319 0.43281610070101445 0.38279814877270829 0.52161666891153224 0.39900167330113712 0.53373572931340751 0.47382458990609905 0.23720065059884224 0.33793020776849325 0.021326877158930956 0.092711195834953047 0.15927104708757189 -0.18572096323049797 -0.87662315497451182 -1.5107293778640707 -1.0144579691188249 -0.67172867108240419 -0.78759881600186465 -0.48054440440607565 -0.57973892425349982 -0.6674046777864352 -0.47921376044053432 -0.55460457815094955 -0.34645294868493348 -0.38837049078204039 -0.41749638990338284 -0.2443772184094988 -0.24813677934911266 -0.24660670892633249 -0.23921197692847018 -0.2265875450712834 -0.11666090584627228 -0.093916832966109795 -0.066798904367400033 -0.035461012697013357 0 0.039556156857327301 0.083087320763228292 0.130476177983013 0.18157232864982301 0.23609027915819869 0.20013308494746074 0.25827615061389569 0.31804061949365092 0.37987896465020266 0.44410812007059719 0.39182742037275881 0.53367845850799578 0.40623809410749578 0.54337268227643731 0.47995505993869941 0.2346365999782567 0.33602371443290291 0.0081385388809237947 0.078986827634279444 0.14456040423344832 -0.21711952298496806 -0.93324501261488924 -1.5392430384931486 -1.0358168042654368 -0.68511695294504116 -0.80518067880661559 -0.49070565101478375 -0.59351636037086053 -0.68435879772360531 -0.49158252852392703 -0.56960702203923519 -0.35595140443945894 -0.39931991778677528 -0.42943223044939821 -0.25141372065146178 -0.25530715184341707 -0.25374463407036552 -0.2461378034410984 -0.23314286953080324 -0.12004447719544795 -0.096631722376756185 -0.068721769233668031 -0.036476673009145255 0 0.040674991751208429 0.085421036177094387 0.1341131736035425 0.18659191739068146 0.24255915902777628 0.20541976870925654 0.26504420425301783 0.32629223917391958 0.38962500468535133 0.45536359879236277 0.40079732304204596 0.54564960273208762 0.41334417902489889 0.55283087077245019 0.48584801722851217 0.23177175176216314 0.33374329778248918 -0.0055019839619410617 0.064728673417451366 0.12922648155984204 -0.2493517189012126 -0.99086682893434286 -1.6056594945711147 -1.0862905815856361 -0.71608617926771156 -0.84701683684762374 -0.51435508591946488 -0.62654614212105963 -0.72562455378463075 -0.5216576701820167 -0.60649198880888522 -0.37926214260422247 -0.42640521869166353 -0.4590921910009525 -0.2688685288560807 -0.27313194995226919 -0.27151660007185485 -0.26340160768863508 -0.24949721794565857 -0.12848195239304336 -0.10340622021015938 -0.073522086857375046 -0.039012928590948945 0 0.043469417933215064 0.091249275735055188 0.14319460460494027 0.19912238041289848 0.2587020347638711 0.21859236654731409 0.28190052446695241 0.34683199406295179 0.41386869185293479 0.48334122783926919 0.42296060933232732 0.57517862512190654 0.43053620232688 0.57569045645701578 0.49953639203516415 0.22328775863562622 0.32639896291897003 -0.041590554443820947 0.02673720753518654 0.088151838600287732 -0.33359989354438419 -1.139330265619303 -1.6433368697095772 -1.1150585628104264 -0.73336963110092479 -0.87102144163568773 -0.52764412055534393 -0.64564864923067355 -0.74982783901846151 -0.53929542065831571 -0.62833648029603062 -0.3930594945726788 -0.44254217765299275 -0.47682610247088919 -0.27929914822061602 -0.28379978666764377 -0.28216404545594381 -0.27375213804949872 -0.25930718838110023 -0.13354468547999288 -0.10747236896680876 -0.076403731573142897 -0.040535459625715489 0 0.045146144658077328 0.094745350064564388 0.14864007060244436 0.20663240084685219 0.26837178816884444 0.22646910758022107 0.29197280317595353 0.35909513303653934 0.42833006679445274 0.50001336960962206 0.43606921074092792 0.59260519620509822 0.44043264767014972 0.5888323593505147 0.50698865601904597 0.21723546164396917 0.32079885240698447 -0.064685056511261371 0.0022419457425915772 0.061522325301632819 -0.38681711464939661 -1.2316625864308424 -1.6477034877828589 -1.1168955879764444 -0.73494078436525923 -0.87236183557799396 -0.5287832586272686 -0.64660843051983352 -0.75062769888533254 -0.53995204223761462 -0.62886567292909157 -0.39347603423963379 -0.44286044907367911 -0.47706002953328014 -0.27949601597594759 -0.28396258573599853 -0.28229612484672789 -0.27385695463996451 -0.25938751067292481 -0.13360316931997226 -0.10751237628934257 -0.076428059522331795 -0.040546484046723411 0 0.045153947404799458 0.094759106964813947 0.14865800778065835 0.20665211656798793 0.26839130044100973 0.22648691758288256 0.29198720034208087 0.35910409819493827 0.42833238627228432 0.50000783196799692 0.43604341181579048 0.59255509637751735 0.44035445560872227 0.58872318687769865 0.50684627684461669 0.21705768011472346 0.3205840051879667 -0.064939379532404584 0.0019451444912219032 0.061178717064215724 -0.38731511432673266 -1.2324141368210728 -1.6503725263697484 -1.1180289113970081 -0.7359122000633106 -0.87319256479705065 -0.52949107849902111 -0.64720650347461783 -0.75112770911720039 -0.54036404251922598 -0.62919916137536425 -0.39373988409790217 -0.44306328658029243 -0.47721026518889487 -0.27962297260143826 -0.28406809612734557 -0.28238221551524534 -0.27392570060558363 -0.25944057239838053 -0.13364213801556565 -0.10753928181731179 -0.07644458731777562 -0.040554061324115868 0 0.045159583779013343 0.094769270557324911 0.1486716276919344 0.20666774192762574 0.2684077451814032 0.22650327551838195 0.29200243938802639 0.35911700531676238 0.42834220160802805 0.50001386363159284 0.43603909071922481 0.59253798240968669 0.44032226120535906 0.58867412168786248 0.50677901198750264 0.21697090330457991 0.32047663264016013 -0.065068828607243681 0.0017917755618935543 0.060998769242245655 -0.38758430140944439 -1.2328330534102743 -1.6520104657877368 -1.1187340288281611 -0.73651855139659672 -0.87371287716179291 -0.52993607485272343 -0.64758403966019451 -0.75144480994835927 -0.54062668476823272 -0.62941303650722258 -0.39391030125311927 -0.44319542660684802 -0.47730909511388991 -0.27970700165372142 -0.2841383822415634 -0.28243998864015446 -0.27397218749858415 -0.25947678184723055 -0.13366902503366779 -0.1075580560883095 -0.076456258586833858 -0.04055948623107631 0 0.045163839293204916 0.094777115070923915 0.14868242548674598 0.20668062176335267 0.26842199139637274 0.22651834223108197 0.29201771417716371 0.35913174906419471 0.4283559703960802 0.50002621673394587 0.43604697592261793 0.59253991764820768 0.4403168352612078 0.58866031588007617 0.5067559180560498 0.21693773489924351 0.32043275404274535 -0.065124327571582138 0.0017234473448271242 0.060916022476964059 -0.38771713204552499 -1.2330529442489466 -1.6530213700533394 -1.1191778992713255 -0.73690198265571549 -0.87404349274903437 -0.53022027535248339 -0.6478265482799449 -0.75164976651562221 -0.54079765594292084 -0.6295533929999656 -0.39402314633888047 -0.4432838667519472 -0.47737611104520461 -0.27976438160352202 -0.28418677948050497 -0.28248009313949057 -0.27400476454557965 -0.25950241897059861 -0.13368829907107774 -0.10757168461624785 -0.076464841261168176 -0.040563533509262777 0 0.045167186068661588 0.094783414010618405 0.14869129442574938 0.20669154434019946 0.26843453023566832 0.2265321892073659 0.29203248919988878 0.35914700534346489 0.42837146506967344 0.50004167055817716 0.4360613523449286 0.5925523269184334 0.44032645464766862 0.58866648030409841 0.50675812775122109 0.21693547924853998 0.32042557093776025 -0.065137013851543385 0.0017046234482373998 0.060889966966771944 -0.38776989027298708 -1.2331549923377354 
end_dependent_variable

end_regular_table
