# ****************************************************************************
# CUI
#
# The Advanced Framework for Simulation, Integration, and Modeling (AFSIM)
#
# The use, dissemination or disclosure of data in this file is subject to
# limitation or restriction. See accompanying README and LICENSE for details.
# ****************************************************************************

# ##################################################################################################
# 
# This file was auto-generated by AFSIM Mover Creator 2.8.0.201104
# 
# Creation Date:  05 Nov 2020
# 
# ##################################################################################################

regular_table

independent_variable mach precision double
0.10000000000000001 0.5 0.70000000000000007 0.75 0.80000000000000004 0.84999999999999998 0.90000000000000002 0.92000000000000004 0.94000000000000006 0.95999999999999996 0.97999999999999998 1 1.02 1.04 1.0600000000000001 1.0800000000000001 1.1000000000000001 1.2 1.3 1.4000000000000001 1.5 1.75 2 2.5 3 3.5 4 
end_independent_variable

independent_variable surface_angle units deg
-40 -30 -28 -26 -24 -22 -20 -18 -16 -14 -12 -10 -9 -8 -7 -6 -5 -4 -3 -2 -1 0 1 2 3 4 5 6 7 8 9 10 12 14 16 18 20 22 24 26 28 30 35 40 
end_independent_variable

dependent_variable precision double
-0.33319086428792682 -1.6122302503877171 -1.397524507518108 -1.1133551329294828 -1.3408285958566653 -1.0795091926723153 -1.2889631978348071 -1.2607220570857562 -1.0133040565986196 -1.027774070924875 -0.78941161264540227 -0.86160986838902998 -0.74111873737701972 -0.63441884656682423 -0.49689364352316173 -0.37910334658185463 -0.35003189452186767 -0.25934697725528849 -0.18696215446546796 -0.11935305141726285 -0.057378805555730508 0 0.052729116507438313 0.10361030638283462 0.14936581102544411 0.18643225140455894 0.26337595894872973 0.27299241456361439 0.26424435874725072 0.23739589523030874 0.245503089693733 0.32898484490658952 0.45091553985683885 0.43480830940160958 0.50205363043587781 0.4593842329825229 0.51091946041987613 0.48053332235714957 0.37223880138839888 0.33798995149215222 0.17121717248168472 0.17962908359010327 0.3125160564298714 0.31059694983255431 -0.33195860192563337 -1.6115096446656834 -1.3968927024367921 -1.1128071157615609 -1.3403593211953226 -1.0791129038212235 -1.2886343808960323 -1.2604549681283959 -1.0130923163565382 -1.0276116852648283 -0.78929207630650411 -0.86152680401995929 -0.74105144775498 -0.63436568941981197 -0.49685298979138903 -0.37907353088789769 -0.35001128155088002 -0.25933384881289795 -0.1869548323769116 -0.11934985310370588 -0.057378048151116086 0 0.052730040365224141 0.1036138395654186 0.14937363546541133 0.18644604543624016 0.26339740834231612 0.27302318389869062 0.26428611477352382 0.2374503048570536 0.24557178191691034 0.32906943474401917 0.45103676065747178 0.43497262717264784 0.50226725676959116 0.45965338687512808 0.51125003656195234 0.48093124505506363 0.37270977091529811 0.3385392056298146 0.17185021849002263 0.18035061455018422 0.31347961756155129 0.31182870272671193 -0.33208861063673079 -1.6115857345168232 -1.3969594224655417 -1.1128650056901142 -1.3404089483191937 -1.0791548277766705 -1.2886692128916331 -1.2604833293297599 -1.0131148168233552 -1.0276289947989792 -0.78930483764716797 -0.86153570075567698 -0.74105866634784834 -0.63437140220307653 -0.49685737414063852 -0.37907675830662507 -0.35001353375491867 -0.25933529555049478 -0.18695565140661813 -0.11935022113092594 -0.057378143269493594 0 0.052729957270281881 0.10361349553719869 0.14937285304056275 0.18644464730300134 0.26339521769954249 0.2730200250622124 0.26428181103793708 0.23744468028287999 0.24556466174547348 0.32906064893985004 0.45102411848205598 0.43495545614336484 0.5022448877866581 0.45962517247615853 0.51121533247591622 0.48088943879684076 0.37266026965852361 0.33848141271849586 0.17178358871283231 0.18027459299407148 0.31337796571157317 0.3116986549534122 -0.33211451883391147 -1.6116008893747868 -1.3969727071886548 -1.1128765322311596 -1.3404188316946557 -1.0791631727906936 -1.2886761461772391 -1.2604889796900931 -1.0131193008705783 -1.027632438974633 -0.78930738045612037 -0.86153746921391239 -0.74106010383051146 -0.63437253934718885 -0.4968582456362442 -0.37907740152450742 -0.35001398056077138 -0.25933558243747834 -0.18695581339986897 -0.11935029410926841 -0.057378162162323477 0 0.052729940555552732 0.10361342636454871 0.14937269656835844 0.18644436758061286 0.26339478049967247 0.27301939336512654 0.26428095227584336 0.23744355912746309 0.24556324296415871 0.32905889672561861 0.45102159900191885 0.43495203654115505 0.50224042831287896 0.45961955211457534 0.51120841776400439 0.48088110980342663 0.37265040306959596 0.338469897985469 0.17177031618070035 0.18025945090153328 0.31335771764027637 0.31167275135178468 -0.33213851068540112 -1.6116149412999792 -1.3969850184204124 -1.1128872221262116 -1.3404279861643167 -1.079170910425767 -1.2886825777816193 -1.2604942080254564 -1.0131234490594545 -1.0276356301395517 -0.78930973076245481 -0.86153911091147184 -0.74106143114755196 -0.63437359013319727 -0.49685905234731509 -0.3790779952125386 -0.35001439264466661 -0.25933584905934887 -0.18695596479781662 -0.11935036171017538 -0.057378179682870123 0 0.052729924981733511 0.10361336268103176 0.14937255174460504 0.18644410850630033 0.26339437460700876 0.27301880749591867 0.26428015472396549 0.23744251916015308 0.24556192573180466 0.32905727344218583 0.4510192637907004 0.43494886337548666 0.50223629537868686 0.45961434177846255 0.51120201137134003 0.48087339240155313 0.37264126474819892 0.3384592274300372 0.1717580130549885 0.18024541876275108 0.31333895418797691 0.31164874443709295 -0.33216083690415837 -1.61162800760666 -1.3969964790918614 -1.112897159627078 -1.3404365151281223 -1.0791781088492625 -1.2886885522561085 -1.2604990773970512 -1.0131273144303259 -1.0276386003349531 -0.78931192143714179 -0.86154063535859682 -0.7410626694257485 -0.63437456694356409 -0.49685980212458758 -0.37907854795546703 -0.35001477881474774 -0.25933609643734012 -0.18695610437178872 -0.1193504240692794 -0.057378195101110717 0 0.052729910413191534 0.10361330291490475 0.14937241670235893 0.18644386706423186 0.26339399683019488 0.27301826403983726 0.26427941353144152 0.23744155163663325 0.24556070309125419 0.32905576019672156 0.45101708776433891 0.43494591086019951 0.50223245107076731 0.45960949244858551 0.5111960427051192 0.48086620763706261 0.37263275614524655 0.33844929050361444 0.17174656342563221 0.18023235705162288 0.3133214893624236 0.31162640570821842 -0.33218173339524859 -1.6116402280762414 -1.397007203708871 -1.1129064596225906 -1.3404444867534469 -1.0791848438878091 -1.2886941504058511 -1.2605036345263363 -1.0131309320242867 -1.027641375219343 -0.78931396913906238 -0.86154206074601936 -0.74106383130287323 -0.63437548873494665 -0.49686050607398236 -0.37907906501903099 -0.35001514069860673 -0.25933632686922903 -0.18695623475465448 -0.11935048240727442 -0.057378210367761903 0 0.052729896897797189 0.10361324665926983 0.149372289191714 0.18644364157894544 0.2633936440097881 0.27301775438022019 0.26427871912420248 0.23744064583394625 0.24555955685177605 0.32905434396849198 0.45101505349802895 0.43494314701790293 0.50222885556099284 0.45960495587163586 0.51119046695869863 0.48085948600221301 0.37262479951929728 0.33844000486920595 0.1717358569993544 0.1802201443689514 0.31330515963851474 0.31160551381268159 -0.33119735874774486 -1.6253305805536888 -1.4088193886152707 -1.1223778989878082 -1.3530282566706924 -1.0893345050557981 -1.3012955532565396 -1.2729725398164289 -1.0230188593054239 -1.0380018017593906 -0.79716887532635694 -0.86990129366619429 -0.74820526554751476 -0.64041553405832241 -0.50161949209788215 -0.38271167480952167 -0.35356102117910254 -0.26197844021194988 -0.18884614859163587 -0.12054689714394104 -0.057946933253871 0 0.053239262179266798 0.1045913083793639 0.1507562323898371 0.18814767190083045 0.26607526784467839 0.27577838848925729 0.26697058188357159 0.23991449131062742 0.24802272754766944 0.332839867320049 0.45537648653627089 0.43886744628550145 0.50752848049000288 0.46418382043824663 0.51706409813454768 0.48611278277628983 0.37672558814870055 0.34425114979736021 0.17615091886708439 0.18716589477489332 0.32386962797542701 0.32571878264460308 -0.33017601665318458 -1.6390656322922321 -1.4206689617682167 -1.1318793072320898 -1.3656626726991421 -1.0995248152195869 -1.3139514295483354 -1.2854962734775224 -1.0329488721778268 -1.0484090376598552 -0.80505824280129268 -0.87829516232631666 -0.75537578992485299 -0.64647946588013039 -0.50639752412401184 -0.38635881350533186 -0.35712286376478086 -0.26463256939447954 -0.19074452279740897 -0.12174857563045263 -0.058518099356273306 0 0.053750696105933284 0.10557312984919824 0.15214525276153598 0.18985773634365591 0.2687690835545965 0.27855142159235252 0.26967472272288756 0.24240012726629381 0.25049684573213771 0.33664649927300794 0.45975600855278537 0.4428056113583867 0.51285433811331227 0.46878335424584106 0.52297098582270074 0.49139409501294373 0.38084878826990431 0.35010913497826107 0.18060845689704194 0.19418447647837461 0.33453954365524941 0.33997626154488608 -0.32911768321469076 -1.6528453705775072 -1.4325559315928893 -1.1414107237240079 -1.3783477711436658 -1.1097557835702814 -1.3266617703965025 -1.2980748485303508 -1.0429209754668265 -1.0588630892779178 -0.81298206344505886 -0.8867236706326066 -0.76257540772836752 -0.65256728339614856 -0.51119460824147911 -0.39002048995290139 -0.36070066650253141 -0.26729871219563378 -0.19265135486356752 -0.12295551663175423 -0.059091709249412976 0 0.05426419824217648 0.10655871327080874 0.15353935204929114 0.19157383519464383 0.27147509090976463 0.2813368521576548 0.27239114244637214 0.2448975455821347 0.25298190677133131 0.34047424066988685 0.4641536064119493 0.44675764951285113 0.51820642613314449 0.47340355675827112 0.52891112642330762 0.49670342700135756 0.38499442040971266 0.35601396477768393 0.18510846197471312 0.20127588289243564 0.34531490782687008 0.35437795518567622 -0.32802239580942982 -1.6666697966860569 -1.444480284251568 -1.1509721255368583 -1.3910835116144578 -1.1200273976488271 -1.3394265735032642 -1.3107082561412395 -1.0529351468073973 -1.0693639592432571 -0.82094034846569919 -0.89518682501883873 -0.76980411395401172 -0.65867898379798351 -0.51601073432730171 -0.39369670056514583 -0.36429443008168733 -0.26997687054299208 -0.19456664910482549 -0.12416772239456078 -0.059667762815209822 0 0.054779768974150524 0.10754805717617147 0.15493852916165879 0.19329596711342459 0.27419329260368774 0.2841346820170027 0.27511984222844454 0.24740674842827245 0.25547791255453334 0.34432309401270922 0.46856928908785711 0.45072356077442582 0.52358474827700396 0.47804441799297415 0.53488451528975356 0.50204077289496662 0.38916246054359477 0.36196563112788005 0.18965094183594589 0.20844012062956693 0.35619571992861049 0.36892385332910227 -0.49109934695262752 -1.6805389172048406 -1.4564420444070547 -1.1605635137429369 -1.4038699266378221 -1.1303396657272191 -1.3522458510723676 -1.3233965023865315 -1.0629914018754818 -1.079911639054099 -0.82893308282554246 -0.90368461951079404 -0.77706191202291952 -0.66481456603887024 -0.52084591612984299 -0.39738744872490289 -0.36790415240871877 -0.27266704527907243 -0.19649040169155516 -0.12538519170615683 -0.060246260088768773 0 0.055297408241219641 0.10854116220355772 0.15634278425820672 0.1950241326744423 0.27692368665772482 0.28694491116401355 0.27786081793310691 0.24992773894500184 0.2579848613456458 0.34819305427189728 0.47300305664433584 0.45470334161985315 0.52898929514953719 0.48270594047750442 0.54089116268544069 0.50740613649786759 0.39335292064551985 0.36796414480286843 0.1942358947701732 0.2156771708224694 0.36718197015662368 0.37982852921958266 -0.56400317610841066 -1.7740365438831804 -1.5356919825261519 -1.1701848875763177 -1.4167069959933247 -1.1406925706487259 -1.3651195896235231 -1.3361395630629798 -1.0730897368414527 -1.090506135373996 -0.83696028490680141 -0.9122170577849148 -0.78434880235634996 -0.67097403283784451 -0.52570014572177359 -0.40109272807499063 -0.37152983714092019 -0.27536923169343275 -0.19842261166634961 -0.12660792388678346 -0.060827200706275196 0 0.05581711534926382 0.10953802759661603 0.15775211689852772 0.19675833268191881 0.27966627219106144 0.28976753929231713 0.28061407518991188 0.25246051238358447 0.26050275643814857 0.35208413148107565 0.47745490659212741 0.45869699809994491 0.53442007862259022 0.48738813102859913 0.54693105620237525 0.51279951421021042 0.39756579596674957 0.37400949239895231 0.19030240531525333 0.2147538934677628 0.37146321622931794 0.39616993941603712 -0.63826485071771422 -1.8128470216258745 -1.570556506218346 -1.2576584016121579 -1.4964709337188962 -1.2087373661106044 -1.4273325059147166 -1.3908746713962339 -1.1185577038339762 -1.1307642643094789 -0.8697037824568199 -0.92078413575626483 -0.79166478435432808 -0.6771573886500396 -0.53057342242652583 -0.4048125433896782 -0.3751714801486763 -0.27808343493053955 -0.20036328455663807 -0.12783591985235998 -0.061410585446420043 0 0.056338890976446274 0.1105386551903763 0.15916652911870716 0.19849856479978115 0.28242105161636305 0.29260256420626013 0.28337960910970139 0.25500507502460967 0.2630315951513022 0.35599631361521328 0.47139383014071767 0.45212794243378585 0.52932283049598361 0.48150615065166713 0.54245752840455796 0.50760322874597374 0.39106924380753133 0.36946205694843992 0.19278937791310344 0.2203377093479944 0.38156535105399603 0.41228421653938263 -0.69928831370561073 -1.8375894940295545 -1.5913080430924009 -1.2743390303225357 -1.5145105972119668 -1.2232010910137903 -1.4430710413649546 -1.4055455005729471 -1.129263249910178 -1.1409498218797858 -0.87571440796761757 -0.94676812680893341 -0.81375556149535044 -0.69562810555005905 -0.54612347602311362 -0.41711246343510872 -0.38545255362460368 -0.28563881462681479 -0.20626281586830164 -0.13156961315055024 -0.063176904196582132 0 0.057177965303671321 0.11276985226908809 0.16263162938603135 0.20234295461580176 0.28791012972025709 0.29872199929435495 0.28930284065308948 0.26111148838288928 0.26946506394727771 0.36410462603631527 0.49048421977220424 0.47058917162270947 0.54926559174696576 0.5002852669709047 0.56235261796509339 0.52633540470599716 0.40810447045916365 0.3881988177897836 0.20972265888019115 0.24038164517522237 0.4061027019100526 0.44277075827430296 -0.67399086217725701 -1.8456235241071897 -1.5996923770263654 -1.2822569044225642 -1.5270053436041635 -1.234705758502523 -1.4582241563375227 -1.4216733117026377 -1.1432968686648219 -1.1560918359616594 -0.8881528689941971 -0.95978508784406424 -0.82516527797407635 -0.70545890041576353 -0.55482285298886447 -0.4241078794016182 -0.39176707391676474 -0.29036240949117659 -0.21032169210135102 -0.13421254625698961 -0.064458697399523937 0 0.057597334272429676 0.11432400721077367 0.16522114320106118 0.20513206701068651 0.29228255444097739 0.30367321879006914 0.29401851203054674 0.26601653791282437 0.27469146537381228 0.37099787303822096 0.49786800299218387 0.47733201655891222 0.55745623871222605 0.50732421494075852 0.57050888832854596 0.53337612533391154 0.4135159996365374 0.39532640479006742 0.21511840118337966 0.2486967882301889 0.41835431616805069 0.45895172050019351 -0.67317697499693452 -1.8598921925412821 -1.6119917705362858 -1.2921262560946394 -1.5401520784920912 -1.2453100337511698 -1.4713875072650899 -1.4346921486170601 -1.153606083483188 -1.1669039031573107 -0.89633788678973025 -0.96846735590985822 -0.83257645828665128 -0.71171907642739318 -0.5597552007304083 -0.42787152977085374 -0.39545573684425001 -0.29311129528542917 -0.21228459266769387 -0.13545369831167708 -0.065047852611487239 0 0.058125796742294324 0.11533401826678155 0.16664607440639165 0.20688535305276737 0.29506527517449871 0.30653286928229023 0.29680715991074197 0.26857810967923973 0.27722991811194797 0.3749450797854661 0.50235584467449168 0.48133572254371487 0.56293384525576262 0.51201974691898711 0.57659792439379565 0.53878362449195405 0.41770459859047165 0.40142184123546615 0.21975463221950162 0.25609449316801913 0.42952015372241492 0.4737154525382033 -0.66883717657222164 -1.9319906576339836 -1.6741231710577189 -1.3419869305756067 -1.6067006456190964 -1.2989893231794647 -1.5380628996613563 -1.5006450689860702 -1.2058140267654733 -1.2216924979855575 -0.9378008745483708 -1.0124154637477858 -0.87008358113536821 -0.74339082031081161 -0.58471426368898394 -0.4469173151160109 -0.41414594336561505 -0.30704149604878389 -0.22223098385559822 -0.14174166154326548 -0.068031849839530839 0 0.060799279053619537 0.12044199388900087 0.17384967629285325 0.21574501497459705 0.30916559904149188 0.32102194634624837 0.3109392505074271 0.28156828253257593 0.2900926438921419 0.39500473276212456 0.52507349650649993 0.50156966442917494 0.59072329571723481 0.53581522607944132 0.60755012061748148 0.56624953460332361 0.43899207449736266 0.43261100639480909 0.2435830411994879 0.29418920121698333 0.48695717467718114 0.54975386526782122 -0.66405286917775608 -2.0053501614219842 -1.7373141195202382 -1.3927059594225553 -1.6746090402617249 -1.3537666924754022 -1.6061705526405685 -1.5680301151351317 -1.2591258354615915 -1.2776954594536036 -0.98016074783362361 -1.0572584579190225 -0.90834292985681153 -0.7756807994366518 -0.61016892036130588 -0.46634237076598567 -0.43324767746488191 -0.3212813064447656 -0.2323971622269192 -0.1481666007754599 -0.071079538283683671 0 0.0635247240829971 0.12564647663937309 0.18118479419995365 0.22475999673383612 0.32357700015017965 0.3358288873585078 0.32538588004200747 0.2948620177172967 0.30323911929726372 0.41560331564701042 0.5482546667503122 0.52216191764160425 0.61918089059707804 0.56013931206757595 0.63934598292549027 0.59442784686361927 0.46085177209565586 0.46498444983050369 0.26848745556255166 0.33412409744912058 0.54706765246029199 0.62947952177979527 -0.6588300397981437 -2.0799734290683389 -1.8015670390569294 -1.4442854509731762 -1.7438790324738889 -1.4096436321300738 -1.6757116832584014 -1.6368482574918972 -1.313542267327205 -1.3349133200073502 -1.0234178525885214 -1.1029965106291584 -0.94735463753054239 -0.80858908931240514 -0.6361191928953871 -0.4861466805725142 -0.45276090250527867 -0.33583069762351209 -0.24278306089082644 -0.15472845873936963 -0.074190882799133315 0 0.066302139681163691 0.1309474231473646 0.18865132629150994 0.23393019164343984 0.33829929534861797 0.35095343024488063 0.34014676129240684 0.3084589340577934 0.31666885209250201 0.43674023925190458 0.57189857652348497 0.54311150141335329 0.64830536407568939 0.58499050162687172 0.67198366837332757 0.6233164194897336 0.48328117480934801 0.49853912839274067 0.29446425477868393 0.3758945173779164 0.60984333792606993 0.71287629410776776 -0.65317238938557476 -2.1558624703616549 -1.8668835871306533 -1.4967268604859885 -1.8145118622890317 -1.4666211003163259 -1.7466871072255519 -1.7071001003716153 -1.3690637248561837 -1.3933463044459424 -1.0675723182544803 -1.1496296394944816 -0.98711867466842818 -0.84211564934401884 -0.66256498210387094 -0.50633014324194459 -0.47268551795907898 -0.35068957690803371 -0.25338856199052823 -0.16142714788013193 -0.077365837526088332 0 0.069131533411634014 0.13634478190448321 0.19624915317887928 0.24325547007051138 0.35333227228395209 0.36639527016700374 0.35522157027212359 0.3223586045505798 0.33038131359775569 0.45841485751861777 0.59600443883753029 0.564417434210848 0.67809547037518481 0.61036732341437427 0.70546140384337774 0.65291317146198524 0.50627786307967115 0.53327208714080243 0.32150998107705259 0.4194960488893209 0.6752763799548086 0.79992898399132817 -0.63713162237404031 -2.3511285656147676 -2.0348336310926474 -1.6316055354942638 -1.9970598955007723 -1.6138824481478291 -1.9304024396763617 -1.8890031917302097 -1.5127022519233977 -1.5447447052342635 -1.181883665692699 -1.2701272727036754 -1.0898190444726532 -0.92863576720339935 -0.73084593933078046 -0.5584462843170771 -0.52429575340966583 -0.38918985039500265 -0.28086201105907832 -0.17877175771052795 -0.085581112858872058 0 0.076432460602267147 0.15025955249155759 0.21581720203621135 0.26724619453261711 0.39227241417337599 0.40638591722532647 0.39427978085946425 0.35842940428348197 0.36589580071047773 0.51494951977054637 0.65828478947239355 0.61923489683637389 0.75547485927817049 0.67609960278447701 0.79281972124887623 0.72999037018918433 0.5662365587396827 0.62524153796423698 0.39377975371340729 0.53648398630194316 0.85043767475054333 1.0334640342039565 -0.61799832378133668 -2.4695335099479769 -2.1365733123050883 -1.7131786986079072 -2.1090083977653555 -1.7040789875170503 -2.0436741734068034 -2.0013556539730906 -1.6012824107636552 -1.6384561802881294 -1.252544535148135 -1.3446138550022084 -1.1532681981137216 -0.98204197022207895 -0.77297415594841223 -0.59058690327210339 -0.55628764334843372 -0.41306560871609982 -0.29787023321558809 -0.18950248931880601 -0.090659755495746841 0 0.080963912113932265 0.1588587168835357 0.22788219232379237 0.28203793645471298 0.41647605045641078 0.43121834645985202 0.41854970704023275 0.38085760506852678 0.38791752369659338 0.55033886438432322 0.69690229001681259 0.65307118764450334 0.80378275619730066 0.71702354446951777 0.84768176297454656 0.7783186324300454 0.60390306252256865 0.68396660682943977 0.44038744785118533 0.61220617020662516 0.96356354179228176 1.1845880064258143 -0.58733983600170614 -2.4599820968253501 -2.1282598110115085 -1.7059198793304826 -2.1027643774848843 -1.69861111149577 -2.0389626654473751 -1.9972819296544033 -1.5978554582218736 -1.6355735761309522 -1.2502422472387327 -1.3427642552537036 -1.1516768729238545 -0.9807020473239777 -0.77176128222513718 -0.58959885518190203 -0.55551559487604618 -0.41249974165356162 -0.2973730060060687 -0.18918333772202464 -0.090507417813347216 0 0.08094489214838374 0.15871549886107664 0.22762655254899858 0.28178899677311314 0.4161382836777483 0.43080377745547421 0.41816192596234086 0.38041422896646881 0.38743039250261324 0.54981999387440261 0.69641782232888405 0.65264152703484557 0.80338524977991554 0.71672291359046825 0.84746132513738737 0.77821985675810934 0.60393279575187619 0.68408214159037506 0.44063152917136977 0.61246814227078794 0.96400367707191581 1.1851671584667747 -0.56877630303251892 -2.4542076003873281 -2.1232338663652435 -1.7015314196139995 -2.0989894739078956 -1.6953050654060153 -2.0361135973397908 -1.9948181093260007 -1.5957824552278419 -1.6338294921990999 -1.2488490006048147 -1.3416446170076539 -1.1507134471056855 -0.97989075984810947 -0.77102672644600789 -0.58900036575510728 -0.55504788053267473 -0.41215688912933995 -0.29707162755178229 -0.18898985073009539 -0.090415042765698769 0 0.08093333413258573 0.15862854477108509 0.22747130295334367 0.28163765068503888 0.41593287329960515 0.43055153870919577 0.41792564304065544 0.38014389586767366 0.3871331348872783 0.54950310048140971 0.6961208327874866 0.65237663104994914 0.80313858346104705 0.71653356786217137 0.84731900276910177 0.77814956968648441 0.60393857338350265 0.68413792394716166 0.44076312411425211 0.61260829132536487 0.96424567762772717 1.1854866157954991 -0.5575465198359435 -2.4507226085615135 -2.1202007935834342 -1.6988829971894535 -2.0967112705269728 -1.6933094719528226 -2.0343935430450886 -1.9933302721649298 -1.5945302933541978 -1.6327756067455024 -1.2480068769668673 -1.3409675598967836 -1.1501307635097331 -0.97940000391153015 -0.77058219060503408 -0.58863810595434607 -0.55476470764967567 -0.41194926123720238 -0.29688900968148019 -0.18887257843516828 -0.090359034859798418 0 0.080926303813788278 0.15857572319519841 0.22737695401186989 0.28154553425693474 0.41580776670341957 0.43039780915659426 0.41778132703202697 0.37997861264749727 0.38695118002126833 0.54930884006425706 0.69593774658563279 0.65221199216462988 0.80298379373984941 0.71641217951532732 0.84722466563564669 0.77809727037607268 0.60393067413814139 0.68415846607003716 0.44082765461720258 0.61267587148849112 0.96436926354258823 1.1856508863982897 -0.55076228589221909 -2.4486247436245834 -2.1183750747548702 -1.6972887614825491 -2.095339843835033 -1.6921078879719478 -2.0333576364169055 -1.9924338163225437 -1.5937755592668228 -1.632140028970305 -1.2474988015391053 -1.3405587796937797 -1.1497788813617134 -0.97910354285875267 -0.77031349531034354 -0.5884190659312899 -0.55459342244551768 -0.41182363237554187 -0.29677842423561795 -0.18880152862936395 -0.090325082737114079 0 0.080922020774147743 0.15854361224580513 0.22731956193491495 0.28148936335250624 0.41573142147994069 0.4303038951969978 0.41769287763199425 0.37987719102196976 0.38683932904302565 0.54918916164617215 0.69582404302500001 0.6521084907321365 0.80288521146411107 0.71633262346817439 0.84716016002527617 0.7780568109979048 0.60391549604710293 0.68415879797110279 0.44085280888834733 0.6127009683152207 0.96442304300409842 1.1857235216699535 
end_dependent_variable

end_regular_table
