# ****************************************************************************
# CUI
#
# The Advanced Framework for Simulation, Integration, and Modeling (AFSIM)
#
# The use, dissemination or disclosure of data in this file is subject to
# limitation or restriction. See accompanying README and LICENSE for details.
# ****************************************************************************

# ##################################################################################################
# 
# This file was auto-generated by AFSIM Mover Creator 2.5.0.200324
# 
# Creation Date:  24 Mar 2020
# 
# ##################################################################################################

regular_table

independent_variable mach precision double
0.10000000000000001 0.5 0.70000000000000007 0.75 0.80000000000000004 
end_independent_variable

independent_variable surface_angle units deg
-20 -16 -14 -12 -10 -9 -8 -7 -6 -5 -4 -3 -2 -1 0 1 2 3 4 5 6 7 8 9 10 12 14 16 18 20 
end_independent_variable

dependent_variable precision double
-3.585382843840923e-06 -2.6865717420852585e-06 -2.2712414323081717e-06 -1.8786279326882822e-06 -1.5087312604688896e-06 -1.3323017231388473e-06 -1.1615513897850458e-06 -9.9648026328136845e-07 -8.3708833788004896e-07 -6.8337560783332131e-07 -5.3534208607365933e-07 -3.929877625424722e-07 -2.5631264083211378e-07 -1.2531671986487792e-07 0 0 0 0 0 0 0 0 0 0 0 0 0 0 0 0 -4.2502248628874696e-06 -3.112070994085213e-06 -2.5970145265822405e-06 -2.1179715791431039e-06 -1.6749422954619587e-06 -1.4669327631612173e-06 -1.2679266036917269e-06 -1.0779238745311501e-06 -8.9692456131007101e-07 -7.2492862092024316e-07 -5.6193608928520533e-07 -4.0794694485083419e-07 -2.6296123431773031e-07 -1.2697891637382402e-07 0 0 0 0 0 0 0 0 0 0 0 0 0 0 0 0 -5.4563842437319827e-06 -3.8840130088614124e-06 -3.1880325928478464e-06 -2.5521889911935473e-06 -1.9764821636641516e-06 -1.7111800703720655e-06 -1.4609121303768418e-06 -1.2256784241472072e-06 -1.0054789114487987e-06 -8.0031359228161607e-07 -6.1018246664565936e-07 -4.3508556471670106e-07 -2.7502284123108241e-07 -1.2999431882063282e-07 0 0 0 0 0 0 0 0 0 0 0 0 0 0 0 0 -6.0082455722544208e-06 -4.2372042612999242e-06 -3.4584446485944871e-06 -2.7508590356647594e-06 -2.1144474656189885e-06 -1.8229319574546485e-06 -1.5492099600112974e-06 -1.2932814517348122e-06 -1.0551464326251926e-06 -8.3480492423656223e-07 -6.3225692656892089e-07 -4.4750243962226869e-07 -2.8054145261954395e-07 -1.3137397364354284e-07 0 0 0 0 0 0 0 0 0 0 0 0 0 0 0 0 -6.7487932592777725e-06 -4.7111548229535623e-06 -3.8213130643793303e-06 -3.0174562328815508e-06 -2.299584466406612e-06 -1.972892884840683e-06 -1.6676976040170611e-06 -1.3839985549625522e-06 -1.1217957376771566e-06 -8.8108915216087406e-07 -6.6187884439583426e-07 -4.6416476839990742e-07 -2.8794693566862614e-07 -1.3322534332810724e-07 0 0 0 0 0 0 0 0 0 0 0 0 0 0 0 0 
end_dependent_variable

end_regular_table
