# ****************************************************************************
# CUI
#
# The Advanced Framework for Simulation, Integration, and Modeling (AFSIM)
#
# The use, dissemination or disclosure of data in this file is subject to
# limitation or restriction. See accompanying README and LICENSE for details.
# ****************************************************************************

# ##################################################################################################
# 
# This file was auto-generated by AFSIM Mover Creator 2.5.0.200324
# 
# Creation Date:  24 Mar 2020
# 
# ##################################################################################################

regular_table

independent_variable mach precision double
0.10000000000000001 0.5 0.70000000000000007 0.75 0.80000000000000004 
end_independent_variable

independent_variable surface_angle units deg
-20 -16 -14 -12 -10 -9 -8 -7 -6 -5 -4 -3 -2 -1 0 1 2 3 4 5 6 7 8 9 10 12 14 16 18 20 
end_independent_variable

dependent_variable precision double
-5.9873889116742837e-07 -5.410901928342294e-07 -4.9542608134722984e-07 -4.3967877281361567e-07 -3.7592746992830246e-07 -3.4174063307279624e-07 -3.063486850680639e-07 -2.6996908115295523e-07 -2.3278901745113146e-07 -1.9496611208136086e-07 -1.5663078042190289e-07 -1.1788933028260993e-07 -7.8827333688277558e-08 -3.9512962738455942e-08 0 0 0 0 0 0 0 0 0 0 0 0 0 0 0 0 -5.9541693520240728e-07 -5.3897366989334186e-07 -4.938105107177421e-07 -4.3849639407973196e-07 -3.7511063188178506e-07 -3.4108125508147634e-07 -3.0582987444706383e-07 -2.695740285600072e-07 -2.3250083594912398e-07 -1.9476800094967546e-07 -1.5650590445332386e-07 -1.1782088731957731e-07 -7.8798512233111242e-08 -3.9506951293475845e-08 0 0 0 0 0 0 0 0 0 0 0 0 0 0 0 0 -5.8932720564659321e-07 -5.3507692006447995e-07 -4.9082744879595894e-07 -4.3630505821391466e-07 -3.7358918092391113e-07 -3.3984904608847481e-07 -3.048564155192149e-07 -2.6882887665360382e-07 -2.3195355951599159e-07 -1.9438806210796461e-07 -1.5626289464592481e-07 -1.1768432614230269e-07 -7.8737930058835316e-08 -3.9491888553663759e-08 0 0 0 0 0 0 0 0 0 0 0 0 0 0 0 0 -5.8654020003007692e-07 -5.3329336809375556e-07 -4.8946189450087459e-07 -4.3530190057808225e-07 -3.7289258327252803e-07 -3.3928481230809483e-07 -3.0441065038503644e-07 -2.6848757860715046e-07 -2.3170283764328638e-07 -1.9421400968867355e-07 -1.5615150796615915e-07 -1.1762168051995899e-07 -7.8710113385048784e-08 -3.948494992214765e-08 0 0 0 0 0 0 0 0 0 0 0 0 0 0 0 0 -5.8280004234371559e-07 -5.3089973672245544e-07 -4.8762935719266461e-07 -4.3395556681318896e-07 -3.71957677486502e-07 -3.3852756566465374e-07 -3.0381239126566194e-07 -2.6802955779848058e-07 -2.313663274860822e-07 -1.9398032706888436e-07 -1.5600198485762053e-07 -1.1753760004049377e-07 -7.8672751108536607e-08 -3.947562668612707e-08 0 0 0 0 0 0 0 0 0 0 0 0 0 0 0 0 
end_dependent_variable

end_regular_table
