# ****************************************************************************
# CUI
#
# The Advanced Framework for Simulation, Integration, and Modeling (AFSIM)
#
# The use, dissemination or disclosure of data in this file is subject to
# limitation or restriction. See accompanying README and LICENSE for details.
# ****************************************************************************

# ##################################################################################################
# 
# This file was auto-generated by AFSIM Mover Creator 2.5.0.200324
# 
# Creation Date:  24 Mar 2020
# 
# ##################################################################################################

regular_table

independent_variable mach precision double
0.10000000000000001 0.5 0.70000000000000007 0.75 0.80000000000000004 0.84999999999999998 0.90000000000000002 0.92000000000000004 0.94000000000000006 0.95999999999999996 0.97999999999999998 1 1.02 1.04 1.0600000000000001 1.0800000000000001 1.1000000000000001 1.2 1.3 1.4000000000000001 1.5 1.75 2 2.5 3 3.5 4 5 
end_independent_variable

independent_variable surface_angle units deg
-20 -16 -14 -12 -10 -9 -8 -7 -6 -5 -4 -3 -2 -1 0 1 2 3 4 5 6 7 8 9 10 12 14 16 18 20 
end_independent_variable

dependent_variable precision double
0.10950604003065832 0.22871639407159364 0.048307071380234982 0.096798439950299103 -0.021080224180521547 -0.0019475642385747367 0.015191900610534242 0.030331941352430003 0.043470244165101035 -0.02616226798255095 -0.016739420523221762 -0.0094191934753869826 -0.004192363430993962 -0.001052755528720053 0 -0.0010520832437057796 -0.004187124127614128 -0.0094056064726661878 -0.016721296156611859 0.054657315774265677 0.043519116602853181 0.030395961731838336 0.015270273756544894 -0.001845682534981512 0.138364689372863 0.096966099833878702 0.048526011811073827 0.22898619490644331 0.17244938282280667 0.41076018133929737 0.10949738161051088 0.22871046191684682 0.048302150969817027 0.096794618415702527 -0.021083172625503511 -0.001950062628215739 0.015189818299531935 0.030330237565362624 0.043468887072067225 -0.026163335658199231 -0.016740203060774325 -0.0094197302757963678 -0.0041926858447093335 -0.0010528990208923011 0 -0.001051979241936112 -0.0041869475890200037 -0.0094053930090965583 -0.016721084582227021 0.054657471374395 0.043519196635590777 0.030395927812384087 0.015270096201798339 -0.0018460386749390447 0.13836403279527529 0.096964882912631736 0.048524110146211365 0.22898327537171342 0.17244549522399036 0.41075489505675772 0.10949796010179376 0.22871081404944266 0.048302398224032837 0.096794787068381322 -0.021083074845878454 -0.0019499912113057527 0.015189866588240208 0.03033026750607919 0.043468901698937357 -0.026163333883510484 -0.016740208828512744 -0.0094197406376887172 -0.0041926963497217438 -0.0010529060301972439 0 -0.0010519687333456996 -0.0041869227433775713 -0.0094053498011504155 -0.01672101987764785 0.05465756010883225 0.04351931450927226 0.030396077601838975 0.015270281513652145 -0.0018458138333246399 0.13836429350277674 0.096965237793132736 0.048524571966021265 0.22898384441707234 0.17244619330639543 0.41075571376074943 0.10949807846208347 0.22871088870086603 0.048302450949462984 0.096794823363628574 -0.021083052404653035 -0.0019499746809388124 0.015189879125557474 0.030330275563738577 0.043468907037315603 -0.026163332652677968 -0.016740209322276954 -0.0094197417969612059 -0.0041926978667943815 -0.0010529071966257338 0 -0.0010519668441609066 -0.0041869180883976169 -0.0094053420225751506 -0.016721008120334915 0.054657576496079135 0.043519335605169122 0.030396105281258599 0.015270315891090581 -0.0018457715413468829 0.13836434422452604 0.096965305975529367 0.048524660729082542 0.22898395318831802 0.17244632975706076 0.4107558735686086 0.10949818978086623 0.22871095751299098 0.048302500469003785 0.096794857826939071 -0.021083031623620314 -0.0019499581505718721 0.01518989094727444 0.03033028365002198 0.043468911717341581 -0.026163330505877075 -0.016740208885760773 -0.0094197428417376466 -0.004192699069002887 -0.0010529083201182058 0 -0.0010519652447942352 -0.0041869142134219909 -0.0094053347735441085 -0.016720997364862406 0.054657591709741535 0.043519355470233473 0.030396131014245414 0.015270348007232069 -0.0018457326270025442 0.13836438842000062 0.096965366715682899 0.048524742336140812 0.22898405440282457 0.1724464536131608 0.41075602061015842 0.10949829488823834 0.22871102380620276 0.048302548328351867 0.09679489283410575 -0.021083010413227403 -0.0019499417490129853 0.01518990209632712 0.030330290834648992 0.043468915996631365 -0.026163328287516135 -0.01674020809860044 -0.0094197431279777651 -0.0041927001674493475 -0.0010529089641584759 0 -0.0010519638189606364 -0.0041869105638604577 -0.0094053285764455052 -0.016720988169398539 0.054657605005595106 0.043519373861161184 0.030396154228319153 0.015270377117852289 -0.0018456983497481519 0.13836442981032199 0.096965424679307216 0.048524817817660493 0.22898414628590311 0.17244656819508086 0.41075615634522333 0.10949839490053634 0.22871108620654898 0.048302593153554695 0.096794924177398919 -0.021082991607251508 -0.001949927236638892 0.015189912873267646 0.030330298792124333 0.04346892099152147 -0.026163325525298979 -0.016740207325752116 -0.0094197434285298916 -0.0041927011299317521 -0.0010529098801268606 0 -0.001051962529091095 -0.0041869076012752138 -0.0094053231092592095 -0.016720979503478901 0.054657616727128031 0.043519390305656096 0.030396175095223917 0.015270405541496224 -0.0018456648453420844 0.1383644689107224 0.096965478406577779 0.048524888032361983 0.2289842329594115 0.17244667298758887 0.41075628446630114 0.10977192736768562 0.22890098351258542 0.048452517061156268 0.096907049206960208 -0.021002008540999425 -0.0018829428121620404 0.01524402134696865 0.030372603782357392 0.043500473663604732 -0.026141160132305958 -0.016725976929663579 -0.0094117298816116298 -0.0041891391178025643 -0.0010520195173522227 0 -0.0010510717204974696 -0.0041833438402188918 -0.0093973068316102019 -0.016706745142964698 0.054679786974753487 0.043550948215933562 0.030438487201386363 0.015324520976556951 -0.0017786703452130025 0.13844546428529964 0.097077619328190548 0.048674836304722587 0.22917416547298275 0.1726776827788937 0.41102988045585787 0.11004376043869099 0.22909012545384394 0.048601979572583318 0.097018913506120852 -0.02092115877104651 -0.0018160488052143529 0.015298072017339789 0.030414872580389659 0.043532005823720993 -0.026119005999999272 -0.016711751614337175 -0.0094037187276607755 -0.0041855778899713061 -0.0010511296590757966 0 -0.0010501810679047101 -0.0041797811382510153 -0.0093892931730582968 -0.016692517451845298 0.054701945480809214 0.043582484973066146 0.030480760854051065 0.015378578093055597 -0.0017117670068373969 0.13852632334088208 0.097189500091882902 0.048824323100761437 0.22936334231263672 0.17290753637765549 0.41130177875526186 0.10905571339130696 0.22865190402367122 0.048341567344978034 0.096884822684527111 -0.020966893335829948 -0.0018300210213016881 0.015309071761449465 0.030444908712242567 0.043563516183789681 -0.026096862939460428 -0.016697532590568609 -0.0093957094342706996 -0.0041820176181820486 -0.0010502400412410711 0 -0.0010492906400104446 -0.004176219263517085 -0.0093812818330513605 -0.016678294781377601 0.054724091747237393 0.043614000697274696 0.030510929881466975 0.015390108858386632 -0.0017245127298081623 0.13848286700701357 0.097060693011016455 0.048574324803960664 0.22894291267526545 0.17225767317027479 0.41035512414743325 0.10716455939201089 0.22734201398936574 0.047293529932911395 0.096074988850465767 -0.021562751310596137 -0.0023306087808986262 0.014896618680185769 0.03011074255001572 0.043308822186514939 -0.02627360998508908 -0.016809515327303771 -0.0094598431676290277 -0.0042125090464325311 -0.0010593914141050719 0 -0.0010581242562858284 -0.0042048081295423352 -0.0094406794831795437 -0.016783920408421193 0.054558413532633833 0.043376252178087667 0.030199016793306759 0.015004847661122435 -0.0021898756485447938 0.13793083257784125 0.096308525145916216 0.047601530141527904 0.2277255867076842 0.17077594194831089 0.40859303411233711 0.1053415217022237 0.22610177050425165 0.046315636234776088 0.09533565538552552 -0.022087863711504674 -0.0027603608925968943 0.01455506966965907 0.029847534821249494 0.043112587535667199 -0.026411344402971038 -0.016897349244555531 -0.0095108004324341317 -0.0042373383016176278 -0.0010672076814700999 0 -0.0010656097459991723 -0.0042276657470363983 -0.0094867523980970477 -0.016865239257233461 0.054431927326735477 0.043197069589698808 0.02995806272253701 0.014690491301718756 -0.0025844042246377023 0.1374495471345088 0.095626866351636711 0.046698888284012703 0.22657792178449399 0.16936322067751108 0.40689910810870267 0.10351546258767351 0.22486005105058182 0.045336778571512845 0.094595726907522631 -0.022613320905812379 -0.0031903693208731819 0.014213335925483607 0.029584198610742921 0.042916268489782423 -0.02654913506703661 -0.016985216010723482 -0.0095617758877988741 -0.0042621752523683562 -0.0010750252097228574 0 -0.0010730969638872419 -0.0042505304504046352 -0.0095328426019178104 -0.016946590657272196 0.054305387135950463 0.043017801627331695 0.029716981045921683 0.014375953964136689 -0.0029791837932423956 0.13696791876406278 0.094944619150716544 0.045795300139559389 0.22542880923051997 0.1679483861875008 0.4052022022194714 0.10168632030064158 0.22361683387410713 0.044356939539722348 0.093855189608233705 -0.023139133564550933 -0.003620640265688493 0.013871412988038307 0.029320730065703984 0.042719860984250908 -0.026686981250235896 -0.017073115694505255 -0.0096127691644734975 -0.0042870195337285618 -0.001082844848996501 0 -0.0010805861282081285 -0.0042734032801298848 -0.00957895042095557 -0.017027976406125352 0.054178789296405232 0.042838444495442343 0.029475768065238425 0.01406122918507432 -0.0033742243212398584 0.13648593895944677 0.094261770662350308 0.044890738297814044 0.22427821768529455 0.16653139614909104 0.40350225945996027 0.099854034089524799 0.22237208174071277 0.04337609107642322 0.093114025649174481 -0.023665312450348853 -0.0040511786331984866 0.013529295647752982 0.029057126352355495 0.042523360324734673 -0.026824888379681569 -0.017161051788030315 -0.0096637803082564224 -0.0043118718641609469 -0.0010906664518773692 0 -0.0010880773019346589 -0.0042962840945232868 -0.0096250775096782207 -0.017109396981813931 0.054052133550483689 0.042658996631159699 0.029234419046075644 0.013746311978228756 -0.003769531063998697 0.13600360002652639 0.093578303277045818 0.043985185424074986 0.22312611356712683 0.16511220793540313 0.40179922566208887 0.10052257310224451 0.22272092762445686 0.043615036107936649 0.093269594372240583 -0.023567772854809165 -0.0039757528158333357 0.013586617281299106 0.02909946410563272 0.0425531375638485 -0.026805000467654407 -0.017148656815115623 -0.009657222690223068 -0.0043093580504710693 -0.0010903017247162309 0 -0.0010876600132158516 -0.004293460019442339 -0.0096177647644462086 -0.017096017033746479 0.054073674378984082 0.042691191769192727 0.029279782603589717 0.013807137185121131 -0.0036898437609722695 0.13610605194906308 0.093739152283058569 0.044229190848874722 0.22347857124015705 0.16560293970343787 0.40246398126739613 0.10086587965573314 0.22296198098619949 0.043806473030881955 0.09341383532574403 -0.023463478026781934 -0.0038894939548796974 0.013656193942102763 0.029153792989951067 0.04259370424073089 -0.026776475906903355 -0.017130352666811031 -0.0096468475850284563 -0.0043046567182227135 -0.0010890620573981299 0 -0.001086432784462173 -0.0042888369209124312 -0.00960758434260694 -0.01707797171234576 0.054101749920583399 0.042731079146746696 0.029333220519735574 0.013875627793660784 -0.0036049918560813717 0.13620859826214174 0.093881089289834657 0.044417622422302169 0.22371593070749748 0.16589021468470283 0.40280214966188255 0.1025306367377572 0.22413824571694352 0.044742872834513545 0.094120736216471573 -0.02295135844276551 -0.0034655731383594242 0.013998413813599135 0.029421196363426123 0.042793481439379638 -0.026635951987453364 -0.017040140443373486 -0.0095957165696079986 -0.0042815026046249607 -0.0010829688281797565 0 -0.0010803997515410743 -0.0042660505328410763 -0.0095573692096990355 -0.016988981319173226 0.054240160300233972 0.042927649969441185 0.029596438862285454 0.014212731523745036 -0.003187697755959468 0.13671247126829564 0.094577151583915386 0.045339897134723042 0.22487483680688913 0.16728873067125982 0.4044427891245963 0.10411211036762892 0.22526821969545141 0.045646246539318432 0.094805009310466357 -0.022453992476015712 -0.0030532435010099572 0.014331746387347986 0.029681975653911917 0.042988474535155689 -0.026498696443567671 -0.016951970042273248 -0.0095457414204168575 -0.0042588947946085856 -0.0010770402621685204 0 -0.0010745253886745969 -0.0042437759707286225 -0.0095082224680397183 -0.016901916119801033 0.054375503559748753 0.04311974156361497 0.029853433027917983 0.014541442378641359 -0.0027813552887078429 0.13720239298823983 0.095251645112459996 0.046230537791269677 0.2259891914635109 0.16862654640618654 0.40600262958490485 0.10561416301228202 0.22635449499775542 0.046518621355075757 0.09546817803489599 -0.021970297108413805 -0.0026516211333401669 0.014656899706910601 0.029936670853395173 0.043179085695427874 -0.026364426899367712 -0.016865660087458153 -0.009496818432659487 -0.0042367840405609092 -0.0010712605982678041 0 -0.0010687952192686618 -0.0042219661194512863 -0.0094600496870133385 -0.016816606774574066 0.054508042639302125 0.043307729619425792 0.030104705139051981 0.014862416850065393 -0.0023851387946998252 0.13767936646460338 0.095905995923747253 0.047091444854596022 0.22706141764273211 0.16990666689551265 0.40748528104595594 0.1070402408882675 0.22739940545405157 0.047361824982200935 0.096111622009891789 -0.021499298207582788 -0.0022599068243104891 0.014974501325126472 0.030185770745505124 0.043365681336174071 -0.026232889001882698 -0.016781047593803781 -0.0094488526318640149 -0.0042151241003905177 -0.0010656169020021771 0 -0.0010631961156357577 -0.0042005793096035748 -0.0094127631912710886 -0.01673289978722789 0.054638016778386568 0.043491952730311832 0.030350711176198909 0.015176244793032806 -0.001998304965591322 0.13814430056701599 0.09654148711773991 0.047924332330541747 0.22809370061612633 0.17113179075384327 0.40889400853430452 0.11029277921607566 0.22984399454702487 0.049352663803617434 0.097641761794593884 -0.020371779768569916 -0.0013194158192651113 0.015739105862602132 0.030786836140795353 0.043816669963051343 -0.025914530521853042 -0.016576014547096243 -0.0093325938455702633 -0.0041626926567460481 -0.0010520216680889255 0 -0.0010496949563270055 -0.0041487217416200589 -0.0092979316697766028 -0.016529768090518676 0.054953091511757465 0.043937965287379796 0.030945292731846763 0.015932940444427751 -0.0010680395310393698 0.13925913355950259 0.098055049019641419 0.049893711730148047 0.2305121309401163 0.17396937865838558 0.41211088706794013 0.11223564648327028 0.23133406815714436 0.05057519550004367 0.098587395818998683 -0.019671920957279144 -0.0007346003471577565 0.016215173632289425 0.031161486030380173 0.044098132878749606 -0.025715640080784613 -0.016447840765339727 -0.0092598009077665827 -0.0041297508019647019 -0.0010434064934566592 0 -0.0010411534974706905 -0.0041162279599668465 -0.0092262518482402883 -0.016403077390384862 0.055149417956949352 0.044215543423726952 0.031314878675905371 0.01640282750275994 -0.0004912172427281251 0.1399490737212688 0.098987679727866484 0.051099369857729546 0.23198158567253852 0.17567796969369429 0.41402546236165577 0.11295767058450765 0.23181922111668626 0.050955286885873217 0.098872683045822668 -0.019469865487641808 -0.00056937525066444591 0.016346525645440396 0.031262730878330001 0.044173484874787769 -0.025662821479487591 -0.016414155956436437 -0.0092403692109677676 -0.004120425814449406 -0.0010405654887038023 0 -0.0010384139469504312 -0.0041075247933326352 -0.0092083661343305874 -0.016371452866306625 0.055198663565946188 0.04428546988140708 0.031409029634956682 0.016525494418184284 -0.00033726099040628111 0.14013706020275898 0.099254369934082112 0.051455056410912199 0.23243651081666863 0.17624104179379224 0.4147047090218921 0.11339618243390627 0.23211386181191748 0.051186115498631571 0.099045936462086828 -0.019347167228924305 -0.00046904078941686418 0.016426290032931189 0.031324214969905416 0.044219244222240814 -0.025630748703381143 -0.016393699877807512 -0.0092285711088140807 -0.0041147642711122853 -0.0010388409277597083 0 -0.0010367511244222594 -0.0041022383318930003 -0.0091975030355294814 -0.016352250304724016 0.055228572509864099 0.044327940186759153 0.031466212968726329 0.016599994563624772 -0.00024376580747031751 0.14025123623437824 0.099416343772170304 0.051671082974575594 0.23271282441572483 0.1765830351921055 0.41511727263191578 0.11366268887396472 0.2322929133080561 0.051326380599764881 0.099151214719570169 -0.019272606543698396 -0.00040807565117933955 0.016474755780720572 0.031361571452390338 0.044247045580153806 -0.02561126190535919 -0.016381271546469206 -0.0092214040855648511 -0.0041113249171681977 -0.0010377927164395941 0 -0.0010357404463379044 -0.0040990263241643694 -0.0091909025530381265 -0.016340578291343267 0.055246749473096081 0.044353748597835363 0.031500965524837936 0.016645273027675909 -0.00018694141881137565 0.1403206285679941 0.099514792626626172 0.051802389046187267 0.23288076721903919 0.17679091393074783 0.41536805361225154 0.11382482186155975 0.23240183654722987 0.051411713931913926 0.099215252073017637 -0.0192272641049804 -0.00037098895000769035 0.016504234362617793 0.031384293050010489 0.044263953497812959 -0.02559940999006291 -0.016373711730215058 -0.009217044076054207 -0.0041092342551103883 -0.0010371570129126804 0 -0.0010351265686201546 -0.0040970730573642485 -0.0091868869619520944 -0.016333478391402225 0.055257803350937294 0.044369450156508006 0.031522109653155758 0.016672811474038519 -0.00015237363069734629 0.1403628441196392 0.099574675777209409 0.051882262920524037 0.2329829474997018 0.1769174020086566 0.41552064449920012 0.11398393873700841 0.23250870486858086 0.051495419130259359 0.099278072047233962 -0.019182776665501392 -0.00033462328769878486 0.016533140607394702 0.031406575125926102 0.044280536532935712 -0.025587791503584641 -0.016366303406544516 -0.0092127699385796194 -0.0041071843464896909 -0.0010365337966110097 0 -0.0010345256432678434 -0.0040951579678401573 -0.0091829458648573416 -0.016326513167437728 0.055268649275331191 0.044384856744736793 0.031542851184744536 0.016699843990988703 -0.00011844902413337054 0.14040426535495082 0.09963345633084969 0.051960670959205348 0.23308325748741915 0.17704156953791103 0.41567047173778837 
end_dependent_variable

end_regular_table
