# ****************************************************************************
# CUI
#
# The Advanced Framework for Simulation, Integration, and Modeling (AFSIM)
#
# The use, dissemination or disclosure of data in this file is subject to
# limitation or restriction. See accompanying README and LICENSE for details.
# ****************************************************************************

# ##################################################################################################
# 
# This file was auto-generated by AFSIM Mover Creator 2.5.0.200324
# 
# Creation Date:  24 Mar 2020
# 
# ##################################################################################################

regular_table

independent_variable mach precision double
0.10000000000000001 0.5 0.70000000000000007 0.75 0.80000000000000004 0.84999999999999998 0.90000000000000002 0.92000000000000004 0.94000000000000006 0.95999999999999996 0.97999999999999998 1 1.02 1.04 1.0600000000000001 1.0800000000000001 1.1000000000000001 1.2 1.3 1.4000000000000001 1.5 1.75 2 2.5 3 3.5 4 
end_independent_variable

independent_variable alpha units rad
-1.0471975511965976 -0.95993108859688125 -0.87266462599716477 -0.78539816339744828 -0.69813170079773179 -0.6108652381980153 -0.52359877559829882 -0.48869219055841229 -0.4537856055185257 -0.41887902047863912 -0.38397243543875248 -0.3490658503988659 -0.31415926535897931 -0.27925268031909273 -0.24434609527920614 -0.20943951023931956 -0.17453292519943295 -0.13962634015954636 -0.10471975511965978 -0.087266462599716474 -0.069813170079773182 -0.05235987755982989 -0.034906585039886591 -0.017453292519943295 0 0.017453292519943295 0.034906585039886591 0.05235987755982989 0.069813170079773182 0.087266462599716474 0.10471975511965978 0.13962634015954636 0.17453292519943295 0.20943951023931956 0.24434609527920614 0.27925268031909273 0.31415926535897931 0.3490658503988659 0.38397243543875248 0.41887902047863912 0.4537856055185257 0.48869219055841229 0.52359877559829882 0.6108652381980153 0.69813170079773179 0.78539816339744828 0.87266462599716477 0.95993108859688125 1.0471975511965976 
end_independent_variable

dependent_variable precision double
8.00765976722818 9.8684334607466866 13.854954399229975 16.670944581574979 18.943077177850665 20.214887147647726 20.459051978934294 19.951590265439595 21.162747883460604 20.251614865543317 19.435162542286179 20.376363403925044 19.708064190303606 19.409346339270463 20.029944373200035 19.580177214500377 19.400247856691827 19.088240384668513 19.446685982872484 19.36536623549523 19.381727018840568 19.304401060316827 19.249086569148755 19.216189886518698 19.205032248335321 19.216189886518698 19.249086569148755 19.304401060316827 19.381727018840568 19.36536623549523 19.446685982872484 19.088240384668513 19.400247856691827 19.580177214500377 20.029944373200035 19.409346339270463 19.708064190303606 20.376363403925044 19.435162542286179 20.251614865543317 21.162747883460604 19.951590265439595 20.459051978934294 20.214887147647726 18.943077177850665 16.670944581574979 13.854954399229975 9.8684334607466866 8.00765976722818 8.0395271903215519 9.9049335697092733 13.895873636745328 16.715976868360123 18.991886846910095 20.267098168566889 20.514257629487989 20.007875301228744 21.220046708885071 20.30984915182113 19.494261095596542 20.436258206465759 19.768677209659359 19.470607946806876 20.091777850305782 19.642504693481797 19.46299725264354 19.151332258591257 19.510043949071278 19.428828010897242 19.445277896084932 19.368017019563862 19.312748255522145 19.279877919321684 19.268727162067375 19.279877919321684 19.312748255522145 19.368017019563862 19.445277896084932 19.428828010897242 19.510043949071278 19.151332258591257 19.46299725264354 19.642504693481797 20.091777850305782 19.470607946806876 19.768677209659359 20.436258206465759 19.494261095596542 20.30984915182113 21.220046708885071 20.007875301228744 20.514257629487989 20.267098168566889 18.991886846910095 16.715976868360123 13.895873636745328 9.9049335697092733 8.0395271903215519 8.0361769875103679 9.9010863229641952 13.891563235726183 16.711236468425415 18.98675304934228 20.261609697506923 20.508455613748279 20.001959958979928 21.214025460870456 20.303728736743793 19.488048937176693 20.429962165365964 19.762304594823906 19.464166820335048 20.085275911115399 19.635949691759468 19.45639744332534 19.144695466947756 19.503378290785907 19.422150946795441 19.43859178767314 19.361323571446512 19.306049507907506 19.273175912562724 19.262023933425738 19.273175912562724 19.306049507907506 19.361323571446512 19.43859178767314 19.422150946795441 19.503378290785907 19.144695466947756 19.45639744332534 19.635949691759468 20.085275911115399 19.464166820335048 19.762304594823906 20.429962165365964 19.488048937176693 20.303728736743793 21.214025460870456 20.001959958979928 20.508455613748279 20.261609697506923 18.98675304934228 16.711236468425415 13.891563235726183 9.9010863229641952 8.0361769875103679 8.0354629449668078 9.9002665142382433 13.89064467703389 16.710226228905452 18.985658886788876 20.260439897948196 20.507218959361882 20.00069915302614 21.212742062085756 20.302424216046191 19.486724880921653 20.428620231519876 19.760946358000023 19.462793981003241 20.083890131872781 19.634552619491746 19.454990832499988 19.143280990663719 19.501957685235819 19.42072791854714 19.437166823945475 19.359897053427048 19.304621869003533 19.271747588775991 19.260595359011706 19.271747588775991 19.304621869003533 19.359897053427048 19.437166823945475 19.42072791854714 19.501957685235819 19.143280990663719 19.454990832499988 19.634552619491746 20.083890131872781 19.462793981003241 19.760946358000023 20.428620231519876 19.486724880921653 20.302424216046191 21.212742062085756 20.00069915302614 20.507218959361882 20.260439897948196 18.985658886788876 16.710226228905452 13.89064467703389 9.9002665142382433 8.0354629449668078 8.034356640641823 9.898996845399811 13.889221933161972 16.708661318013103 18.983963789233695 20.258627472272472 20.505302894992997 19.998745654835869 21.21075354681852 20.300403007004906 19.484673440000346 20.426541113392538 19.758842030349093 19.460667063167531 20.08174317753398 19.63238822466964 19.452811673011748 19.141089691884641 19.499756925877282 19.418523423844086 19.434959320756985 19.357687162002065 19.302410264374181 19.26953494424821 19.25838234789596 19.26953494424821 19.302410264374181 19.357687162002065 19.434959320756985 19.418523423844086 19.499756925877282 19.141089691884641 19.452811673011748 19.63238822466964 20.08174317753398 19.460667063167531 19.758842030349093 20.426541113392538 19.484673440000346 20.300403007004906 21.21075354681852 19.998745654835869 20.505302894992997 20.258627472272472 18.983963789233695 16.708661318013103 13.889221933161972 9.898996845399811 8.034356640641823 8.452574140348931 9.8932783905043706 13.882813604820976 16.701611930395355 18.976327048542483 20.250461443880955 20.496669661431788 19.989943738699658 21.201793692887165 20.291296056972804 19.475430492732748 20.417173446037758 19.749361034665988 19.451084313167229 20.072070327934593 19.622637041078715 19.442994073189343 19.131217608227239 19.489842390466062 19.408592186013355 19.425014449853183 19.34773164459736 19.292447131590837 19.259567231198353 19.248413090276088 19.259567231198353 19.292447131590837 19.34773164459736 19.425014449853183 19.408592186013355 19.489842390466062 19.131217608227239 19.442994073189343 19.622637041078715 20.072070327934593 19.451084313167229 19.749361034665988 20.417173446037758 19.475430492732748 20.291296056972804 21.201793692887165 19.989943738699658 20.496669661431788 20.250461443880955 18.976327048542483 16.701611930395355 13.882813604820976 9.8932783905043706 8.452574140348931 9.7487068137344206 10.050868767187167 13.91999072372534 16.676066480815251 18.948080324028908 20.220256619555489 20.464736509108668 19.957386607874678 21.16865228428896 20.257610690524647 19.441242181148048 20.382523880100969 19.714292398499591 19.415639370396367 20.036292237450215 19.586569370681676 19.406680798515431 19.09470295058895 19.453170832439973 19.3718589299312 19.388230712746491 19.310908596404804 19.255595990522295 19.22269922092136 19.211539441453645 19.22269922092136 19.255595990522295 19.310908596404804 19.388230712746491 19.3718589299312 19.453170832439973 19.09470295058895 19.406680798515431 19.586569370681676 20.036292237450215 19.415639370396367 19.714292398499591 20.382523880100969 19.441242181148048 20.257610690524647 21.16865228428896 19.957386607874678 20.464736509108668 20.220256619555489 18.948080324028908 16.676066480815251 13.91999072372534 10.050868767187167 9.7487068137344206 10.281941917765499 10.138794405022169 13.986807203139486 16.734431192899979 18.963553248927141 20.236803284698151 20.480953849766951 19.972676115416512 21.185370863858587 20.272841213030535 19.455130871121579 20.397505948976239 19.728167167244671 19.428940914620789 20.050290330117665 19.599812580388353 19.419556350694911 19.107056200622132 19.465941515789662 19.384488936379451 19.400859800358869 19.32341263695918 19.268010597831232 19.235060564885956 19.223882759525743 19.235060564885956 19.268010597831232 19.32341263695918 19.400859800358869 19.384488936379451 19.465941515789662 19.107056200622132 19.419556350694911 19.599812580388353 20.050290330117665 19.428940914620789 19.728167167244671 20.397505948976239 19.455130871121579 20.272841213030535 21.185370863858587 19.972676115416512 20.480953849766951 20.236803284698151 18.963553248927141 16.734431192899979 13.986807203139486 10.138794405022169 10.281941917765499 10.819809893556489 10.230348184010863 14.057574737807322 16.797087852019345 19.0217210090929 20.258625494818858 20.502261914406748 19.993155823335286 21.207372806532273 20.293441805469769 19.474469805883647 20.418011788099076 19.747632515022307 19.44789302831115 20.069992081178157 19.618805597109997 19.438220872064214 19.12523051221979 19.484558273636431 19.402974845352592 19.419352842953582 19.341786895399828 19.286299898741841 19.253299287902966 19.242104352425876 19.253299287902966 19.286299898741841 19.341786895399828 19.419352842953582 19.402974845352592 19.484558273636431 19.12523051221979 19.438220872064214 19.618805597109997 20.069992081178157 19.44789302831115 19.747632515022307 20.418011788099076 19.474469805883647 20.293441805469769 21.207372806532273 19.993155823335286 20.502261914406748 20.258625494818858 19.0217210090929 16.797087852019345 14.057574737807322 10.230348184010863 10.819809893556489 11.361549060666352 10.324656342339992 14.13131414922093 16.862959196854842 19.083788643048685 20.317691157582267 20.530162758058044 20.017480637279245 21.23328885269715 20.318020769171849 19.497846507227099 20.44260986334919 19.771239584353285 19.471031305852353 20.093919340880454 19.642058326890545 19.461174098891654 19.147717316206137 19.507506039478173 19.425799058100491 19.442190144109851 19.364510055303288 19.308941417378797 19.275892218867519 19.264680816622228 19.275892218867519 19.308941417378797 19.364510055303288 19.442190144109851 19.425799058100491 19.507506039478173 19.147717316206137 19.461174098891654 19.642058326890545 20.093919340880454 19.471031305852353 19.771239584353285 20.44260986334919 19.497846507227099 20.318020769171849 21.23328885269715 20.017480637279245 20.530162758058044 20.317691157582267 19.083788643048685 16.862959196854842 14.13131414922093 10.324656342339992 11.361549060666352 11.591808680795031 10.420540025523236 14.206704315651359 16.930591930116552 19.14773167252466 20.378739658306021 20.587587842030199 20.065253770429937 21.272240676747575 20.346466860463448 19.523355352481701 20.469368831928723 19.797033687876116 19.496380083672594 20.120077895084453 19.667560392129353 19.486391982209049 19.172481336542702 19.532740797205321 19.450914109414267 19.467321437011179 19.389529655681333 19.333881125400936 19.300784390128133 19.289556872098036 19.300784390128133 19.333881125400936 19.389529655681333 19.467321437011179 19.450914109414267 19.532740797205321 19.172481336542702 19.486391982209049 19.667560392129353 20.120077895084453 19.496380083672594 19.797033687876116 20.469368831928723 19.523355352481701 20.346466860463448 21.272240676747575 20.065253770429937 20.587587842030199 20.378739658306021 19.14773167252466 16.930591930116552 14.206704315651359 10.420540025523236 11.591808680795031 11.580106824370477 10.470351203789148 14.283001481018987 16.999167873293612 19.21266363864542 20.440823111361489 20.64608933235596 20.121579234600649 21.328761177236959 20.400279351880862 19.568371357821952 20.507394799720938 19.826929450927555 19.522827065878865 20.147344958369697 19.694179955752954 19.512734965782208 19.198376688442504 19.55911176192572 19.477167270322479 19.493592405917202 19.415690148821206 19.359962599226172 19.326818848760784 19.315575388310343 19.326818848760784 19.359962599226172 19.415690148821206 19.493592405917202 19.477167270322479 19.55911176192572 19.198376688442504 19.512734965782208 19.694179955752954 20.147344958369697 19.522827065878865 19.826929450927555 20.507394799720938 19.568371357821952 20.400279351880862 21.328761177236959 20.121579234600649 20.64608933235596 20.440823111361489 19.21266363864542 16.999167873293612 14.283001481018987 10.470351203789148 11.580106824370477 11.569230757655369 10.480574205930123 14.320767629585346 17.068388505511315 19.278261283313956 20.503595745370063 20.705301688677455 20.178623245691231 21.38600719693649 20.454823737170042 19.620379226871322 20.559331493803192 19.876638534120765 19.567723277301504 20.186635315175387 19.727259824343534 19.540720829288198 19.224985399952566 19.586199143695236 19.504138059645452 19.520581985779458 19.442570021800258 19.386763998448355 19.353573562882808 19.34231427065065 19.353573562882808 19.386763998448355 19.442570021800258 19.520581985779458 19.504138059645452 19.586199143695236 19.224985399952566 19.540720829288198 19.727259824343534 20.186635315175387 19.567723277301504 19.876638534120765 20.559331493803192 19.620379226871322 20.454823737170042 21.38600719693649 20.178623245691231 20.705301688677455 20.503595745370063 19.278261283313956 17.068388505511315 14.320767629585346 10.480574205930123 11.569230757655369 11.749743397564242 10.491274801884506 14.338273144599972 17.095078154590713 19.333130794140864 20.567046492756983 20.765213169979624 20.236373850731532 21.443966605320636 20.510087649241353 19.673112108925995 20.611998075725381 19.927081751532452 19.61653667072401 20.235164773461261 19.774146748248192 19.586461347051944 19.266280137564767 19.62367949613418 19.539567875991008 19.554193808659125 19.474351273178165 19.41682101708 19.382018353766458 19.369759984935545 19.382018353766458 19.41682101708 19.474351273178165 19.554193808659125 19.539567875991008 19.62367949613418 19.266280137564767 19.586461347051944 19.774146748248192 20.235164773461261 19.61653667072401 19.927081751532452 20.611998075725381 19.673112108925995 20.510087649241353 21.443966605320636 20.236373850731532 20.765213169979624 20.567046492756983 19.333130794140864 17.095078154590713 14.338273144599972 10.491274801884506 11.749743397564242 12.281093723027311 10.576607441948184 14.383631914851074 17.124107932013747 19.359392598916774 20.603638605573671 20.814400106519802 20.28816231074445 21.499939552860486 20.566198761065593 19.726699604332357 20.665525870383544 19.978392028438616 19.66622219733236 20.284570767631706 19.82352463703555 19.636690047825507 19.317405524443465 19.676874996770263 19.593582081469926 19.609184329846556 19.530349450922778 19.47388333881749 19.440372229639241 19.428940750277999 19.440372229639241 19.47388333881749 19.530349450922778 19.609184329846556 19.593582081469926 19.676874996770263 19.317405524443465 19.636690047825507 19.82352463703555 20.284570767631706 19.66622219733236 19.978392028438616 20.665525870383544 19.726699604332357 20.566198761065593 21.499939552860486 20.28816231074445 20.814400106519802 20.603638605573671 19.359392598916774 17.124107932013747 14.383631914851074 10.576607441948184 12.281093723027311 12.699076981075891 10.667427263347635 14.461657888026043 17.194520666042841 19.421572204562661 20.657744953332415 20.863764380666055 20.335781184255012 21.548596058836431 20.613790674868511 19.775903904849585 20.71851668530352 20.032744201624624 19.722286782237187 20.343482977097224 19.882145498327983 19.695015736128035 19.375278856472089 19.735304505042453 19.652021654383642 19.667660711152084 19.588550536882678 19.531816188912057 19.498210809667061 19.486687340848299 19.498210809667061 19.531816188912057 19.588550536882678 19.667660711152084 19.652021654383642 19.735304505042453 19.375278856472089 19.695015736128035 19.882145498327983 20.343482977097224 19.722286782237187 20.032744201624624 20.71851668530352 19.775903904849585 20.613790674868511 21.548596058836431 20.335781184255012 20.863764380666055 20.657744953332415 19.421572204562661 17.194520666042841 14.461657888026043 10.667427263347635 12.699076981075891 12.683569349657226 10.678483982344668 14.482655202168008 17.22482730640651 19.457912260975377 20.697166079346651 20.903510990305683 20.374553217537578 21.588604868558186 20.651992824569128 19.812337946274596 20.755529039361967 20.06806444746195 19.756397911376894 20.377621068921467 19.914840091981134 19.726645343400811 19.40568465989621 19.765419896957663 19.681637407965933 19.696996474317366 19.617784533757018 19.560978331946135 19.527329313144648 19.51579184937934 19.527329313144648 19.560978331946135 19.617784533757018 19.696996474317366 19.681637407965933 19.765419896957663 19.40568465989621 19.726645343400811 19.914840091981134 20.377621068921467 19.756397911376894 20.06806444746195 20.755529039361967 19.812337946274596 20.651992824569128 21.588604868558186 20.374553217537578 20.903510990305683 20.697166079346651 19.457912260975377 17.22482730640651 14.482655202168008 10.678483982344668 12.683569349657226 12.61029671718777 10.730122033234816 14.569804728490253 17.335353323903266 19.586544419817372 20.836710995757741 21.046211528939178 20.514345023252854 21.737163237108696 20.794621217105473 19.949654482434084 20.899594397731462 20.207757808839006 19.894270277583335 20.519900397763148 20.054147322827419 19.864793866607521 19.541777954079855 19.904033218512637 19.819715148163663 19.835211093077564 19.755479636978283 19.6983062424579 19.664434556310834 19.652825382191196 19.664434556310834 19.6983062424579 19.755479636978283 19.835211093077564 19.819715148163663 19.904033218512637 19.541777954079855 19.864793866607521 20.054147322827419 20.519900397763148 19.894270277583335 20.207757808839006 20.899594397731462 19.949654482434084 20.794621217105473 21.737163237108696 20.514345023252854 21.046211528939178 20.836710995757741 19.586544419817372 17.335353323903266 14.569804728490253 10.730122033234816 12.61029671718777 12.547130220223975 10.780038793181644 14.654091980014298 17.442271382286627 19.710981166581075 20.971567156770686 21.183797491499643 20.648868974440301 21.880310148584936 20.931704451512129 20.081302162444757 21.037877436174995 20.341565828145438 20.026164833006007 20.65612017353024 20.187324074368302 19.996751851937578 19.671631588770715 20.036368654154547 19.951500218432361 19.967120511238598 19.886860243411803 19.829312565047296 19.795214394614199 19.783531854031878 19.795214394614199 19.829312565047296 19.886860243411803 19.967120511238598 19.951500218432361 20.036368654154547 19.671631588770715 19.996751851937578 20.187324074368302 20.65612017353024 20.026164833006007 20.341565828145438 21.037877436174995 20.081302162444757 20.931704451512129 21.880310148584936 20.648868974440301 21.183797491499643 20.971567156770686 19.710981166581075 17.442271382286627 14.654091980014298 10.780038793181644 12.547130220223975 12.496048260355435 10.831667177755655 14.739445516441297 17.549943311452619 19.835972985605984 21.106832045776041 21.321671932603468 20.783638378082856 22.023662159020233 21.068955173434919 20.213082514165926 21.17626118702168 20.475445549660556 20.15810513275488 20.792362829068061 20.320503927836114 20.128696247731686 19.801458036451287 20.168666357789188 20.083243635789351 20.098984692469017 20.018193222796985 19.960269151622029 19.9259436317008 19.914187082640506 19.9259436317008 19.960269151622029 20.018193222796985 20.098984692469017 20.083243635789351 20.168666357789188 19.801458036451287 20.128696247731686 20.320503927836114 20.792362829068061 20.15810513275488 20.475445549660556 21.17626118702168 20.213082514165926 21.068955173434919 22.023662159020233 20.783638378082856 21.321671932603468 21.106832045776041 19.835972985605984 17.549943311452619 14.739445516441297 10.831667177755655 12.496048260355435 12.45613398696735 10.885017739065306 14.825951757098419 17.658500817273975 19.96168537650243 21.242698909051089 21.460051653723582 20.918878555533375 22.167452605559433 21.206614136462044 20.345243156903148 21.314999566707062 20.609656653092976 20.290355993670925 20.928897690224606 20.453960131637135 20.260903646444032 19.931536613932892 20.301207788849688 20.21522767186455 20.231086592092808 20.149762040375503 20.091459864963603 20.056906328005702 20.045075230150175 20.056906328005702 20.091459864963603 20.149762040375503 20.231086592092808 20.21522767186455 20.301207788849688 19.931536613932892 20.260903646444032 20.453960131637135 20.928897690224606 20.290355993670925 20.609656653092976 21.314999566707062 20.345243156903148 21.206614136462044 22.167452605559433 20.918878555533375 21.460051653723582 21.242698909051089 19.96168537650243 17.658500817273975 14.825951757098419 10.885017739065306 12.45613398696735 12.399003395929459 11.024974489364944 15.046622872289035 17.933280235184831 20.278722355294523 21.584669438178167 21.807935617239107 21.258781857749177 22.528608084741439 21.552325833246826 20.677102447791917 21.663205398968575 20.946455564164975 20.622174864083451 21.271356608287586 20.78866198397975 20.592432550939552 20.25770202322072 20.633498204954822 20.546112761758188 20.562255326958287 20.47959089756263 20.42033693005974 20.385210820250869 20.373191282974876 20.385210820250869 20.42033693005974 20.47959089756263 20.562255326958287 20.546112761758188 20.633498204954822 20.25770202322072 20.592432550939552 20.78866198397975 21.271356608287586 20.622174864083451 20.946455564164975 21.663205398968575 20.677102447791917 21.552325833246826 22.528608084741439 21.258781857749177 21.807935617239107 21.584669438178167 20.278722355294523 17.933280235184831 15.046622872289035 11.024974489364944 12.399003395929459 12.311636409909235 11.100602550768365 15.173357081843449 18.093722973597991 20.465279638719654 21.78672861468867 22.013981722467445 21.460195904241321 22.7429199057195 21.757507715434542 20.874098995417157 21.870125478229863 21.14663623416536 20.819461135752789 21.475109286240201 20.987831497079668 20.789758121373715 20.451858161854204 20.831366988229053 20.743152198410371 20.759477903156199 20.67601791616265 20.616200556280823 20.580733833454691 20.56860369412728 20.580733833454691 20.616200556280823 20.67601791616265 20.759477903156199 20.743152198410371 20.831366988229053 20.451858161854204 20.789758121373715 20.987831497079668 21.475109286240201 20.819461135752789 21.14663623416536 21.870125478229863 20.874098995417157 21.757507715434542 22.7429199057195 21.460195904241321 22.013981722467445 21.78672861468867 20.465279638719654 18.093722973597991 15.173357081843449 11.100602550768365 12.311636409909235 12.018826603426689 11.054634590116333 15.14216844358414 18.069405655878224 20.445167575362035 21.769617458911117 21.999304415035816 21.446386583971503 22.729923141130868 21.745268175930214 20.862560282024894 21.859229268571053 21.136322252686014 20.809667904563206 21.465774321920929 20.978892080540238 20.781151738598791 20.443522628767901 20.82324115026578 20.735103558008117 20.751501370647578 20.668088020263845 20.608313454313631 20.572863083749475 20.560746634563891 20.572863083749475 20.608313454313631 20.668088020263845 20.751501370647578 20.735103558008117 20.82324115026578 20.443522628767901 20.781151738598791 20.978892080540238 21.465774321920929 20.809667904563206 21.136322252686014 21.859229268571053 20.862560282024894 21.745268175930214 22.729923141130868 21.446386583971503 21.999304415035816 21.769617458911117 20.445167575362035 18.069405655878224 15.14216844358414 11.054634590116333 12.018826603426689 11.840861351650993 11.026332430814465 15.12277963064404 18.054137358266221 20.432406609150732 21.758637613324066 21.989766376709142 21.437362546646991 22.721380433361201 21.737173886462458 20.854881029917891 21.851930516855205 21.129368291824981 20.803022269219504 21.459400030761557 20.972751921522654 20.77520867664046 20.43773984461134 20.817582417552202 20.729490431360407 20.745930964129236 20.662545116348241 20.602795949326708 20.567355157136184 20.555246898106954 20.567355157136184 20.602795949326708 20.662545116348241 20.745930964129236 20.729490431360407 20.817582417552202 20.43773984461134 20.77520867664046 20.972751921522654 21.459400030761557 20.803022269219504 21.129368291824981 21.851930516855205 20.854881029917891 21.737173886462458 22.721380433361201 21.437362546646991 21.989766376709142 21.758637613324066 20.432406609150732 18.054137358266221 15.12277963064404 11.026332430814465 11.840861351650993 11.732579340470265 11.008775527673363 15.110581737932234 18.044394810406143 20.424144717060145 21.751419884482203 21.983391232172558 21.431287651967036 22.715586643780888 21.731641982802383 20.849591571385176 21.846863354816961 21.124502535077845 20.798336589948509 21.454872753847063 20.96836127426894 20.770933046773493 20.433557692625683 20.813472599621679 20.725407133863261 20.741872649001888 20.658502755529589 20.598768470720287 20.563333174729674 20.551229775637957 20.563333174729674 20.598768470720287 20.658502755529589 20.741872649001888 20.725407133863261 20.813472599621679 20.433557692625683 20.770933046773493 20.96836127426894 21.454872753847063 20.798336589948509 21.124502535077845 21.846863354816961 20.849591571385176 21.731641982802383 22.715586643780888 21.431287651967036 21.983391232172558 21.751419884482203 20.424144717060145 18.044394810406143 15.110581737932234 11.008775527673363 11.732579340470265 11.666592020348638 10.997769895540804 15.102783447973369 18.038045839411716 20.41865715428461 21.746532576652815 21.978985887315591 21.427053816083628 22.711513480965049 21.727718519880082 20.845806649953222 21.843205475782813 21.12095970154558 20.794896626408381 21.4515232499452 20.965089798151663 20.767727166587118 20.430405122053724 20.810361247086352 20.722310815072504 20.738790633788959 20.655429755974019 20.595704020028052 20.560271765950951 20.548171220676558 20.560271765950951 20.595704020028052 20.655429755974019 20.738790633788959 20.722310815072504 20.810361247086352 20.430405122053724 20.767727166587118 20.965089798151663 21.4515232499452 20.794896626408381 21.12095970154558 21.843205475782813 20.845806649953222 21.727718519880082 22.711513480965049 21.427053816083628 21.978985887315591 21.746532576652815 20.41865715428461 18.038045839411716 15.102783447973369 10.997769895540804 11.666592020348638 
end_dependent_variable

end_regular_table
