# ****************************************************************************
# CUI
#
# The Advanced Framework for Simulation, Integration, and Modeling (AFSIM)
#
# The use, dissemination or disclosure of data in this file is subject to
# limitation or restriction. See accompanying README and LICENSE for details.
# ****************************************************************************

# ##################################################################################################
# 
# This file was auto-generated by AFSIM Mover Creator 2.5.0.200401
# 
# Creation Date:  01 Apr 2020
# 
# ##################################################################################################

regular_table

independent_variable mach precision double
0.10000000000000001 0.5 0.70000000000000007 0.75 0.80000000000000004 0.84999999999999998 0.90000000000000002 0.92000000000000004 0.94000000000000006 0.95999999999999996 0.97999999999999998 1 
end_independent_variable

independent_variable surface_angle units deg
-20 -16 -14 -12 -10 -9 -8 -7 -6 -5 -4 -3 -2 -1 0 1 2 3 4 5 6 7 8 9 10 12 14 16 18 20 
end_independent_variable

dependent_variable precision double
0.00012509760723373737 -3.2373075963991855e-05 -4.0800542109609009e-05 -4.5733382131950605e-05 -3.2242880735171263e-05 -2.5435764112526958e-05 -1.8864220323407363e-05 -1.2933462167115564e-05 -7.9194230717531557e-06 -3.8375975691728687e-06 -7.5171600767033328e-07 1.2504695649882448e-06 2.0976738915030208e-06 1.6263427960613843e-06 0 -2.7099244675560441e-06 -6.4163468166925031e-06 -1.1055830156414895e-05 -1.6615253502352081e-05 -2.2822142194639685e-05 -2.9276395972900708e-05 -3.5836353846453583e-05 -4.2121467038114331e-05 -3.9841043825654863e-05 -3.7618481286267036e-05 -2.8788796598488253e-05 4.0195773043767216e-06 0.0001290195259490524 0.00039072686690727344 0.0010329642352167373 0.00012511804801701258 -3.2358309449845567e-05 -4.0788968621911151e-05 -4.572384893433633e-05 -3.223594683802856e-05 -2.5429885910202897e-05 -1.8859368310158139e-05 -1.2929654823198892e-05 -7.9166159582071896e-06 -3.8355126862413388e-06 -7.5024077340041071e-07 1.2514315250709186e-06 2.0982167038128181e-06 1.6265540712247504e-06 0 -2.7100305619217909e-06 -6.4164726822880006e-06 -1.1056054467332017e-05 -1.6615423708032387e-05 -2.2822045397500801e-05 -2.9275872728147887e-05 -3.5835499008500792e-05 -4.2119998592936823e-05 -3.98386969262314e-05 -3.7614807097690326e-05 -2.8783289027690025e-05 4.0279499668738307e-06 0.00012903144897682896 0.00039074748184225836 0.0010329966974090496 0.00012512100893030998 -3.2356384263775604e-05 -4.0787528571155237e-05 -4.5722771118913806e-05 -3.2235229359778822e-05 -2.5429315292207673e-05 -1.8858931577243268e-05 -1.2929342465064458e-05 -7.9164139426695619e-06 -3.8353901239745e-06 -7.5017860620339096e-07 1.2514512197057809e-06 2.0982117265376805e-06 1.6265417547666312e-06 0 -2.709999681647895e-06 -6.4163937777151439e-06 -1.1055922162891639e-05 -1.6615216279325073e-05 -2.2821736805049628e-05 -2.9275440876416385e-05 -3.583493998000856e-05 -4.2119281759476774e-05 -3.9837793121862523e-05 -3.7613673870739971e-05 -2.878172569258637e-05 4.0300560867827558e-06 0.00012903418412181741 0.00039075124893764995 0.0010330017268801225 0.00012512158289202025 -3.2356016728075908e-05 -4.078725573737606e-05 -4.5722570217483651e-05 -3.2235097863762672e-05 -2.5429212094521355e-05 -1.885885399985094e-05 -1.2929288267913776e-05 -7.9163802061026313e-06 -3.8353711127749403e-06 -7.5017057418482441e-07 1.251451866236274e-06 2.0982085473275572e-06 1.6265382278331207e-06 0 -2.7099924733725416e-06 -6.4163759324986869e-06 -1.1055892188874541e-05 -1.6615169936980238e-05 -2.282166918255573e-05 -2.9275347736335285e-05 -3.5834820137556591e-05 -4.2119129536883723e-05 -3.9837603036326981e-05 -3.7613438371398549e-05 -2.8781402398094447e-05 4.0304879106615702e-06 0.00012903474085107034 0.0003907519997151794 0.0010330027074827047 0.00012512211053749761 -3.2355680406882357e-05 -4.0787006567239626e-05 -4.5722387654262518e-05 -3.2234979050467492e-05 -2.5429119205114441e-05 -1.885878452062731e-05 -1.2929240135685655e-05 -7.9163506140155023e-06 -3.8353549070372633e-06 -7.5016424675069231e-07 1.2514516235697402e-06 2.09820504432995e-06 1.6265347008996105e-06 0 -2.7099855199492732e-06 -6.4163587675841081e-06 -1.1055863416700881e-05 -1.6615125654341596e-05 -2.2821604937200119e-05 -2.9275259519216586e-05 -3.5834706800099638e-05 -4.211898587899188e-05 -3.9837424168461075e-05 -3.7613217512821963e-05 -2.8781099711805521e-05 4.030891308088199e-06 0.00012903525995969917 0.00039075269551707564 0.0010330036118636242 0.00012512259814613025 -3.2355370834016609e-05 -4.0786777679429736e-05 -4.57222207734967e-05 -3.2234870978560972e-05 -2.5429035065629091e-05 -1.8858721927284183e-05 -1.2929197104677126e-05 -7.9163245411153548e-06 -3.8353410315249985e-06 -7.5015935964862818e-07 1.2514506643928371e-06 2.0982012746428657e-06 1.6265311476801268e-06 0 -2.7099788387860178e-06 -6.4163424180569344e-06 -1.1055835858556208e-05 -1.6615083357251365e-05 -2.2821543738580281e-05 -2.9275176012683547e-05 -3.5834599448881398e-05 -4.2118850198109538e-05 -3.98372554807522e-05 -3.7613009683732271e-05 -2.8780815418038344e-05 4.0312695294711965e-06 0.00012903574586931791 0.00039075334347641168 0.0010330044503826879 0.00012512305138733264 -3.2355084211764817e-05 -4.0786566157770092e-05 -4.5722067181247775e-05 -3.2234771922569197e-05 -2.542895824304458e-05 -1.8858665077165081e-05 -1.2929158251571625e-05 -7.9163012688028685e-06 -3.835329008912726e-06 -7.5015553582288424e-07 1.2514491829780561e-06 2.0981973803150085e-06 1.6265276606107749e-06 0 -2.709972348413668e-06 -6.416326658310406e-06 -1.1055809417304278e-05 -1.661504285874839e-05 -2.2821485445692003e-05 -2.927509642920145e-05 -3.5834497538685533e-05 -4.2118721541674823e-05 -3.9837095983037346e-05 -3.7612813685071326e-05 -2.8780547365172863e-05 4.0316254742752615e-06 0.00012903620235257305 0.00039075394923335666 0.0010330052314917934 0.00012556109439399238 -3.204528272948961e-05 -4.0552621925993046e-05 -4.55011066515693e-05 -3.2092662288328275e-05 -2.5321542253102125e-05 -1.8781918860259902e-05 -1.2878650155838571e-05 -7.8873796345605203e-06 -3.8232402639163187e-06 -7.5010649810391229e-07 1.2442714212179696e-06 2.0886043907112208e-06 1.6193289047139055e-06 0 -2.6979747101129576e-06 -6.3875595736138315e-06 -1.100555029311801e-05 -1.6538681937947927e-05 -2.2714639942976411e-05 -2.913379398755016e-05 -3.565571709706317e-05 -4.1899235470011883e-05 -3.9572209951893239e-05 -3.7381302819991386e-05 -2.8474497786319704e-05 4.4105031662868632e-06 0.00012946666452299797 0.0003911462314113761 0.0010331247512235934 0.00012599828054393666 -3.1735811611832361e-05 -4.0318861178804032e-05 -4.5280238423466801e-05 -3.1950592686754158e-05 -2.5214150811403753e-05 -1.8705186676373938e-05 -1.2828149452487134e-05 -7.8584614846892975e-06 -3.8111528799414546e-06 -7.500577584086899e-07 1.2370938682137712e-06 2.079011787076042e-06 1.6121305004223923e-06 0 -2.6859780531320373e-06 -6.3587953901227516e-06 -1.095529782502758e-05 -1.6462334102618275e-05 -2.2607817918126144e-05 -2.89925304168301e-05 -3.5476997362321472e-05 -4.1679840240165611e-05 -3.9307454404737913e-05 -3.7149974111204839e-05 -2.8168776886996952e-05 4.7888314868898131e-06 0.00012989627145717676 0.0003915372780453217 0.0010332426514514479 0.00012643461014131668 -3.1426670766879181e-05 -4.0085283983049465e-05 -4.5059462249608379e-05 -3.1808563136229587e-05 -2.5106783892882019e-05 -1.8628468449469342e-05 -1.2777656085533405e-05 -7.8295467974640991e-06 -3.7990668356808259e-06 -7.5000930336792654e-07 1.2299165344102175e-06 2.0694195921790415e-06 1.6049324580765437e-06 0 -2.6739823141756735e-06 -6.33003416820786e-06 -1.0905052013450773e-05 -1.638599936863545e-05 -2.2501019418769273e-05 -2.8851305644345735e-05 -3.5298338260093722e-05 -4.1460535685855415e-05 -3.9042829409253358e-05 -3.6918827308873068e-05 -2.7863384630439031e-05 5.1666103943050776e-06 0.00013032502338405837 0.0003918802866010247 0.001032764148027574 0.0001241602333293792 -3.2338289255510861e-05 -4.0693375493963198e-05 -4.5406728014963444e-05 -3.1994975236605907e-05 -2.5226945285133222e-05 -1.8674331105304474e-05 -1.2776301746129227e-05 -7.821543179446729e-06 -3.7955242337807556e-06 -7.496521670259188e-07 1.2296702091472093e-06 2.0694539828663233e-06 1.6045139290511056e-06 0 -2.6710035419443608e-06 -6.3228338117215279e-06 -1.0904802204512962e-05 -1.6433438136855061e-05 -2.2623423839558177e-05 -2.9040750059496277e-05 -3.5564126180734488e-05 -4.1812961800666155e-05 -3.9481990684020974e-05 -3.7535001090727998e-05 -2.8787290507897744e-05 3.6976414793322311e-06 0.00012802235065099507 0.00038840884545256562 0.001027598864783716 0.00012193586793403611 -3.3397356634002487e-05 -4.1470304723867268e-05 -4.5915744114643333e-05 -3.2296051425214087e-05 -2.5430486128641057e-05 -1.8759031832876332e-05 -1.2780981665146711e-05 -7.8123597026751239e-06 -3.7914691385435115e-06 -7.4904933990510858e-07 1.2306021787100683e-06 2.0713743923397589e-06 1.6051514843641298e-06 0 -2.6678808332943297e-06 -6.3149438523722258e-06 -1.0911208480827948e-05 -1.6520538805810872e-05 -2.2830297776080855e-05 -2.9346210754562172e-05 -3.5972805638244661e-05 -4.2329025522237312e-05 -4.0093553669149865e-05 -3.8322326862966737e-05 -2.9861254046994129e-05 2.1324814464667399e-06 0.00012576750696955818 0.00038523185544816715 0.0010227228600723174 
end_dependent_variable

end_regular_table
