# ****************************************************************************
# CUI
#
# The Advanced Framework for Simulation, Integration, and Modeling (AFSIM)
#
# The use, dissemination or disclosure of data in this file is subject to
# limitation or restriction. See accompanying README and LICENSE for details.
# ****************************************************************************

# ##################################################################################################
# 
# This file was auto-generated by AFSIM Mover Creator 2.5.0.200401
# 
# Creation Date:  01 Apr 2020
# 
# ##################################################################################################

regular_table

independent_variable mach precision double
0.10000000000000001 0.5 0.70000000000000007 0.75 0.80000000000000004 0.84999999999999998 0.90000000000000002 0.92000000000000004 0.94000000000000006 0.95999999999999996 0.97999999999999998 1 
end_independent_variable

independent_variable surface_angle units deg
-20 -16 -14 -12 -10 -9 -8 -7 -6 -5 -4 -3 -2 -1 0 1 2 3 4 5 6 7 8 9 10 12 14 16 18 20 
end_independent_variable

dependent_variable precision double
-0.00072262806359768518 0.00040986850362913609 0.00043179835123932501 0.00046269619565181665 0.00031558785273100759 0.00024446331034742527 0.00017756350994342404 0.00011822269837596102 6.866320738174195e-05 2.9023962988895026e-05 -1.7772269990976297e-07 -1.8260733703893015e-05 -2.467742861441348e-05 -1.811809406014315e-05 0 2.928923321046181e-05 6.9017837028239655e-05 0.00011869329188299078 0.00017814162986000575 0.00024513046686306744 0.0003163301287681844 0.00039007324008145488 0.00046361590937235879 0.00047421490816103973 0.00043270823700562391 0.00041090943339310796 0.00020452929421690074 -0.00072168467543870496 -0.0027524608345286979 -0.0078457471078950645 -0.00072216536320787261 0.00041036464357875353 0.0004322397504429426 0.00046313954046587941 0.00031595858905953907 0.00024480331560472631 0.00017786730732059634 0.00011848298322874742 6.8876696268302016e-05 2.9201388223502005e-05 -3.5545097592743068e-08 -1.8153862910380724e-05 -2.4606919623333167e-05 -1.8135902902557183e-05 0 2.9254443091976363e-05 6.894762330418881e-05 0.0001185771033240411 0.00017798293295585553 0.00024493674884138822 0.00031610704645675266 0.00038981269514027874 0.00046332348600194119 0.00047389876684767997 0.00043242173093713216 0.00041057283327717718 0.00020422249480472416 -0.0007219766806539498 -0.0027519885236166417 -0.0078444214054091115 -0.00072213074160232043 0.00041040102890277949 0.00043227197024724764 0.00046317168329649915 0.00031598536764232383 0.00024482782494137853 0.00017788916602706043 0.00011850167938795828 6.8892005192634941e-05 2.9214086385982716e-05 -2.5389432814067757e-08 -1.8146244078763899e-05 -2.4601903060936174e-05 -1.8133415465090961e-05 0 2.9251982838732497e-05 6.8942667491287074e-05 0.00011856890820083673 0.00017797175598388169 0.00024492313464372756 0.00031609140895427312 0.00038979446575589078 0.00046330307330253009 0.00047387676339358763 0.00043240195673132145 0.00041054973636977133 0.00020420181921494311 -0.00072199596765916971 -0.0027519528561343429 -0.0078443243739065825 -0.00072212488695222834 0.00041040714399359776 0.00043227737727820218 0.00046317706587557989 0.0003159898466781547 0.00024483192178333688 0.00017789281764869392 0.00011850480098340604 6.889455985360531e-05 2.9216204098179901e-05 -2.3696810064177102e-08 -1.8144975067528107e-05 -2.460106802624373e-05 -1.8133001690971769e-05 0 2.9251574131191118e-05 6.8941844686361265e-05 0.00011856754792191671 0.00017796990165678782 0.00024492087755355199 0.00031608881866275311 0.00038979144792005728 0.00046329969666699213 0.00047387312709510975 0.00043239869807767598 0.0004105459376086601 0.00020419843978299537 -0.00072199909785413449 -0.0027519468075613111 -0.0078443080762174381 -0.00072211973752381124 0.00041041251062144484 0.00043228212013120119 0.00046318178368622823 0.0003159937708926417 0.00024483551031376054 0.00017789601552638411 0.00011850753416617273 6.8896796208499996e-05 2.9218057514839066e-05 -2.2215782087234003e-08 -1.814386493010699e-05 -2.460033770546825e-05 -1.8132639886484635e-05 0 2.9251216935105101e-05 6.8941125792846872e-05 0.00011856635943628017 0.00017796828181798291 0.00024491890637190315 0.00031608655712763692 0.00038978881382740197 0.0004632967500852948 0.00047386995523879234 0.00043239585847188193 0.00041054262977343659 0.00020419550383266857 -0.0007220018101390303 -0.0027519414821248031 -0.007844293775824969 -0.00072211517061623496 0.00041041726002400309 0.00043228631530289256 0.00046318595355793147 0.00031599723782589401 0.00024483867992584776 0.00017789883947339768 0.00011850994735638349 6.8898770369341849e-05 2.9219693233505271e-05 -2.0908971273820655e-08 -1.8142885618148576e-05 -2.4599693601118153e-05 -1.8132320868685739e-05 0 2.9250902120711848e-05 6.8940492292885047e-05 0.00011856531229432534 0.0001779668548545082 0.00024491717039261645 0.00031608456601843514 0.00038978649525416102 0.00046329415723968335 0.00047386716505898367 0.00043239336321721097 0.00041053972511142551 0.000204192931702493 -0.00072200417993893283 -0.0027519367544919051 -0.0078442811231487115 -0.00072211109060983322 0.00041042149397081245 0.00043229005330336747 0.00046318966631412369 0.00031600032338623195 0.00024484150027777579 0.00017790135178226879 0.00011851209371785437 6.8900525928371092e-05 2.9221147522554695e-05 -1.9747372532182404e-08 -1.814201531673222e-05 -2.4599121318750811e-05 -1.8132037483177273e-05 0 2.9250622610643637e-05 6.8939930032784833e-05 0.00011856438290447835 0.00017796558852653066 0.00024491563019195451 0.00031608280011770329 0.00038978443921199046 0.00046329185864517477 0.00047386469241233868 0.00043239115416143103 0.00041053715553951924 0.00020419066146759007 -0.00072200626611214022 -0.0027519325268955085 -0.0078442698457100082 -0.00072309939989632194 0.00041056564088008354 0.00043251543942723013 0.0004634953141937284 0.00031621674543729302 0.00024501150424363378 0.0001780261300108226 0.00011859591413452014 6.89497580351436e-05 2.924241151789238e-05 -1.9345566608079375e-08 -1.8154713985296249e-05 -2.4616639943514148e-05 -1.8144939123705377e-05 0 2.9271286684661699e-05 6.8988360084883227e-05 0.00011864713997783842 0.00017808906064525353 0.00024508412614301911 0.00031629754307427343 0.00039004502848266723 0.00046359542425206249 0.00047415239821609745 0.00043261447098997912 0.00041067893284580623 0.00020408075246637131 -0.00072299673831963606 -0.0027547372869094889 -0.0078514421050180621 -0.00072408776374789554 0.00041070972872661821 0.00043274077283876904 0.00046380090917885281 0.00031643312321065947 0.00024518146744847725 0.00017815087181279705 0.00011867970333779394 6.899896453109206e-05 2.9263654134900293e-05 -1.8960883401736136e-08 -1.8167425555921147e-05 -2.4634167094750883e-05 -1.8157845012429735e-05 0 2.929195498957253e-05 6.9036798687965409e-05 0.00011872991108658523 0.00017821255203121189 0.00024525264561748824 0.00031651231329305352 0.00039030564949203792 0.00046389902567667014 0.0004744401428737975 0.00043283782325104436 0.0004108207520620313 0.0002039708823575304 -0.00072398717299118035 -0.0027575420999460731 -0.0078586145192672732 -0.00072507617884729847 0.00041085376141591988 0.00043296605693879685 0.00046410645455499943 0.00031664945938938028 0.000245351392498482 0.00017827557954035137 0.00011876346331635748 6.9048146951177986e-05 2.9284876775682669e-05 -1.8592203235141829e-08 -1.8180149173390144e-05 -2.4651702199461594e-05 -1.8170754849272441e-05 0 2.9312627273239664e-05 6.9085245282818979e-05 0.00011881269543817044 0.00017833606142476775 0.00024542118721618196 0.00031672710890568513 0.00039056630040349588 0.00046420266063201311 0.00047472792382020592 0.0004330612088339498 0.00041096261053606112 0.00020386104861761377 -0.00072497757250149242 -0.0027600007922067194 -0.0078614385534920596 -0.0007058903833443487 0.00042019058463760441 0.00043956313525345358 0.00046873294114071503 0.00031937354930327682 0.00024726093025355416 0.00017933751868878065 0.00011922247797683246 6.9257909301707624e-05 2.9373172615825098e-05 -1.8333439519245885e-08 -1.8243679071747677e-05 -2.4741067778165149e-05 -1.8234397442490633e-05 0 2.9400509229906293e-05 6.929446777955121e-05 0.00011927151877840029 0.0001793980418760856 0.00024733069486876651 0.0003194508519692369 0.00039419388797777295 0.00046882879550207661 0.00048032374546005138 0.00043965821353172707 0.00042030028450413875 0.00021748567999673962 -0.00070578803667571092 -0.0027344941570238935 -0.0078302030833898306 -0.00068715881972260533 0.00043060395321823199 0.00044741978224784181 0.00047458144726652944 0.00032297001253362692 0.00024980608730088547 0.00018069454016437632 0.00011972561142472156 6.9458110250435231e-05 2.9458508623911412e-05 -1.809086322788574e-08 -1.8314122559853929e-05 -2.4843021205997928e-05 -1.8304931427353556e-05 0 2.9485433415894161e-05 6.9494137279586715e-05 0.00011977480750710745 0.0001807556488966277 0.00024987631252391804 0.00032304724565282059 0.00039889324175758741 0.00047467711439405283 0.00048719911364400654 0.00044751471119560597 0.00043071432419692686 0.00023175571239582055 -0.00068705407941522872 -0.0027112889595709557 -0.0078012529855944045 
end_dependent_variable

end_regular_table
