# ****************************************************************************
# CUI
#
# The Advanced Framework for Simulation, Integration, and Modeling (AFSIM)
#
# The use, dissemination or disclosure of data in this file is subject to
# limitation or restriction. See accompanying README and LICENSE for details.
# ****************************************************************************

# ##################################################################################################
# 
# This file was auto-generated by AFSIM Mover Creator 2.5.0.200324
# 
# Creation Date:  24 Mar 2020
# 
# ##################################################################################################

regular_table

independent_variable mach precision double
0.10000000000000001 0.5 0.70000000000000007 0.75 0.80000000000000004 0.84999999999999998 0.90000000000000002 0.92000000000000004 0.94000000000000006 0.95999999999999996 0.97999999999999998 1 
end_independent_variable

independent_variable surface_angle units deg
-20 -16 -14 -12 -10 -9 -8 -7 -6 -5 -4 -3 -2 -1 0 1 2 3 4 5 6 7 8 9 10 12 14 16 18 20 
end_independent_variable

dependent_variable precision double
4.4822476551137492e-05 3.1199062760745606e-05 2.5265555082651043e-05 1.9916490456514672e-05 1.5150006770051425e-05 1.2984614893436994e-05 1.0964155796570447e-05 9.0884345673905836e-06 7.3572837446653818e-06 5.7705622378372578e-06 4.3281532784537238e-06 3.0299617197805268e-06 1.8759107963374197e-06 8.6593961905655362e-07 0 0 0 0 0 0 0 0 0 0 0 0 0 0 0 0 4.9497313428199062e-05 3.4190957909144953e-05 2.7556224721839182e-05 2.1599432036190034e-05 1.6318716026563533e-05 1.393126973686132e-05 1.171213017961773e-05 9.6611023682781299e-06 7.7780194375579448e-06 6.0627398499390076e-06 4.5151470232024055e-06 3.1351457919905288e-06 1.9226594280698455e-06 8.7762680026885714e-07 0 0 0 0 0 0 0 0 0 0 0 0 0 0 0 0 5.5238962828785676e-05 3.7865613731122256e-05 3.0369634057447033e-05 2.3666425614799348e-05 1.7754129419618217e-05 1.5093953666731613e-05 1.2630794190982128e-05 1.036445440420637e-05 8.2947682233007833e-06 6.4215930305924589e-06 4.7448133240172273e-06 3.2643330256729538e-06 1.9800761336370548e-06 8.9198098597233829e-07 0 0 0 0 0 0 0 0 0 0 0 0 0 0 0 0 5.7223337754823185e-05 3.9135612822642205e-05 3.1341976768523835e-05 2.438080033191545e-05 1.8250221921985989e-05 1.5495789892070006e-05 1.2948293907992042e-05 1.0607540938650024e-05 8.4733614183725112e-06 6.5456167893785622e-06 4.824188327763136e-06 3.3089811940773817e-06 1.9999196843724369e-06 8.9694192254249768e-07 0 0 0 0 0 0 0 0 0 0 0 0 0 0 0 0 5.9483507325234597e-05 4.0582121714213183e-05 3.2449459352959967e-05 2.5194460712782157e-05 1.8815264649809278e-05 1.5953473767846576e-05 1.3309921819949022e-05 1.0884412143459785e-05 8.6767766811994061e-06 6.6868771733606628e-06 4.9145947284282936e-06 3.3598354846797261e-06 2.0225215219865365e-06 9.0259242617649699e-07 0 0 0 0 0 0 0 0 0 0 0 0 0 0 0 0 0.00014973882510750549 9.3635035824308615e-05 7.049101677130727e-05 5.0618119907634862e-05 3.4014892052693672e-05 2.6938923250831138e-05 2.0679819872440771e-05 1.5237426468356242e-05 1.0611614816760105e-05 6.8022744252713995e-06 3.8093145888266759e-06 1.6326609071121067e-06 2.7225393902590165e-07 -2.7195388414322618e-07 0 0 0 0 0 0 0 0 0 0 0 0 0 0 0 0 0.00023999414609299395 0.00014668795149876612 0.00010853257463661518 7.604177686768467e-05 4.9214519008617496e-05 3.7924374782385049e-05 2.8049718297399681e-05 1.959044295356219e-05 1.2546453213047813e-05 6.917672310376299e-06 2.7040345423418473e-06 -9.4513391105147159e-08 -1.4780137277398426e-06 -1.4465001572162343e-06 0 0 0 0 0 0 0 0 0 0 0 0 0 0 0 0 0.00036442139212468697 0.00022162441251283622 0.00016333742936738659 0.00011379081672315964 7.2983425951050001e-05 5.5856556261896322e-05 4.0914052566778067e-05 2.8155792532583482e-05 1.7581674729057436e-05 9.1916098907220256e-06 2.9855274276023998e-06 -1.0366322848433041e-06 -2.8749162780425043e-06 -2.5293621600036472e-06 0 0 0 0 0 0 0 0 0 0 0 0 0 0 0 0 0.00051194811268554929 0.00031013897491518331 0.0002278784601487296 0.00015804667851160759 0.0001006424686586833 7.6600320252268462e-05 5.5664622678979363e-05 3.7835253047003537e-05 2.3112108421318546e-05 1.1495100046726494e-05 2.9841559737474164e-06 -2.4207827926910586e-06 -4.719764481498248e-06 -3.9128269055395309e-06 0 0 0 0 0 0 0 0 0 0 0 0 0 0 0 0 0.00068257459459018723 0.0004122318064054184 0.00030215578841983476 0.00020880943928903311 0.0001321916977498035 0.0001001557020857356 7.2301451406645297e-05 4.8628836296581759e-05 2.9137760212058877e-05 1.38281421638189e-05 2.6999168956166075e-06 -4.2469706580919109e-06 -7.0125642100517401e-06 -5.5968979974435903e-06 0 0 0 0 0 0 0 0 0 0 0 0 0 0 0 0 0.00087630112407215903 0.00052790307283571557 0.00038616953573908228 0.00026607918325536093 0.00016763115905276917 0.00012652273429357891 9.0824563362405374e-05 6.0536556829885164e-05 3.565863621718909e-05 1.6190737281182607e-05 2.1328059992298301e-06 -6.5152017045698018e-06 -9.7533207806715953e-06 -7.5815794723285993e-06 0 0 0 0 0 0 0 0 0 0 0 0 0 0 0 0 0.0010931279901361779 0.00065715294968279978 0.00047991982289012045 0.00032985599076665453 0.00020696090206101558 0.00015570145398097616 0.00011123398242885344 7.3558428182370083e-05 4.2674743565730491e-05 1.8582885558978489e-05 1.2828197089024136e-06 -9.2254808021327542e-06 -1.2942039625791237e-05 -9.8668746870547739e-06 0 0 0 0 0 0 0 0 0 0 0 0 0 0 0 0 
end_dependent_variable

end_regular_table
