# ****************************************************************************
# CUI
#
# The Advanced Framework for Simulation, Integration, and Modeling (AFSIM)
#
# The use, dissemination or disclosure of data in this file is subject to
# limitation or restriction. See accompanying README and LICENSE for details.
# ****************************************************************************

# ##################################################################################################
# 
# This file was auto-generated by AFSIM Mover Creator 2.5.0.200324
# 
# Creation Date:  24 Mar 2020
# 
# ##################################################################################################

regular_table

independent_variable mach precision double
0.10000000000000001 0.5 0.70000000000000007 0.75 0.80000000000000004 0.84999999999999998 0.90000000000000002 0.92000000000000004 0.94000000000000006 0.95999999999999996 0.97999999999999998 1 
end_independent_variable

independent_variable surface_angle units deg
-20 -16 -14 -12 -10 -9 -8 -7 -6 -5 -4 -3 -2 -1 0 1 2 3 4 5 6 7 8 9 10 12 14 16 18 20 
end_independent_variable

dependent_variable precision double
1.214617978539028e-05 1.1657886745207833e-05 1.0916587718477906e-05 9.8731676220343915e-06 8.5809349977329741e-06 7.8592129935553716e-06 7.0956936193812008e-06 6.2959524477649431e-06 5.4647887179739297e-06 4.6062439593460002e-06 3.7236616232807027e-06 2.8197673126640735e-06 1.8967552873649313e-06 9.5637315395381181e-07 0 0 0 0 0 0 0 0 0 0 0 0 0 0 0 0 1.1768354468841095e-05 1.1416143941888958e-05 1.0731538140528114e-05 9.7372441522784407e-06 8.4865732007591266e-06 7.7827957700953632e-06 7.0353294322448716e-06 6.2497507654234452e-06 5.4308590088984168e-06 4.5826952450470397e-06 3.7086036702031709e-06 2.8113096265258377e-06 1.8930072248969989e-06 9.5544431399083872e-07 0 0 0 0 0 0 0 0 0 0 0 0 0 0 0 0 1.1304064478390923e-05 1.1119004098893693e-05 1.0504041907840519e-05 9.5701062962395867e-06 8.3705070723349024e-06 7.6887826023767918e-06 6.9610492018288988e-06 6.1928809533770917e-06 5.3890781019500151e-06 4.5536816554314932e-06 3.6900362198692494e-06 2.8008662621245028e-06 1.8883665821434449e-06 9.5428476787325267e-07 0 0 0 0 0 0 0 0 0 0 0 0 0 0 0 0 1.1143598924438769e-05 1.1016305667606356e-05 1.0425414278060605e-05 9.5123391735747661e-06 8.3303915777680303e-06 7.6562900950581209e-06 6.9353756369150936e-06 6.1732248746715284e-06 5.3746370475947582e-06 4.5436535174124018e-06 3.6836178286407979e-06 2.7972561614900678e-06 1.8867621146998354e-06 9.5388386285304349e-07 0 0 0 0 0 0 0 0 0 0 0 0 0 0 0 0 1.0960828696478918e-05 1.089933466748046e-05 1.0335858015048979e-05 9.4465441173729274e-06 8.2847004733999639e-06 7.6192804550938572e-06 6.9061339856617214e-06 6.1508364514244616e-06 5.3581885070245908e-06 4.5322312720860792e-06 3.6763080117748998e-06 2.7931444407172339e-06 1.8849348374052587e-06 9.534270412014798e-07 0 0 0 0 0 0 0 0 0 0 0 0 0 0 0 0 2.4718393012978125e-06 5.3101859459979892e-06 6.000772191708703e-06 6.2284517154823235e-06 6.0347196302207023e-06 5.7936018267846824e-06 5.4630140051063297e-06 5.0472989273335268e-06 4.5501892730407859e-06 3.974833283592731e-06 3.3238321205995569e-06 2.5993079342892478e-06 1.8029688450582739e-06 9.3617503311206224e-07 0 0 0 0 0 0 0 0 0 0 0 0 0 0 0 0 -6.017151881725626e-06 -2.7896441433995252e-07 1.6656842080589402e-06 3.010358643150846e-06 3.7847372971728295e-06 3.9679221928141975e-06 4.0198951047056829e-06 3.943760509321427e-06 3.7421897783299751e-06 3.4174345874117943e-06 2.9713557452169166e-06 2.4054714651079783e-06 1.7210027875295379e-06 9.1892302502264499e-07 0 0 0 0 0 0 0 0 0 0 0 0 0 0 0 0 -1.2467237442734514e-05 -3.3454302430412373e-06 -1.0966323927868479e-07 2.2607912925833065e-06 3.7988741985755588e-06 4.2667119982534846e-06 4.539064569375023e-06 4.6193784845957247e-06 4.5106178375197359e-06 4.2152805195143898e-06 3.7354323153533964e-06 3.0727577896792973e-06 2.2286121158078155e-06 1.2040755173892824e-06 0 0 0 0 0 0 0 0 0 0 0 0 0 0 0 0 -2.112489459533637e-05 -7.8633177007717122e-06 -3.0097969477853275e-06 6.7712198273971658e-07 3.2306100768387826e-06 4.0933326579852023e-06 4.6853956504102851e-06 5.0102687346317557e-06 5.070939827252873e-06 4.8699224334640251e-06 4.4092976613376004e-06 3.6907618380288348e-06 2.7156800780017661e-06 1.4851401138445318e-06 0 0 0 0 0 0 0 0 0 0 0 0 0 0 0 0 -3.1998345134772047e-05 -1.3837459861714893e-05 -7.0381788953579875e-06 -1.7429660618694028e-06 2.0785644495037271e-06 3.446786600682622e-06 4.4582190690334565e-06 5.1160388503850721e-06 5.4229817010780973e-06 5.3813514347450837e-06 4.9930538913148712e-06 4.2596418118551856e-06 3.1823665072161153e-06 1.7622239396662879e-06 0 0 0 0 0 0 0 0 0 0 0 0 0 0 0 0 -4.5095815072610575e-05 -2.1272688250590944e-05 -1.2198275410310017e-05 -5.0017842979025867e-06 3.4135480044096341e-07 2.3260759942920074e-06 3.8568646897920753e-06 4.9362924374126898e-06 5.5665688724667515e-06 5.7495588709456031e-06 5.4868026254985833e-06 4.7795564361732977e-06 3.628831858575736e-06 2.0354345326398186e-06 0 0 0 0 0 0 0 0 0 0 0 0 0 0 0 0 -6.0425525027096605e-05 -3.0173834481512141e-05 -1.849354763621199e-05 -9.1016486963202639e-06 -1.9824016695539747e-06 7.3020174037130047e-07 2.8806654314643306e-06 4.4706353360745409e-06 5.5015277605514884e-06 5.9745357171864616e-06 5.8906462439351008e-06 5.2506641491984071e-06 4.0552364084212664e-06 2.304879354194624e-06 0 0 0 0 0 0 0 0 0 0 0 0 0 0 0 0 
end_dependent_variable

end_regular_table
