# ****************************************************************************
# CUI
#
# The Advanced Framework for Simulation, Integration, and Modeling (AFSIM)
#
# The use, dissemination or disclosure of data in this file is subject to
# limitation or restriction. See accompanying README and LICENSE for details.
# ****************************************************************************

# ##################################################################################################
# 
# This file was auto-generated by AFSIM Mover Creator 2.5.0.200324
# 
# Creation Date:  24 Mar 2020
# 
# ##################################################################################################

regular_table

independent_variable mach precision double
0.10000000000000001 0.5 0.70000000000000007 0.75 0.80000000000000004 0.84999999999999998 0.90000000000000002 0.92000000000000004 0.94000000000000006 0.95999999999999996 0.97999999999999998 1 
end_independent_variable

independent_variable surface_angle units deg
-20 -16 -14 -12 -10 -9 -8 -7 -6 -5 -4 -3 -2 -1 0 1 2 3 4 5 6 7 8 9 10 12 14 16 18 20 
end_independent_variable

dependent_variable precision double
-0.00057359773154076245 -0.00051158867941816647 -0.00046604460626722082 -0.00041183202276887467 -0.00035081412414048047 -0.00031837177477043782 -0.00028494128617644396 -0.00025071754200577866 -0.00021586826981511936 -0.00018053472457437209 -0.00014483376720365613 -0.00010886065794392814 -7.2692086108563911e-05 -3.6389134023984978e-05 0 0 0 0 0 0 0 0 0 0 0 0 0 0 0 0 -0.00057574530669587379 -0.0005129633246994202 -0.00046709717279477825 -0.00041260543140136892 -0.0003513513013661199 -0.00031880693650991989 -0.00028528516239966281 -0.00025098086757791108 -0.00021606177666417257 -0.00018066914609693807 -0.00014491983728585515 -0.00010890910998235219 -7.2713653989333235e-05 -3.6394550960118489e-05 0 0 0 0 0 0 0 0 0 0 0 0 0 0 0 0 -0.00057838206694999926 -0.00051465086763188535 -0.00046838919990234646 -0.00041355468813005392 -0.00035201051358080493 -0.00031934090096159991 -0.00028570706355291923 -0.0002513038862258634 -0.00021629910069809999 -0.00018083395887998345 -0.00014502531973352003 -0.00010896844631445385 -7.2740027691396591e-05 -3.6401146251960811e-05 0 0 0 0 0 0 0 0 0 0 0 0 0 0 0 0 -0.00057929334632116753 -0.00051523408964073846 -0.00046883573240421276 -0.00041388274769524629 -0.0003522383381964975 -0.00031952543793961169 -0.00028585287260421237 -0.00025141552338993806 -0.00021638111919966899 -0.00018089091494212004 -0.00014506177325075947 -0.00010898895204128468 -7.2749141728510049e-05 -3.6403425113087605e-05 0 0 0 0 0 0 0 0 0 0 0 0 0 0 0 0 -0.00058033128182814026 -0.00051589836627002005 -0.00046934432289291511 -0.00041425640583864502 -0.00035249782231800482 -0.00031973562277166185 -0.00028601894298535346 -0.00025154267199117017 -0.00021647453587720481 -0.00018095578900145299 -0.00014510329154974162 -0.00010901230767925342 -7.2759521991654693e-05 -3.6406020270660317e-05 0 0 0 0 0 0 0 0 0 0 0 0 0 0 0 0 -0.00058003754982015234 -0.00049471312954718052 -0.00044267341023377065 -0.00038517948993771722 -0.00032368165890630162 -0.00029191278378960409 -0.00025969806689541265 -0.00022718921064453148 -0.00019451676506410448 -0.00016179068327980679 -0.00012910192973855512 -9.6524652245390157e-05 -6.4118546446155169e-05 -3.1931156074888659e-05 0 0 0 0 0 0 0 0 0 0 0 0 0 0 0 0 -0.00057974381524214123 -0.00047352788453295617 -0.00041600249194505138 -0.00035610256657148359 -0.00029486549255742898 -0.00026408994492992848 -0.00023337719362025945 -0.00020283574905312869 -0.00017255899449576835 -0.00014262557817007094 -0.00011310056756022245 -8.4036998035347555e-05 -5.547756906492469e-05 -2.7456291970903552e-05 0 0 0 0 0 0 0 0 0 0 0 0 0 0 0 0 -0.00081955010821075877 -0.00064720967470597202 -0.00055973886555171716 -0.00047203495568291613 -0.00038525087811286911 -0.00034258655196601015 -0.00030059350309414933 -0.00025939232037090445 -0.00021908678951452053 -0.00017976432206148293 -0.0001414972276504605 -0.00010434445412392908 -6.8353455421146867e-05 -3.3562029352903471e-05 0 0 0 0 0 0 0 0 0 0 0 0 0 0 0 0 -0.0011030049972943561 -0.00084178017684124486 -0.00071587868751538878 -0.00059375722919408882 -0.000476578623335457 -0.00042022895732859403 -0.00036556011670267136 -0.00031269371968685206 -0.00026173445074878705 -0.00021277046898356488 -0.0001658747092063932 -0.00012110661789323174 -7.8514062255332563e-05 -3.8135162525153532e-05 0 0 0 0 0 0 0 0 0 0 0 0 0 0 0 0 -0.0014402365820195518 -0.0010631667333008423 -0.00088865793668883419 -0.00072408639091731076 -0.00057051872529001164 -0.00049821546987382885 -0.00042907146046008613 -0.00036319826190953455 -0.00030069189499423287 -0.0002416332223416266 -0.00018608914327512073 -0.00013411418987201333 -8.5752265767869085e-05 -4.1038338847330893e-05 0 0 0 0 0 0 0 0 0 0 0 0 0 0 0 0 -0.0018413730043305889 -0.0013172967278425659 -0.0010823126040375871 -0.00086583947560001822 -0.00066874118145745164 -0.00057774439549621796 -0.00049192197394058734 -0.00041136426579031212 -0.00033614903652545296 -0.00026634177753719106 -0.00020199666560321471 -0.00014315786957326069 -8.9860942208096724e-05 -4.2134203023421961e-05 0 0 0 0 0 0 0 0 0 0 0 0 0 0 0 0 -0.0023165423784644095 -0.001610097505979821 -0.0013010786515042735 -0.0010218334857909257 -0.000772915988082636 -0.00066001404606250884 -0.00055490608445568548 -0.00045765003923749366 -0.00036829578966599447 -0.00028688532992282822 -0.0002134534110071429 -0.00014802835457632387 -9.0632964692374739e-05 -4.1285403159634476e-05 0 0 0 0 0 0 0 0 0 0 0 0 0 0 0 0 
end_dependent_variable

end_regular_table
