# ****************************************************************************
# CUI
#
# The Advanced Framework for Simulation, Integration, and Modeling (AFSIM)
#
# The use, dissemination or disclosure of data in this file is subject to
# limitation or restriction. See accompanying README and LICENSE for details.
# ****************************************************************************

# ##################################################################################################
# 
# This file was auto-generated by AFSIM Mover Creator 2.5.0.200324
# 
# Creation Date:  24 Mar 2020
# 
# ##################################################################################################

regular_table

independent_variable mach precision double
0.10000000000000001 0.5 0.70000000000000007 0.75 0.80000000000000004 0.84999999999999998 0.90000000000000002 0.92000000000000004 0.94000000000000006 0.95999999999999996 0.97999999999999998 1 
end_independent_variable

independent_variable surface_angle units deg
-20 -16 -14 -12 -10 -9 -8 -7 -6 -5 -4 -3 -2 -1 0 1 2 3 4 5 6 7 8 9 10 12 14 16 18 20 
end_independent_variable

dependent_variable precision double
-6.0099593175195156e-06 -5.3072402708945637e-06 -4.8157051090015587e-06 -4.2409644725370939e-06 -3.601649745821917e-06 -3.2639628491928734e-06 -2.9172641377302905e-06 -2.5635023782023977e-06 -2.2043548134786764e-06 -1.8412339460878807e-06 -1.4753083405085411e-06 -1.1075305791567189e-06 -7.3866753930971368e-07 -3.693300234500688e-07 0 0 0 0 0 0 0 0 0 0 0 0 0 0 0 0 -6.0597785498385084e-06 -5.3391493084179455e-06 -4.8401485452722701e-06 -4.258934969764787e-06 -3.6141405994104038e-06 -3.2740864226082597e-06 -2.9252688386286386e-06 -2.5696366421748069e-06 -2.2088671459538365e-06 -1.8443728618061611e-06 -1.4773223472265513e-06 -1.1086682335173831e-06 -7.3917741890723273e-07 -3.694606767796475e-07 0 0 0 0 0 0 0 0 0 0 0 0 0 0 0 0 -6.1208436456634883e-06 -5.3782330317240917e-06 -4.8700728357004353e-06 -4.2809211843566099e-06 -3.629409434078326e-06 -3.2864546041398823e-06 -2.935041659725977e-06 -2.5771194048515556e-06 -2.2143650637627404e-06 -1.8481911902025205e-06 -1.4797664766850095e-06 -1.1100433915582035e-06 -7.397888877567922e-07 -3.6961376718133926e-07 0 0 0 0 0 0 0 0 0 0 0 0 0 0 0 0 -6.1419471317258873e-06 -5.3917394356287868e-06 -4.8804138740631421e-06 -4.2885186389814678e-06 -3.634685771177867e-06 -3.290728511078682e-06 -2.938418605234267e-06 -2.5797048716270861e-06 -2.2162647044413996e-06 -1.8495104642028617e-06 -1.4806109179190161e-06 -1.1105184408210707e-06 -7.4000007663258397e-07 -3.6966659873710284e-07 0 0 0 0 0 0 0 0 0 0 0 0 0 0 0 0 -6.1659830516844242e-06 -5.407122645647739e-06 -4.8921920210659052e-06 -4.2971720193619282e-06 -3.6406951608813699e-06 -3.2955962237762674e-06 -2.9422646451868154e-06 -2.5826496947119008e-06 -2.2184282567213686e-06 -1.8510129873866756e-06 -1.481572502400584e-06 -1.1110594051304334e-06 -7.4024056819768395e-07 -3.6972675392826377e-07 0 0 0 0 0 0 0 0 0 0 0 0 0 0 0 0 -6.7081165540638594e-06 -5.5155434760412934e-06 -4.8550659292462315e-06 -4.159769985371785e-06 -3.4441572153739048e-06 -3.08354680918569e-06 -2.7234089241395413e-06 -2.3652599019506511e-06 -2.0104057055744773e-06 -1.6599455600731666e-06 -1.3147893060930058e-06 -9.7567829527170971e-07 -6.4320948253419459e-07 -3.1785832743917587e-07 0 0 0 0 0 0 0 0 0 0 0 0 0 0 0 0 -7.2502468532257809e-06 -5.6239651258625856e-06 -4.8179409920747334e-06 -4.0223670202137607e-06 -3.247618618048923e-06 -2.8714972642316103e-06 -2.504552737508327e-06 -2.1478699788258982e-06 -1.802383079934156e-06 -1.4688781746622132e-06 -1.1480060096848805e-06 -8.4029711390220289e-07 -5.4617836762621425e-07 -2.6598988538212507e-07 0 0 0 0 0 0 0 0 0 0 0 0 0 0 0 0 -1.1097610315656859e-05 -8.2360202083883502e-06 -6.8968413473557877e-06 -5.6250731709469164e-06 -4.4322239010810033e-06 -3.8692171085137797e-06 -3.3303469472986107e-06 -2.8168180730499911e-06 -2.3296665478502489e-06 -1.8697650659637031e-06 -1.4378358146618759e-06 -1.0344673667728432e-06 -6.6013356499868872e-07 -3.1521186545720765e-07 0 0 0 0 0 0 0 0 0 0 0 0 0 0 0 0 -1.6088242634124061e-05 -1.1478693289521557e-05 -9.4059250546644462e-06 -7.4942018134601802e-06 -5.7551188110536688e-06 -4.9541673968156206e-06 -4.2008141522914108e-06 -3.4962713649475001e-06 -2.8415833526006652e-06 -2.2376289580167537e-06 -1.685135356733635e-06 -1.184695278545606e-06 -7.3678597958341591e-07 -3.4178760168582577e-07 0 0 0 0 0 0 0 0 0 0 0 0 0 0 0 0 -2.2457771237645523e-05 -1.5490432376685619e-05 -1.2444429610299072e-05 -9.6960496725145198e-06 -7.2559087711156852e-06 -6.1549547462425465e-06 -5.1351238885242461e-06 -4.1975303813037969e-06 -3.343126786977151e-06 -2.572720673926914e-06 -1.8869769183693477e-06 -1.286438856763996e-06 -7.7154349364754383e-07 -3.4263895544460958e-07 0 0 0 0 0 0 0 0 0 0 0 0 0 0 0 0 -3.0441819562391499e-05 -2.0409678832489942e-05 -1.6111601419972328e-05 -1.2296914173109158e-05 -8.9741986606137798e-06 -7.5001830101936984e-06 -6.1524489213248537e-06 -4.9318932427664437e-06 -3.8392902685479512e-06 -2.8752905060340426e-06 -2.040432750029309e-06 -1.3351560314081445e-06 -7.5981390984336674e-07 -3.1468780836309085e-07 0 0 0 0 0 0 0 0 0 0 0 0 0 0 0 0 -4.0276008541552968e-05 -2.6374880336586847e-05 -2.0506682687967392e-05 -1.5363086363605647e-05 -1.0949591958418181e-05 -9.0184592750831023e-06 -7.2719574421243313e-06 -5.710661176359059e-06 -4.3350663246848122e-06 -3.1455893984955133e-06 -2.1425751394205283e-06 -1.3263049463940023e-06 -6.9700518632821523e-07 -2.5485611004605659e-07 0 0 0 0 0 0 0 0 0 0 0 0 0 0 0 0 
end_dependent_variable

end_regular_table
