# ****************************************************************************
# CUI
#
# The Advanced Framework for Simulation, Integration, and Modeling (AFSIM)
#
# The use, dissemination or disclosure of data in this file is subject to
# limitation or restriction. See accompanying README and LICENSE for details.
# ****************************************************************************

# ##################################################################################################
# 
# This file was auto-generated by AFSIM Mover Creator 2.5.0.200324
# 
# Creation Date:  24 Mar 2020
# 
# ##################################################################################################

regular_table

independent_variable mach precision double
0.10000000000000001 0.5 0.70000000000000007 0.75 0.80000000000000004 0.84999999999999998 0.90000000000000002 0.92000000000000004 0.94000000000000006 0.95999999999999996 0.97999999999999998 1 1.02 1.04 1.0600000000000001 1.0800000000000001 1.1000000000000001 1.2 1.3 1.4000000000000001 1.5 
end_independent_variable

independent_variable surface_angle units deg
-20 -16 -14 -12 -10 -9 -8 -7 -6 -5 -4 -3 -2 -1 0 1 2 3 4 5 6 7 8 9 10 12 14 16 18 20 
end_independent_variable

dependent_variable precision double
-0.0063908065398454355 -0.0043004868950712784 -0.0034139130991567511 -0.0026303036941563093 -0.0019483246303540378 -0.0016450186485884304 -0.001366565856912239 -0.0011127301148631922 -0.00088324708818089996 -0.00067782594940585445 -0.00049615218849987546 -0.00033789094692049035 -0.00020269047184828156 -9.0185438342508332e-05 0 -3.9873549281832303e-06 -2.881640483331087e-05 -7.4121027891699872e-05 -0.00013954976331359949 -0.0002247682924113624 -0.00032946206143938926 -0.00045333890512893644 -0.00059613143198414752 -0.00075759880588072333 -0.00093752741083546066 -0.0013520407609040909 -0.0018383960054776946 -0.0023953684668373823 -0.003021306698599532 -0.0037136496824604296 -0.0069446824418405769 -0.0046466649241040034 -0.00367575986357857 -0.0028203288546484466 -0.0020786525714105394 -0.0017499228994033705 -0.0014489310256619462 -0.001175391645703247 -0.00092899120104689332 -0.00070938963572599934 -0.00051622326216931513 -0.00034910814927639516 -0.00020764363008575379 -9.141567624261394e-05 0 -5.2016705018990172e-06 -3.3641821880555162e-05 -8.4906974666206078e-05 -0.00015859876714736639 -0.00025433648234429198 -0.0003717597154326897 -0.00051053104079423176 -0.00067033843948327554 -0.00085089712180654335 -0.0010519502317036461 -0.0015146430190912327 -0.0020568111067278986 -0.00267691334462684 -0.0033729966066246096 -0.004142213951986733 -0.0076792326168245838 -0.005105766226943283 -0.0040230210852404448 -0.0030723403071513185 -0.0022514936045761485 -0.0018890470458927703 -0.001558163848523047 -0.0012584935060591883 -0.00098965717878011193 -0.00075124952347527837 -0.00054284163310811017 -0.00036398449652343714 -0.0002142125767007087 -9.3047254750108329e-05 0 -6.8120529797479642e-06 -4.004119879587564e-05 -9.9211152428666866e-05 -0.00018386135242212383 -0.00029354954857005255 -0.00042785452869676662 -0.00058637884332137576 -0.00076875128901362512 -0.00097462878544720484 -0.0012036971325034844 -0.0017302853238545036 -0.0023464722411009279 -0.0030502970387186212 -0.0038394065127788173 -0.0047105745385527427 -0.0079569519893041788 -0.0052793436491852209 -0.0041543139124536298 -0.003167621018647376 -0.0023168414950015303 -0.0019416472264774177 -0.0015994626913625478 -0.00128991273189642 -0.0010125938263554901 -0.00076707594802033604 -0.00055290553146438153 -0.0003696089600467725 -0.00021669617059804578 -9.366412382085086e-05 0 -7.4209072820554522e-06 -4.2460679749628028e-05 -0.00010461928674512426 -0.00019341265029990259 -0.00030837525571011156 -0.00044906290075362898 -0.00061505544193754058 -0.00080595929941519508 -0.001021409354303449 -0.0012610697258457427 -0.001811815545434414 -0.0024559875644413367 -0.003191466259042099 -0.0040157471631534301 -0.0049254607902020631 -0.0082966758885964879 -0.0054916745293566221 -0.0043149196017850311 -0.0032841744108660529 -0.0023967791677789907 -0.0020059910943151776 -0.0016499820482448648 -0.0013283467162298072 -0.001040651384614569 -0.00078643583175772784 -0.00056521632874928431 -0.00037648915984020041 -0.0002197342599605389 -9.441871721138039e-05 0 -8.1656962277911588e-06 -4.5420341519690256e-05 -0.00011123485816617916 -0.00020509640123562471 -0.00032651099741729173 -0.00047500632150938523 -0.00065013446955477605 -0.00085147448925202937 -0.0010786343027423756 -0.0013312515080861744 -0.0019115484657143602 -0.0025899536307060367 -0.0033641533732180107 -0.0042314581943932094 -0.0051883232383433762 -0.0076620530173866375 -0.005069130903909199 -0.0039819045401799568 -0.0030299380890074167 -0.0022106652800049273 -0.0018499726086223941 -0.0015214365446361581 -0.0012246723427541486 -0.00095927055636812423 -0.00072479871778719917 -0.00052080397853120389 -0.00034681620056670393 -0.0002023511485883888 -8.6913564019152278e-05 0 -3.777876861730713e-06 -3.4446339058515248e-05 -9.1514288531235056e-05 -0.00017450500141415667 -0.00028295844860355647 -0.00041643373498766959 -0.00057451153516310913 -0.00075679631733473597 -0.0009629180394711734 -0.0011925328717457095 -0.0017209904743699521 -0.0023398516961771767 -0.0030468932247626414 -0.0038395753322096838 -0.0047146265011734764 -0.0070274301448007039 -0.0046465872776191531 -0.0036488894780171755 -0.0027757017666456313 -0.0020245513921490275 -0.0016939541227507808 -0.0013928910410456383 -0.0011209979692481805 -0.00087788972820654874 -0.00066316160389396197 -0.00047639162833585649 -0.00031714324138262296 -0.00018496803727307057 -7.9408410885271495e-05 0 6.099425732856115e-07 -2.3472336452608678e-05 -7.1793718693212143e-05 -0.00014391360127897733 -0.00023940589928515523 -0.00035786114788096578 -0.00049888860008339927 -0.00066211814458391033 -0.00084720177536340814 -0.0010538142344322854 -0.0015304324815706516 -0.0020897497599327557 -0.0027296330741188716 -0.0034476924678862549 -0.0042409297617788042 -0.0067831203889640087 -0.0044826372559410568 -0.0035191650460536521 -0.0026762726154492622 -0.001951476236459099 -0.0016325748435985807 -0.0013422206203104693 -0.0010800514623650883 -0.00084568574487790577 -0.00063872371617792903 -0.00045874964578245344 -0.00030533432506704028 -0.00017803764608448274 -7.6411085768423624e-05 0 2.3661952979108061e-06 -1.9074452863548433e-05 -6.3878410457006708e-05 -0.00013161400740545307 -0.00022186331554561198 -0.00033422411802075343 -0.00046831187360183585 -0.00062376151326369643 -0.00080022881825633676 -0.00099739103265076407 -0.0014526111195573065 -0.0019871989861579373 -0.0025990221778009986 -0.0032857172376482878 -0.0040443646619915986 -0.0065380733129526223 -0.0043182902125555554 -0.0033891656165161228 -0.0025766628513115382 -0.0018782906014407389 -0.0015711121395697351 -0.0012914890756006334 -0.0010390618242387096 -0.00081345276397109829 -0.00061426755631613838 -0.00044109715965665551 -0.00029352016817733466 -0.00017110522141867279 -7.341332589142166e-05 0 4.1221273610998782e-06 -1.4678135242211424e-05 -5.5967259013996938e-05 -0.00011932292176879634 -0.00020433576165029705 -0.00031061121391031798 -0.00043777134164756109 -0.00058545651080382528 -0.00075332667877057015 -0.00094106197423693915 -0.0013749444760435933 -0.0018848845420178905 -0.0024687531388600855 -0.0031242160430574118 -0.0038484349257876557 -0.0062922879923309836 -0.0041535457461739792 -0.0032588909458263525 -0.002476872336906898 -0.0018049944171063051 -0.0015095659634038535 -0.0012406963760214715 -0.00099802903570628048 -0.00078119077447803972 -0.00058979311857358229 -0.00042343416742694816 -0.00028170076975327644 -0.00016417076302967273 -7.0415131229259578e-05 0 5.8777387671720411e-06 -1.028338337672881e-05 -4.8060263331208554e-05 -0.00010704034170928029 -0.00018682323195786163 -0.00028702242469615531 -0.00040726698510327688 -0.00054720310648240645 -0.00070649530907830995 -0.00088482698925590865 -0.001297432414013117 -0.0017828061836979597 -0.0023388255563639125 -0.0029631882608882614 -0.0036531396287968862 -0.0060457635014002035 -0.0039884034557052875 -0.0031283407902921406 -0.0023769009350964963 -0.001731587613343278 -0.0014479362673107225 -0.0011898424905413224 -0.00095695307786388794 -0.00074889976558372036 -0.00056530039715948252 -0.00040576066635691969 -0.00026987612882342133 -0.00015723427067212094 -6.7416501751324049e-05 0 7.633029571140451e-06 -5.8901969733940133e-06 -4.0157422456747348e-05 -9.4766264642347662e-05 -0.00016932572078967546 -0.00026345773949717929 -0.00037679878490381931 -0.00050900126916048017 -0.00065973466174336674 -0.00082868600759697137 -0.0012200747958020569 -0.0016809636675483794 -0.002209239028958344 -0.0028026332674256603 -0.0034584778461169549 -0.0057984989156834987 -0.0038228629398862706 -0.0029975149061315671 -0.0022767485082492451 -0.0016580701203386028 -0.0013862230038735514 -0.0011389273882764384 -0.00091583393160272065 -0.00071657972624034711 -0.00054078938644249244 -0.0003880766539235426 -0.0002580462443687377 -0.00015029574407701365 -6.4417437447157982e-05 0 9.3879997722473457e-06 -1.4985758006365137e-06 -3.2258735459936233e-05 -8.2500687949493609e-05 -0.00015184322241012472 -0.00023991714728802661 -0.0003463667219876613 -0.00047085096812464288 -0.00061304468934531215 -0.00077263895936765972 -0.0011428714842570155 -0.0015793567500236494 -0.0020799931555220241 -0.0026425504398467641 -0.0032644486526103153 -0.0055504933102942964 -0.0036569237974173521 -0.0028664130497409374 -0.0021764149192323593 -0.0015844418678518501 -0.0013244261257392008 -0.0010879510383267051 -0.00087467157779456939 -0.00068423064552349021 -0.00051626008062122535 -0.00037038212748163906 -0.00024621111548491853 -0.00014335518301656917 -6.1417938273796588e-05 0 1.1142649419822705e-05 2.8914803702347263e-06 -2.4364201310983578e-05 -7.0243609039189467e-05 -0.00013437573108238338 -0.00021640063722701435 -0.0003159707774248227 -0.00043275217227836915 -0.00056642534415273491 -0.00071668577447667095 -0.0010658223419433175 -0.0014779851873382133 -0.0019510875346353468 -0.0024829391540241758 -0.0030710511234267653 -0.0053017457604187645 -0.0034905856271104938 -0.0027350349773710664 -0.0020759000306535972 -0.0015107027861906003 -0.0012625455850331943 -0.0010369134097968566 -0.00083346599759007893 -0.00065185251254387937 -0.00049171247409191714 -0.00035267708439088081 -0.00023437074119673056 -0.00013641258723633268 -5.8418004193730868e-05 0 1.2896978522580731e-05 7.2799717867031158e-06 -1.6473819077696804e-05 -5.7995025256861174e-05 -0.00011692324102719093 -0.00019290819825907524 -0.00028561093205496494 -0.00039470485085005958 -0.00051987657869852872 -0.00066082638291029656 -0.0009889272314699334 -0.0013768487357210632 -0.0018225217653103224 -0.0023237987870962551 -0.002878284333706402 -0.0050522553409666432 -0.0033238480277061277 -0.0026033804452751954 -0.0019752037049218822 -0.0014368528050392551 -0.001200581334452708 -0.00098581447173949469 -0.00079221717172221892 -0.00061944531631313025 -0.00046714656101408067 -0.00033496152206307337 -0.00022252512048226295 -0.00012946795649579218 -5.5417635216129725e-05 0 1.4650987116363328e-05 1.1666898720954944e-05 -8.5875878034835801e-06 -4.575493398582255e-05 -9.9485746655938548e-05 -0.00016943981961163384 -0.00025528716694810788 -0.00035670897285230594 -0.00047339834552346865 -0.00060506071486457523 -0.00091218601550584872 -0.0012759471515078839 -0.0016942954460836971 -0.0021651287154690652 -0.002686147358596598 -0.0048020211272768653 -0.0031567105983229572 -0.0024714492098860015 -0.0018743258049589871 -0.0013628918546047643 -0.0011385333263117959 -0.00093465419318903436 -0.00075092508125009741 -0.00058700904589499168 -0.00044256233580001634 -0.00031723543795306278 -0.00021067425245903195 -0.00012252129053806811 -5.2416831293936432e-05 0 1.6404675214582794e-05 1.6052261402135904e-05 -7.0550646082552042e-07 -3.3523332686375502e-05 -8.2063242181788177e-05 -0.00014599549020294977 -0.00022499946297058608 -0.00031876450743955188 -0.00042699059709800947 -0.00054938870023729246 -0.00083559855691645935 -0.0011752801910440585 -0.0015664081760159783 -0.0020069283156262645 -0.002494639273065289 -0.0045510421941294416 -0.0029891729372879794 -0.0023392410273912543 -0.001773266193296288 -0.0012888198648497772 -0.0010764015131960911 -0.00088343254341327919 -0.00070958970715280284 -0.00055454369034927222 -0.00041795979256619619 -0.00029949882937838946 -0.00019881813603692832 -0.00011557258911340369 -4.9415592393961217e-05 0 1.8158042851413964e-05 2.0436060081518183e-05 7.1724258176059471e-06 -2.1300218650296764e-05 -6.4655721837906502e-05 -0.0001225751991149582 -0.0001947478010639036 -0.00028087142370804508 -0.00038065328588290649 -0.00049381026890077298 -0.00075916471819373809 -0.0010748476108907801 -0.0014388595538124367 -0.0018491969643109648 -0.0023037591524223086 -0.0033480202184962885 -0.0021888329866998181 -0.0017087177539876772 -0.0012920483073902661 -0.00093662275855518537 -0.00078118144944862159 -0.00064021506295480366 -0.00051344336292971778 -0.00040058595440956138 -0.00030136260770640945 -0.00021549357715714806 -0.00014269991446202339 -8.2703774912399694e-05 -3.5228717812583877e-05 0 2.3255137586298261e-05 3.4807190502464532e-05 3.4924118475661871e-05 2.387108094538172e-05 1.9101797564726874e-06 -3.0699790145917607e-05 -7.3703581701229647e-05 -0.00012684972989856688 -0.00018989077663045351 -0.00026258348807207797 -0.00043597333880598347 -0.00064516563864226684 -0.00088838686084076793 -0.001163949102041164 -0.0014702550697099088 -0.0026862936156520647 -0.0017531792225398261 -0.001367327986012163 -0.0010328530401310242 -0.00074789561008129044 -0.00062339965966272826 -0.00051057797376491659 -0.00040919440042738053 -0.00031901274998062982 -0.00023979706974668237 -0.0001713119138043171 -0.00011332260722800533 -6.5595505347242742e-05 -2.7898246617611687e-05 0 1.8328293991807428e-05 2.7313688459417168e-05 2.7181001792132848e-05 1.8152595963950625e-05 4.4816132472094118e-07 -2.5715491392949481e-05 -6.0124632474120951e-05 -0.00010256880741112926 -0.0001528410244438772 -0.00021073793386482381 -0.0003486116756027244 -0.00051464247866757915 -0.00070735138857858386 -0.00092533255039209969 -0.0011672572549932794 -0.0022914789129605618 -0.0014933665857077953 -0.0011638205821814394 -0.00087844233803604035 -0.00063557008711467562 -0.00052954989098859566 -0.00043352638825225261 -0.00034728882018131112 -0.00027062647880296336 -0.00020332895302598575 -0.00014518637076074584 -9.5989635395435802e-05 -5.5530657227918205e-05 -2.3602579720576169e-05 0 1.5480816364012189e-05 2.3041726387660625e-05 2.2882506746598109e-05 1.5200657034196249e-05 1.9120925501450028e-07 -2.1953456390832812e-05 -5.1043789122110063e-05 -8.6893238958343208e-05 -0.00012931842115307174 -0.00017813927442107135 -0.00029426526766977766 -0.00043390278381626147 -0.00059574556167007694 -0.00077855340562960843 -0.00098115565927617016 -0.0020210890179501026 -0.0013153528256097064 -0.0010243613122134989 -0.00077261596011144623 -0.00055858447223632198 -0.0004652287330954571 -0.00038072124711282325 -0.00030486800701900497 -0.00023747512886952596 -0.00017834908057675855 -0.00012729690480412246 -8.4126437836593696e-05 -4.8646522756670554e-05 -2.0667217985708711e-05 0 1.3542039062324854e-05 2.0143999744679711e-05 1.9988989253118003e-05 1.3257941330882161e-05 1.2944232193271417e-07 -1.9220437110761604e-05 -4.4618303478378914e-05 -7.5893596492183067e-05 -0.00011287873792865965 -0.00015540927524339645 -0.00025646516771509706 -0.00037781319776856857 -0.0005182633886781677 -0.00067668733068761686 -0.00085202125433568056 
end_dependent_variable

end_regular_table
