# ****************************************************************************
# CUI
#
# The Advanced Framework for Simulation, Integration, and Modeling (AFSIM)
#
# The use, dissemination or disclosure of data in this file is subject to
# limitation or restriction. See accompanying README and LICENSE for details.
# ****************************************************************************

# ##################################################################################################
# 
# This file was auto-generated by AFSIM Mover Creator 2.5.0.200401
# 
# Creation Date:  01 Apr 2020
# 
# ##################################################################################################

regular_table

independent_variable mach precision double
0.10000000000000001 0.5 0.70000000000000007 0.75 0.80000000000000004 0.84999999999999998 0.90000000000000002 0.92000000000000004 0.94000000000000006 0.95999999999999996 0.97999999999999998 1 
end_independent_variable

independent_variable beta units rad
-0.3490658503988659 -0.31415926535897931 -0.27925268031909273 -0.24434609527920614 -0.20943951023931956 -0.17453292519943295 -0.13962634015954636 -0.10471975511965978 -0.087266462599716474 -0.069813170079773182 -0.05235987755982989 -0.034906585039886591 -0.017453292519943295 0 0.017453292519943295 0.034906585039886591 0.05235987755982989 0.069813170079773182 0.087266462599716474 0.10471975511965978 0.13962634015954636 0.17453292519943295 0.20943951023931956 0.24434609527920614 0.27925268031909273 0.31415926535897931 0.3490658503988659 
end_independent_variable

dependent_variable precision double
-0.16468530591404179 -0.19008356294478293 -0.20391511751117328 -0.20735054204599881 -0.20776326295160927 -0.20773301571349062 -0.20592148666973578 -0.20381870766938412 -0.20284914748987445 -0.20219810601847546 -0.20156936588947588 -0.20110216391371241 -0.20081042477589239 -0.20070429229367018 -0.20081042477589239 -0.20110216391371241 -0.20156936588947588 -0.20219810601847546 -0.20284914748987445 -0.20381870766938412 -0.20592148666973578 -0.20773301571349062 -0.20776326295160927 -0.20735054204599881 -0.20391511751117328 -0.19008356294478293 -0.16468530591404179 -0.16440844787884515 -0.18979797723389064 -0.20362680183268367 -0.20705911213577705 -0.20747010298070206 -0.20743738532588576 -0.20562515717880003 -0.20352194999802409 -0.20255270559581126 -0.20190180023975754 -0.20127324300994934 -0.2008063018693618 -0.20051491921957351 -0.20040923486342613 -0.20051491921957351 -0.2008063018693618 -0.20127324300994934 -0.20190180023975754 -0.20255270559581126 -0.20352194999802409 -0.20562515717880003 -0.20743738532588576 -0.20747010298070206 -0.20705911213577705 -0.20362680183268367 -0.18979797723389064 -0.16440844787884515 -0.16436603303601122 -0.1897546652476356 -0.20358304898527765 -0.20701491920709528 -0.20742559730324636 -0.20739254274482569 -0.20558013310508697 -0.20347679285201661 -0.20250753070091307 -0.20185660207260256 -0.20122803223321456 -0.2007610913783176 -0.20046972318077602 -0.2003640671598281 -0.20046972318077602 -0.2007610913783176 -0.20122803223321456 -0.20185660207260256 -0.20250753070091307 -0.20347679285201661 -0.20558013310508697 -0.20739254274482569 -0.20742559730324636 -0.20701491920709528 -0.20358304898527765 -0.1897546652476356 -0.16436603303601122 -0.16436010468288567 -0.18974860116627257 -0.20357692381887249 -0.20700873165860403 -0.20741936716251555 -0.20738626453755452 -0.20557383127960635 -0.20347047401028237 -0.20250121092989065 -0.20185028008656736 -0.20122170943856016 -0.20075476955510363 -0.20046340432027743 -0.20035775320627119 -0.20046340432027743 -0.20075476955510363 -0.20122170943856016 -0.20185028008656736 -0.20250121092989065 -0.20347047401028237 -0.20557383127960635 -0.20738626453755452 -0.20741936716251555 -0.20700873165860403 -0.20357692381887249 -0.18974860116627257 -0.16436010468288567 -0.16437874197476332 -0.18976740779918844 -0.20359593572943266 -0.20702791802760998 -0.20743871532960648 -0.20740573950101646 -0.20559342400946456 -0.20349015969418244 -0.20252093821216843 -0.20187004014404875 -0.20124149579958422 -0.20077457606509003 -0.20048322500306173 -0.20037758204135861 -0.20048322500306173 -0.20077457606509003 -0.20124149579958422 -0.20187004014404875 -0.20252093821216843 -0.20349015969418244 -0.20559342400946456 -0.20740573950101646 -0.20743871532960648 -0.20702791802760998 -0.20359593572943266 -0.18976740779918844 -0.16437874197476332 -0.16462297507865439 -0.19001454498366016 -0.20384572780915219 -0.20728005391159529 -0.20769289728493501 -0.20766164775555851 -0.20585075974591449 -0.20374860856098903 -0.20277982925840482 -0.2021292920256979 -0.20150102914667162 -0.20103431170916089 -0.20074308387673309 -0.20063748500406089 -0.20074308387673309 -0.20103431170916089 -0.20150102914667162 -0.2021292920256979 -0.20277982925840482 -0.20374860856098903 -0.20585075974591449 -0.20766164775555851 -0.20769289728493501 -0.20728005391159529 -0.20384572780915219 -0.19001454498366016 -0.16462297507865439 -0.16556533397280979 -0.19109254036292772 -0.20504336036795925 -0.20857143958058269 -0.20905422694593612 -0.20903668717799767 -0.20723343055897533 -0.20513722546042404 -0.2041707883605984 -0.20352216742487672 -0.20289539620558511 -0.20242974558825882 -0.20213915955857575 -0.20203377724322069 -0.20213915955857575 -0.20242974558825882 -0.20289539620558511 -0.20352216742487672 -0.2041707883605984 -0.20513722546042404 -0.20723343055897533 -0.20903668717799767 -0.20905422694593612 -0.20857143958058269 -0.20504336036795925 -0.19109254036292772 -0.16556533397280979 -0.16635766638693172 -0.19191778922476305 -0.2058759433150481 -0.20940753139960466 -0.20991792596343603 -0.20996095496899536 -0.20820026842556358 -0.20612048849702932 -0.20515420655064029 -0.20450595044228542 -0.20387907476824332 -0.20341331096957216 -0.20312264562736906 -0.20301722900635696 -0.20312264562736906 -0.20341331096957216 -0.20387907476824332 -0.20450595044228542 -0.20515420655064029 -0.20612048849702932 -0.20820026842556358 -0.20996095496899536 -0.20991792596343603 -0.20940753139960466 -0.2058759433150481 -0.19191778922476305 -0.16635766638693172 -0.16692960781896279 -0.19254613900960915 -0.20654680809077586 -0.21010471115188947 -0.21060543705791893 -0.21063874845976202 -0.20888035179656433 -0.2068272615570686 -0.20587625718137437 -0.20523950019472534 -0.2046198348372642 -0.20415760992313536 -0.20386730139374529 -0.20376181405273841 -0.20386730139374529 -0.20415760992313536 -0.2046198348372642 -0.20523950019472534 -0.20587625718137437 -0.2068272615570686 -0.20888035179656433 -0.21063874845976202 -0.21060543705791893 -0.21010471115188947 -0.20654680809077586 -0.19254613900960915 -0.16692960781896279 -0.16728067266640784 -0.19294411549006324 -0.20698474354055979 -0.21057265107810874 -0.21109748998476188 -0.21115436666636136 -0.20940194063952883 -0.20733509482029688 -0.20637765788316897 -0.20574132075130375 -0.20512178030578551 -0.20466972725983174 -0.20438872764552402 -0.20428651483653168 -0.20438872764552402 -0.20466972725983174 -0.20512178030578551 -0.20574132075130375 -0.20637765788316897 -0.20733509482029688 -0.20940194063952883 -0.21115436666636136 -0.21109748998476188 -0.21057265107810874 -0.20698474354055979 -0.19294411549006324 -0.16728067266640784 -0.16809368924819873 -0.19365973378734572 -0.20761840837302703 -0.21115222680544918 -0.21164651327215592 -0.21170871237197292 -0.20996248269687212 -0.20789384705886807 -0.20693866381937767 -0.20630190020708247 -0.20569407799319148 -0.20524173689619432 -0.2049588654740738 -0.20485593892997958 -0.2049588654740738 -0.20524173689619432 -0.20569407799319148 -0.20630190020708247 -0.20693866381937767 -0.20789384705886807 -0.20996248269687212 -0.21170871237197292 -0.21164651327215592 -0.21115222680544918 -0.20761840837302703 -0.19365973378734572 -0.16809368924819873 -0.1689555745357024 -0.19442542015163564 -0.20831832019295718 -0.21183790881765954 -0.21233090189339909 -0.21238536721376011 -0.21062132435773057 -0.20853166016022501 -0.20757567943643296 -0.20694799434789213 -0.20633840037358761 -0.20588463914764035 -0.20560051375368713 -0.20549701427524691 -0.20560051375368713 -0.20588463914764035 -0.20633840037358761 -0.20694799434789213 -0.20757567943643296 -0.20853166016022501 -0.21062132435773057 -0.21238536721376011 -0.21233090189339909 -0.21183790881765954 -0.20831832019295718 -0.19442542015163564 -0.1689555745357024 
end_dependent_variable

end_regular_table
