# ****************************************************************************
# CUI
#
# The Advanced Framework for Simulation, Integration, and Modeling (AFSIM)
#
# The use, dissemination or disclosure of data in this file is subject to
# limitation or restriction. See accompanying README and LICENSE for details.
# ****************************************************************************

# ##################################################################################################
# 
# This file was auto-generated by AFSIM Mover Creator 2.8.0.201104
# 
# Creation Date:  05 Nov 2020
# 
# ##################################################################################################

regular_table

independent_variable mach precision double
0.10000000000000001 0.5 0.70000000000000007 0.75 0.80000000000000004 0.84999999999999998 0.90000000000000002 0.92000000000000004 0.94000000000000006 0.95999999999999996 0.97999999999999998 1 1.02 1.04 1.0600000000000001 1.0800000000000001 1.1000000000000001 1.2 1.3 1.4000000000000001 1.5 1.75 2 2.5 3 3.5 4 
end_independent_variable

independent_variable surface_angle units deg
-40 -30 -28 -26 -24 -22 -20 -18 -16 -14 -12 -10 -9 -8 -7 -6 -5 -4 -3 -2 -1 0 1 2 3 4 5 6 7 8 9 10 12 14 16 18 20 22 24 26 28 30 35 40 
end_independent_variable

dependent_variable precision double
-11.696505404431157 -7.5491677409567064 -4.7623806546393386 -5.7615436902686588 -3.3180967658989471 -4.1731284151652979 -4.925136659596693 -3.4689290218490689 -4.1136862545167663 -2.5134851335117694 -2.8872886123917501 -3.15446110542053 -1.8167024298743231 -1.863391318118667 -1.8670848125554951 -1.8232945534815286 -1.7368750015811976 -0.89038717689543001 -0.72148955861441955 -0.51621739135137812 -0.27554359692511837 0 0.31034519155296031 0.65495850903417507 1.0332298328125697 1.4442517518771842 1.8861902169699303 1.6268646430569556 2.1059882412326503 2.6029617440456496 3.1217885632121667 3.6653826942198164 3.3508669716553685 4.586023033941534 3.7188841308877914 4.9708148161639887 4.6539929611269102 2.8887357725241469 3.9321691882241185 1.5077522110083679 2.3419091635957092 3.16680313351161 0.89449049609812536 -4.5326363394292191 -11.685692051374183 -7.5407025179843163 -4.7544307175177067 -5.7540966024095477 -3.3111796839581626 -4.1667404029265258 -4.919293809666061 -3.4636424225305626 -4.1089601957593125 -2.5093295978781875 -2.8837091617779738 -3.1514734548313981 -1.8140073050125649 -1.8609912741118704 -1.8649789575472007 -1.821485161759961 -1.7353641255714847 -0.88917493987967011 -0.72057906973967134 -0.51560954756431476 -0.2752392518896416 0 0.31004057528410311 0.65434880864361233 1.0323146303363322 1.4430305068431089 1.8846622506722515 1.6250260915289982 2.1038412541082585 2.6005055830364343 3.1190260126489315 3.6623136401711389 3.347187589077405 4.5817355325294553 3.7139784514862253 4.9653082236280968 4.6478672500449729 2.8820045996037793 3.9248505080364269 1.4998307635082819 2.3334117148170095 3.1577445250487166 0.88406375442309726 -4.5443875940911802 -11.686847646122175 -7.5416197574714303 -4.7552957242022762 -5.7549061323416204 -3.3119334626810861 -4.1674362667006619 -4.9199309363980017 -3.4642197756677477 -4.1094763750622088 -2.5097837613393219 -2.8841002829294742 -3.1518013797222322 -1.8143029583968648 -1.8612545738441229 -1.8652095928531192 -1.8216830705357503 -1.7355292441814982 -0.8893070868314692 -0.72067829676514328 -0.51567576479486332 -0.27527238742400711 0 0.31007378749878456 0.65441527610841621 1.032414380871908 1.4431635396516174 1.8848285375101888 1.6252253570142206 2.1040736303629206 2.6007709831279877 3.1193245769332312 3.6626452877153861 3.3475852876144461 4.5821989145426869 3.7145061103534007 4.9659005733319681 4.6485220231906448 2.8827216483676237 3.9256298648426249 1.5006699301630435 2.3343110740277941 3.1587034704578083 0.88516598228813359 -4.5431521592653175 -11.687077633008299 -7.5418021553615358 -4.7554676855910278 -5.7550670728278339 -3.3120833012043103 -4.1675745877462926 -4.9200575733772345 -3.4643345211424177 -4.1095789579585027 -2.5098740190257178 -2.8841780132016304 -3.1518665313269647 -1.8143617016302922 -1.861306887611379 -1.8652554252308355 -1.8217224016098628 -1.7355620608355322 -0.88933335426368287 -0.72069802036892927 -0.51568892788740583 -0.27527897494210402 0 0.31008038893119538 0.65442848727874292 1.0324342085458262 1.4431899824329086 1.8848615947605816 1.6252649789166416 2.1041198413312463 2.600823767333091 3.1193839567784329 3.6627112426483519 3.3476643815531917 4.5822910688521912 3.7146110817246516 4.966018419145553 4.6486523383996108 2.8828643905907567 3.9257850067619144 1.5008370409453757 2.3344901858420415 3.1588944409694752 0.88538550573785713 -4.542906016456552 -11.687290690642303 -7.5419710678560383 -4.755626922658851 -5.7552161131289967 -3.3122220455514548 -4.1677026752608377 -4.9201748395128453 -3.4644407671414155 -4.1096739528305122 -2.5099575922246533 -2.8842499902241236 -3.151926856707242 -1.8144160930024789 -1.8613553257954236 -1.8652978575374437 -1.8217588168692873 -1.7355924452930269 -0.88935767598972704 -0.72071628363994034 -0.51570111630779047 -0.27528507405501756 0 0.31008650214192585 0.65444072109617235 1.0324525692808617 1.4432144723593918 1.8848922057724673 1.6253016737069732 2.1041626391439032 2.6008726531048705 3.1194389496574741 3.6627723297415744 3.3477376337778755 4.5823764189345439 3.7147083167373731 4.9661275694065301 4.6487730534979095 2.8829966255920794 3.9259287394544211 1.5009918708776644 2.3346561288432404 3.1590713804912487 0.88558890722097361 -4.5426779183428003 -11.687489009060597 -7.5421282648811943 -4.7557751052510655 -5.7553548015635752 -3.3123511522575786 -4.1678218729329934 -4.9202839644982763 -3.4645396344691068 -4.1097623489987196 -2.5100353574740755 -2.8843169584765733 -3.1519829841134817 -1.8144666973835062 -1.861400395726182 -1.865337342179626 -1.8217927032978998 -1.7356207194341879 -0.88938031036585807 -0.72073327979884927 -0.51571245861980919 -0.27529075045282986 0 0.31009219051131381 0.65445210519102481 1.0324696540158675 1.4432372579100754 1.8849206906708049 1.6253358236139701 2.1042024653250473 2.6009181463690552 3.1194901295038875 3.6628291857344806 3.3478058039589724 4.5824558519868202 3.7147988124989557 4.9662291590888845 4.6488854141357683 2.8831197160807722 3.9260625324759366 1.5011360088724326 2.3348106195981702 3.1592361059261531 0.8857782675018554 -4.5424655545096773 -11.687674372103762 -7.5422751729733184 -4.7559135771840282 -5.7554844160783309 -3.3124717962524564 -4.1679332507607372 -4.9203859359945126 -3.4646320200242968 -4.1098449445575351 -2.510108032254732 -2.8843795414223674 -3.1520354280561662 -1.814513986583506 -1.8614425082269652 -1.8653742372275715 -1.8218243686062856 -1.7356471386951826 -0.8894014615591026 -0.72074916159993074 -0.51572305707452171 -0.27529605424382575 0 0.31009750643345324 0.65446274432755303 1.0324856199570605 1.4432585527781852 1.8849473107319443 1.6253677372098838 2.1042396912528245 2.6009606694378395 3.1195379654470656 3.6628823153720007 3.3478695205383868 4.5825300914256921 3.7148833977408326 4.9663241061543753 4.6489904512489613 2.8832347845207105 3.9261876021162156 1.5012707658112363 2.3349550517083446 3.1593901043186179 0.88595530991295901 -4.542267004398906 -11.661767477966659 -7.5294430356676507 -4.7442370483619491 -5.7470622271427985 -3.3047907342265352 -4.1629857289747942 -4.9177691076408943 -3.4626294437301151 -4.1096080683243992 -2.5097693606627027 -2.8851079903240127 -3.1535242246410942 -1.8152439291165392 -1.8623782565727303 -1.866445530241023 -1.8229631654328529 -1.7367945017478335 -0.88997524685557272 -0.72123122195198619 -0.51607475202395769 -0.27548507077254009 0 0.31030718681454589 0.65489671635120106 1.0331523487854728 1.4441599798857934 1.886078116159543 1.6261798165506327 2.1052385710491905 2.6021147662141981 3.1208126299576486 3.6642386870316046 3.3482076187074981 4.5826939988776552 3.7130782006359939 4.9637538372907324 4.6441799022243977 2.874981979251539 3.9160471194934794 1.4866396761192793 2.3177936369353733 3.1392749383101219 0.8552846314071888 -4.5851952779688148 -11.635819254436573 -7.5165856151600403 -4.732538896696064 -5.7386217401951507 -3.2970945569154702 -4.1580260814642598 -4.9151427312595448 -3.4606196927561297 -4.1093659763936712 -2.5094270899610489 -2.8858340976891714 -3.1550116085274329 -1.8159728277951903 -1.8633132518477431 -1.8675162981359272 -1.8241016131250303 -1.7379416448139049 -0.8905489059977244 -0.72171321651103826 -0.51642641543960111 -0.27567407557142404 0 0.31051685613918434 0.65533065771229693 1.0338190126251037 1.4450612809092931 1.8872087034898455 1.6269915535354325 2.1062369347011032 2.6032681128558521 3.1220862570986863 3.6655936553113802 3.3485433973987777 4.5828543238150479 3.7112678251851992 4.9611764133549805 4.6393598388217656 2.8667170797628461 3.9058915805618657 1.4719903459617445 2.3006106606947618 3.119134572074949 0.82458004226317616 -4.6281646508476761 -11.609829701666683 -7.5037028982765657 -4.7208191143739304 -5.730162969481599 -3.2893832869906561 -4.1530543011826175 -4.9125067933701727 -3.4586027646513777 -4.109118682552011 -2.509081228191989 -2.8865578750067256 -3.1564975790258489 -1.8167006746538334 -1.8642474930945963 -1.8685865390740626 -1.8252397149762969 -1.7390885675487304 -0.89112244072803803 -0.72219514497071646 -0.51677804654595227 -0.27586306949735662 0 0.31072651407706309 0.65576456923421023 1.0344856117440264 1.4459624574954235 1.8883390736036656 1.62780294253473 2.1072347750471589 2.6044207100138381 3.1233588413555133 3.6669472223559176 3.3488768520166721 4.5830110615657222 3.7094522612016378 4.958591851503849 4.6345302400547022 2.8584400831441132 3.8957209778153028 1.4573227747258908 2.2834061145613287 3.0989689830948879 0.79384154385958694 -4.6711751348307438 -11.583798825324848 -7.4907948768984189 -4.7090776999658228 -5.7216859013686729 -3.2816568994318596 -4.1480703913467556 -4.9098612936664106 -3.4565786583435649 -4.1088661776593742 -2.508731763968763 -2.8872793188555423 -3.1579821408595503 -1.8174274725519246 -1.865180977032576 -1.8696562562467856 -1.8263774667740631 -1.7402352750074188 -0.89169584775941679 -0.72267700573534277 -0.51712964858223809 -0.27605205111741904 0 0.31093616100476229 0.65619844979039255 1.0351521435955393 1.4468635090952724 1.8894692267435471 1.6286139854761053 2.1082320942574801 2.605572554075541 3.124630382626008 3.6682993807868027 3.3492079825867132 4.583164210904199 3.7076315004133154 4.9560001367251987 4.6296911190460674 2.8501510077264935 3.8855353159514689 1.4426369785472168 2.2661800105856362 3.0787781588598224 0.76306912353311895 -4.7142267065317593 -11.523506443418293 -7.4778615701737383 -4.6973146545950986 -5.7131905530641642 -3.273915421608153 -4.1430743570117823 -4.9072062358246997 -3.4545473861385605 -4.1086084636050435 -2.50837869366599 -2.8879984277548321 -3.1594652916541675 -1.8181532216426484 -1.8661137043127187 -1.8707254504710835 -1.827514872884104 -1.7413817612412814 -0.89226912841308215 -0.72315879981338571 -0.5174812192921695 -0.27624102233365955 0 0.31114579562020855 0.65663229842662818 1.0358186086583454 1.4477644332834083 1.8905991648115381 1.6294246844403224 2.1092288949617441 2.6067236492918475 3.1259008798378733 3.6696501345102543 3.3495367931172439 4.583313776987711 3.7058055511432886 4.9534012677935486 4.6248424663494463 2.8418498364043154 3.8753346029359887 1.4279329428220753 2.2489323366149989 3.0585621377170908 0.73226278700268299 -4.7412740060922403 -11.35631497496661 -7.4490940276455646 -4.6834060143611254 -5.7046768960756431 -3.2661588323799911 -4.1380661908248131 -4.9045416235214825 -3.4525089357815562 -4.1083455357934664 -2.5080220262449995 -2.8887152007854837 -3.1609470260482224 -1.8188779248365219 -1.8670456743222841 -1.8717941192576986 -1.8286519310852356 -1.7425280307309829 -0.89284228224862694 -0.72364052831543746 -0.51783275938422757 -0.27642998117860695 0 0.31135542044138198 0.65706611684710148 1.0364850082919626 1.4486652322810154 1.891728882063197 1.630235036172198 2.1102251721431391 2.6078739977690528 3.1271703355186644 3.6709994921812319 3.3498632700513831 4.5834597538420372 3.7039744153829641 4.9507952424111235 4.6199842841094299 2.8335365691775793 3.8651188202334645 1.4132106580529897 2.2329240652708719 3.04736529130997 0.73741927650792038 -4.7191236484335262 -11.18790324263146 -7.3584593861971062 -4.6009703119664964 -5.6403090330725298 -3.2163321040762107 -4.102233180282755 -4.8801065586506862 -3.4358788785812351 -4.0990444514158435 -2.5028004715186638 -2.8875900807848423 -3.1624273470543538 -1.8196015747295982 -1.8679768938524781 -1.8728622591471997 -1.8297886353777078 -1.7436740800936854 -0.89341531002559371 -0.72412218865011635 -0.51818426707763554 -0.27661892886338108 0 0.31156503260563595 0.65749990531350344 1.0371513404092436 1.449565903790317 1.8928583829664227 1.6310450412972373 2.1112209251761587 2.6090235894097047 3.128438743617568 3.6723474417236419 3.3516443078478786 4.5873051153431064 3.7087634248453569 4.9584913810684794 4.6299444943620145 2.8454701654341199 3.8815544452450657 1.4326322888541647 2.2572553316066593 3.0711030469519591 0.75826427044145861 -4.6978586586195821 -11.034654502236096 -7.2836253061763951 -4.5344080453932305 -5.5833713376632641 -3.1658915905701388 -4.0599078951734739 -4.84515635776211 -3.4063105863339018 -4.075702579935423 -2.4834910404088628 -2.8730983365383898 -3.1522648501743316 -1.8109225012370913 -1.8614786675459889 -1.8682024243412918 -1.8266350073973214 -1.7417501706326404 -0.8919363333017527 -0.72333840306460528 -0.51786067314465889 -0.27655226209358297 0 0.31173130193898319 0.65798984116084602 1.0381148315544777 1.4511838979137555 1.8952883261147631 1.6338823319338045 2.1151332157270559 2.614169232503007 3.1349370795662979 3.6803205794446221 3.3605170814830085 4.5978603274699159 3.7193270048363019 4.9703245193997674 4.641583347511224 2.8557209775878483 3.8919564428276043 1.4406151173713966 2.2648537974993208 3.0780492361566405 0.7621301762355257 -4.6938655709413242 -10.988057399597471 -7.2447309688296784 -4.4973668548217063 -5.5506723421485171 -3.1353329976583693 -4.0338338080191676 -4.8234492789967378 -3.3875076927499799 -4.0611157049034761 -2.4713323640404896 -2.8645064024196452 -3.1467964355797458 -1.8057934452697399 -1.8575975840566121 -1.8654115036025998 -1.8247601093326096 -1.7406503086349927 -0.89094344124953606 -0.72279968509435688 -0.51762594876655055 -0.27649492331068432 0 0.31184614872645383 0.65830889597017062 1.0387177617473204 1.4521797997086627 1.8967531174828014 1.6353192404209762 2.1171074948512487 2.6167231155003989 3.1380601878139758 3.6839918833719336 3.3641918414705847 4.6023545331892075 3.722767865922016 4.9737612778819411 4.6433280127805592 2.8543367170476279 3.8887243485333878 1.4326685008943965 2.253883519678189 3.06336421060118 0.73382142739259759 -4.7402521427598234 -10.963399272905221 -7.2323552429765927 -4.4860820789375708 -5.5425867098803616 -3.1279423540178324 -4.0291358522951111 -4.821043911143664 -3.3856821263405972 -4.061022933526063 -2.4711068655035358 -2.8653194830548467 -3.1483440250428414 -1.8065706745901071 -1.8585698877814953 -1.8665097775557722 -1.8259177207880675 -1.7418094347847906 -0.89152316481136562 -0.72328374336317303 -0.51797737750899242 -0.27668297160420635 0 0.31205224311280105 0.65873395313119665 1.0393683817000694 1.4530553246571363 1.8978457677043183 1.6360786894055308 2.1180366417486458 2.6177872372424149 3.1392220016475409 3.6852097343346495 3.3643301538867876 4.6022444501075208 3.7206005183139901 4.9707262169616859 4.6379344136646745 2.8453675917161672 3.8777162769847302 1.4169993501789089 2.2354916013632633 3.0417972524490153 0.70097109632763388 -4.7865356086953046 -10.838857346895811 -7.1698392886045115 -4.4291142392012315 -5.5016978336067277 -3.0906050762417836 -4.005332407253773 -4.8087649460422064 -3.3763586278925568 -4.0604113732608607 -2.4698722297933142 -2.8693109200359195 -3.1560339082331597 -1.8104194241117226 -1.8634031073721709 -1.8719804432055087 -1.83169122356536 -1.7475954558490436 -0.89441604239158445 -0.72570097655806998 -0.51973321053112842 -0.27762287812300579 0 0.31308315966431116 0.66086049160754112 1.0426237920696759 1.4574366359905915 1.9033141918729737 1.639882564179745 2.1226903801574841 2.6231170692277992 3.1450411825642948 3.6913094693073405 3.365032110343253 4.6017017123366628 3.7097663108918311 4.9555456627067898 4.6109500196195254 2.8004948421037819 3.8226354385450145 1.3386006512328714 2.143469447459005 2.9338915768116882 0.53667760768189032 -5.0178307640586173 -10.712277761526233 -7.1062816900560613 -4.3712574609263344 -5.4600561651222632 -3.0526405914907224 -3.9810170331579946 -4.7960748504952395 -3.3667164291055323 -4.0595594753918407 -2.4684633480661224 -2.8731822711265242 -3.1636458338629203 -1.8142075245856968 -1.8681904421511453 -1.8774175099997583 -1.8374410746259291 -1.7533658051194241 -0.89729949110932006 -0.72811314819788986 -0.5214868205022668 -0.2785621835897194 0 0.31411467678122551 0.66298878253746907 1.04588247131373 1.4618231656385512 1.9087899188863071 1.6436956912067806 2.1273550714291423 2.6284593069090914 3.1508735008911524 3.697422182888241 3.3657450708518959 4.601163201581187 3.69892515703568 4.9403422966363495 4.5839208184199061 2.7555554962872777 3.7674612999073678 1.2600829568190191 2.0513064906550711 2.8258244581133423 0.37224814070142209 -5.2490280874979112 -10.583723142697929 -7.0417091038376647 -4.312534647073563 -5.4176813179927814 -3.0140656017921916 -3.9562038064425815 -4.7829852742301631 -3.3567649684798995 -4.0584746963317482 -2.4668859050212864 -2.8769376314751898 -3.1711825427966507 -1.8179371170292091 -1.8729335075830265 -1.8828221439324939 -1.8431680528522156 -1.7591209418321161 -0.90017371744533048 -0.73052029830224119 -0.52323816039777049 -0.27950082665849846 0 0.31514662372597646 0.66511841345412204 1.0491436873031588 1.4662137748612234 1.9142713058340424 1.6475158282396294 2.1320277912599224 2.6338102282711469 3.1567143421820645 3.703542293777967 3.3664611152320534 4.6006182756887277 3.6880631774088948 4.9250984922506911 4.5568249576996518 2.7105228551236999 3.7121617001138372 1.1814078550057951 1.9589571223835684 2.7175420316194216 0.20760013525146928 -5.480259232677021 -10.453252742410369 -6.9761466331587672 -4.252967300236417 -5.3745916728992968 -2.9748957435160106 -3.9309058680919566 -4.7695071255584613 -3.3465130939874523 -4.0571639918333391 -2.465145189374633 -2.8805807970088741 -3.1786465729286162 -1.8216102093160531 -1.8776338249874114 -1.8881954345327914 -1.8488728931497727 -1.7648612985435674 -0.90303892513580886 -0.73292247148628664 -0.52498719771367486 -0.28043875833404408 0 0.31617885284248187 0.66724902485120163 1.0524068040325458 1.4706074516794947 1.9197568754373027 1.651340985595231 2.1367059335881891 2.6391665070908457 3.1625595823109842 3.7096647901427744 3.3671731655658497 4.6000573789723012 3.6771679310829963 4.9097984852704357 4.5296428726568747 2.6653730408844658 3.6567078771286976 1.1025410047558679 1.8663806536163228 2.6089961841855329 0.042659984356171715 -5.7116414827095747 -10.119055272486257 -6.808060464442617 -4.1004832236168554 -5.263850490759582 -2.8744621000176878 -3.8656189377204382 -4.7341767262547991 -3.3196217579801144 -4.0529404157792115 -2.460110642746328 -2.8892206961930773 -3.1970040575675163 -1.830557861529384 -1.8892067737802714 -1.9014981939160043 -1.8630426982708999 -1.7791503501326906 -0.91016384156118679 -0.73890656687794254 -0.52934961675977288 -0.28278023631944443 0 0.31875983584271889 0.6725778258290096 1.0605693268025251 1.4815993983223055 1.9334808924292046 1.6609145930059419 2.1484103246175277 2.652561909954672 3.1771687196069074 3.7249532711564282 3.3688958788987047 4.5985314389306282 3.6497141408496541 4.871213746233412 4.4612001273833188 2.5518512631035422 3.5172365492091275 0.90434175872810085 1.6337169171020902 2.3362086827548212 -0.37138176518026556 -6.2914152362779365 -9.9227079393021125 -6.7082072814413776 -4.0098234575896328 -5.1981074479017488 -2.8148166120531624 -3.8269983393263618 -4.713471368690815 -3.3039368329516208 -4.0508087891637903 -2.4574431379253237 -2.894706107441233 -3.2082643108775919 -1.8361447014240513 -1.8963405560330799 -1.9096418576046894 -1.8716794247681379 -1.7878319415160389 -0.91452119696186873 -0.74255579539838623 -0.53200415805172852 -0.28420248159226419 0 0.32032173074278503 0.67579881169933609 1.06549758043911 1.4882276809708865 1.9417460974902729 1.6666827689626134 2.1554448698878326 2.6605927400464791 3.1859036867451813 3.7340654409835352 3.3697889353082533 4.5973672646677457 3.6328575495299935 4.8475157771805994 4.4193937995888524 2.4827914358799399 3.4323731295606543 0.78399426064679523 1.4924355533175766 2.1705759841599956 -0.62241712691447071 -6.64240507147416 -9.9580963236367506 -6.7223906713688608 -4.0218531223543037 -5.2082896236810372 -2.8234060661050226 -3.8341853901045218 -4.7194225679796196 -3.308793439121132 -4.0547017027177388 -2.4604920787694256 -2.8970250542310443 -3.2099615386765086 -1.83756990183306 -1.8975166930954281 -1.9105940945273199 -1.8724334200565067 -1.788408425583049 -0.91493993451597644 -0.74284147062393879 -0.53217732360307735 -0.2842806594521558 0 0.32037652533487415 0.67589470637428228 1.0656214074609471 1.4883618400090688 1.9418759454846626 1.6667969662260815 2.1555307109922799 2.6606351694489532 3.18589325420111 3.7339928580501169 3.3695568394461657 4.5969427868208816 3.6322087837936095 4.8466167388926156 4.4182220509606909 2.4813246437995136 3.4305913837936552 0.78187113548568843 1.4899395309265562 2.1676639544202683 -0.62671355301854803 -6.648987042355424 -9.9797812584736416 -6.7311682303496481 -4.0293142863929123 -5.2146197990954253 -2.8287594949796286 -3.8386772357263954 -4.7231536146604158 -3.3118491730864661 -4.0571613206680324 -2.4624279613061031 -2.8985061601831958 -3.2110534108453348 -1.8384906547482613 -1.8982802171357354 -1.9112156213985589 -1.8729284935791592 -1.788789589702581 -0.9152191507553108 -0.74303369910447148 -0.53229500167897059 -0.28433440747880534 0 0.32041610369921575 0.67596556406043129 1.0657155596552987 1.4884686226346444 1.9419864844962886 1.6669043607942469 2.1556272546295498 2.6607117272167677 3.1859440816579498 3.7340123163883581 3.3694921736297032 4.5967739710883055 3.631916384060986 4.846184876885312 4.4176369783153362 2.4805727027872595 3.4296603234355523 0.78074472454308685 1.4885984680759485 2.166081847144226 -0.62910801240695269 -6.652742181223954 -9.9931387636610829 -6.7366544809245372 -4.0339926527543986 -5.2186024918876166 -2.8321398511648859 -3.8415248498520036 -4.7255294161027637 -3.3138047724612547 -4.0587445136435214 -2.4636825358451855 -2.8994737647634348 -3.2117736470082972 -1.8391014158978209 -1.8987898853694769 -1.9116334127154939 -1.87326381354487 -1.7890500235329589 -0.915411931180933 -0.74316788080128404 -0.53237812231165449 -0.28437288717881437 0 0.32044599326509488 0.67602031880045721 1.0657903465394476 1.48855696863473 1.9420830041983859 1.667004882138134 2.1557270911083535 2.6608053242746736 3.1860279779498066 3.7340830674832035 3.3695235829593919 4.5967538674577995 3.6318328496689452 4.8460282131996371 4.41739870015763 2.4802444028482218 3.4292344254350899 0.78021122549369992 1.4879454540059243 2.1652931531951274 -0.6303641315625329 -6.6547998286875316 -10.001427616194372 -6.7401302561130692 -4.0369698908411769 -5.2211489389862997 -2.8343119087554025 -3.8433644829944713 -4.7270733636920594 -3.3150841438395648 -4.0597881963307083 -2.464516861084634 -2.900123866401608 -3.2122634251132753 -1.8395195914540663 -1.8991415278466308 -1.9119240667761659 -1.8734991834194892 -1.7892346805204327 -0.91555024600341917 -0.7432653290285256 -0.53243925481787802 -0.28440159063719544 0 0.32046949932033486 0.67606428946850416 1.0658518529130732 1.4886320909304362 1.9421684773394399 1.6670981622943493 2.1558253382916694 2.660905177667666 3.1861272987054159 3.7341797655821232 3.3696071301168584 4.5968167837726828 3.6318678920387595 4.8460293199620361 4.4173606502535439 2.4801619624531548 3.4291028828304522 0.78002428477158614 1.4876958222786891 2.1649708389641535 -0.63094689749548039 -6.655847064630934 
end_dependent_variable

end_regular_table
