# ****************************************************************************
# CUI
#
# The Advanced Framework for Simulation, Integration, and Modeling (AFSIM)
#
# The use, dissemination or disclosure of data in this file is subject to
# limitation or restriction. See accompanying README and LICENSE for details.
# ****************************************************************************

# ##################################################################################################
# 
# This file was auto-generated by AFSIM Mover Creator 2.8.0.201104
# 
# Creation Date:  05 Nov 2020
# 
# ##################################################################################################

regular_table

independent_variable mach precision double
0.10000000000000001 0.5 0.70000000000000007 0.75 0.80000000000000004 0.84999999999999998 0.90000000000000002 0.92000000000000004 0.94000000000000006 0.95999999999999996 0.97999999999999998 1 1.02 1.04 1.0600000000000001 1.0800000000000001 1.1000000000000001 1.2 1.3 1.4000000000000001 1.5 1.75 2 2.5 3 3.5 4 
end_independent_variable

independent_variable surface_angle units deg
-40 -30 -28 -26 -24 -22 -20 -18 -16 -14 -12 -10 -9 -8 -7 -6 -5 -4 -3 -2 -1 0 1 2 3 4 5 6 7 8 9 10 12 14 16 18 20 22 24 26 28 30 35 40 
end_independent_variable

dependent_variable precision double
-9.1442164556054983 -0.72419575058955554 2.3477901515118624 1.5127881369409091 3.9367127202883219 2.8927429542535008 1.8815428836133865 4.9740128103299863 3.7216377003358447 4.5883429062247005 3.352691237140228 2.2426345343199325 3.1229494308468557 2.6038758157924011 2.1067525922172279 1.6274656978875057 1.1709642962867362 1.4445144367307989 1.033428816979725 0.65505084271386615 0.31037031326429143 0 -0.27556861435090069 -0.51631139347219512 -0.72169614108202762 -0.89066465457953847 -1.0216897499482867 -1.8239731889096202 -1.8679663793799055 -1.8644719585639526 -1.818086324429792 -1.7320160925927357 -2.8895237671832312 -2.5164088206381554 -4.1172969379143947 -3.4732400661526177 -2.1541816799630129 -4.1789593552091526 -3.3249007282973193 -5.7693599264074917 -4.7717729260518729 -3.6625956197421536 -4.9952698491220024 -7.103954900699379 -9.1558780877886399 -0.73325317467626128 2.3392725259567682 1.5048391901609959 3.9293230421224536 2.8859435657071209 1.8753456779782169 4.9683854456343433 3.7166250497314532 4.58393691932356 3.348909770730284 2.2394886796412177 3.1201106474597147 2.6013524771139283 2.1045424238315449 1.6255701175866064 1.1693842549671734 1.4432477681636755 1.0324789874248814 0.65441796509744854 0.31005415502418049 0 -0.27525294779509191 -0.51568067268613016 -0.72075102161818128 -0.88940595498891373 -1.0201175487701646 -1.8220870155146724 -1.8657679269103566 -1.8619612380618957 -1.8152671497576065 -1.7288893759677348 -2.8857970575557812 -2.5120813896130718 -4.1123790901261845 -3.4677395828941093 -2.1481052748268388 -4.1723329422645881 -3.3177223015853863 -5.7616541556237788 -4.7635377368147198 -3.6538489860261145 -4.985349986499048 -7.0929618786173307 -9.1546362508465311 -0.73229413863264814 2.3401704465040876 1.5056764021737894 3.9300973259485183 2.8866557442057905 1.8759953426558724 4.9689691692295197 3.7171450677254816 4.5843918335193736 3.3493001744648656 2.2398148403502334 3.1204037666517244 2.6016130793202699 2.1047702906357864 1.6257653075182243 1.1695468208750295 1.4433775564797 1.0325762644677658 0.65448277690250889 0.31008654273597919 0 -0.27528527474346476 -0.51574525715491737 -0.72084777489565333 -0.88953478347258741 -1.0202782863499393 -1.822279441221031 -1.8659919501087772 -1.8622166331234808 -1.8155539424046889 -1.7292073664214038 -2.8861776602518958 -2.5125232678839176 -4.1128815726380292 -3.4683016499447556 -2.1487257174028276 -4.1730117703229519 -3.3184574083202847 -5.7624452096447625 -4.764382367326947 -3.6547461317121002 -4.9863749133293638 -7.0941046374745724 -9.154389030252883 -0.73210315854691177 2.3403493093925358 1.505843181948636 3.9302516240731755 2.8867976690587223 1.8761248061556424 4.9690855736989006 3.7172487703410817 4.5844825761642882 3.3493780537733659 2.2398798860019338 3.1204622353646743 2.6016650618566453 2.1048157483482615 1.6258042527254344 1.1695792581725282 1.4434034604802468 1.0325956797705667 0.65449571280238927 0.31009300671666989 0 -0.27529172688422321 -0.51575814637323203 -0.72086708502730401 -0.88956049714063867 -1.0203103718003947 -1.822317856056721 -1.8660366774155128 -1.8622676325306038 -1.815611212444175 -1.7292708643290773 -2.8862536340653167 -2.5126114818895018 -4.1129818732038794 -3.4684138520360288 -2.1488495719022431 -4.1731472532315088 -3.3186041308031196 -5.7626030716209389 -4.7645509209853341 -3.654925172039964 -4.9865793588966403 -7.0943324895985747 -9.1541600162198442 -0.73192620970637801 2.3405150486575423 1.5059977273395879 3.9303946102435932 2.8869291977490468 1.8762447732000005 4.9691934692461954 3.7173448846770896 4.5845666953404764 3.3494502442976026 2.2399401716817371 3.1205164394042404 2.6017132482107566 2.1048578881351419 1.6258403542426114 1.1696093266538257 1.4434274739531765 1.0326136794195824 0.65450770511392309 0.31009899949358821 0 -0.27529770882648658 -0.51577009722106781 -0.72088498971751003 -0.88958433786544611 -1.0203401194546333 -1.8223534748174153 -1.8660781482621784 -1.8623149171350504 -1.8156643085724531 -1.7293297428121897 -2.886324078789948 -2.5126932668437925 -4.1130748684996234 -3.4685178745531959 -2.1489644127346432 -4.1732728574878131 -3.3187401576464626 -5.7627494156089067 -4.7647071986445413 -3.655091158698919 -4.9867688684053482 -7.0945436665024255 -9.1539468222510934 -0.73176148542036135 2.3406693531649121 1.5061416087493016 3.9305277566963022 2.8870516609447252 1.8763564850989307 4.9692939491024477 3.7174343946286803 4.5846450334383722 3.3495174771134972 2.2399963171510544 3.1205669170884183 2.6017581264048224 2.1048971372233081 1.6258739770651851 1.1696373354337022 1.4434498433669423 1.0326304454338244 0.65451887646497953 0.31010458157086207 0 -0.27530328033239237 -0.51578122898334811 -0.72090166637377295 -0.88960654372219661 -1.0203678283746624 -1.8223866527649069 -1.8661167812270782 -1.8623589669806491 -1.8157137744689984 -1.7293845874846385 -2.8863896987581454 -2.5127694523079693 -4.1131614951883613 -3.4686147748564564 -2.1490713861075905 -4.1733898643576266 -3.3188668599846745 -5.7628857272488929 -4.7648527487506884 -3.6552457528537956 -4.9869453597330269 -7.094740326436626 -9.1537475277883562 -0.73160746953926359 2.3408136191968998 1.5062761343785933 3.9306522487010729 2.8871661700037139 1.8764609306623017 4.9693879109323911 3.717518099630635 4.5847183054494653 3.3495803576851895 2.2400488263888905 3.1206141222280905 2.6018000972093813 2.1049338438216583 1.6259054249783729 1.1696635288424044 1.4434707659473711 1.0326461291314575 0.65452932570782352 0.31010980291316537 0 -0.27530849239582694 -0.51579164067988403 -0.72091726578768334 -0.88962731375578952 -1.0203937483479484 -1.8224176889931192 -1.8661529186789281 -1.8624001755616457 -1.8157600467113675 -1.7294358963895053 -2.8864510812433162 -2.5128407170835407 -4.1132425278122939 -3.4687054172927807 -2.149171446747268 -4.173499304393764 -3.3189853748342166 -5.7630132167032482 -4.7649888963549571 -3.6553903687860991 -4.9871104206433179 -7.0949242459654638 -9.1994690051039676 -0.7542635666549794 2.3236299716480864 1.4916279110855812 3.9204980154171887 2.8789026695546047 1.8697072792061189 4.966811273142608 3.7157083111596401 4.584879030378703 3.3499164796132321 2.2403659965107794 3.1218880115199079 2.6029536867004919 2.1059323844151354 1.6267172971107333 1.1702668036698245 1.4443721040608148 1.0333128126106954 0.65496326143617523 0.31031945751288537 0 -0.27549748563083087 -0.51614333590058536 -0.7213994108128069 -0.8902012415080266 -1.0210140553423519 -1.8235571332054803 -1.8672251713332491 -1.8633372226618112 -1.8164918774806247 -1.7298891813595805 -2.8871834872737123 -2.5125079053069483 -4.1130136513394797 -3.4667132303189394 -2.1446331215980434 -4.1685680767544895 -3.3113244907080475 -5.7546156472185901 -4.7533434616076162 -3.640085693081208 -4.9650203943263325 -7.0665391324573132 -9.2452317632528853 -0.77694492128860215 2.3064247208631605 1.4769614316510487 3.9103287100974229 2.8706270592610927 1.862944096827875 4.964227483038048 3.7138933397981972 4.5850361773123307 3.3502502986840281 2.2406817711163418 3.1231608615273658 2.6041065347246222 2.1069304134086506 1.6275288317507719 1.1708698683655741 1.4452733216750235 1.0339794336414714 0.65539716974120155 0.31052910245396526 0 -0.27568646910507133 -0.51649500068212928 -0.72188149510003552 -0.8907750476759676 -1.0216341517838257 -1.8246962375511506 -1.8682969088132892 -1.864273529239638 -1.8172226753227041 -1.7303410714771315 -2.8879135918510586 -2.5121715208196314 -4.1127795989716711 -3.4647139149782586 -2.1400852726753961 -4.1636247698057103 -3.3036485518559138 -5.7461998492678541 -4.7416764655968819 -3.6247558023417468 -4.9428964517543177 -7.0381129106022886 -9.2910357881420751 -0.79965152409584028 2.2891978792501146 1.4622766953090693 3.9001443411669547 2.8623393598031668 1.8561713726514266 4.9616365464397418 3.7120731787295691 4.5851897459439765 3.3505817961324005 2.2409961546479455 3.1244326775353493 2.6052586343884414 2.1079279278533907 1.6283400236136021 1.1714727225849859 1.4461744203409963 1.0346459925684517 0.65583104957932858 0.31073873618061865 0 -0.27587544264142794 -0.51684663962006905 -0.72236351378574182 -0.89134873495949984 -1.0222540398169608 -1.825835005170424 -1.869368136059268 -1.8652090972865318 -1.8179524383993841 -1.730791573175932 -2.8886413836396554 -2.511831560174925 -4.1125403660367219 -3.4627074466079351 -2.1355279154510209 -4.1586693858452017 -3.2959575677752908 -5.7377658110557865 -4.7299879097014195 -3.6094006890616441 -4.9207385639752879 -7.0096455601799548 -9.3368811048939016 -0.82238340173090263 2.2719494564085503 1.4475736959322398 3.8899449020388261 2.8540395599472537 1.8493891265908384 4.9590384763684261 3.7102478287707434 4.5853397340269266 3.3509109760688176 2.2413091346975973 3.1257034604374399 2.6064099969510566 2.1089249295620465 1.6291508752906056 1.1720753632388277 1.447075395450415 1.0353124898320438 0.65626490040483465 0.31094835977631125 0 -0.27606440657818448 -0.51719825015493703 -0.72284547260160215 -0.89192229964388481 -1.0228737151270442 -1.8269734293614528 -1.8704388472629172 -1.8661439195262004 -1.8186811701828609 -1.7312406747117914 -2.8893668595758024 -2.5114880242408786 -4.1122959563642603 -3.4606938513515608 -2.1309610373126784 -4.1537019156307977 -3.2882515275900368 -5.7293135349312259 -4.7182777926957495 -3.5940203591640585 -4.8985467634644859 -6.9811370777691781 -9.3649892777019534 -0.84514052672259332 2.2546794384496831 1.4328524340311766 3.8797303797944256 2.8457276510128628 1.8425973483316462 4.9564332478549273 3.7084173023297136 4.5854861460546124 3.351237840969771 2.2416207220903774 3.1269732023956651 2.6075606099534108 2.109921411003016 1.6299613876115351 1.1726777941311961 1.4479762493521176 1.0359789238940138 0.65669872443571242 0.31115797367666309 0 -0.27625335979836629 -0.51754983058254866 -0.72332736981151857 -0.89249574312055369 -1.0234931772800506 -1.8281115148346787 -1.8715090439943838 -1.8670779994563707 -1.8194088697540238 -1.7316883844588284 -2.8900900172085366 -2.5111409173066748 -4.1120463573931074 -3.4586731053122595 -2.1263846414772551 -4.1487223429759386 -3.2805304217516129 -5.720843014664645 -4.7065461023250617 -3.5786148026408959 -4.876321028980243 -6.9217006760126294 -9.3385870979701835 -0.85843061999521753 2.2387054561110133 1.4181129149673588 3.8695007868417468 2.837403654292725 1.8357960263849671 4.953820870396723 3.7065815843177465 4.5856289755932567 3.3515623899161504 2.2419309041885156 3.1282419132904646 2.6087104744678009 2.110917377805853 1.6307715568233552 1.1732800078709098 1.4488769829460666 1.0366452941799176 0.6571325185220932 0.31136757659874892 0 -0.27644230229239919 -0.51790138353577297 -0.72380920118375247 -0.89306906437465516 -1.0241124277695353 -1.8292492598667693 -1.8725787272110748 -1.8680113329793406 -1.8201355298365802 -1.7321346952173433 -2.890810865805558 -2.5107902278068384 -4.1117915772420739 -3.4566452193661732 -2.1217987141580918 -4.1437306971389782 -3.2727942557746839 -5.712354254238857 -4.6927589899640347 -3.5481196447032515 -4.7891666797916965 -6.7657749664841917 -9.3131615817518654 -0.83505851408935017 2.2648632527990009 1.4388924155784861 3.8869372592102929 2.8500481299361025 1.8443172062430415 4.9618366384607402 3.7115596382188611 4.5895679464453369 3.3533737102126864 2.2422396892895375 3.1295095812499922 2.6098595977449874 2.1119128300343837 1.6315813867812246 1.1738820116704336 1.4497775942727691 1.0373116018258779 0.65756628502877179 0.31157717055950596 0 -0.27663123426133868 -0.51825290587750672 -0.72429096996710451 -0.89364226430615168 -1.0247314631360676 -1.8303866640109345 -1.8736478908749439 -1.8689439221248128 -1.8208611578600074 -1.7325796085702483 -2.8897290742890807 -2.5056978363885243 -4.1027544640963853 -3.4404720414968137 -2.0961570304183175 -4.1089731350500092 -3.2245285681693243 -5.6501708280211433 -4.6133588883139778 -3.4586710956257765 -4.6721608495415659 -6.608744024262716 -9.3050996268972366 -0.82849703151192822 2.2742735772296032 1.4484320787906504 3.8987336011001656 2.8615329148149078 1.8551302954641973 4.9746371369143674 3.7229582484581791 4.600817772049437 3.3627908640183306 2.2495938947375622 3.1363383389302104 2.6152559975569525 2.1160273301989054 1.6345717617164255 1.1758846204143267 1.4514531680802398 1.0383181539749307 0.6580736005626614 0.31174635091572001 0 -0.27656753180048521 -0.51794735734802233 -0.72355274846197737 -0.89222536735970626 -1.0223900751237804 -1.8274043655179675 -1.8692186213693605 -1.8627369580366364 -1.8125730703331437 -1.7218842284194391 -2.8759190549334925 -2.4872912973721042 -4.0805391787257372 -3.4122585190524184 -2.0608840534456689 -4.0685096722523442 -3.1762717471222164 -5.5957636981424486 -4.5498532816589581 -3.3850496727756609 -4.57076793335417 -6.4669913915254806 -9.3526503967478423 -0.84454327667820495 2.2643736152924205 1.4414767425968482 3.8964485010704086 2.8610349766669239 1.8557765303783644 4.9788350002482771 3.727080741145028 4.6058972704389571 3.3669369349824101 2.2526015064695195 3.1397685121122798 2.6180514987601282 2.1182028911455899 1.636165495231487 1.1769270818332469 1.4525107753574986 1.0389679882412652 0.65841180735277915 0.31186442595964903 0 -0.27651348627240074 -0.51773254359995058 -0.7230637399525951 -0.89129914844244795 -1.0208785372778126 -1.8257055508872917 -1.8666581202519559 -1.8591378675857977 -1.8078094423154099 -1.7158320264791416 -2.8679218777715167 -2.4759008315253812 -4.0668830286020388 -3.3945372347712888 -2.038479618832155 -4.0438019986030973 -3.1472357075081154 -5.5647286109552345 -4.5146909452341317 -3.3457609097683112 -4.5255604497218762 -6.4216776837230682 -9.4020777703537934 -0.86872439010386626 2.2459020946939705 1.4257450726988679 3.8853892577303206 2.8520245827059045 1.8484144141450334 4.9757730716303925 3.7248923532050959 4.6057712813816645 3.3670639467545391 2.2527733605010418 3.1409241943034356 2.6191110599389598 2.1191284574304641 1.6369222922371696 1.1774906274010162 1.4533853281103066 1.0396179078253214 0.65883657516947713 0.31207045800284899 0 -0.27670147654865912 -0.51808372821639326 -0.72354726301179473 -0.89187819596648599 -1.0215091859392227 -1.8268616415465362 -1.8677545257170178 -1.8601080140814088 -1.8085840695569535 -1.7163384995140896 -2.8687314819217726 -2.475671382778537 -4.0667860296730982 -3.3927073202026383 -2.0341351110887533 -4.0390998110383309 -3.1398409280739314 -5.5566390410128372 -4.5034022681338097 -3.3308693008197476 -4.5041046979322577 -6.3943609278825786 -9.6490073911883236 -0.98968268201422083 2.1534963165173582 1.3470452743826611 3.8300621282752494 2.8069534019565148 1.8115941057240708 4.9604636950830541 3.7139574140648364 4.6051525316287636 3.3677120929848186 2.2536450708212103 3.1467143024740025 2.624419338715934 2.1237652509495342 1.6407136837655167 1.1803140571725164 1.4577620777508371 1.0428700486183826 0.66096176840931509 0.31310109045981233 0 -0.2776411196927932 -0.51983844697644221 -0.72596206487181836 -0.89476799321759393 -1.0246533377101616 -1.8326283135445902 -1.8732168614797604 -1.8649316887080547 -1.8124213864910561 -1.7188247804811803 -2.872708176623437 -2.4744204243015639 -4.0661577050850726 -3.3833674684784789 -2.0121669461797538 -4.0152827879243995 -3.102491983209501 -5.5157411794114317 -4.4464282126564365 -3.2557904780255589 -4.3959550801178846 -6.256597313920782 -9.8957096781751375 -1.1107745441894157 2.0609717517152948 1.2682440887160953 3.7746564237959848 2.7618277858580491 1.7747392272540419 4.9451399497726634 3.7030224093102913 4.6045434795143851 3.3683753005024939 2.2545327873255774 3.1525199625072711 2.6297418829836716 2.1284145178850942 1.6445154967958431 1.1831455781813793 1.4621445242816782 1.0461258074841084 0.66308887166000208 0.31413235922537164 0 -0.27858019824608837 -0.52159109717905683 -0.72837215673658595 -0.89764883482054569 -1.0277826122073168 -1.838372524265685 -1.8786471520031389 -1.8697113821032652 -1.8162005158068812 -1.7212361880145375 -2.8765688634774951 -2.4730006746016331 -4.0652958658855578 -3.3737172216012303 -1.9897977189164149 -3.9909657045381333 -3.0645300709470065 -5.4741073925560411 -4.3885860918985227 -3.1796961063933193 -4.2863818750613394 -6.1169095724644746 -10.142331555235476 -1.2320570299120093 1.9682803336095318 1.1893010919365388 3.7191383350628215 2.7166196821324404 1.7378267879481311 4.9297833130666691 3.6920727199760597 4.6039328705286984 3.3690452479095758 2.2554305984731986 3.1583363181800315 2.6350747768202134 2.1330731848971025 1.6483253650650307 1.1859834562445364 1.4665314697314624 1.0493844239541816 0.66521745202999838 0.3151640897482883 0 -0.27951864665010545 -0.5233416130344245 -0.7307775384784424 -0.90052087900279043 -1.0308973826279051 -1.8440949301080032 -1.8840464107981172 -1.8744485283349499 -1.8199233644037032 -1.723575148183295 -2.8803172753496979 -2.4714173142714144 -4.0642074163826427 -3.3637653833743082 -1.9670383041648034 -3.9661616988002479 -3.0259708046784959 -5.4317560432560787 -4.3298973206274329 -3.1026110274412426 -4.1754214047386933 -5.9753531570330738 -10.389003932830104 -1.3535811031012421 1.8753791106278634 1.1101802158445764 3.663477624867451 2.6713040120798643 1.7008362349605057 4.9143771842950077 3.6810952372465948 4.6033106496012683 3.3697144643683883 2.2563332159312131 3.1641590186522781 2.6404145195628983 2.1377384892921518 1.6521411882137795 1.1888261478305515 1.4709218574101737 1.0526452213333914 0.66734713129570078 0.31619612925035323 0 -0.28045640920769704 -0.52508994829979116 -0.73317823077737765 -0.90338428095999057 -1.0339980269561786 -1.8497961694704799 -1.8894155912505068 -1.8791444886442688 -1.8235917467591181 -1.7258439813588649 -2.88395689911605 -2.4696752234054609 -4.0628987846063884 -3.3535201752424184 -1.9438988550338252 -3.9408830783681834 -2.9868288135817083 -5.3887043640701791 -4.2703819959633087 -3.0245585582404235 -4.0631079512110144 -5.8319805205050645 -11.006639385346793 -1.6587345822361406 1.6419666289256758 0.91139649076374618 3.5235316311919989 2.5574029001031682 1.607902192197274 4.8755518482607165 3.6534560821829296 4.6016474633628004 3.3713421205977845 2.2585809957924399 3.17871901352754 2.6537741414174718 2.1494153304586638 1.6616949662910667 1.1959453109583955 1.4819069796564586 1.0608029945672084 0.67267406018395259 0.31877673594977873 0 -0.28279756129577099 -0.52945106738675163 -0.73915968675772292 -0.91050611836471373 -1.0416902225395177 -1.8639606504517248 -1.902712899477853 -1.8907125015257527 -1.8325353781825204 -1.7312231890530636 -2.8926009678073896 -2.4646547327872841 -4.0587026136870747 -3.3266727637880273 -1.8844484546860318 -3.8756838496618937 -2.8865123541373077 -5.2781146960434526 -4.1180984871576891 -2.8253360408027324 -3.7766126715267387 -5.4659220469443781 -11.380436552234432 -1.8438235312876519 1.5002041113577194 0.7906704454751563 3.4383580870174573 2.4880928609637372 1.5513806362078089 4.8516915163979695 3.6364726516796932 4.6003878809472543 3.3721678719391286 2.2598607281131589 3.1874179266360203 2.6617783557564705 2.1564290446287715 1.6674478787879161 1.2002453230300916 1.4885297920010345 1.065727352355468 0.67589347275546574 0.32033831382847849 0 -0.28421951609532042 -0.53210434589887168 -0.74280616496722118 -0.91486002646221254 -1.0464109241584636 -1.8725899110898008 -1.9108476005612245 -1.8978362018049904 -1.838110372719638 -1.7346844758026749 -2.8980722837917336 -2.4619727679304315 -4.0565575658223132 -3.3109765260393669 -1.8492240875604882 -3.8370586384812762 -2.8268664027878332 -5.2123760840648448 -4.0274486909278595 -2.7066589752537373 -3.6063271093376912 -5.2497508094721992 -11.388105340814256 -1.8470383403275583 1.497456962408126 0.78833723204569528 3.4363925229514467 2.4864674508109759 1.5500696065740107 4.8506729337288697 3.6357227352639403 4.599880321880959 3.3718715047122299 2.2597388502122437 3.1873674470370288 2.6617895484816372 2.1564890322358869 1.6675419931646946 1.2003616099937304 1.4886558189844061 1.0658450018687218 0.67598672355120248 0.32039255751266904 0 -0.28429713502903053 -0.5322747289863593 -0.74308514105698664 -0.91526968221384497 -1.0469716943056955 -1.8733198607842383 -1.9117679312599747 -1.8989725659499324 -1.8394832093528355 -1.7363152831773807 -2.9003000911872028 -2.4648969803540814 -4.0602890848238582 -3.315631086158652 -1.8549244309177426 -3.8439429112358008 -2.8350837880859014 -5.2221063267581602 -4.0389051651053256 -2.7201090591372576 -3.6265992536740739 -5.2815866039463 -11.392519604562045 -1.8488040488903765 1.4959635773930891 0.78708336343464824 3.4353499323464192 2.4856192559366126 1.5494000191519299 4.8501684709165511 3.6353689044737023 4.5996610622925811 3.3717677881823147 2.2597283532027723 3.1873939250828074 2.6618471218276349 2.15656984280524 1.6676371581359997 1.2004638664780918 1.4887576245301082 1.065935384113758 0.67605595619867254 0.32043179129030336 0 -0.28435053571642793 -0.53239070407469369 -0.74327327486769035 -0.91554334692915362 -1.0473432693566525 -1.8738002834279297 -1.9123700301108575 -1.8997118813179963 -1.8403720933830265 -1.7373667546889973 -2.9017258124255747 -2.4667570796651419 -4.0626506209030975 -3.3185641111938637 -1.8585031707526207 -3.8482509296228646 -2.8402113302014307 -5.2281621361566701 -4.0460184023630372 -2.7284415936804067 -3.63909363865154 -5.3011166506901066 -11.394976965585094 -1.849704048414909 1.4952182105750194 0.7864725659036258 3.4348563737606495 2.485232535027317 1.5491104635561308 4.8499676758780348 3.6352480267438825 4.5996102354740129 3.3717754129710258 2.2597808433562969 3.187462973269878 2.6619291550056259 2.1566600867049766 1.6677302053231979 1.2005553281994306 1.4888429231039673 1.0660078505626682 0.67610970861343722 0.3204614639237312 0 -0.28438879094440617 -0.53247276693229872 -0.74340494640312649 -0.9157327185074372 -1.0475978349208821 -1.8741266430222761 -1.912775952773341 -1.9002067633592652 -1.8409633993857004 -1.73806234272994 -2.9026596760711389 -2.4679654995314251 -4.0641741591299443 -3.3204450353819772 -1.8607863143532513 -3.8509868232967071 -2.8434544299775517 -5.2319782018485057 -4.0504854817827054 -2.7336576538101318 -3.6468562224725019 -5.3131669673603126 -11.39626651739032 -1.8500938879176789 1.494912576925677 0.7862387492621663 3.4346837022312711 2.4851146003663689 1.5490412392061872 4.8499419229084291 3.635260263042591 4.5996544255478122 3.3718444496692128 2.2598664087275511 3.1875532222757843 2.6620219047584075 2.1567524630690595 1.6678189058829793 1.2006376773217047 1.4889161420747166 1.0660679154006083 0.67615304874924331 0.32048482453290328 0 -0.28441735083164121 -0.53253323962558663 -0.74350083708887704 -0.91586891953501182 -1.0477788773780974 -1.8743565119558687 -1.9130593216056229 -1.9005493270657325 -1.8413696692677601 -1.7385370429524709 -2.9032891711210378 -2.468771705091362 -4.0651814558862718 -3.321678966951322 -1.8622738502502778 -3.8527584065083862 -2.8455429301982611 -5.2344233272111165 -4.0533342881990642 -2.7369693498772567 -3.6517328039799914 -5.3206627435738945 
end_dependent_variable

end_regular_table
