# ****************************************************************************
# CUI
#
# The Advanced Framework for Simulation, Integration, and Modeling (AFSIM)
#
# The use, dissemination or disclosure of data in this file is subject to
# limitation or restriction. See accompanying README and LICENSE for details.
# ****************************************************************************

# ##################################################################################################
# 
# This file was auto-generated by AFSIM Mover Creator 2.8.0.201104
# 
# Creation Date:  05 Nov 2020
# 
# ##################################################################################################

regular_table

independent_variable mach precision double
0.10000000000000001 0.5 0.70000000000000007 0.75 0.80000000000000004 0.84999999999999998 0.90000000000000002 0.92000000000000004 0.94000000000000006 0.95999999999999996 0.97999999999999998 1 1.02 1.04 1.0600000000000001 1.0800000000000001 1.1000000000000001 1.2 1.3 1.4000000000000001 1.5 1.75 2 2.5 3 3.5 4 
end_independent_variable

independent_variable surface_angle units deg
-40 -30 -28 -26 -24 -22 -20 -18 -16 -14 -12 -10 -9 -8 -7 -6 -5 -4 -3 -2 -1 0 1 2 3 4 5 6 7 8 9 10 12 14 16 18 20 22 24 26 28 30 35 40 
end_independent_variable

dependent_variable precision double
42.465929805505773 22.843963427181492 7.1837826964452809 17.100334027229337 4.3992938026334745 13.475542047365069 20.991269770471781 13.895715792019503 20.702458245800024 12.224409538834376 16.815537803863538 18.936565441125786 10.388823982455051 11.194082279900176 12.014501821085583 12.315429201654428 12.152425149159155 6.5263083453564716 5.456745013883503 3.9882686357573651 2.158043010003039 0 -2.5114733704769319 -5.3688888165403608 -8.5797812140089018 -12.136512932536498 -16.157115302830761 -15.293834263812512 -20.015769858751284 -25.237956588542588 -30.436275972635702 -36.037829100772719 -35.644744140707822 -48.072436056131558 -45.350868303555181 -58.790634989346572 -60.791809744984107 -51.334036219256731 -64.476989244663528 -51.477777487064728 -64.227909800801484 -76.940741079337315 -70.574646796502904 -37.484666189266626 42.478124263234442 22.851638660769389 7.1907945609052168 17.10649417432337 4.4048200493292349 13.480308316191925 20.995334367766471 13.899183632219479 20.705313313912946 12.226751472581372 16.817370815835055 18.937953275219247 10.390014337967566 11.195080920676711 12.015325895688271 12.316092425256535 12.152942930650616 6.5266860148130901 5.4570065690288647 3.9884271343453155 2.158113590615625 0 -2.5115312457252452 -5.3689896922524616 -8.5799103592666093 -12.136653683353234 -16.157255321677994 -15.293926598688959 -20.015827125982373 -25.237966651782891 -30.43622517594353 -36.037703763696769 -35.644335039454354 -48.071767734018451 -45.349734815460621 -58.789116569544767 -60.789621642785448 -51.331115879990854 -64.473484573657601 -51.473349344746211 -64.222766764012349 -76.934837480533403 -70.566205241140182 -37.473059931712569 42.476923919031705 22.850997987546911 7.1902562929481348 17.106035364502624 4.4044467739874156 13.480001745815652 20.995088619026397 13.89899618470997 20.705172767598324 12.22665455542775 16.817307337969101 18.937917212381311 10.389989800266479 11.195065639441035 12.015318409532084 12.316091037399465 12.152946046435696 6.526691306082002 5.4570130564181545 3.9884330331208315 2.1581172740791823 0 -2.5115367343476365 -5.3690023203220818 -8.5799317819485434 -12.136685417690661 -16.157299191850228 -15.293981955701765 -20.015897534963816 -25.238053968825849 -30.436331094764672 -36.037829986182636 -35.644500231210259 -48.071984235636634 -45.349998353076579 -58.789443235764637 -60.790001405005945 -51.331554340701963 -64.474002273960963 -51.473931740226519 -64.223438468452613 -76.93560465605988 -70.567205351983134 -37.474302264974426 42.476683638999951 22.850868211166556 7.1901464653536769 17.105941523305955 4.4043697004325786 13.479938072893994 20.995037278016483 13.898956486789437 20.705142604429479 12.22663326218723 16.817292972269744 18.937908579634591 10.389983582227668 11.195061404894053 12.015315904189654 12.316089872171416 12.15294591010095 6.5266917745731208 5.4570139002127869 3.9884339127863089 2.1581178654375228 0 -2.5115376758296879 -5.3690045266344155 -8.5799355914068496 -12.136691120516891 -16.157307165900981 -15.293992114682764 -20.015910571016438 -25.2380702061919 -30.4363508796425 -36.037853645111817 -35.64453155041604 -48.072025452642805 -45.350048952159952 -58.789506152462479 -60.79007512176446 -51.331639967091945 -64.47410343638451 -51.474046280816097 -64.223570633499392 -76.935755595473395 -70.567403097616776 -37.474549529225825 42.476460762838855 22.850747276630599 7.1900439191579828 17.105853831980724 4.4042974838668751 13.479878407294741 20.994989048706717 13.898919062135901 20.705114149785206 12.226612990180763 16.817279233608101 18.937900206281327 10.389977484183861 11.195057162177203 12.015313252300142 12.316088529759263 12.15294557768927 6.5266920337112619 5.4570145619724508 3.9884346479471704 2.1581183666719594 0 -2.5115385100183376 -5.3690064918078608 -8.5799390018179551 -12.136696259111316 -16.157314344410416 -15.294001315235615 -20.015922363205991 -25.238084934174037 -30.436368863574089 -36.037875169661859 -35.644560127608415 -48.072063106563398 -45.350095360098805 -58.789563879248902 -60.790142874516157 -51.331718822700203 -64.474196680159281 -51.474151953009226 -64.223692575993383 -76.93589492141335 -70.567586014932061 -37.474778533812461 42.476253021366333 22.850634292401693 7.1899479364335113 17.105771663489218 4.4042297198816192 13.47982228027146 20.994943650257728 13.898883757053623 20.705087230566313 12.226593739918956 16.817266075518006 18.937892085938792 10.389971498475793 11.195052985074636 12.01531059300668 12.31608709875505 12.152945112772468 6.5266921616208249 5.4570150828018136 3.9884352657299411 2.1581188106534612 0 -2.5115392517214779 -5.3690082545216526 -8.5799420687114534 -12.136700894109694 -16.157320857075245 -15.294009701354305 -20.015933133140258 -25.238098395315326 -30.43638531514398 -36.037894887138229 -35.644586356473077 -48.072097749375381 -45.35013814418862 -58.789617094733899 -60.790205530288688 -51.331791911399776 -64.474283064304913 -51.474250096664932 -64.22380575425673 -76.936024283172657 -70.567755953383809 -37.474991739908354 42.476058490577472 22.850528170865598 7.1898576562799672 17.105694411218426 4.4041657405897467 13.479769357880627 20.994900730343776 13.898850282022766 20.705061624654412 12.226575396512986 16.817253410683961 18.937884213245518 10.389965674122712 11.195048854438221 12.01530791635224 12.316085601370629 12.152944532966838 6.5266921674929215 5.4570154818490186 3.9884357881549843 2.1581191904887005 0 -2.511539919895768 -5.3690098542209626 -8.5799448575739863 -12.136705127763095 -16.157326808061352 -15.294017380268421 -20.015943029408803 -25.238110785692726 -30.436400465661702 -36.037913038041587 -35.644610658269102 -48.072129826847451 -45.350177802281031 -58.789666446890507 -60.79026376616028 -51.331859922523677 -64.474363394575136 -51.474341520600618 -64.223911222203043 -76.936144792875268 -70.567914607199342 -37.475190918333382 42.615301288171509 22.919317663420255 7.2250155562598417 17.150785062305555 4.4226619852644982 13.508686224536435 21.032911602455815 13.922965635022251 20.738019152308556 12.244865313103148 16.841845957759521 18.966134024424822 10.405019639779335 11.2112774389013 12.032465234138458 12.333568825476458 12.170172884321238 6.5355965825842386 5.464484231256705 3.9939292742241648 2.161114679266162 0 -2.5150506378710284 -5.3765409391932604 -8.5920111353153743 -12.153806075625516 -16.180067100971343 -15.315150080955638 -20.043599828358644 -25.272911103021656 -30.478561993848917 -36.087966182971726 -35.69425872519944 -48.139317819963793 -45.412170425060964 -58.87024308307997 -60.872107409238936 -51.397294452081923 -64.556284482733574 -51.532334089711661 -64.296156352232046 -77.022648903299441 -70.631133522513693 -37.469601610843647 42.754684385350018 22.988179445048239 7.2602152259377615 17.195921965082722 4.4411801059980398 13.537630751929175 21.070955453687461 13.94710133692713 20.771002683441019 12.263168841926184 16.866456366831322 18.99440474516701 10.420084414483494 11.227517694333448 12.049634719213493 12.351064373528413 12.187413396530681 6.5445069813411525 5.4719580262243914 3.9994265004098617 2.1641122244387994 0 -2.5185637936979131 -5.3840772720064916 -8.6040858489606169 -12.17091899653804 -16.202823281423662 -15.336297292357443 -20.071275639418513 -25.307735254829911 -30.520752536520916 -36.138053868896833 -35.743941175241957 -48.206552565379098 -45.474205088165967 -58.950874376736913 -60.954005544140919 -51.462769560579325 -64.638256053350474 -51.590356596911576 -64.368438693170305 -77.10919767882443 -70.694371653776386 -37.463972428657769 42.894207821328393 23.057113436093282 7.2954568381065252 17.241105186951366 4.4597201530350841 13.566602834667489 21.109032192740386 13.971257329527061 20.804012193542174 12.281486078569596 16.891084716942878 19.022696488216322 10.435160054913675 11.243769672511235 12.066816346761359 12.368572272793433 12.204666021801414 6.5534233945538674 5.4794368727262954 4.0049274654865927 2.1671118322489047 0 -2.5220793864956055 -5.3916188580987265 -8.6161690116836294 -12.188043910721097 -16.225595410692353 -15.357458981998592 -20.098970409279989 -25.342583231007264 -30.562972131667607 -36.188176128904871 -35.793658017587752 -48.273833964442154 -45.536281776277519 -59.031560477982744 -61.035958066700339 -51.528285243113935 -64.720278265738315 -51.64840899440658 -64.440758434967336 -77.195791218714177 -70.757629298779264 -37.458303460010363 43.033871549538361 23.126119721930561 7.3307402412150013 17.286334794904445 4.4782821827477521 13.595602553633118 21.147141867816842 13.995433702077902 20.83704766075763 12.299816905591475 16.915730962955646 19.051009184128844 10.450246494893914 11.260033314611576 12.084010195008583 12.38609247272044 12.221930783111205 6.5623457860196384 5.4869207638690884 4.0104321816070438 2.1701134960201611 0 -2.5255974221872646 -5.3991656864917008 -8.6282606096466967 -12.205180819706545 -16.248383450685392 -15.378635174388705 -20.126684145908698 -25.377455034923802 -30.605220764378974 -36.238332972595451 -35.843409272865756 -48.341162091703055 -45.598400436087218 -59.112301266516091 -61.117964961802954 -51.593841544211578 -64.802351050861702 -51.706491325497026 -64.513115402379398 -77.282429366107152 -70.820906011447306 -37.452594561111688 42.830772862725702 23.195198348719853 7.3660655598537446 17.331610718681059 4.4968662637629722 13.624629877780546 21.185284487903687 14.019630472757617 20.870109162905408 12.318161391822992 16.940395154093103 19.07934288151532 10.465343780788238 11.276308664139044 12.101216200638657 12.403625053272059 12.239207724679485 6.5712741796864034 5.494409708997062 4.0159406482605986 2.173117229347747 0 -2.5291178834374421 -5.4067177697465931 -8.6403606364671006 -12.222329707869498 -16.271187442150012 -15.399825873408471 -20.15441687871618 -25.412350673217539 -30.647498423012944 -36.288524350336608 -35.893194928208423 -48.408536945732074 -45.660561164203799 -59.193096798913331 -61.200026307471028 -51.659438429150292 -64.884474476939062 -51.764603742959508 -64.585509802512746 -77.369112449432208 -70.884202205176052 -39.13650938815087 41.745861614915341 23.024534005435395 7.2976524316696532 17.376932979114379 4.5154722992677572 13.653684892893434 21.22346005300092 14.043847596836157 20.903196618491037 12.336519513367273 16.965077211311741 19.107697555866128 10.48045191749857 11.292595718336308 12.118434404398815 12.421169967267277 12.256496795036062 6.5802085706522391 5.5019037094888814 4.0214528528860773 2.1761230169897439 0 -2.5326407963259023 -5.4142750998977771 -8.6524691128248339 -12.239490583481954 -16.294007335454246 -15.421031071092262 -20.182168576452675 -25.447270194601344 -30.689805104505822 -36.338750380999976 -35.943014917439783 -48.47595849650493 -45.722763841142871 -59.273947088042 -61.282142035077648 -51.725075987390177 -64.966648562352617 -51.82274597228632 -65.270526205059795 -78.310318713471815 -72.683535153516317 -40.798986142851085 40.654072860689823 22.29457338083245 6.5973063019848404 16.748428936369727 3.995131531555709 13.258412846553519 20.930267413634322 13.812590530439131 20.740156278179967 12.204948806411229 16.874097948510627 19.136073181446172 10.495570882557757 11.308894470361096 12.135664751040299 12.438727193260174 12.27379800766122 6.5891489676997574 5.5094027681529401 4.0269688053894503 2.1791308716349844 0 -2.5361661391386559 -5.4218376976763034 -8.6645860252906672 -12.25666345849235 -16.316843175328131 -15.442250757023491 -20.209939259747109 -25.482213516661616 -30.732140816414731 -36.389010961236657 -36.225948912961925 -48.850888237891134 -46.1861932478038 -59.869736990370967 -62.01649431371505 -52.604596984150845 -66.052162446502109 -53.109954899532831 -66.221807946243231 -79.357321789776421 -73.967662314622501 -42.467087285247558 39.888832186711014 21.895200145973412 6.2277555175671022 16.447123852081859 3.7179386422031571 13.044117859847143 20.773561747477867 13.690385831155806 20.670514230030498 12.163101427382403 16.873398304740785 19.081352884376685 10.448966730953236 11.281523232756443 12.129044272282542 12.443519102516646 12.286356821579911 6.5984062743523584 5.5246088067418242 4.0384825567550395 2.1834871620959921 0 -2.5512415176095398 -5.4552473525019511 -8.7197847580015235 -12.331982126323645 -16.422660213848324 -15.57459294615211 -20.374918124399684 -25.691037623795253 -30.988788129997364 -36.697955649073478 -36.399900978129367 -49.085912485344338 -46.465790925816535 -60.216100594454865 -62.416337259455553 -53.039603701558505 -66.557478802560254 -53.652831653194582 -66.842430654846339 -80.073962664163616 -74.922317701258009 -43.807384584090755 39.943464870477555 21.765283392917084 6.065894658668407 16.30188433425301 3.5545113989988839 12.906648118594902 20.66306803472995 13.588335471755261 20.600015926968009 12.1030314041266 16.841264220362451 19.075359526861348 10.4376181722116 11.278124899686118 12.137163605427467 12.455935082556451 12.301044702199404 6.6058107686328578 5.5362279209687379 4.0458131496379011 2.1845857662651951 0 -2.5616329332797623 -5.4773997244937656 -8.7550588742628772 -12.375620695491948 -16.482805328750054 -15.644339495649865 -20.45700546711231 -25.79287925858128 -31.110445706101057 -36.839647250310932 -36.5608720805321 -49.282811794152771 -46.676271156665877 -60.457297410067596 -62.668218731393544 -53.277350167238311 -66.808391314561717 -53.873045524944594 -67.061284843330043 -80.289841450075556 -75.01940440628519 -43.613764909195915 40.10245217243363 21.845157335319094 6.1102713180558155 16.354832126447086 3.5794875089195708 12.940954511583087 20.705532767918754 13.615865860618545 20.635662630412615 12.123182829611649 16.867207132352128 19.104485127629161 10.453284684058307 11.294830131456562 12.154603154416767 12.473619556660566 12.318417664890552 6.6147760760297674 5.5436598897641369 4.051291990010883 2.187610787905844 0 -2.5650460050296475 -5.4847190977164111 -8.766781787586476 -12.392304274292181 -16.504945164021628 -15.664620266962988 -20.483662880295373 -25.826427830853238 -31.151086719424821 -36.88789444290812 -36.608013224980866 -49.346800185016917 -46.734068314684308 -60.532770632327761 -62.743790877327982 -53.335121338118164 -66.881329813898546 -53.920232851639476 -67.120974311274978 -80.361631918944994 -75.060176124597419 -43.572164786657105 40.893259681815294 22.242364257437625 6.330033944878406 16.617954028661448 3.7027493086033978 13.111304990429206 20.917059405622624 13.752817467134465 20.813521175002847 12.223601019668701 16.996818347499804 19.250210992242117 10.531617148317073 11.378414482267308 12.24192699521611 12.562197011783679 12.405452930478782 6.6596905841576808 5.580920164961114 4.0787574819269095 2.2027642116102291 0 -2.5821845073699863 -5.5214742990201477 -8.8256523050726923 -12.476065091538029 -16.616114428709086 -15.766547373217787 -20.617599898365754 -25.994986029137227 -31.355284483748655 -37.130311947135532 -36.845118005190976 -49.668579698864399 -47.025122281418398 -60.912718598954179 -63.124597258573196 -53.627115269094709 -67.249755382626006 -54.160110472239431 -67.424047461338077 -80.726028596805008 -75.271483323613978 -43.374888344693119 41.677773505496361 22.636308802455542 6.5465525380063427 16.878625355187094 3.8235195525186234 13.279855264447606 21.127394621645639 13.888708266783034 20.990835654090318 12.323510940518837 17.126296355941971 19.396122485546751 10.609966390430021 11.46210835685539 12.329466639620165 12.651036036604747 12.492773275083369 6.7047519230192432 5.6183452563551741 4.1063402153412758 2.217965292860971 0 -2.599440958604724 -5.5584848496852484 -8.8849355343853471 -12.560380138118518 -16.728042751133579 -15.869314340821816 -20.752581615889479 -26.164855385219898 -31.561078425655953 -37.37462923263778 -37.084462641698835 -49.993303295669385 -47.319473859870257 -61.29678703254762 -63.510091539144447 -53.924077221854191 -67.624094435702986 -54.406194399712419 -67.734408392876247 -81.099004637392682 -75.494465838073424 -43.194322034789053 42.456747187571189 23.027426024247138 6.7601957690583498 17.137156203742681 3.9420604792714933 13.446819896954228 21.336712022712241 14.023672933783086 21.167708490301383 12.422985337726985 17.255690921392539 19.542248274604013 10.688353933925933 11.545927257043028 12.417229347071148 12.740140425008244 12.580380282127692 6.7499604988102897 5.6559317798319872 4.1340382162085625 2.2332145293820109 0 -2.6168103677715839 -5.5957399197799367 -8.9446140068054252 -12.645227635706947 -16.840699262453519 -15.9728803821978 -20.888559403233014 -26.335974974831011 -31.768394476062412 -37.620758291507023 -37.325930003044043 -50.320820576251123 -47.616932894217648 -61.684743379733078 -63.899993094137642 -54.225673522468661 -68.003954762065874 -54.65802408405483 -68.051521201067899 -81.47993169582287 -75.728183413702752 -43.028984391518335 43.230877187193393 23.416113689389189 6.9713008290923995 17.393830505988113 4.0586117500259249 13.612394921994463 21.545170026732897 14.157834929203624 21.34423326135434 12.52209045466091 17.385047300859583 19.688614551003536 10.766799449304433 11.629885412194833 12.505221718315333 12.829513640509452 12.66827528585404 6.795316623262516 5.6936765652257604 4.1618496600941466 2.2485123493257251 0 -2.6342881981021367 -5.6332297180951274 -9.0046718155913972 -12.730587617390524 -16.954055632615194 -16.077208124775144 -21.025488822928626 -26.508289076887834 -31.977164942469184 -37.868618845556021 -37.569413067983312 -50.650993882344892 -47.917325635784593 -62.076374848014481 -64.294044682865987 -54.531598701452168 -68.388977142638325 -54.915178345878132 -68.374895264651769 -81.868234445597423 -75.971774905103359 -42.877517931352806 45.149118584812705 24.379511551275694 7.4899151164966211 18.029039845471637 4.3426749040187502 14.021390523683809 22.063475669123878 14.490443191721978 21.784566397425767 12.768622912723316 17.708535042090265 20.055734912663127 10.963281204973228 11.840472609549312 12.72624607954892 13.054143173668164 12.889281061904494 6.9093540782821474 5.788713127838367 4.2318639929756436 2.2869719402789301 0 -2.6784307388819442 -5.7279239378431299 -9.1563833190795787 -12.946113733017055 -17.240344499835416 -16.341143072264483 -21.371717271179705 -26.943976492897207 -32.505060605735977 -38.495377210324598 -38.186316876514454 -51.487247183591911 -48.680130318828738 -63.070294038288715 -65.295832984437823 -55.313572276925214 -69.372026846194302 -55.578904675979665 -69.207866516256075 -82.867909599464795 -76.618935154334864 -42.551627782979743 46.361631352913577 24.983739846205527 7.8217506903564917 18.428358999247692 4.5270885007819794 14.278995316183439 22.385137037936207 14.697984668310964 22.055641244040725 12.921121206835638 17.906414671859757 20.27905120776941 11.083087459859707 11.968494448532306 12.860207577875974 13.190085629887962 13.022895880632733 6.9782422437215361 5.8459794513091694 4.274058734693976 2.3102019741465081 0 -2.7048803391444136 -5.7846504277412274 -9.2472457355999307 -13.075300464956392 -17.411847484707152 -16.498641759747191 -21.578531961027579 -27.204222435358417 -32.82036696527495 -38.869715894225436 -38.553260585108418 -51.985034028093061 -49.131473603843119 -63.659102196945376 -65.886862957760897 -55.769001945730849 -69.945885213237105 -55.956129073695358 -69.683356168024616 -83.439128878162251 -76.960413378367207 -42.275862528377324 46.625238811068407 25.097222253499091 7.9175837121265902 18.508868812621198 4.5946184294054309 14.334459752598734 22.430037538307307 14.733184272425659 22.082491039438352 12.940426411032186 17.91966210971805 20.286957821334337 11.089021541989327 11.972752974087779 12.862467369683557 13.191318558094856 13.023402902912887 6.9783182682136982 5.845206926048137 4.2735350407679933 2.3102216389655092 0 -2.7036623480811519 -5.7819681916190815 -9.2428414722865568 -13.069654107860545 -17.403813635592194 -16.487967469151769 -21.565713255094241 -27.18809739228362 -32.800690026778767 -38.846240337821136 -38.521837632157485 -51.944461119336111 -49.079978249723254 -63.595934729972647 -65.810330871429045 -55.6780083172304 -69.838836733631055 -55.830252816810194 -69.536739617796968 -83.266456531796948 -76.699964494999449 -41.860254134963157 46.784887359619589 25.165916930191301 7.9755909396226716 18.557597924544407 4.6354901052893007 14.368027031529616 22.45720999770856 14.754484564564541 22.098737422989647 12.952105897194881 17.927675243100346 20.291738263868542 11.092608532118767 11.97532623879256 12.863830696712951 13.192061038650197 13.023706837484079 6.9783621110679199 5.8447371481737163 4.2732168816830516 2.3102334677280054 0 -2.7029238193824399 -5.7803420927716074 -9.2401717213889167 -13.066232156812511 -17.39894512693985 -16.481499115664516 -21.557946292732293 -27.178327391672269 -32.788768431554139 -38.832017815481464 -38.50280163546833 -51.919883554376767 -49.048785242936724 -63.557672659407146 -65.763974412994216 -55.622892989674405 -69.773997838422787 -55.754009024850063 -69.447932492242614 -83.161862915020137 -76.542179228818171 -41.608412835104673 46.88149886810448 25.207456156135326 8.0106641098560534 18.587058657970843 4.6601987609572095 14.38831858441908 22.473634816378897 14.767358440114245 22.108555250544548 12.959162415113568 17.932515427826367 20.294623908750101 11.094773070873607 11.976878333276474 12.864650982537325 13.192506605618423 13.023887884409193 6.9783866513220936 5.8444510788156485 4.2730234644222591 2.310240572644759 0 -2.7024760685690286 -5.7793564895795448 -9.2385539143236421 -13.064159175519704 -17.395996055764659 -16.477581447397245 -21.55324293039094 -27.172411382832216 -32.781549920384592 -38.823406581060446 -38.491277162421781 -51.905005512114037 -49.029903130900095 -63.534512940056857 -65.735915599031856 -55.589533664632718 -69.734753723665889 -55.707861715148283 -69.394180011736026 -83.0985513366047 -76.446649145916084 -41.455884248637403 46.939895818937956 25.232536071229045 8.0318365894476607 18.60484090604395 4.6751120051575725 14.400563956792453 22.483545581338333 14.775125113977568 22.11447768294676 12.96341735103136 17.935432690114045 20.296361635500002 11.096075800427679 11.977811667156876 12.865142385042711 13.19277240475718 13.023994667194337 6.9783996209945025 5.8442765537464734 4.2729057512414457 2.3102448034259382 0 -2.7022047097682864 -5.7787593650958815 -9.237574072168151 -13.062904225677109 -17.394211119917802 -16.475210422777156 -21.550397075340978 -27.168832141316109 -32.777182990834923 -38.818197332561823 -38.48430682133823 -51.896008215479682 -49.018485453404111 -63.520509298810701 -65.718950266710749 -55.569364047088577 -69.711026872199383 -55.679959691249302 -69.361679044124017 -83.060267304401009 -76.388863812153943 -41.363572462289483 
end_dependent_variable

end_regular_table
