# ****************************************************************************
# CUI
#
# The Advanced Framework for Simulation, Integration, and Modeling (AFSIM)
#
# The use, dissemination or disclosure of data in this file is subject to
# limitation or restriction. See accompanying README and LICENSE for details.
# ****************************************************************************

# ##################################################################################################
# 
# This file was auto-generated by AFSIM Mover Creator 2.8.0.201104
# 
# Creation Date:  05 Nov 2020
# 
# ##################################################################################################

regular_table

independent_variable mach precision double
0.10000000000000001 0.5 0.70000000000000007 0.75 0.80000000000000004 0.84999999999999998 0.90000000000000002 0.92000000000000004 0.94000000000000006 0.95999999999999996 0.97999999999999998 1 1.02 1.04 1.0600000000000001 1.0800000000000001 1.1000000000000001 1.2 1.3 1.4000000000000001 1.5 1.75 2 2.5 3 3.5 4 
end_independent_variable

independent_variable surface_angle units deg
-40 -30 -28 -26 -24 -22 -20 -18 -16 -14 -12 -10 -9 -8 -7 -6 -5 -4 -3 -2 -1 0 1 2 3 4 5 6 7 8 9 10 12 14 16 18 20 22 24 26 28 30 35 40 
end_independent_variable

dependent_variable precision double
-1.4914329016443164 -46.494904851223986 -64.349054263678781 -51.574740720810553 -64.554695660282007 -51.398657450682464 -39.735864735123961 -58.837434808373459 -45.380936183090306 -48.105918632889271 -35.657035239856924 -25.590038497090745 -30.436583071500593 -25.233633942254329 -20.028481764027891 -15.283668800017802 -10.981723772003507 -12.119503129046935 -8.5618378759664466 -5.3485499327717827 -2.4893245207979429 0 2.1808256886577451 4.0111235126593892 5.4802913711678203 6.5507819170314665 7.1858038718113759 12.343613303673504 12.027114312801935 11.226619971599167 10.424621992446829 9.1923054496022445 16.861101060622168 12.268152940179728 20.763408902663802 13.958363197595773 2.5131000161952377 13.55467532711047 4.4877270217233525 17.194076946462502 7.2904714136784481 -2.5388646380811162 2.9094165018801754 12.566351663539196 -1.4800083910713193 -46.487728012530987 -64.342458907482836 -51.569016405771173 -64.549525405563017 -51.39426937137565 -39.732198180139214 -58.834038510724696 -45.378179712060998 -48.103602882562015 -35.655249958322337 -25.588716384003821 -30.435398116784334 -25.232647454673575 -20.027675174483949 -15.283027654474573 -10.981231904326011 -12.119119538985919 -8.5615730066612876 -5.3483899634791463 -2.4892535700518406 0 2.1807681830323293 4.0110241071413535 5.4801655403252125 6.5506470914146719 7.1856731359816353 12.343498895333722 12.027039560001469 11.22659778886379 10.424667408256791 9.1924332192576887 16.861462463096945 12.268795126871066 20.764443863118633 13.959810146332718 2.5149807841345413 13.557217595319425 4.4908757967484805 17.198069416038848 7.2951981056010098 -2.5333551334963369 2.9174016861290468 12.577243210444752 -1.4812637450672892 -46.488404324779275 -64.343026995474133 -51.569506361187919 -64.549924187246432 -51.394603000369266 -39.732472375353701 -58.834231084829135 -45.378327348803623 -48.103701714529485 -35.655316857322354 -25.588757140433444 -30.435423046128683 -25.232663602426342 -20.027683916758019 -15.283030606351589 -10.981230629825919 -12.119113821607103 -8.5615662884731041 -5.3483839584952904 -2.4892498584405205 0 2.1807627207705425 4.0110115917904414 5.4801443540589618 6.5506157755278993 7.1856299265478309 12.343441977875292 12.026967894902153 11.226509593559555 10.424561083495119 9.1923071514887837 16.861293881865237 12.268576751288412 20.764173282051448 13.959478311647333 2.5145790643607824 13.556752086203327 4.4903327024392876 17.197455825943326 7.2944966219759086 -2.5341504419783645 2.916368903966434 12.575949799140751 -1.4815132202904064 -46.488540092739782 -64.343141781159886 -51.569605371871333 -64.550005492795151 -51.394671119743961 -39.732528462548849 -58.834271604843067 -45.378358624606953 -48.103723273290854 -35.655331789806603 -25.588766564891852 -30.435429306548702 -25.232667968712512 -20.027686653154646 -15.283032049610606 -10.981231079679516 -12.119113288395274 -8.5615654016589868 -5.3483830682345088 -2.4892492657098964 0 2.1807617822883656 4.0110093927544002 5.4801405794502651 6.5506101355075597 7.185622062790352 12.343431533459373 12.026954663538516 11.226493242581212 10.42454126925681 9.1922835063462518 16.861261984640983 12.268535240677446 20.764121490166701 13.959414581536567 2.5145016874994335 13.556661921449228 4.4902272569601287 17.197336124036855 7.2943594886254743 -2.5343060862171516 2.916165691666925 12.575694059667983 -1.4817440845442333 -46.488666152849447 -64.34324860938996 -51.56969763015524 -64.55008136333629 -51.394734796750569 -39.73258085491922 -58.834309771933775 -45.378388126526758 -48.103743788351032 -35.655346033979107 -25.588775611493674 -30.435435488333709 -25.232672328360668 -20.027689467165072 -15.283033608779693 -10.981231675569585 -12.119112947430759 -8.5615647055603308 -5.3483823117553886 -2.4892487549333051 0 2.1807609565887245 4.0110074436653926 5.4801372146117329 6.5506050806543321 7.1856149782344536 12.343422120489846 12.026942669399935 11.226478368817922 10.424523225838344 9.1922620277517577 16.861232926447382 12.268497303364416 20.7640740844822 13.959356150609279 2.5144307658585028 13.556579097325471 4.4901303101907191 17.197225929819378 7.2942332395875269 -2.5344495267090656 2.9159780572715848 12.575457554117278 -1.4819589501454637 -46.488783712206867 -64.343348471782562 -51.569783778395816 -64.550152434077376 -51.394794365332572 -39.732629900705604 -58.834345772987035 -45.378415949537768 -48.103763298006271 -35.655359659794385 -25.588784355810201 -30.435441498551384 -25.232676631075016 -20.027692305685104 -15.283035245051941 -10.98123239656082 -12.119112772927387 -8.5615641510302396 -5.3483816831858313 -2.4892483115581596 0 2.1807602136409541 4.0110056905256668 5.4801341752915507 6.5506004907179021 7.185608551097971 12.343413522465084 12.026931745769938 11.226464785639156 10.424506721419583 9.1922423008289584 16.861206209432833 12.268462396563418 20.764030366473833 13.959302263662883 2.5143652582898763 13.556502633447357 4.4900406458413036 17.197123831945426 7.2941161877834109 -2.5345825434650511 2.9158039092930812 12.575237801911124 -1.4821597165894278 -46.488893922764099 -64.343442094435147 -51.569864597837146 -64.550219305504086 -51.3948503616379 -39.732676031890023 -58.834379782633924 -45.378442320353983 -48.103781911018039 -35.655372662656909 -25.588792754949633 -30.435447347924704 -25.23268085004818 -20.027695113568118 -15.283036930854049 -10.981233181379189 -12.119112720461491 -8.5615637292605786 -5.3483811488251156 -2.4892479240955794 0 2.1807595539237594 4.0110041076767207 5.4801314155341903 6.5505963028923802 7.1856026795128134 12.343405668919949 12.02692172031529 11.226452319179824 10.424491536945833 9.1922241624357248 16.861181577778215 12.268430123525036 20.763989925605536 13.959252321743618 2.5143044892472335 13.556431531048002 4.4899573662471584 17.197028788756281 7.2940072854270017 -2.5347063098830303 2.9156415320582156 12.575032722795777 -1.4231606249195798 -46.52882720220402 -64.415935286707835 -51.628055977933201 -64.632292213992542 -51.460413600182676 -39.782975262567476 -58.915051721201735 -45.440495611176509 -48.17104433065056 -35.705053196864348 -25.623455227536489 -30.477622674617884 -25.267488053456169 -20.055386331883945 -15.304168120319121 -10.996366235689672 -12.136202490815132 -8.5736178005998855 -5.355897243562378 -2.4927419640933555 0 2.1837715900501058 4.0165145689280246 5.4876186585203142 6.5595202758922593 7.1953777359475595 12.360915598296135 12.044113475645455 11.24271500489448 10.439585562448334 9.2055963961159133 16.885831036797541 12.286802637320752 20.797030633181379 13.983475214364798 2.5225669509991926 13.585486810864751 4.5086130443475092 17.242316341120752 7.3294046766374468 -2.5092233790695468 2.9673568128110159 12.664358148730599 -1.3640842944592266 -46.56877067560221 -64.48846617885664 -51.686277643746195 -64.714416093089326 -51.526017811862943 -39.833305567763034 -58.995778665886327 -45.502591143915708 -48.238353717245452 -35.754768429745283 -25.658141118245553 -30.519827163874783 -25.302319222878435 -20.083096649318939 -15.325313885959885 -11.01150970188977 -12.153304320819524 -8.5856803509901845 -5.3634186207093473 -2.4962384544401068 0 2.1867857021920867 4.0220287899290694 5.4951110064001352 6.56845031098851 7.2051594125320229 12.378437959460758 12.061317514072382 11.258989531920045 10.454690598283602 9.2189784098482104 16.910498669493741 12.30518900803702 20.83009758136609 14.007718760219122 2.5308390374735601 13.614570029602588 4.5272910719507538 17.287650578586987 7.3648443963652079 -2.4837026589198454 3.0191383030266032 12.753786545285989 -1.304930507072775 -46.608724280459143 -64.561034792940205 -51.744529556060712 -64.796590919510294 -51.591662760160879 -39.883666840859867 -59.076560654677614 -45.564728873228781 -48.305710045067599 -35.80451821914393 -25.692850429527773 -30.562060815082663 -25.337174335949932 -20.110826108152185 -15.346474232371889 -11.026663576915775 -12.170418196994374 -8.5977513873248039 -5.3709452791171319 -2.4997373913062049 0 2.1898018897369611 4.0275468004743571 5.5026084461529186 6.5773863982240979 7.2149477261165629 12.395972755171149 12.078533904529364 11.275275888308082 10.469806560506193 9.2323702547964395 16.935184410303584 12.32358929694788 20.863190771997882 14.031982994232786 2.539120798302311 13.643681325740845 4.5459914760174698 17.333031604095375 7.400326470345381 -2.4581442094824868 3.0709860884886373 12.843317875697515 -1.2456993926611966 -46.648688076823383 -64.633641213108248 -51.802811801068934 -64.878816729611387 -51.657348743276849 -39.934059352689239 -59.157397716578643 -45.62690890123914 -48.373113351085685 -35.854302542388908 -25.72758303781384 -30.604323658878545 -25.372053431579698 -20.138574656913494 -15.36764917487365 -11.041827869141814 -12.187544106676384 -8.6098309128206338 -5.3784772079606551 -2.5032387767213526 0 2.1928201554292968 4.0330685829476014 5.5101109880931309 6.5863285486794148 7.2247426746587147 12.41351996867907 12.095762594320728 11.29157406200803 10.484933531733947 9.2457718562062716 16.959888283532447 12.342003462386986 20.89631023714351 14.0562679194695 2.5474122741305609 13.672820560800188 4.5647142814657702 17.378459417237426 7.4358509855871091 -2.432547851837267 3.122900188396319 12.932952159981372 -3.1084205940777063 -46.688661969515913 -64.706285189362632 -51.861124269703055 -64.961093296678641 -51.723075464644474 -39.98448291003367 -59.238289775609601 -45.689131177293568 -48.440563642039855 -35.904121448295186 -25.762339090774198 -30.646615647877173 -25.406956453701973 -20.166342308674658 -15.388838692019252 -11.057002578976375 -12.204682060997003 -8.6219189188482446 -5.3860144284815821 -2.5067426135322406 0 2.1958404930523305 4.0385941265747833 5.5176186314037823 6.5952767566866113 7.2345442479461353 12.431079613260565 12.113003585284694 11.30788404137782 10.500071508392544 9.2591832620757053 16.984610186852674 12.360431576249214 20.929455871615868 14.080573472408501 2.5557133985780967 13.701987764600652 4.5834594560246575 17.423933871363932 7.4714177390690626 -2.4069136848396413 3.174880422603962 12.689753995240366 -5.1033871942043589 -47.625135854993282 -65.419009031915635 -51.919467006080389 -65.043420935660635 -51.788843188967626 -40.034937485932588 -59.319236847089002 -45.751395675044236 -48.508060856043322 -35.95397494850485 -25.797118471375416 -30.68893685591377 -25.441883397108466 -20.194129058227382 -15.410042790242468 -11.072187653111046 -12.22183208002348 -8.634015404488526 -5.3935569127236329 -2.5102488992496101 0 2.1988629042528025 4.0441234522656693 5.5251313554048851 6.6042309995742912 7.2443524315794248 12.448651674516233 12.130256876808522 11.324205821209157 10.515220418178611 9.2726044341084624 17.009350269772931 12.378873544785277 20.962627801026738 14.104899714936577 2.5640241281403471 13.731182948171563 4.602226888175375 17.469455128238366 7.4075200527833278 -2.6096196973569956 2.525900335320165 11.578713267213329 -7.1062736653520959 -48.67161419795989 -66.417289092247302 -53.26158971625857 -66.16990509829229 -52.699341621649353 -40.759973792259451 -59.932497506400665 -46.226767053816992 -48.89175270427112 -36.242115065098467 -25.831921239053322 -30.731287198736513 -25.476834356263321 -20.221934939578759 -15.431261459637325 -11.087383157517538 -12.238994129084917 -8.6461203643289384 -5.4011046837922256 -2.5137576408816793 0 2.2018873847542948 4.0496565373233322 5.5326491745468989 6.6131912994011088 7.2541672295413964 12.466236157245872 12.147522476857835 11.340539415492948 10.53038032114071 9.286035389971893 16.92085996227004 12.250676064166861 20.805103039804809 13.880789147185959 2.2516861512102855 13.349406417864879 4.1001104685171903 16.864000583461692 6.7341677933786412 -3.3447522866332009 1.6439283666319564 10.462674054400217 -8.777404403943315 -49.381586472019748 -67.078835418331934 -53.837425089682156 -66.70161562086713 -53.156497406795005 -41.144437110098657 -60.294948784256711 -46.516989823862147 -49.138546691692731 -36.420899632452432 -26.131059317591259 -30.991166892814203 -25.686682655857869 -20.392590626474934 -15.561965104981647 -11.18242524607864 -12.309947411625611 -8.6966054344297081 -5.4289872352599309 -2.5227504946245416 0 2.2124496951598367 4.0674389229056036 5.5544184869577249 6.6293028251667439 7.2666944818133405 12.479349871347845 12.144825654373188 11.323175713862762 10.495125693241881 9.2291740546833569 16.933357323736264 12.221438232228133 20.753613623956678 13.777297493825632 2.0883639895173549 13.159209687066049 3.8500505492834809 16.591774753481086 6.3980109828398666 -3.7429503163953188 1.0981052138539009 9.6813150922992168 -8.5839630806305589 -49.560678356884829 -67.312405517960912 -54.070607762116367 -66.96343860364955 -53.404080672107355 -41.371533355873794 -60.544237640942931 -46.732201693696027 -49.34206792716455 -36.583298288315078 -26.257155549720103 -31.111613050146772 -25.78620472856057 -20.477679087147511 -15.628002226761721 -11.230273637486864 -12.34809768923172 -8.7261902128157125 -5.4448198018053118 -2.5263459827361041 0 2.2204303127436513 4.0816044265314773 5.5730002345042084 6.6438865308754176 7.2814188004721583 12.499851792017425 12.156367225635037 11.328963058242097 10.493793268039916 9.2190894319801373 16.913672584033186 12.173082954874509 20.699143763500047 13.69135366099475 1.9670707162952659 13.040913286636101 3.7072173162226933 16.467575233410255 6.2588063136317533 -3.8889327476806264 1.0039554966585487 9.7012992059464835 -8.4817340802301899 -49.584766959271164 -67.371613871925007 -54.117427198640804 -67.036084996960682 -53.461624081242419 -41.415085807489582 -60.619573271522817 -46.789907077291254 -49.405982913155057 -36.630414421720772 -26.289887724924821 -31.152267452359521 -25.81978013283803 -20.504327838223382 -15.648326320967753 -11.244816061494181 -12.364843326740013 -8.7379773943893593 -5.4522099235952481 -2.5298348676720601 0 2.2233782799776023 4.0870071195833733 5.5803555067843806 6.6527731504017691 7.2911841247506732 12.517450863790303 12.17380614125498 11.345573344657618 10.509357582442354 9.2330782322446083 16.93948865773287 12.19315478823731 20.73461772806489 13.718736971117698 1.9792322063421575 13.075014978978276 3.7319582996671308 16.520304072207455 6.3029393433397356 -3.8534587994555252 1.0703958445325983 9.8125016927051281 -7.9830953677311074 -49.710392640042905 -67.672520567908805 -54.35565172726259 -67.403196615324958 -53.752597008969857 -41.635526721627102 -60.998912023020367 -47.080554322247217 -49.727446309109148 -36.867415948019989 -26.454569757382632 -31.356535332060005 -25.988469399874056 -20.638237369779358 -15.750458378173027 -11.317897902978101 -12.448893543077542 -8.7971472189799886 -5.4892939115837001 -2.5473252624365865 0 2.2381743216780023 4.114119810496045 5.6172611809253397 6.6973240565720742 7.3401292133777574 12.605636135423197 12.261140445618379 11.428723486154603 10.587223820168102 9.3029992312912722 17.068524002064581 12.293229043006741 20.91169383376457 13.855036626923548 2.0389978446625516 13.244453559136044 3.854172811579927 16.78246912305314 6.521645769060525 -3.6785304490397177 1.3991510783033649 10.363380979339755 -7.5039177099566405 -49.844135579220499 -67.981089850518103 -54.600374074016401 -67.776450221199454 -54.048722135998332 -41.860202156192585 -61.382493924373598 -47.374580123974063 -50.051933778220025 -37.106690719864162 -26.62088359930107 -31.562404217738532 -26.158464384594993 -20.773216867650881 -15.853412277052755 -11.391573306626023 -12.533465782857467 -8.856695616053452 -5.5265944245510594 -2.5648913271974054 0 2.2530612865264366 4.141393128248426 5.6543764028465349 6.7420683066019782 7.3892693040932258 12.694136921400164 12.348711995927179 11.512045965492748 10.665176420082977 9.3728992756365113 17.197516801785866 12.392880241359455 21.088352422221011 13.990405289006823 2.097152130882781 13.41226615903715 3.9740966669285123 17.042399519767343 6.7373614516401803 -3.5073551643873269 1.7226243077982257 10.906386906853774 -7.0424397089728794 -49.985332877443604 -68.296754953238391 -54.851109777724631 -68.155434579972749 -54.349650241132728 -42.088819639966978 -61.770076232334176 -47.671787684543304 -50.379288159716296 -37.3481190333043 -26.788739974399636 -31.769799798278331 -26.329704761173751 -20.909215708244936 -15.957148781284181 -11.465813668182868 -12.618541068232153 -8.9166082510580225 -5.5641041855664577 -2.582531933873855 0 2.2680356887957878 4.1688210794731937 5.6916936330322949 6.7870019582727394 7.4386012754952038 12.78295206159931 12.436526216976628 11.595550487969813 10.743230549044432 9.4427998959577497 17.326508592527901 12.492173405267277 21.264684658997663 14.124966508305105 2.1538534624886245 13.578652225691155 4.0919748311664446 17.300387753993739 6.9504344746190201 -3.3395310061592691 2.0414024505218404 11.442387115694348 -6.5970444592089086 -50.133377468259816 -68.61899668272217 -55.10741517755244 -68.539772991084021 -54.655061976316389 -42.321111478911767 -62.1614368530063 -47.971996695892678 -50.709365894642914 -37.591591315033263 -26.958057271780628 -31.978654031918506 -26.502135340079917 -21.046187523961432 -16.061632125208483 -11.540592901756733 -12.704102153622237 -8.9768720159440818 -5.6018165709058616 -2.6002460507642393 0 2.2830943468313811 4.1963982249501566 5.7292060624046064 6.8321214285847045 7.4881224499080199 12.872080541935235 12.524588183789334 11.679246157376729 10.821400189789054 9.5127210308285441 17.455537296795836 12.591168267730911 21.440773748117358 14.258833332363816 2.2092467525914943 13.743794196433337 4.2080312302834297 17.556700864138609 7.1611828380247848 -3.174691034749761 2.3560229778687352 11.972177273817898 -5.5444784604259265 -50.529913493734227 -69.450355048332767 -55.769966189812806 -69.521853334175461 -55.436348710618113 -42.91636053262522 -63.155075852400955 -48.734603908015131 -51.545639227395789 -38.208576681868557 -27.38726790784531 -32.506776064477464 -26.938098033556553 -21.392604654138676 -16.32589995031848 -11.729746814215344 -12.920029821667798 -9.1289914928603704 -5.6969455370090802 -2.6448467967623213 0 2.3210913087080702 4.2659623946719396 5.8238015667973082 6.9457125756031521 7.6127374801908285 13.096267454385947 12.74585685867385 11.889374353429082 11.017411337830769 9.687730177707909 17.778491867048569 12.837698006757664 21.880418825195861 14.591118930878533 2.3428495309703075 14.152265399545207 4.4915018693877755 18.191706753375094 7.6797301937495002 -2.7735121167550689 3.1275108642503402 13.274123735410917 -4.8101564009209872 -50.734921311627893 -69.92324343315893 -56.145220443227785 -70.094150831780794 -55.890578102622456 -43.261125935448284 -63.743191384595413 -49.18548383361108 -52.043092940244314 -38.575418443220599 -27.642147019011578 -32.822181820726328 -27.198513083440318 -21.599418321475962 -16.483651494074927 -11.84263189660806 -13.049564652083008 -9.2202128278313324 -5.7540642229075134 -2.671714959213864 0 2.3438970324345627 4.307739442090571 5.8806499795944465 7.0141733067231078 7.6879261893004323 13.231755155084171 12.879867007314409 12.016897827643568 11.136685795299092 9.7946497699178607 17.975721557939064 12.989853995982523 22.150612517884099 14.797958375439734 2.4312885603713017 14.408866793849487 4.6747561663658885 18.589993347617554 8.0104266218781905 -2.5106823793894959 3.6246850423621653 14.109289174747561 -4.2931643335896705 -50.552911597690255 -69.767801531473594 -56.012502296077635 -69.981791424508131 -55.795308536526015 -43.18147716535001 -63.677177064316439 -49.132116868957624 -52.000649876212286 -38.543186249091526 -27.618255738651012 -32.802328418092827 -27.182434445240659 -21.585986091316691 -16.473297518644831 -11.835081739681423 -13.044540405238351 -9.2164691689100451 -5.7521397067057913 -2.6713241884732968 0 2.3430718836213074 4.3063669622510199 5.8789977097096813 7.0133341433873584 7.6874482109166085 13.231909496738933 12.881602053324938 12.019888631548133 11.141205669965958 9.8009792866362915 17.987104074346778 13.007278766183301 22.174827626455127 14.830335799262787 2.4726362334449452 14.460517564472958 4.7378492109073855 18.665536123677771 8.1003063291284647 -2.4053131149285547 3.7836511104114199 14.357320995873813 -3.979831008443766 -50.442653297772601 -69.673640208566013 -55.932107606418349 -69.91372980058992 -55.737598549411935 -43.133229034238724 -63.63718654491236 -49.099787274631197 -51.974936780690292 -38.523658339279955 -27.603780062603189 -32.790298704819534 -27.172691895400519 -21.577846278956905 -16.46702289325648 -11.8305059575566 -13.041495281894772 -9.2141997762258683 -5.7509729461676811 -2.6710872800457568 0 2.3425711885243552 4.3055337922825876 5.8779939872725198 7.0128224336429268 7.6871540597675923 13.231997192659717 12.882646423430291 12.021692322358279 11.143933968211567 9.8048023069319914 17.99398484809814 13.017816333964374 22.189474262188742 14.849922746614661 2.4976521682255552 14.49176996112554 4.7760277598462588 18.711250981609592 8.1547006654465601 -2.3415412867523751 3.8798836083040724 14.507521495506543 -3.7900056677887042 -50.37590483786736 -69.616638774059126 -55.883441136991642 -69.872529859233651 -55.70266401170057 -43.104021689404277 -63.612976716121366 -49.080214246699398 -51.95936826166303 -38.511834001279887 -27.595013896764748 -32.783013550469093 -27.166791498675977 -21.57291596521998 -16.463221923956961 -11.827733950493736 -13.03965043535249 -9.2128244369309833 -5.750265713505506 -2.6709436706034353 0 2.3422672944833867 4.305027739536512 5.8773837386547987 7.0125094790220031 7.6869718358702377 13.232044794931781 12.883272345437565 12.022776505272997 11.145576459780324 9.8071058433000182 17.998136889579428 13.02417856591553 22.198320308954418 14.86175524427477 2.51276671297529 14.510655305367933 4.799101307467577 18.738881224491372 8.1875801840954789 -2.3029896708034268 3.9380794883658421 14.598400980677464 -3.675072403495494 -50.335535302764889 -69.582166416240852 -55.854010407421534 -69.847614556856129 -55.681537620401542 -43.08635827212499 -63.598334195960959 -49.068375391857337 -51.949950492334096 -38.504680603993236 -27.589709734773702 -32.77860493669867 -27.163220664469172 -21.569931587430663 -16.46092094833331 -11.826055634034574 -13.038533271684193 -9.2119912299428162 -5.7498371794446577 -2.6708566362508304 0 2.3420827884470703 4.304720132990643 5.8770121907303707 7.0123172955395958 7.6868576006296285 13.23206853096414 12.883645001400934 12.023425228883475 11.146561526824511 9.8084892273661168 18.000635420376579 13.02801089475958 22.20365094133199 14.8688886560111 2.5218807826168614 14.522045384013767 4.8130196960954024 18.755551358898551 8.2074204638714736 -2.2797240494823612 3.9732199681353264 14.653319955563038 
end_dependent_variable

end_regular_table
