# ****************************************************************************
# CUI
#
# The Advanced Framework for Simulation, Integration, and Modeling (AFSIM)
#
# The use, dissemination or disclosure of data in this file is subject to
# limitation or restriction. See accompanying README and LICENSE for details.
# ****************************************************************************

# ##################################################################################################
# 
# This file was auto-generated by AFSIM Mover Creator 2.5.0.200324
# 
# Creation Date:  24 Mar 2020
# 
# ##################################################################################################

regular_table

independent_variable mach precision double
0.10000000000000001 0.5 0.70000000000000007 0.75 0.80000000000000004 0.84999999999999998 0.90000000000000002 0.92000000000000004 0.94000000000000006 0.95999999999999996 0.97999999999999998 1 1.02 1.04 1.0600000000000001 1.0800000000000001 1.1000000000000001 1.2 1.3 1.4000000000000001 1.5 
end_independent_variable

independent_variable surface_angle units deg
1 2 3 4 5 6 7 8 9 10 12 14 16 18 20 22 24 26 28 30 35 40 45 
end_independent_variable

dependent_variable precision double
0.00090378692250379943 0.0021022135305485325 0.0035952798241341974 0.0053829858032607963 0.0074653314679283293 0.0098423168181367929 0.012513941853886193 0.015480206575176521 0.018741110982007782 0.022296655074379983 0.030291662315747179 0.039465228299278114 0.049817353024972762 0.061348036492831146 0.07405727870285328 0.087945079655039143 0.10301143934938872 0.11925635778590205 0.13667983496457914 0.15528187088541989 0.20694315518448822 0.26597043162207978 0.33236370019819467 0.00095537140205858065 0.0023085514487676574 0.0040595401401272296 0.0062083374761372984 0.0087549434567978611 0.01169935808210892 0.015041581352070477 0.018781613266682529 0.022919453825945076 0.027455103029858114 0.037719827371635685 0.049575786292015249 0.063022979790996775 0.07806140786858029 0.094691070524765789 0.11291196775955328 0.13272409957294273 0.15412746596493423 0.17712206693552768 0.20170790248472303 0.27013414263909524 0.34850559890972993 0.43682227129662682 0.0010396945736387492 0.0026458441350883308 0.0048184486843487456 0.0075575082214199918 0.010863022746302072 0.014734992258994984 0.01917341675949873 0.02417829624781331 0.029749630723938721 0.035887420187874962 0.049862364079179947 0.066103127921728275 0.084609711715519897 0.10538211546055488 0.12842033915683318 0.15372438280435483 0.18129424640311975 0.21112992995312807 0.24323143345437975 0.27759875690687463 0.37343002782480178 0.48342267343799955 0.60757669374646806 0.0010766306116613998 0.0027935882871789339 0.0051508730265526007 0.0081484848297824035 0.011786423696868338 0.016064689627810404 0.020983282622608606 0.02654220268126295 0.032741449803773415 0.039581023990140018 0.055181153554441635 0.073342591374167765 0.09406533744931847 0.11734939177989367 0.14319475436589343 0.17160142520731769 0.20256940430416656 0.2360986916564399 0.27218928726413782 0.31084119112726022 0.41867667440254869 0.5425203342742404 0.68237217074233558 0.0011257897829258922 0.0029902249722369031 0.005593305567933032 0.0089350315700142801 0.013015402978480648 0.01783441979333213 0.023392082014568737 0.02968838964219046 0.036723342676197306 0.04449694111658925 0.062260074216528537 0.082977788942008274 0.10665008529302851 0.13327696326958918 0.16285842287169039 0.19539446409933206 0.23088508695251414 0.26933029143123677 0.3107300775354998 0.35508444526530331 0.47889665920155167 0.62117500829742822 0.7819194925529328 0.0012496759479092815 0.0032093286731173709 0.0058789581756242704 0.0092585644554299788 0.013348147512534499 0.018147707346937825 0.023657243958639967 0.029876757347640923 0.036806247513940675 0.044445714457539247 0.06185457867663282 0.08210335000492161 0.10519202844240567 0.13112061398908495 0.15988910664495951 0.19149750641002927 0.22594581328429425 0.26323402726775447 0.30336214836041003 0.34633017656226062 0.46617484066961667 0.60376892420944295 0.75911242718173955 0.001373562112892671 0.0034284323739978383 0.006164610783315508 0.0095820973408456741 0.013680892046588351 0.018460994900543527 0.023922405902711205 0.030065125053091384 0.036889152351684058 0.044394487798489229 0.061449083136737088 0.081228911067834975 0.10373397159178283 0.12896426470858072 0.15691979041822859 0.18760054872072648 0.22100653961607436 0.25713776310427222 0.2959942191853201 0.33757590785921787 0.45345302213768157 0.58636284012145767 0.7363053618105464 0.0014231165788860267 0.0035160738543500254 0.0062788718263920035 0.0097115104950119529 0.013813989860209893 0.018586309921985802 0.024028470680339694 0.030140472135271559 0.036922314286781402 0.044373997134869225 0.0612868849207788 0.080879135493000298 0.10315074885153369 0.12810172499637898 0.15573206392753625 0.18604176564500541 0.21903083014878641 0.25469925743887933 0.29304704751528421 0.3340742003780009 0.44836429472490746 0.57940040648626345 0.72718253566206914 0.0014726710448793828 0.0036037153347022125 0.0063931328694684982 0.0098409236491782334 0.013947087673831434 0.018711624943428082 0.024134535457968183 0.030215819217451749 0.036955476221878759 0.044353506471249221 0.061124686704820505 0.080529359918165636 0.10256752611128456 0.1272391852841773 0.15454433743684384 0.18448298256928428 0.21705512068149843 0.25226075177348645 0.29009987584524827 0.33057249289678381 0.44327556731213336 0.57243797285106923 0.71805970951359166 0.0015222255108727381 0.0036913568150543988 0.0065073939125449929 0.0099703368033445105 0.014080185487452972 0.018836939964870354 0.024240600235596679 0.030291166299631932 0.03698863815697611 0.04433301580762921 0.060962488488862224 0.080179584343330973 0.10198430337103542 0.12637664557197556 0.15335661094615149 0.18292419949356314 0.21507941121421054 0.24982224610809353 0.28715270417521233 0.32707078541556678 0.43818683989935941 0.56547553921587512 0.7089368833651144 0.0015717799768660938 0.0037789982954065863 0.0066216549556214876 0.010099749957510793 0.014213283301074514 0.018962254986312641 0.024346665013225171 0.030366513381812114 0.037021800092073461 0.044312525144009206 0.060800290272903935 0.07982980876849631 0.10140108063078629 0.12551410585977391 0.15216888445545915 0.18136541641784204 0.21310370174692259 0.24738374044270064 0.28420553250517638 0.32356907793434964 0.43309811248658542 0.55851310558068101 0.69981405721663703 0.0016213344428594497 0.0038666397757587735 0.0067359159986979849 0.010229163111677072 0.014346381114696053 0.019087570007754916 0.024452729790853667 0.030441860463992304 0.037054962027170811 0.044292034480389215 0.060638092056945647 0.079480033193661648 0.10081785789053717 0.1246515661475722 0.15098115796476677 0.17980663334212094 0.21112799227963466 0.24494523477730773 0.28125836083514044 0.3200673704531326 0.42800938507381137 0.5515506719454869 0.69069123106815988 0.0016708889088528054 0.0039542812561109602 0.0068501770417744795 0.010358576265843349 0.014479478928317597 0.019212885029197199 0.024558794568482152 0.03051720754617248 0.037088123962268162 0.044271543816769211 0.060475893840987352 0.079130257618826985 0.10023463515028802 0.1237890264353705 0.1497934314740744 0.1782478502663998 0.20915228281234668 0.24250672911191484 0.2783111891651045 0.31656566297191557 0.42292065766103726 0.54458823831029279 0.68156840491968262 0.0017204433748461614 0.0040419227364631464 0.0069644380848509751 0.010487989420009627 0.014612576741939136 0.019338200050639472 0.024664859346110648 0.030592554628352673 0.037121285897365512 0.044251053153149193 0.060313695625029064 0.078780482043992323 0.099651412410038887 0.1229264867231688 0.1486057049833821 0.1766890671906787 0.20717657334505876 0.24006822344652193 0.27536401749506856 0.31306395549069849 0.41783193024826321 0.53762580467509868 0.67244557877120525 0.0017699978408395171 0.0041295642168153344 0.0070786991279274689 0.010617402574175906 0.014745674555560679 0.019463515072081754 0.024770924123739144 0.030667901710532856 0.037154447832462863 0.044230562489529196 0.060151497409070796 0.078430706469157646 0.099068189669789739 0.12206394701096711 0.1474179784926897 0.17513028411495757 0.20520086387777078 0.23762971778112904 0.27241684582503262 0.30956224800948146 0.41274320283548915 0.53066337103990457 0.663322752622728 0.0018195523068328728 0.0042172056971675215 0.0071929601710039653 0.010746815728342187 0.01487877236918222 0.01958883009352403 0.024876988901367636 0.030743248792713035 0.03718760976756022 0.044210071825909185 0.059989299193112501 0.078080930894322997 0.098484966929540604 0.1212014072987654 0.14623025200199738 0.17357150103923649 0.20322515441048286 0.23519121211573618 0.26946967415499667 0.30606054052826437 0.4076544754227151 0.52370093740471046 0.65419992647425074 0.0018691067728262287 0.0043048471775197095 0.0073072212140804609 0.010876228882508464 0.015011870182803764 0.019714145114966313 0.024983053678996125 0.030818595874893221 0.037220771702657571 0.044189581162289181 0.05982710097715422 0.077731155319488321 0.09790174418929147 0.1203388675865637 0.14504252551130498 0.17201271796351533 0.20124944494319483 0.23275270645034324 0.26652250248496079 0.30255883304704728 0.4025657480099411 0.51673850376951636 0.64507710032577348 0.0015040691530801449 0.0034378723498974598 0.0058014095904519621 0.0085946808747436321 0.011817686202772508 0.015470425574538552 0.019552898990041784 0.024065106449282201 0.029007047952259789 0.034378723498974563 0.046411276723615655 0.060162766123205494 0.075633191697744018 0.09282255344723131 0.11173085137166731 0.13235808547105204 0.1547042557453856 0.17876936219466769 0.20455340481889855 0.23205638361807818 0.30833417638142807 0.39535532023820719 0.49311981518841619 0.0012010735340463698 0.0027453109349631195 0.0046327122027502617 0.0068632773374077841 0.0094370063389357141 0.012353899207334023 0.015613955942602726 0.01921717654474182 0.023163561013751294 0.027453109349631161 0.037061697622002072 0.048042941361854545 0.060396840569188544 0.074123395244004145 0.089222605386301279 0.10569447099607997 0.12353899207334029 0.14275616861808202 0.16334600063030535 0.18530848811001024 0.24622007447950436 0.31571075752075817 0.39378053723377182 0.001018259630237615 0.0023274505834002522 0.0039275728594879251 0.0058186264585006198 0.0080006113804383609 0.010473527625301123 0.013237375193088922 0.016292154083801757 0.019637864297439613 0.023274505834002503 0.031420582875903373 0.04073038520950438 0.051203912834805493 0.062841165751806746 0.075642143960508113 0.089606847460909619 0.10473527625301129 0.121027430336813 0.13848330971231484 0.15710291437951682 0.20874322419870989 0.26765681709102856 0.33384369305647321 0.00089235803020481803 0.002039675497611004 0.0034419524022185678 0.0050991887440274995 0.0070113845230378186 0.0091785397392495065 0.011600654392662573 0.014277728483277017 0.017209762011092831 0.020396754976110019 0.027535619217748521 0.035694321208192534 0.044872860947442028 0.055071238435497043 0.066289453672357557 0.078527506658023535 0.091785397392495111 0.10606312587577206 0.12136069210785455 0.13767809608874254 0.18293339619198662 0.23456268222526505 0.29256595418857795 
end_dependent_variable

end_regular_table
