# ****************************************************************************
# CUI
#
# The Advanced Framework for Simulation, Integration, and Modeling (AFSIM)
#
# The use, dissemination or disclosure of data in this file is subject to
# limitation or restriction. See accompanying README and LICENSE for details.
# ****************************************************************************

# ##################################################################################################
# 
# This file was auto-generated by AFSIM Mover Creator 2.5.0.200324
# 
# Creation Date:  24 Mar 2020
# 
# ##################################################################################################

regular_table

independent_variable mach precision double
0.10000000000000001 0.5 0.70000000000000007 0.75 0.80000000000000004 0.84999999999999998 0.90000000000000002 0.92000000000000004 0.94000000000000006 0.95999999999999996 0.97999999999999998 1 1.02 1.04 1.0600000000000001 1.0800000000000001 1.1000000000000001 1.2 1.3 1.4000000000000001 1.5 
end_independent_variable

independent_variable surface_angle units deg
1 2 3 4 5 6 7 8 9 10 12 14 16 18 20 22 24 26 28 30 35 40 45 
end_independent_variable

dependent_variable precision double
-7.1363027437435273e-05 -0.00016599080836916173 -0.00028388334279517925 -0.00042504063071548793 -0.00058946267213008793 -0.00077714946703897887 -0.00098810101544216113 -0.0012277445852823235 -0.0015062469163932594 -0.0018056428689411171 -0.0024687102444449346 -0.0032192153903991658 -0.0040604655206647432 -0.0050071562132205831 -0.0060427919971591595 -0.0071681492825522511 -0.008383802089375338 -0.0096901866716972776 -0.011087642150619022 -0.012576437114014882 -0.016699356592711576 -0.021396839640970798 -0.026670434146750865 -7.5436138747139985e-05 -0.00018228325342259903 -0.00032054134402637714 -0.0004902104105584743 -0.00069129045301889052 -0.00092378147140762565 -0.0011876834657246801 -0.0014884282103720277 -0.0018361908870197117 -0.0022129914386707717 -0.0030553020973166493 -0.0040176307485244728 -0.0051032873523329395 -0.0063269796891534634 -0.0076721985910220211 -0.0091397211129888353 -0.010730121751434195 -0.012443837122501395 -0.014281206629273962 -0.016242499082685592 -0.021689216029376599 -0.027914146248287572 -0.034918838912823547 -8.2094297511048963e-05 -0.00020891588847445159 -0.00038046477289020806 -0.0005967409507583179 -0.00085774442207878188 -0.0011634751868515995 -0.0015139332450767706 -0.0019145506930518619 -0.0023755033154193124 -0.0028788099897105899 -0.004014081518735964 -0.0053226359772538395 -0.0068077835209436255 -0.0084842328024252612 -0.010335473674737033 -0.012362283239667609 -0.014565236026574856 -0.016944768678687338 -0.019501220618996364 -0.022234860673251301 -0.029845481812098493 -0.038567223743068854 -0.048401635730207282 -8.5010767570207211e-05 -0.00022058176871057671 -0.0004067130034211084 -0.00064340447170180238 -0.00093065617355265855 -0.0012684681089736771 -0.0016568402779648574 -0.0021012048304704322 -0.0026117376516202337 -0.0031704574413672134 -0.0044340539671812425 -0.0058942651272766459 -0.0075544011103680043 -0.00942917071392807 -0.011502063627871281 -0.013773856961988218 -0.016245125252183766 -0.018916305144305302 -0.021787736065502702 -0.024859686843683424 -0.033418161184266396 -0.043233579750283954 -0.054307491820317785 -8.8892376394420259e-05 -0.00023610820400701325 -0.00044164748283777891 -0.00070551021288671717 -0.0010276963941538283 -0.0014082060266391117 -0.001847039110342568 -0.0023496278421326075 -0.0029261481951390238 -0.0035586187137848922 -0.004993006302711385 -0.0066550613477797376 -0.0085480940669145442 -0.010686813383739932 -0.013054708846227309 -0.015652557570011078 -0.018480934097203673 -0.021540275076586499 -0.024830919938061607 -0.028353137513319183 -0.038173135099659805 -0.04944415729122649 -0.062167753381962162 -0.0001035239975779258 -0.00026310777103906208 -0.00047875132039307017 -0.00075045464559808412 -0.0010782177466798675 -0.0014620406237028298 -0.0019019232765767977 -0.0024024633585189663 -0.0029722735172380541 -0.0035961347718781156 -0.0050073614238093835 -0.0066380652012681882 -0.0084910477763965389 -0.010578758354494778 -0.012887222969542571 -0.015417099348885646 -0.018168873767776112 -0.021142915795042815 -0.02433951271241119 -0.027758892051588369 -0.03728313326963513 -0.048202892086085095 -0.06051947978108016 -0.00011815568451498493 -0.00029010746958086118 -0.0005158553552044486 -0.00079539934131072916 -0.0011287394280224596 -0.001515875615257802 -0.0019568079029349188 -0.0024552993851848994 -0.0030183993533448228 -0.0036336513551756939 -0.0050217171079510884 -0.0066210696727710631 -0.0084340021660168994 -0.010470704029951441 -0.012719737833980484 -0.01518164191640938 -0.017856814283011106 -0.020745557419412693 -0.023848106460957329 -0.027164647638932622 -0.036393132686599508 -0.046961628349270534 -0.058871207886885005 -0.00012398842698070115 -0.00030086339274008059 -0.00053062489731996643 -0.00081327294065064513 -0.001148807522815773 -0.0015372286437316937 -0.001978536303398407 -0.0024761564517271641 -0.0030365068189263217 -0.0036482469534079229 -0.0050269031161849073 -0.0066135570378510191 -0.0084102963887388079 -0.010426397717099811 -0.01265144829655411 -0.015085938235607235 -0.017730229880088443 -0.020584598616932705 -0.023649258515414027 -0.026924379119543165 -0.036033780618422405 -0.046460891966693979 -0.058206690263105841 -0.00012981682917738687 -0.00031161077939021874 -0.00054538185061000393 -0.00083113004286523406 -0.0011688553560704343 -0.0015585577903965543 -0.0020002373457866113 -0.0024969834717125969 -0.0030545835426441501 -0.0036628109777933292 -0.0050320556624744387 -0.0066060089617692571 -0.0083865534931271135 -0.010382054653478818 -0.012583122464821446 -0.014990198895942844 -0.017603610702422789 -0.0204236062248658 -0.023450378502247671 -0.026684080428111122 -0.035674404903554321 -0.045960141224359471 -0.057542170515861447 -0.00013564089154196465 -0.00032234963009050011 -0.00056012621576199777 -0.00084897064838187044 -0.001188882928182901 -0.0015798630548159154 -0.0020219110286300874 -0.0025177804426424178 -0.0030726295212611687 -0.003677343422745121 -0.0050371747395161169 -0.0065984254342251287 -0.0083627734657967922 -0.010337674820844097 -0.012514760313249105 -0.014894423864564707 -0.017476956710906599 -0.02026258019112678 -0.023251466364397341 -0.026443751498584328 -0.035315005445914066 -0.045459375988184024 -0.056877648467480217 -0.00014146061442057794 -0.000333079945431369 -0.00057485799312148535 -0.00086679475740181482 -0.0012088902385396941 -0.0016011444359410416 -0.002043557350199939 -0.0025385473616892852 -0.0030906447510819497 -0.0036918442849412933 -0.0050422603397638965 -0.006590806445291416 -0.0083389562901281192 -0.010293258196916386 -0.012446361813602466 -0.014798613107544718 -0.017350267860738865 -0.020101520468509222 -0.023052522038555786 -0.02620339225784956 -0.03495558213983762 -0.044958596121388292 -0.056213123943394387 -0.00014727599828606697 -0.00034380172617543188 -0.00058957718360747415 -0.00088460237070343481 -0.0012288772874026934 -0.0016224019336446296 -0.0020651763093686225 -0.002559284227073379 -0.0031086292295895274 -0.003706313560172354 -0.0050473124578540697 -0.0065831519841291599 -0.0083151019521589629 -0.010248804763043946 -0.012377926941371423 -0.014702766592836423 -0.017223544113888677 -0.019940427002512816 -0.022853545470203303 -0.025963002637856593 -0.034596134890058555 -0.044457801497978497 -0.055548596775825639 -0.00015308704358581149 -0.00035451497289555307 -0.00060428378805289058 -0.00090239348868682639 -0.0012488440754775229 -0.0016436355477448177 -0.0020867679056123765 -0.0025799910369469848 -0.003126582954790698 -0.00372075124494656 -0.0050523310867595034 -0.006575462040917834 -0.0082912104364383597 -0.010204314498043538 -0.012309455670193309 -0.014606884287850216 -0.017096785429444435 -0.019779299752109573 -0.022654536599776558 -0.025722582568770559 -0.034236663601485043 -0.043956991980612724 -0.054884066785240153 -0.00015889375084236063 -0.00036521968655014341 -0.00061897780715487098 -0.00092016811243588457 -0.001268790602519275 -0.0016648452778463597 -0.0021083321374084129 -0.0026006677898697582 -0.0031445059229075877 -0.0037351573355781801 -0.0050573162195888506 -0.0065677366054295366 -0.0082672817303087367 -0.01015978738333132 -0.012240947975878099 -0.014510966158483395 -0.016969991764787459 -0.019618138662304524 -0.022455495367751013 -0.025482131986576145 -0.03387716817149862 -0.043456167437380636 -0.054219533805217525 -0.00016469612062191039 -0.00037591586796970462 -0.00063365924204338258 -0.00093792624271442891 -0.0012887168699828434 -0.0016860311244269461 -0.002129869005275644 -0.0026213144840764287 -0.0031623981334988806 -0.0037495318300788619 -0.0050622678530346564 -0.006559975668527538 -0.0082433158180766474 -0.010115223401273989 -0.012172403830908913 -0.0144150121769572 -0.016843163085077915 -0.019456943690372309 -0.022256421720547811 -0.025241650820061187 -0.03351764850995409 -0.042955327739514493 -0.053554997663750582 -0.00017049415340093837 -0.00038660351792896736 -0.00064832809364955717 -0.00095566788049723773 -0.0013086228784065386 -0.0017071930877702811 -0.002151378507802823 -0.0026419311195088014 -0.0031802595837275341 -0.0037638747245785889 -0.0050671859784548546 -0.0065521792213660895 -0.008219312685775115 -0.010070622531503037 -0.012103823214364385 -0.014319022308703369 -0.016716299350859092 -0.019295714782918347 -0.022057315597294208 -0.025001139002009606 -0.033158104511459001 -0.042454472751185454 -0.052890458188987334 -0.00017628784984505811 -0.00039728263771066238 -0.00066298436346344763 -0.00097339302710341383 -0.0013285086288306088 -0.0017283311683783022 -0.002172860645746494 -0.0026625176942997614 -0.0031980902714888017 -0.0037781860156292624 -0.0050720705927117223 -0.0065443472545174781 -0.0081952723217940879 -0.010025984756443352 -0.012035206098679132 -0.014222996522887856 -0.016589400518639375 -0.019134451898817639 -0.021858176939037924 -0.024760596466679621 -0.032798536087672199 -0.041953602347447265 -0.052225915214953532 -0.00014397277413050517 -0.00032183824641852639 -0.00053359641675494653 -0.00077924728503064877 -0.0010587908516821009 -0.001372227116127346 -0.0017195560786573622 -0.0021007777391266603 -0.002515892098117198 -0.0029648991550470178 -0.0039645913630154813 -0.0050998543624500951 -0.0063706881545147727 -0.0077770927395004932 -0.0093190681168252992 -0.01099661428648919 -0.012809731247328251 -0.014758419001088355 -0.016842677546605588 -0.019062506882716036 -0.025205202444931497 -0.032195215460575646 -0.040032545924992828 -0.0001152164927123456 -0.00025748767096954266 -0.00042681353473218784 -0.00062319408427610463 -0.00084662931928606623 -0.0010971192397620725 -0.0013746638461769639 -0.0016792631379002865 -0.0020109171155624941 -0.002369625778060293 -0.0031682071603997054 -0.0040750072861794311 -0.0050900261531928821 -0.006213263763331419 -0.0074447201147036816 -0.0087843952098314842 -0.010232289044301651 -0.011788401625049174 -0.013452732945769513 -0.015225283010245394 -0.020130115166145195 -0.025711314461217931 -0.031968880897354966 -9.7682424261658903e-05 -0.00021829287775641389 -0.00036183136046304777 -0.00052829787244521216 -0.00071769241340586631 -0.00093001498393909161 -0.001165265583281069 -0.0014234442122804866 -0.0017045508700886563 -0.002008585557214791 -0.0026854390195906923 -0.0034540045988989778 -0.004314282294800173 -0.0052662721069548016 -0.0063099740367207656 -0.0074453880824006877 -0.0086725142467103701 -0.0099913525255761124 -0.011401902924429512 -0.012904165435802122 -0.017061062234002663 -0.021791159761248364 -0.027094458017539222 -8.5546284746628915e-05 -0.00019117810402149939 -0.0003168954580292058 -0.00046269834633782668 -0.00062858676967480868 -0.00081456072722177432 -0.0010206202195243087 -0.0012467652462186882 -0.0014929958080323598 -0.0017593119038741534 -0.0023522006990969995 -0.0030254316337058437 -0.0037790047051546225 -0.0046129199167168457 -0.0055271772654827273 -0.0065217767525434364 -0.0075967183775352502 -0.0087520021422767841 -0.0099876280445857016 -0.011303596085189445 -0.014945013040738437 -0.019088568362630582 -0.023734262047956093 
end_dependent_variable

end_regular_table
