# ****************************************************************************
# CUI
#
# The Advanced Framework for Simulation, Integration, and Modeling (AFSIM)
#
# The use, dissemination or disclosure of data in this file is subject to
# limitation or restriction. See accompanying README and LICENSE for details.
# ****************************************************************************

# ##################################################################################################
# 
# This file was auto-generated by AFSIM Mover Creator 2.5.0.200324
# 
# Creation Date:  24 Mar 2020
# 
# ##################################################################################################

regular_table

independent_variable mach precision double
0.10000000000000001 0.5 0.70000000000000007 0.75 0.80000000000000004 0.84999999999999998 0.90000000000000002 0.92000000000000004 0.94000000000000006 0.95999999999999996 0.97999999999999998 1 1.02 1.04 1.0600000000000001 1.0800000000000001 1.1000000000000001 1.2 1.3 1.4000000000000001 1.5 
end_independent_variable

independent_variable surface_angle units deg
1 2 3 4 5 6 7 8 9 10 12 14 16 18 20 22 24 26 28 30 35 40 45 
end_independent_variable

dependent_variable precision double
4.4947677836098259e-06 1.0454855471023362e-05 1.7880263062240602e-05 2.6770990557261554e-05 3.7127037956086217e-05 4.8948405258714573e-05 6.2235092465146654e-05 7.7077646140180796e-05 9.3645684462199215e-05 0.00011163948360056754 0.00015193096809433025 0.00019798994942055861 0.00024987160389802103 0.00030782110730065659 0.00037156325505709143 0.00044111100066423375 0.00051647392075104782 0.00059765929359094881 0.00068467277709419975 0.00077751885216239267 0.0010351736810473872 0.0013293438000175999 0.0016600550333319153 4.7512787420385501e-06 1.1480950130805261e-05 2.0189014166300134e-05 3.087547084852316e-05 4.354032017747435e-05 5.8183562153153686e-05 7.4805196775561204e-05 9.3495751001115217e-05 0.000114424806273157 0.00013729270367242243 0.00018887162286316341 0.00024827035027200642 0.00031554404999661613 0.00039093784494374686 0.00047417659011990485 0.00056527323607583947 0.00066423735764614645 0.00077107623111588694 0.00088579551359513255 0.0010083996847003198 0.0013494285491550406 0.0017397995477292751 0.002179538499686775 5.1706345111513635e-06 1.3158376837666008e-05 2.3963226979543936e-05 3.7585184936785145e-05 5.402425070938964e-05 7.3280424297357411e-05 9.5353705700688485e-05 0.00012033462047540512 0.00014839274745909021 0.00017922843233093806 0.00024925907332152864 0.00033046438462526608 0.0004228995297154234 0.00052680962735230904 0.00064191953712534303 0.00076824220907606216 0.00090578721801481401 0.0010545618404206453 0.0012145717327974224 0.0013858213743493616 0.0018631414337035186 0.0024107715080103932 0.0030287374162185098 5.3543252892691425e-06 1.3893140555205069e-05 2.5616445797807774e-05 4.0524241017077268e-05 5.8616526213013528e-05 7.9893301385616593e-05 0.00010435456653488641 0.00013209084698585907 0.00016327172112496268 0.00019759753545415984 0.00027571058213831707 0.00036646782792051593 0.0004699244362164399 0.00058632552517412972 0.00071539595501345944 0.0008571486758305241 0.0010115932622780579 0.0011787369911867068 0.0013585855186359934 0.0015511433247879386 0.0020881629816038431 0.0027046772077150439 0.003400711822567154 5.5988044698750762e-06 1.4871057807063177e-05 2.7816760011564299e-05 4.443591108337845e-05 6.4728511022505624e-05 8.8694559828945803e-05 0.00011633405750269904 0.00014773752916777345 0.00018307455283309639 0.00022204547563261557 0.00031091561618709678 0.00041438579159329772 0.00053251116510019539 0.00066553685460728641 0.00081318772068604366 0.00097547671324463888 0.0011524134075177634 0.0013440050791357762 0.0015502573854997276 0.0017711748057410899 0.002387650279508634 0.0030958442950658224 0.0038957826713369313 6.2957327905493765e-06 1.6122338720313295e-05 2.9479817786071286e-05 4.6368170010366625e-05 6.6787395386758364e-05 9.0737493850837186e-05 0.00011821846547989428 0.00014930692737176698 0.00018414640396285223 0.00022248328031461466 0.0003096717432093282 0.00041090434336750855 0.00052622776859365073 0.00065584947775952835 0.00079953660287009683 0.00095730010423058262 0.001129148086699899 0.0013150867069863486 0.0015151207542591638 0.0017292540188790851 0.0023262899196238745 0.0030114980489276931 0.003784900258972513 6.9926607956362151e-06 1.7373619039096796e-05 3.1142874805399677e-05 4.8300427924049557e-05 6.8846278531442672e-05 9.2780426682137528e-05 0.00012010287221245863 0.0001508763243330392 0.00018521825425604448 0.000222921084463153 0.00030842787068015184 0.00040742289583279391 0.00051994437378448171 0.00064616210345783392 0.0007858854895400713 0.0009391235012300858 0.0011058827730595086 0.001286168344487714 0.0014799841336878181 0.0016873332448201421 0.0022649295772463321 0.0029271518273287652 0.0036740178775973233 7.6927583674011969e-06 1.8909805454972547e-05 3.3651141220885863e-05 5.191676567908388e-05 7.3706678941108414e-05 9.9020880895417642e-05 0.00012785937143046977 0.00016028260866598229 0.000196403846364605 0.000236022959095108 0.00032577257346719387 0.00042955672392367062 0.0005474122516118744 0.00067950286043602127 0.00082564479640379604 0.00098584670869091332 0.001160114991097511 0.001348454504169886 0.0015508690242678558 0.001767361544281503 0.0023701988208130477 0.003061064720501504 0.0038399764894967298 8.4251533445834113e-06 2.0503973859181038e-05 3.6236461515301212e-05 5.5622616284452287e-05 7.866243819512591e-05 0.00010535592730430541 0.00013570308344104082 0.00016976146876238296 0.00020763891155204571 0.0002491448731483696 0.00034305926518258644 0.0004515287074397064 0.00057458827463505212 0.00071239383028200371 0.00086477042168275301 0.0010317262836109095 0.001213267505532033 0.0014093987122124139 0.0016201235013509742 0.0018454447234813375 0.0024726211814130412 0.0031910644890958523 0.0040007910645640677 9.189844909260033e-06 2.2156122749544937e-05 3.8898833622697238e-05 5.9417977397776548e-05 8.371355422027219e-05 0.00011178556391559697 0.00014363400660014235 0.00017931290327646493 0.00021892344922186036 0.00026228682711032704 0.00036028794950720939 0.00047333885238961041 0.00060147245382391001 0.00074483502854859004 0.00090326238638560065 0.0010767622561936585 0.0012653403513969046 0.0014690010129313473 0.0016877476180116801 0.0019215828408481596 0.002572196747154649 0.0033171512534023858 0.0041564617674932566 9.9868321345427979e-06 2.3866250631767603e-05 4.1638255491674417e-05 6.3302846773671375e-05 8.8860024358942204e-05 0.00011830978842571134 0.00015165213855812174 0.00018893691058359736 0.00023025745905154766 0.00027544882061968177 0.00037745862858945523 0.00049498716512641678 0.00062806479919781351 0.00077682647022118154 0.00094112071238423541 0.0011209546527630302 0.0013163335634737753 0.0015272614510016098 0.001753741426907412 0.0019957759592430591 0.0026689256121403705 0.0034393251426738259 0.0043069887584195514 1.0816114132340595e-05 2.5634355846664481e-05 4.4454725218747351e-05 6.7277222021262133e-05 9.4101846496691033e-05 0.00012492859858441349 0.00015975747816318844 0.00019863348993208536 0.00024164094022879209 0.00028863085549747528 0.00039457130508207936 0.00051647365251722172 0.00065436532108650467 0.0008083681714393941 0.00097834541790361995 0.0011643035017767367 0.0013662471771650479 0.001584180065782914 0.0018181049789691335 0.0020680241431954029 0.0027628078668645666 0.0035575862733986268 0.0044523721998060359 1.167769009882488e-05 2.7460436968440145e-05 4.7348240701595247e-05 7.1341101020041839e-05 9.9439018356610673e-05 0.00013164199234030397 0.00016795002334211951 0.00020840264043444406 0.00025307389205524497 0.00030183293087077161 0.00041162598330611491 0.00053779832074532183 0.00068037403083815123 0.00083946014867261999 0.0010149365298301827 0.0012068088293064661 0.0014150812275045531 0.0016397569046174877 0.0018808383270385693 0.0021383274536361219 0.0028538435980388784 0.0036719347712213741 0.0045926122554736945 1.257155910528877e-05 2.9344492382163043e-05 5.0318799799100133e-05 7.5494481450668103e-05 0.00010487153752600307 0.00013844996745769668 0.00017622977187620265 0.00021824435940882012 0.00026455631456970334 0.00031505504782589099 0.00042862266453701816 0.00055896117434513443 0.00070609093611519115 0.0008701024151700872 0.0010508940630620306 0.001248470666195956 0.001462835752086733 0.001693992009997914 0.0019419415254705323 0.0022066859518065241 0.0029420328988928666 0.0037823707649680179 0.0047277090855189843 1.3497720292739023e-05 3.1286520655975702e-05 5.3366400864807789e-05 7.9737361336910899e-05 0.00011039940155822272 0.00014535252178577443 0.00018459672214808157 0.00022815864662243066 0.00027608820680223844 0.00032829720630463778 0.00044556135270300122 0.0005799622224630887 0.00073151605121437604 0.00090029498580080551 0.0010862180434186703 0.0012892890358398906 0.0015095107826961572 0.0017468854209444315 0.002001414621287174 0.0022730997007519853 0.0030273758559829843 0.0038888943733384534 0.0048576628516872429 1.4456172799151363e-05 3.3286520040368948e-05 5.6491041658182551e-05 8.4069737718062376e-05 0.00011602260835094882 0.0001523496530330803 0.00019305087268103958 0.00023814550034395268 0.00028766956872375245 0.00034155940752912233 0.00046244205042287191 0.00060080146902739655 0.00075664938381754228 0.0009300378771214603 0.001120908488766191 0.0013292639695475735 0.0015551063537556002 0.0017984371896295134 0.0020592576744882939 0.0023375687647205941 0.0031098725631207506 0.003991505719765827 0.0049824737184396076 1.5446915765532542e-05 3.5344489122883857e-05 5.9692720205419164e-05 8.8491608879773251e-05 0.00012174115521262873 0.0001594413593373508 0.00020159222045374817 0.00024820491976834512 0.00029930039908788661 0.0003548416511647191 0.00047926476077615423 0.00062147892118643363 0.0007814909457578218 0.00095933110626099513 0.0011549654228387521 0.0013683954942733275 0.0015996225032474762 0.0018486473497096904 0.0021154707330271736 0.0024000932037315467 0.0031895231131283553 0.0040902049314466074 0.005102141843447712 1.4781552357823054e-05 3.3557485433396121e-05 5.6327799081229874e-05 8.3092493592302973e-05 0.00011385156845740276 0.00014860502433123123 0.00018735286048634172 0.0002300950777956702 0.0002768316752407914 0.00032756265398561994 0.0004410077530465697 0.00057043037410558356 0.00071583051919951203 0.00087720818541856872 0.0010545633750905828 0.0012478960876335969 0.0014572063236295684 0.0016824940795867533 0.0019237593607427676 0.0021810021636058672 0.0028940108357975603 0.0037068790221502813 0.0046196067226640302 1.3646915144509815e-05 3.0977799272650138e-05 5.1992652384420966e-05 7.6691474322208871e-05 0.00010507426548004743 0.00013714102554270979 0.00017289175451019593 0.00021232645206727897 0.0002554451188444127 0.00030224775515682396 0.00040690493323521033 0.00052629798819379937 0.0006604269171955492 0.00080929172276227479 0.00097289240583965674 0.0011512289626449726 0.001344301396960945 0.0015521097050048512 0.0017746538911898675 0.002011933950472364 0.0026696035605023325 0.0034193723937833488 0.0042612404503154138 1.3126842248458971e-05 2.9795906331184614e-05 5.0007192248176929e-05 7.376069999943591e-05 0.00010105642962739596 0.00013189438104718829 0.00016627455417394412 0.00020419694917740103 0.00024566156673650917 0.00029066840532363067 0.00039130874863718945 0.00050611797809965199 0.00063509609642681925 0.00077824310192131565 0.00093555899424366609 0.0011070437740728206 0.0012926974407298294 0.0014925199962515427 0.0017065114358853094 0.0019346717670995813 0.0025670614716123718 0.0032880067228729512 0.0040975075195234193 1.2866452802402791e-05 2.9204295859278916e-05 4.9013529284291911e-05 7.2294152918312815e-05 9.9046167034134137e-05 0.00012926957126803255 0.0001629643655290772 0.00020013055063564561 0.00024076812549656776 0.00028487709120301362 0.0003835091929701367 0.0004960268550277064 0.00062243007937620102 0.00076271886419700412 0.00091689321130873213 0.0010849531181653218 0.001266898586949113 0.0014627296162052128 0.0016724462066610673 0.0018960483597715704 0.0025158030704325539 0.0032223425375008368 0.0040156667609764175 
end_dependent_variable

end_regular_table
