# ****************************************************************************
# CUI
#
# The Advanced Framework for Simulation, Integration, and Modeling (AFSIM)
#
# The use, dissemination or disclosure of data in this file is subject to
# limitation or restriction. See accompanying README and LICENSE for details.
# ****************************************************************************

# ##################################################################################################
# 
# This file was auto-generated by AFSIM Mover Creator 2.5.0.200402
# 
# Creation Date:  03 Apr 2020
# 
# ##################################################################################################

regular_table

independent_variable mach precision double
0.10000000000000001 0.5 0.70000000000000007 0.75 0.80000000000000004 0.84999999999999998 0.90000000000000002 0.92000000000000004 0.94000000000000006 0.95999999999999996 0.97999999999999998 1 1.02 1.04 1.0600000000000001 1.0800000000000001 1.1000000000000001 1.2 1.3 1.4000000000000001 1.5 1.75 2 2.5 3 
end_independent_variable

independent_variable surface_angle units deg
-25 -22 -20 -18 -16 -14 -12 -10 -9 -8 -7 -6 -5 -4 -3 -2 -1 0 1 2 3 4 5 6 7 8 9 10 12 14 16 18 20 22 24 25 
end_independent_variable

dependent_variable precision double
0.0039452114008286659 0.0088872637975634713 0.0031427508121945548 0.00054254137730175604 -0.0001303691789392474 -0.00062359650059082381 -0.00058907922578897557 -0.00048908315837488056 -0.00042666085948772241 -0.00036076497193140528 -0.00029507306135017139 -0.00023146228114640595 -0.00017194243778492611 -0.00011968268746604524 -7.6056411507217724e-05 -4.1194512201394273e-05 -1.5637314512680771e-05 0 5.2311093774625751e-06 -8.5962981968642614e-07 -1.7356494874463658e-05 -4.3772854516006478e-05 -7.9492232106826696e-05 -0.0001239724765569878 -0.00017707794839552502 -0.00023743692760216516 -0.00030187182947363854 -0.00036835437818282581 -0.00049820749163380612 -0.00059969673369632682 -0.0006355444814274407 -0.00013991769120074094 0.00053278644389052562 0.0031344623078095562 0.008884282991715578 0.09363393643624518 0.0039453762170909438 0.0088872558308393992 0.0031427958234600422 0.00054261706460184374 -0.00013029022121120861 -0.00062352054578071947 -0.00058901656424185879 -0.000489032911547377 -0.00042661620483355327 -0.00036072602936530035 -0.00029504001944206227 -0.00023143411286105311 -0.00017191940856094189 -0.00011966592270461055 -7.6044444071813547e-05 -4.1186833881730372e-05 -1.5633594226723607e-05 0 5.2276096393852785e-06 -8.664522989793404e-07 -1.7366268986399462e-05 -4.3785307314420393e-05 -7.9507183183738492e-05 -0.00012398992640706119 -0.0001770988569549272 -0.00023745966648946321 -0.00030189562821917486 -0.0003683797616660274 -0.00049823413982785824 -0.00059972382723200222 -0.00063557104552866073 -0.00013993147203726684 0.00053279362109007915 0.0031345197892588259 0.00888441470545283 0.093639421110703183 0.0039453972732353274 0.0088872626698538581 0.0031428052921480486 0.00054262765465127726 -0.00013028037884598519 -0.00062351180678353049 -0.00058900956489452291 -0.00048902748854903408 -0.00042661148726689456 -0.00036072199913387816 -0.0002950366628395693 -0.00023143132993450188 -0.00017191719100410411 -0.00011966432294153484 -7.6043329558387175e-05 -4.1186140445641379e-05 -1.5633270139544219e-05 0 5.2273295257493423e-06 -8.6697168557797866e-07 -1.736697292893972e-05 -4.3786148036631494e-05 -7.9508119973765865e-05 -0.00012399093089387951 -0.00017709997028837453 -0.00023746074399070744 -0.00030189658792862116 -0.00036838061426016776 -0.0004982345606011836 -0.00059972365379053606 -0.00063557010612103786 -0.00013992879182557559 0.00053279871892947131 0.0031345294905212239 0.0088844308036652095 0.093639820142074087 0.0039454012797435021 0.0088872642070419727 0.0031428072049508138 0.00054262969769487744 -0.00013027851344849276 -0.00062351017278560329 -0.00058900826342397482 -0.00048902648720539153 -0.00042661061951337236 -0.00036072126075552925 -0.00029503605040981688 -0.00023143082509926094 -0.00017191679073355934 -0.00011966403476384974 -7.6043129992493349e-05 -4.118601710691126e-05 -1.5633212929881746e-05 0 5.2272812032873682e-06 -8.6706001396816356e-07 -1.7367090360045328e-05 -4.3786285614978117e-05 -7.9508268661435165e-05 -0.00012399108531140353 -0.00017710013540300147 -0.00023746089454367117 -0.00030189670823495962 -0.00036838070518554241 -0.00049823455168693112 -0.00059972351121402481 -0.00063556979629666229 -0.0001399281489276298 0.00053279981417677638 0.0031345314076729079 0.0088844338451256923 0.09363988703600519 0.0039454049434909421 0.0088872656769146026 0.0031428089866264723 0.00054263157259403557 -0.0001302768100533681 -0.00062350868605318729 -0.00058900708252770809 -0.00048902557925013682 -0.00042660983350302967 -0.00036072059276370528 -0.0002950354972675723 -0.00023143036995711274 -0.0001719164312315494 -0.00011966377590529547 -7.6042950893310884e-05 -4.1185906588215848e-05 -1.5633161993688826e-05 0 5.2272384122993691e-06 -8.6713774831038332e-07 -1.7367193538652554e-05 -4.3786405076266079e-05 -7.9508396841171169e-05 -0.00012399121629423396 -0.00017710027335234591 -0.00023746101659163817 -0.00030189680160273651 -0.00036838076762653142 -0.00049823451884332146 -0.00059972335085023074 -0.00063556947740345206 -0.00013992752441468556 0.00053280085043543317 0.0031345331798469009 0.008884436620250985 0.093639945691847984 0.0039454083135730218 0.0088872670842947126 0.0031428106494797827 0.00054263330369032836 -0.00013027524477247573 -0.00062350732566612919 -0.00058900600127526396 -0.00048902475112123944 -0.00042660911822959858 -0.00036071998570826806 -0.00029503499475622028 -0.00023142995740241899 -0.00017191610483078659 -0.00011966354129556886 -7.6042789174344242e-05 -4.1185807158232111e-05 -1.5633116225701207e-05 0 5.2272002162735642e-06 -8.6720689302324592e-07 -1.7367284587693189e-05 -4.3786509955279831e-05 -7.9508508202340723e-05 -0.00012399132844377381 -0.00017710038929946034 -0.0002374611164312653 -0.00030189687165948554 -0.00036838080925042217 -0.00049823446757348813 -0.00059972317862481278 -0.00063556915510942856 -0.00013992691863712962 0.00053280183304368737 0.0031345348254488144 0.0088844391663881975 0.09363999755838999 0.0039454114301811678 0.0088872684319029598 0.0031428122091544867 0.00054263491120313579 -0.00013027379812843181 -0.00062350607338370462 -0.0005890050078874629 -0.00048902399076127163 -0.0004266084621303149 -0.0003607194301596906 -0.00029503453527030628 -0.00023142958030893056 -0.00017191580745029526 -0.0001196633275029404 -7.6042641635737558e-05 -4.1185716869221671e-05 -1.5633074420176087e-05 0 5.2271658770789387e-06 -8.6726873114077075e-07 -1.7367365423989145e-05 -4.3786602385256684e-05 -7.9508605187345982e-05 -0.00012399142489804614 -0.0001771004879127337 -0.00023746119817444477 -0.00030189692533049903 -0.00036838083296336421 -0.00049823440300956741 -0.00059972299858783039 -0.00063556883108408229 -0.00013992633252245653 0.00053280276564968425 0.0031345363614827147 0.0088844415177927946 0.093640043756662919 0.0039463622353342886 0.0088879988477241784 0.0031448264482637827 0.00054481550252204452 -0.00012835058063066736 -0.00062137544448951656 -0.0005873615507244411 -0.00048782857050813503 -0.00042561401006843973 -0.00035990729601176428 -0.00029438941469738368 -0.00023093538461266399 -0.00017155413816812107 -0.00011941474772887348 -7.588703966622045e-05 -4.1102647472654404e-05 -1.5601907352998917e-05 0 5.2167725234591242e-06 -8.6726354129392692e-07 -1.733617730938604e-05 -4.370347695462619e-05 -7.9352882693013946e-05 -0.00012374262047039046 -0.00017673844111351525 -0.00023696639332866458 -0.00030125088624125126 -0.00036756739271772288 -0.00049703659102437556 -0.00059807560509704896 -0.00063343215935730151 -0.0001379942679311141 0.00053499561247656612 0.0031365666922995622 0.0088851913796527265 0.093633917947619827 0.0039473070368445506 0.0088887242173159211 0.0031468367646238387 0.000546993314729496 -0.00012642919819514281 -0.00061924595032916523 -0.00058571874826121725 -0.00048663349704312035 -0.00042461980158310176 -0.00035909532737007373 -0.00029374440151801548 -0.00023044125553729484 -0.00017119250785926462 -0.00011916618869564407 -7.5731447969219916e-05 -4.1019582891844555e-05 -1.5570741472499402e-05 0 5.2063801612278478e-06 -8.6725725288140902e-07 -1.7304988709394168e-05 -4.3620353675782873e-05 -7.9197167264128689e-05 -0.0001234938326531303 -0.0001763764277968473 -0.00023647164843200493 -0.00030060494759759371 -0.00036675410810565399 -0.00049583911742214469 -0.00059642885406313822 -0.00063129660799437625 -0.00013606402563968764 0.00053718568764492421 0.0031385930953710668 0.0088859361711683266 0.093627786063718826 0.0039482458321149676 0.008889444539342593 0.0031488431563054648 0.00054916834804808888 -0.00012450964896686917 -0.00061711759028432048 -0.00058407660004022692 -0.00048543877312397764 -0.0004236258356973399 -0.00035828352329475783 -0.00029309949635671453 -0.00022994719290350742 -0.00017083091661647531 -0.00011891765094119892 -7.5575867224898536e-05 -4.0936523531798021e-05 -1.5539577438744432e-05 0 5.1959883328211657e-06 -8.6725026781748796e-07 -1.7273800344367557e-05 -4.3537232474527171e-05 -7.9041459073822513e-05 -0.00012324506244177627 -0.00017601444756081547 -0.00023597696347209908 -0.0002999591083483659 -0.00036594098116764521 -0.00049464198348900029 -0.00059478274737818687 -0.00062916217813303291 -0.00013413560745369969 0.00053937299019016401 0.0031406155694111005 0.0088866758922653919 0.093621648156627491 0.0039491786239156581 0.0088901598135568641 0.0031508456243227231 0.00055134060016114798 -0.00012259193357242053 -0.00061499036458582555 -0.00058243510651903433 -0.00048424439662365313 -0.0004226321136890356 -0.00035747188454842316 -0.00029245469722864265 -0.00022945319712970483 -0.00017046936398218922 -0.00011866913427797807 -7.5420297115847109e-05 -4.085346858971683e-05 -1.5508414709149746e-05 0 5.1855973154568723e-06 -8.672424572834871e-07 -1.7242611665023378e-05 -4.3454114216520594e-05 -7.8885758115912117e-05 -0.00012299630867592979 -0.00017565250159261273 -0.00023548233905078798 -0.00029931336924380795 -0.00036512801081131429 -0.00049344518734934244 -0.000593137286048011 -0.00062702887161177176 -0.00013220901324123994 0.00054155752135718943 0.0031426341155491471 0.0088874105458459536 0.093615504265234642 0.0038866984831837331 0.00887763891252164 0.0031466928159731115 0.00055139926984213599 -0.00012067605136873404 -0.00061286427200526561 -0.00058079426680312249 -0.00048305036764107942 -0.00042163863478321558 -0.00035666040949455726 -0.00029181000572290711 -0.00022895926653196928 -0.00017010784897944549 -0.00011842063832880042 -7.5264737574049352e-05 -4.0770418363429746e-05 -1.5477253800535873e-05 0 5.1752069102389292e-06 -8.6723386765413005e-07 -1.7211423397898964e-05 -4.3370997904191307e-05 -7.8730064833533751e-05 -0.0001227475722439244 -0.00017529058812381626 -0.00023498777541540347 -0.00029866773227906331 -0.00036431519759315786 -0.00049224873078808286 -0.00059149246765700296 -0.00062489668705377867 -0.00013028424278795412 0.00054163115116949629 0.0031385056936591581 0.008874928473991666 0.093587412010725873 0.0037593086185988252 0.0088366086784935176 0.0031178930183081042 0.00052941133549198579 -0.00013684771137625857 -0.00062296361112658665 -0.00058760299085835847 -0.00048773374913312946 -0.00042538574352186806 -0.0003595165298944831 -0.00029391140160724962 -0.0002303056369555667 -0.00017071717536624724 -0.00011861879863154284 -7.5350113292797563e-05 -4.0822846420904303e-05 -1.5503611849584162e-05 0 5.1880048406818081e-06 -8.6699457614153946e-07 -1.7237288912344116e-05 -4.3422650747358748e-05 -7.8814332595210943e-05 -0.0001229441938642548 -0.00017589767854816774 -0.00023633098129794094 -0.00030076485621043553 -0.00036716569400050553 -0.0004969229063245161 -0.00059828706401339167 -0.00063497456868118597 -0.00014642323014146862 0.00051968920634004763 0.0031097678545045802 0.0088339841407832857 0.093522575576373071 0.0036339846861660513 0.0087977405673082699 0.0030912693944748462 0.00050960835578222545 -0.00015119134052483601 -0.00063259822589458792 -0.00059468590714451463 -0.00049307155215800788 -0.00042983348961445707 -0.00036302542816687885 -0.00029657213516023505 -0.00023202800031915644 -0.00017144639700947939 -0.00011879263500840141 -7.5402570497301141e-05 -4.0863640674072183e-05 -1.5530347564075809e-05 0 5.2036923430513773e-06 -8.6660176368289981e-07 -1.7263227443276273e-05 -4.3462216482571444e-05 -7.8865082841980506e-05 -0.00012311573144194318 -0.00017662365815714626 -0.00023804888831029274 -0.0003034197581275027 -0.00037066715367242801 -0.00050224927311171572 -0.00060535351894216581 -0.00064458570122247541 -0.00016073329591156737 0.00049993304031020975 0.0030832073058686066 0.0087952034957976075 0.093459885115230429 0.003508521204514484 0.0087588308427603272 0.0030646184511888708 0.00048978697473054658 -0.00016554683393536312 -0.00064224024847436834 -0.00060177340973831196 -0.000498412110942094 -0.00043428329965018849 -0.00036653582404192603 -0.00029923392476048714 -0.00023375106804265894 -0.00017217605809547004 -0.00011896674376359204 -7.5455192176460497e-05 -4.0904522600200832e-05 -1.5557116851290963e-05 0 5.2193939886810917e-06 -8.6619941761164097e-07 -1.7289180188576482e-05 -4.35018398708405e-05 -7.8915957426597882e-05 -0.00012328749020851313 -0.0001773500132921476 -0.00023976741227135618 -0.00030607560003342269 -0.00037416996385050087 -0.00050757818026917368 -0.00061242425480617906 -0.00065420381949548201 -0.00017505463433405326 0.00048015929978534701 0.003056620552636515 0.0087563828094822851 0.093397136605894077 0.0034876337620178472 0.0087510282488953914 0.0030595871554523991 0.0004859213204501522 -0.00016850249788969245 -0.00064389193318939409 -0.00060311551978819229 -0.00049958110940051786 -0.00043530294110983323 -0.00036735045293974903 -0.00029985049195647447 -0.00023410323085482426 -0.00017221267752494981 -0.00011885254153418386 -7.5359910784807905e-05 -4.0859606149381105e-05 -1.5545419973753312e-05 0 5.2185394086720426e-06 -8.6600399967920835e-07 -1.7277081999123909e-05 -4.3456294521058216e-05 -7.8819785001311843e-05 -0.00012317206567124053 -0.00017738490038249187 -0.00024011716429454656 -0.00030668897195118328 -0.00037498048546890533 -0.00050874079326618032 -0.00061375712671844556 -0.00065584245704684212 -0.00017799215089857239 0.00047631792308084605 0.0030516201819895806 0.0087486186552093864 0.093379512006092596 0.0034919404878194552 0.0087527674949874068 0.0030623199126157429 0.00048864897679787745 -0.00016617680985503324 -0.00064147128914050962 -0.00060125734599373454 -0.00049822519117569684 -0.00043417491413022096 -0.00036643234078780513 -0.00029912433218066422 -0.00023355465211793034 -0.00017182406648847876 -0.00011859333722231678 -7.5199007318723735e-05 -4.0773396733677165e-05 -1.5512800623881096e-05 0 5.2075054882092198e-06 -8.659882528841782e-07 -1.724442004427786e-05 -4.3369996065884996e-05 -7.8658716795720725e-05 -0.00012291258236285307 -0.00017699584853263163 -0.00023956789314386864 -0.00030596178768559057 -0.00037406093899828847 -0.00050738230839621342 -0.00061189478318090834 -0.00065341546086038617 -0.00017565722423575785 0.00047905833571760398 0.0030543696246960257 0.0087503780470007224 0.093374849040786106 0.0035123392912309605 0.0087610675799447112 0.0030756971488917757 0.00050207382425067955 -0.00015470099817199446 -0.0006294743065861899 -0.00059204157624881653 -0.00049149902299116404 -0.00042857834859413087 -0.00036187579768098995 -0.00029551918464521806 -0.00023082887058279691 -0.00016988961796015692 -0.00011730083674116067 -7.439625482478364e-05 -4.034336343753147e-05 -1.5350159243389119e-05 0 5.1525354517889275e-06 -8.6590154245657164e-07 -1.7081551541000762e-05 -4.2939496394602469e-05 -7.7855112470246853e-05 -0.00012161864874815584 -0.00017505914294651298 -0.0002368385962397997 -0.0003023514613714015 -0.0003694971624651437 -0.00050064322091446386 -0.00060265807048715415 -0.00064138661918012967 -0.00016413513507177843 0.00049254700418866729 0.0030678302130040165 0.0087587786373612975 0.093350987631373575 0.0035309664374498823 0.0087687442225749396 0.0030886230354001932 0.00051516279182349533 -0.00014346506961935348 -0.00061764403596918313 -0.00058294336255331652 -0.00048485626776467028 -0.00042304974808037954 -0.00035737227201316422 -0.00029195398402872381 -0.00022812972622514256 -0.00016796856881049583 -0.00011601382881012734 -7.3596256365942003e-05 -3.9914909886039164e-05 -1.518822642745152e-05 0 5.0978743174024252e-06 -8.6580466050625931e-07 -1.6919372140352376e-05 -4.251054720552274e-05 -7.7054224600887122e-05 -0.00012033015778437881 -0.00017313576570328408 -0.00023413585632616003 -0.0002987809960283432 -0.00036498630557184911 -0.00049398743713190477 -0.00059353878706462919 -0.000629524347180145 -0.00015285281275100103 0.00050569984838819062 0.0030808393455214679 0.0087665554831964851 0.093326270307184434 0.0035479724522746751 0.0087758436975971504 0.0031011305541329593 0.00052794083604290436 -0.00013245079278866742 -0.00060596744170507639 -0.00057395314878741542 -0.00047828985856544884 -0.00041758324587726859 -0.00035291712486920017 -0.00028842519111533225 -0.00022545484747251953 -0.00016605973620579571 -0.00011473183965473509 -7.2798774106852529e-05 -3.9487895115498755e-05 -1.502693708656737e-05 0 5.0434929411123104e-06 -8.6570002882436129e-07 -1.6757821209957988e-05 -4.2083014856997912e-05 -7.625582175715979e-05 -0.00011904664589947945 -0.00017122454991184448 -0.00023145731824715399 -0.00029524687099045601 -0.00036052375456929357 -0.00048740790930659912 -0.00058452740435040575 -0.00061781563734818548 -0.0001417920422301075 0.00051854182678018638 0.0030934300489249664 0.0087737549591061972 0.093300765849271189 0.003563493282403696 0.0087824078248714167 0.0031132495127837393 0.0005404305136981237 -0.00012164168894749128 -0.00059443273880178124 -0.00056506230034858028 -0.00047179339970078823 -0.000412173547722688 -0.00034850616644740458 -0.00028492960975909419 -0.00022280208742255791 -0.00016416205096134615 -0.00011345444095803696 -7.2003593069754949e-05 -3.9062193079411569e-05 -1.4866233801099759e-05 0 4.989365268053052e-06 -8.6558877586248501e-07 -1.6596843455688849e-05 -4.1656775775847901e-05 -7.5459695314641743e-05 -0.00011776769293846218 -0.00016932443479676708 -0.00022880084604484644 -0.00029174590204555288 -0.0003561053252825837 -0.00048089825738957575 -0.00057561529843905366 -0.00060624871755341923 -0.00013093635466992717 0.00053109550505781858 0.0031056321688736192 0.0087804189490094543 0.093274536075758765 0.0035965746545781373 0.0087967150819079475 0.0031420174341332463 0.00057052212970302031 -9.5422299292171865e-05 -0.00056614936467912842 -0.00054322046931774717 -0.00045582170627500086 -0.00039886747392374049 -0.00033764809486573979 -0.00027631765125605938 -0.00021625467586072606 -0.00015946048827128202 -0.00011027858820126347 -7.0024479782727062e-05 -3.8002956210914424e-05 -1.4466705432282091e-05 0 4.8550090436582471e-06 -8.6528891174704866e-07 -1.6196587029474657e-05 -4.0596134886830542e-05 -7.3478134472758073e-05 -0.00011458784324731799 -0.00016461664666075418 -0.00022224397844500235 -0.00028312027673113197 -0.0003452283575984103 -0.00046489331802750653 -0.00055372001136740111 -0.00057788442932833316 -0.00010460014141787977 0.00056134741766504439 0.0031346080396364205 0.0087949756476458519 0.093206139739841543 0.0036209640780604231 0.0088064430320316783 0.0031600614216039211 0.00058917824095596177 -7.9240460506873567e-05 -0.00054884641385955684 -0.00052985972399647501 -0.00044604053244781542 -0.00039071661751959616 -0.00033099912294266175 -0.00027104691166809062 -0.00021225626994275667 -0.00015660479179197947 -0.00010835926445410976 -6.8829969262543017e-05 -3.7363169468046781e-05 -1.4225011206616903e-05 0 4.7735051900005325e-06 -8.6515798044413191e-07 -1.5954553688643268e-05 -3.9955653888587116e-05 -7.228235410958738e-05 -0.00011266637647266003 -0.00016175755142948769 -0.00021824032885974618 -0.00027784187178781091 -0.00033856869965083187 -0.00045509311592985025 -0.0005403284262366165 -0.00056053460314427347 -8.8350505775296054e-05 0.00058009655063630727 0.0031527725896401482 0.0088048473037630227 0.09316690161484445 0.0036507258823900534 0.0088155326755133736 0.0031664992769777221 0.00059401792256735093 -7.572510476238976e-05 -0.00054634556362560837 -0.00052803535576785251 -0.00044469713420292468 -0.0003896052832350982 -0.00033012142750416949 -0.00027037827523544565 -0.00021180766972219594 -0.000156380155671063 -0.00010826819784260718 -6.8783868175592664e-05 -3.733614014075244e-05 -1.421268909475041e-05 0 4.7680603594683601e-06 -8.6539188939713893e-07 -1.5942697835976803e-05 -3.9929324381635387e-05 -7.2237196619443267e-05 -0.00011257652431211316 -0.000161534523790095 -0.00021779375253517757 -0.00027717568899026328 -0.00033769395766390225 -0.00045375379361094274 -0.00053850945963274197 -0.00055804096747760041 -8.4844746713055635e-05 0.00058492345693884375 0.0031591940811259308 0.0088139144078923995 0.093180019304983652 0.0036687817295264265 0.0088210492541323359 0.0031704069562882033 0.00059695578624564545 -7.3590949464143245e-05 -0.00054482715284193605 -0.00052692762315049773 -0.00044388145743421412 -0.0003889305034912925 -0.00032958848526466294 -0.00026997225577080422 -0.00021153521616004548 -0.00015624363801741597 -0.00010821277504976052 -6.8755785678325718e-05 -3.731967868546823e-05 -1.4205188047620155e-05 0 4.764744463677215e-06 -8.6554696132005405e-07 -1.5935506043843509e-05 -3.9913328399757273e-05 -7.2209738918521666e-05 -0.00011252190447184161 -0.00016139906286181599 -0.00021752262085875912 -0.00027677126759859653 -0.00033716293317379828 -0.00045294073371635648 -0.00053740518316895344 -0.00055652713326081603 -8.2716620747204587e-05 0.00058785334931742888 0.0031630916515711103 0.0088194171928135771 0.093187982002284703 
end_dependent_variable

end_regular_table
