# ****************************************************************************
# CUI
#
# The Advanced Framework for Simulation, Integration, and Modeling (AFSIM)
#
# The use, dissemination or disclosure of data in this file is subject to
# limitation or restriction. See accompanying README and LICENSE for details.
# ****************************************************************************

# ##################################################################################################
# 
# This file was auto-generated by AFSIM Mover Creator 2.5.0.200402
# 
# Creation Date:  03 Apr 2020
# 
# ##################################################################################################

regular_table

independent_variable mach precision double
0.10000000000000001 0.5 0.70000000000000007 0.75 0.80000000000000004 0.84999999999999998 0.90000000000000002 0.92000000000000004 0.94000000000000006 0.95999999999999996 0.97999999999999998 1 1.02 1.04 1.0600000000000001 1.0800000000000001 1.1000000000000001 1.2 1.3 1.4000000000000001 1.5 1.75 2 2.5 3 
end_independent_variable

independent_variable surface_angle units deg
-25 -22 -20 -18 -16 -14 -12 -10 -9 -8 -7 -6 -5 -4 -3 -2 -1 0 1 2 3 4 5 6 7 8 9 10 12 14 16 18 20 22 24 25 
end_independent_variable

dependent_variable precision double
-0.0093855977728344257 -0.0088268785271450947 -0.0087781024846146413 -0.0079063959386355149 -0.0065511248812337528 -0.0057099699884917039 -0.0042881511684203797 -0.003078971863577991 -0.0025464238640832862 -0.0020546441502531879 -0.001618867022056801 -0.0012331768554282401 -0.00088064032689846416 -0.00058744089591059034 -0.00036332088298093965 -0.00019364016992342353 -7.2916304105913389e-05 0 2.4567791073871286e-05 -6.4409338310067327e-16 -7.2916304106557486e-05 -0.00019364016992342353 -0.00036332088298093965 -0.00058744089591059034 -0.00088064032689717602 -0.0012331768554269518 -0.001618867022056801 -0.0020546441502506114 -0.0030789718635625329 -0.0042881511684152267 -0.0057099699884813988 -0.0065511248812131417 -0.0079063959386458191 -0.0087781024846043353 -0.0088268785271450947 -0.0037169988776357848 -0.0093862716651206025 -0.0088274610002791205 -0.0087785352429822928 -0.0079067160132161793 -0.0065513697551706791 -0.0057101090491857619 -0.0042882541706542252 -0.0030790441044554751 -0.0025464827785810769 -0.0020546915161360089 -0.0016189038692106489 -0.0012332042559980783 -0.00088066046547900778 -0.00058745511750537096 -0.0003633298814736912 -0.00019364498411439515 -7.2918105800637913e-05 0 2.4568385340834358e-05 0 -7.2918105800637913e-05 -0.00019364498411439515 -0.0003633298814736912 -0.00058745511751181188 -0.00088066046549833065 -0.0012332042559916375 -0.001618903869197767 -0.0020546915161231269 -0.0030790441044683567 -0.0042882541706542252 -0.0057101090491857619 -0.0065513697552222064 -0.0079067160131646511 -0.0087785352430853475 -0.008827461000227594 -0.0037178564875219411 -0.0093864037416627778 -0.0088275685923584844 -0.0087786213070802244 -0.0079067841226700183 -0.006551423531310452 -0.0057101472653124331 -0.0042882827804733214 -0.0030790644695288805 -0.0025464995399107821 -0.002054705049766918 -0.001618914499178414 -0.0012332123100019545 -0.00088066635153476256 -0.00058745918423434482 -0.00036333243160235049 -0.00019364634548305155 -7.2918616114537164e-05 0 2.4568555022405435e-05 0 -7.2918616119045819e-05 -0.00019364634548305155 -0.00036333243160235049 -0.00058745918423434482 -0.00088066635153476256 -0.0012332123099929372 -0.001618914499178414 -0.0020547050497849526 -0.0030790644694747766 -0.0042882827804372522 -0.0057101472652763639 -0.006551423531454729 -0.0079067841226700183 -0.0087786213069359475 -0.0088275685924306228 -0.0037179894931147163 -0.0093864302534069338 -0.0088275900608514521 -0.0087786386067534843 -0.0079067978988948354 -0.0065514344392534627 -0.0057101551503886492 -0.0042882886880823735 -0.0030790686786082888 -0.0025465030060439313 -0.0020547078494102689 -0.0016189166995186355 -0.0012332139790739867 -0.00088066757089499796 -0.00058746002555813909 -0.00036333295884318487 -0.000193646626910799 -7.2918721627177781e-05 0 2.4568590123884582e-05 0 -7.2918721632008485e-05 -0.00019364662691562969 -0.00036333295883835416 -0.00058746002555813909 -0.00088066757090465939 -0.0012332139790739867 -0.00161891669947999 -0.0020547078494102689 -0.0030790686785889657 -0.0042882886880823735 -0.0057101551503886492 -0.0065514344391761712 -0.007906797898972126 -0.0087786386069080673 -0.0088275900608514521 -0.0037180155066036903 -0.0093864548729077884 -0.0088276099633627543 -0.0087786546781767338 -0.0079068107194499616 -0.0065514445973790273 -0.0057101625286097484 -0.0042882942167326429 -0.0030790726190749931 -0.0025465062516704228 -0.0020547104709283067 -0.0016189187601833427 -0.0012332155428148521 -0.0008806687131160336 -0.00058746081331397502 -0.00036333345248843049 -0.00019364689038798595 -7.2918820404211859e-05 0 2.4568622983596709e-05 0 -7.291882041451735e-05 -0.00019364689038798595 -0.00036333345249358326 -0.00058746081332428047 -0.00088066871314695016 -0.0012332155428148521 -0.0016189187602039538 -0.0020547104709076956 -0.0030790726190543819 -0.0042882942167326429 -0.0057101625288158578 -0.0065514445972965837 -0.0079068107193675172 -0.0087786546782591783 -0.0088276099632803116 -0.0037180394825315878 -0.0093864778370628815 -0.0088276285005918879 -0.0087786696745926658 -0.0079068227015861529 -0.0065514540981480365 -0.0057101694578410777 -0.0042882994095165515 -0.003079076320820078 -0.0025465093011331212 -0.002054712934227381 -0.0016189206967505776 -0.0012332170127093789 -0.00088066978685158578 -0.00058746155359658595 -0.00036333391627769339 -0.00019364713793287893 -7.2918913210822306e-05 0 2.4568653870611826e-05 0 -7.2918913216297107e-05 -0.00019364713793835372 -0.00036333391628316818 -0.00058746155360753552 -0.00088066978686253546 -0.0012332170127093789 -0.0016189206967724768 -0.002054712934227381 -0.003079076320732481 -0.0042882994095603498 -0.0057101694579286743 -0.0065514540977100527 -0.0079068227014985563 -0.008778669674767859 -0.0088276285005042913 -0.0037180616995589684 -0.0093864993446188261 -0.0088276458389004477 -0.0087786837244283548 -0.0079068339419947099 -0.0065514630156673012 -0.0057101759856631072 -0.0042883043023281388 -0.0030790798097979316 -0.0025465121755904952 -0.0020547152562535895 -0.001618922522576261 -0.0012332183988885126 -0.00088067079924626082 -0.00058746225138449197 -0.0003633343534378816 -0.00019364737122366335 -7.2919000688526165e-05 0 2.4568682974776461e-05 0 -7.2919000694323015e-05 -0.00019364737122366335 -0.00036333435343208475 -0.00058746225139608566 -0.00088067079923466712 -0.0012332183988885126 -0.0016189225225530736 -0.0020547152562304023 -0.003079079809774744 -0.0042883043023745132 -0.0057101759857094824 -0.006551463015481802 -0.0079068339420874604 -0.0087786837244283548 -0.0088276458389931964 -0.0037180823838089861 -0.0094082001715012024 -0.0088496804964833184 -0.0088001809297288559 -0.0079259940013380534 -0.0065673661857376265 -0.0057235595981369475 -0.0042984188627405492 -0.0030863731777914152 -0.0025525511775873083 -0.0020595954417330243 -0.0016227683961081158 -0.001236141165851364 -0.00088275847742179847 -0.00058885917479649396 -0.00036420016688330624 -0.00019410949693250465 -7.3093163045039316e-05 0 2.4627361988484336e-05 -2.9628295622630965e-15 -7.3093163045039316e-05 -0.00019410949693250465 -0.00036420016687738058 -0.00058885917480834527 -0.00088275847740994706 -0.0012361411658395125 -0.0016227683960844132 -0.0020595954417330243 -0.0030863731776966047 -0.004298418862787954 -0.0057235595980895428 -0.0065673661853583847 -0.007925994001527676 -0.0088001809298236672 -0.0088496804964833184 -0.0037323112322189358 -0.0094299251855246412 -0.0088717422051123145 -0.0088217037597167758 -0.0079451764576097313 -0.0065832879040917912 -0.0057369579126080308 -0.0043085445933584302 -0.0030936746218162541 -0.0025585968670475295 -0.0020644810356903608 -0.0016266185261220763 -0.0012390671504226446 -0.00088484845174129599 -0.00059025764117722076 -0.00036506693935898084 -0.00019457213541458705 -7.3267518830588953e-05 0 2.4686106167696163e-05 -3.0272389005731639e-15 -7.3267518836643436e-05 -0.00019457213541458705 -0.00036506693935898084 -0.00059025764118932967 -0.0008848484517534049 -0.0012390671504468624 -0.0016266185260978585 -0.0020644810357145788 -0.0030936746217678185 -0.0043085445933099941 -0.0057369579128017743 -0.0065832879040917912 -0.0079451764577066035 -0.0088217037598136462 -0.008871742205015444 -0.0037465652500937698 -0.009451674387400218 -0.0088938309648183504 -0.0088432522136068278 -0.0079643813113600501 -0.0065992281722199661 -0.0057503709291938368 -0.0043186814944785783 -0.0031009841419992047 -0.002564649243747013 -0.0020693720380915905 -0.0016304729129095292 -0.0012419963523202411 -0.00088694072217074488 -0.00059165765053517411 -0.00036593467085079955 -0.0001950352866789921 -7.3442068060826525e-05 0 2.4744915472993408e-05 0 -7.3442068048459939e-05 -0.00019503528667280881 -0.00036593467084461629 -0.0005916576505228076 -0.00088694072217074488 -0.0012419963522955081 -0.0016304729129342623 -0.0020693720380668577 -0.0031009841419002717 -0.0043186814943796462 -0.0057503709292927689 -0.0065992281721210331 -0.0079643813114589831 -0.0088432522137057608 -0.0088938309649172834 -0.0037608444397522222 -0.0094734477782326843 -0.0089159467778871845 -0.0088648262937033248 -0.0079836085621953455 -0.0066151869894811519 -0.0057637986478448998 -0.004328829565887672 -0.0031083017383706688 -0.0025707083076151674 -0.0020742684486017857 -0.0016343315563365035 -0.0012449287716052141 -0.00088903528860103602 -0.00059305920281019599 -0.00036680336126524018 -0.00019549895071592971 -7.3616810730599307e-05 0 2.4803789920864877e-05 -3.1560575771932987e-15 -7.3616810724287191e-05 -0.00019549895071592971 -0.00036680336126524018 -0.00059305920282282023 -0.00088903528861366025 -0.0012449287716178384 -0.0016343315563365035 -0.0020742684485765372 -0.0031083017383201719 -0.004328829565887672 -0.0057637986478448998 -0.0066151869894811519 -0.0079836085620943516 -0.0088648262937033248 -0.0089159467778871845 -0.0037751488022062935 -0.013561519375574101 -0.010256902126510571 -0.0098058968951623658 -0.008719037159486168 -0.0066311643560093194 -0.0057772410682314446 -0.0043389888070219998 -0.0031156274105890187 -0.0025767740584979244 -0.0020791702672807175 -0.0016381944561412397 -0.0012478644081149943 -0.00089113215112427465 -0.00059446229788312889 -0.00036767301061776085 -0.00019596312754085804 -7.3791746809763714e-05 0 2.4862729521229596e-05 3.2204669155033653e-15 -7.3791746816204647e-05 -0.00019596312754085804 -0.00036767301061776085 -0.00059446229788312889 -0.00089113215112427465 -0.0012478644081278761 -0.0016381944561670034 -0.0020791702672807175 -0.0031156274104859639 -0.0043389888070219998 -0.0057772410682314446 -0.0066311643557001544 -0.008719037159486168 -0.0098058968947501469 -0.010256902126613626 -0.0057242403606755981 -0.01501119799797347 -0.010735929584286276 -0.0099740000247306587 -0.0088185529745932068 -0.0072276726645541696 -0.0062055508950670741 -0.0046473785525666901 -0.0033437352115822097 -0.0027669192344111611 -0.0022296425106981578 -0.0017541737717381668 -0.001328335455546706 -0.00093231884992017115 -0.00061094741600104441 -0.00037581474432901306 -0.00020064230478742054 -7.5909358370311597e-05 0 2.5794125448987668e-05 0 -7.5909358363741847e-05 -0.00020064230479399029 -0.00037581474432244328 -0.00061094741600104441 -0.00093231884992017115 -0.001328335455546706 -0.0017541737717381668 -0.0022296425106981578 -0.0033437352115822097 -0.0046473785526192479 -0.0062055508949619585 -0.007227672664659286 -0.0088185529744880895 -0.0099740000246255414 -0.010735929584391391 -0.0066257919769283384 -0.016595513424560237 -0.011345397097671918 -0.010271490818252575 -0.0090471532698543407 -0.007402150567722008 -0.0063370235956586186 -0.0047406350312119757 -0.0034150577540752679 -0.0028284160244686518 -0.0022790603191776954 -0.0017940709901376043 -0.0013592110395391687 -0.00094910307989599192 -0.00061729826661652894 -0.00037867673744423127 -0.00020219767089346832 -7.6612874689116375e-05 0 2.6121217897701804e-05 6.6985711842470008e-15 -7.6612874675719228e-05 -0.00020219767089346832 -0.00037867673743753269 -0.00061729826664332316 -0.00094910307989599192 -0.0013592110395391687 -0.0017940709901108102 -0.0022790603191776954 -0.0034150577541288566 -0.0047406350312655639 -0.0063370235956586186 -0.0074021505679363626 -0.0090471532698543407 -0.010271490818145396 -0.011345397097671918 -0.0076592757232537452 -0.018186430459919769 -0.011957263009260782 -0.010570326820245382 -0.0092767951007169426 -0.0075774198969119884 -0.0064690852829459933 -0.0048343196315316517 -0.0034867085672141054 -0.0028901934593391944 -0.0023287031785964459 -0.001834146759488617 -0.0013902179639855951 -0.00096595509901504953 -0.00062367342293636664 -0.00038154945718772563 -0.00020375912661158076 -7.7319279482441553e-05 0 2.6449692245613327e-05 0 -7.7319279475614156e-05 -0.00020375912661840817 -0.00038154945718772563 -0.00062367342293636664 -0.00096595509900139476 -0.0013902179639582856 -0.001834146759488617 -0.0023287031785964459 -0.0034867085670502477 -0.0048343196315316517 -0.0064690852827821357 -0.0075774198964750359 -0.0092767951004984663 -0.010570326820245382 -0.011957263009151543 -0.008696651241223782 -0.017476293259917081 -0.011804636138759331 -0.010440654388890474 -0.0091875853747045502 -0.0075196539114213484 -0.0064337835642437075 -0.0048089610539587945 -0.0034697263658871637 -0.0028774370351045474 -0.0023192371065537936 -0.0018280934007603056 -0.0013881891295442715 -0.00096587717797386088 -0.00062373545966549657 -0.0003815108745701163 -0.00020366261041046882 -7.7256074224410818e-05 0 2.6422910432971795e-05 6.9562085374872711e-15 -7.7256074217454604e-05 -0.00020366261041046882 -0.0003815108745701163 -0.00062373545966549657 -0.00096587717802951059 -0.0013881891295442715 -0.0018280934007881306 -0.0023192371065259691 -0.0034697263658871637 -0.0048089610540144444 -0.0064337835642993575 -0.0075196539114213484 -0.0091875853747045502 -0.010440654388667876 -0.011804636138648031 -0.0084858613114244322 -0.017451560865871938 -0.011810365683945143 -0.010453932963832478 -0.0092005933437152247 -0.0075309968623367817 -0.00644384314012399 -0.0048167288892820596 -0.0034752401561202405 -0.0028819563693565698 -0.0023229055338021467 -0.0018309765003943221 -0.0013903953989446475 -0.00096759892337442072 -0.00062500949133389094 -0.00038232620003561025 -0.00020409624162371736 -7.7416295350589138e-05 0 2.6474606206122583e-05 0 -7.7416295350589138e-05 -0.00020409624161663235 -0.00038232620004978029 -0.00062500949130555087 -0.00096759892338859081 -0.0013903953989729877 -0.0018309765003943221 -0.002322905533858827 -0.0034752401560068798 -0.0048167288893954203 -0.0064438431400673096 -0.0075309968625635031 -0.0092005933438285854 -0.010453932963832478 -0.011810365683831784 -0.0084723109033769794 -0.017342922667266301 -0.011844602917713261 -0.010523393562988981 -0.0092679898480325529 -0.007589493533390829 -0.0064954608209403034 -0.0048565158491261197 -0.0035035206503905929 -0.0029051564404168635 -0.0023417301199584344 -0.0018457740968233233 -0.001401710983784535 -0.00097636421584190703 -0.00063144613475195322 -0.00038643604324338835 -0.00020628266729442863 -7.8225310797323875e-05 0 2.6736472478779621e-05 7.7291205972080772e-15 -7.822531080505299e-05 -0.00020628266729442863 -0.00038643604322793012 -0.00063144613473649499 -0.00097636421585736526 -0.0014017109837536185 -0.0018457740968233233 -0.0023417301199275178 -0.0035035206503905929 -0.0048565158490642872 -0.0064954608210639692 -0.0075894935335144948 -0.0092679898479088862 -0.010523393562865316 -0.011844602917836925 -0.0084136634265654202 -0.017257796153071006 -0.011887614290013698 -0.010597690754633484 -0.0093391064549310839 -0.0076508056153254695 -0.0065491652672607214 -0.0048978025385260516 -0.0035329265883546164 -0.0029293106096282937 -0.0023613176528904387 -0.0018611758534279339 -0.0014134759651891606 -0.00098537782879581123 -0.00063798911822781257 -0.00039059931473864632 -0.00020849846083512909 -7.9046997497048924e-05 0 2.7003737042357351e-05 -8.3732139803087542e-15 -7.9046997488675712e-05 -0.00020849846082675587 -0.00039059931475539275 -0.00063798911821106609 -0.00098537782879581123 -0.0014134759652226535 -0.0018611758534949196 -0.002361317652856946 -0.0035329265883546164 -0.0048978025384590652 -0.0065491652671937359 -0.0076508056151914985 -0.009339106454797113 -0.010597690754499513 -0.011887614290013698 -0.0083692730605651224 -0.017194239472444944 -0.011938711439924763 -0.010676473125486828 -0.0094136789912925827 -0.0077147366221365496 -0.0066048128434061859 -0.0049404872762680739 -0.0035633810300149992 -0.0029543532631927686 -0.0023816157887211124 -0.0018771402016475611 -0.0014256593942782374 -0.00099462371050346339 -0.00064463275871879527 -0.00039481355647875543 -0.00021074224553292552 -7.9880703662041599e-05 0 2.7276085570267493e-05 0 -7.988070365302429e-05 -0.00021074224554194283 -0.00039481355647875543 -0.00064463275873682989 -0.00099462371050346339 -0.0014256593942782374 -0.0018771402016475611 -0.0023816157886850436 -0.0035633810299428607 -0.0049404872763402123 -0.0066048128434061859 -0.0077147366225693804 -0.0094136789915811366 -0.010676473125486828 -0.011938711439924763 -0.0083379747794671694 -0.017150475387131527 -0.011997264475436182 -0.010759418713341911 -0.0094914653828531079 -0.0077811064963233889 -0.0066622719203196928 -0.0049844768603650117 -0.0035948134505007327 -0.0029802242593930358 -0.0024025765493517225 -0.0018936290451723624 -0.0014382329169274378 -0.0010040871574259216 -0.00065137184978878891 -0.00039907651581924702 -0.00021301275968230724 -8.0725831966539359e-05 0 2.7553229857128955e-05 0 -8.0725831966539359e-05 -0.00021301275968230724 -0.00039907651581924702 -0.00065137184976946604 -0.0010040871574065987 -0.0014382329169274378 -0.0018936290451723624 -0.0024025765493130768 -0.0035948134503461507 -0.0049844768604423032 -0.0066622719203196928 -0.0077811064953958939 -0.009491465383162272 -0.01075941871318733 -0.011997264475281599 -0.0083187030041340336 -0.017117321174797084 -0.012172603912503903 -0.010983121613796559 -0.0096985817855376223 -0.0079566522016691465 -0.0068130780475011326 -0.0050996163325595862 -0.0036772621292636529 -0.0030481752684044694 -0.0024575978414739003 -0.001936923842430175 -0.0014712082441245163 -0.0010286120101342098 -0.0006686068510784 -0.00040993392669313989 -0.00021879863050978615 -8.2885141613698731e-05 0 2.8265392774448777e-05 0 -8.2885141579883834e-05 -0.00021879863050978615 -0.00040993392671568316 -0.00066860685105585673 -0.0010286120101342098 -0.0014712082440794297 -0.001936923842430175 -0.0024575978414739003 -0.0036772621290833067 -0.0050996163324694135 -0.0068130780475011326 -0.0079566522016691465 -0.0096985817849965846 -0.010983121614157251 -0.012172603912323558 -0.0083169473476587021 -0.017002144623679386 -0.012245738326027496 -0.011100987868583932 -0.0098107057823084171 -0.0080530690366141487 -0.0068971288654002582 -0.0051641546089998321 -0.0037232622344676282 -0.0030859817167674507 -0.002488251685343364 -0.001961035179843848 -0.0014896308869005929 -0.0010426738982345202 -0.0006787694017116407 -0.00041639122517219535 -0.00022223555772269408 -8.4160608472739717e-05 0 2.8680996915432841e-05 0 -8.416060849850345e-05 -0.00022223555772269408 -0.00041639122517219535 -0.0006787694017116407 -0.0010426738982345202 -0.0014896308868490654 -0.001961035179843848 -0.0024882516852918366 -0.0037232622345706829 -0.0051641546089998321 -0.0068971288655033129 -0.0080530690353774886 -0.0098107057825145266 -0.011100987868996151 -0.012245738325821385 -0.0082611658716509034 -0.016475866551083355 -0.012060630820036909 -0.011002582802875138 -0.0097363485503604557 -0.0079976822268945664 -0.0068566219897216079 -0.0051352611970299812 -0.0037013932172727626 -0.003067373793026038 -0.0024734082935411843 -0.0019492954758801783 -0.0014809928310476257 -0.001038223472462519 -0.0006771847079542118 -0.00041569753291438187 -0.00022184361257444055 -8.3974870242966982e-05 0 2.8591958032277991e-05 -1.6102334577516831e-14 -8.3974870210762315e-05 -0.00022184361257444055 -0.00041569753291438187 -0.00067718470792200709 -0.0010382234724947235 -0.0014809928310476257 -0.0019492954758801783 -0.0024734082935411843 -0.0037013932172727626 -0.0051352611971588 -0.006856621989592789 -0.00799768222740984 -0.0097363485495875444 -0.011002582802875138 -0.012060630819521636 -0.0079527824274346088 -0.016156688376716872 -0.011948377596904144 -0.010942913893601802 -0.0096912623461532302 -0.0079640994378631265 -0.0068320618632778376 -0.0051177428698336042 -0.0036881335770546511 -0.0030560913048692487 -0.0024644083842865383 -0.0019421773986372322 -0.0014757554248767018 -0.0010355254946275432 -0.00067622446291204475 -0.0004152773627760821 -0.0002216061928616304 -8.3862329413150773e-05 0 2.8537991605420813e-05 -1.9322801493020194e-14 -8.3862329413150773e-05 -0.0002216061928616304 -0.00041527736283405049 -0.00067622446295069038 -0.0010355254946661887 -0.0014757554247994105 -0.0019421773986372322 -0.0024644083841319558 -0.0036881335769000686 -0.0051177428698336042 -0.0068320618632778376 -0.0079640994384814548 -0.0096912623455349001 -0.010942913894529296 -0.01194837759721331 -0.0077657605808927879 
end_dependent_variable

end_regular_table
