# ****************************************************************************
# CUI
#
# The Advanced Framework for Simulation, Integration, and Modeling (AFSIM)
#
# The use, dissemination or disclosure of data in this file is subject to
# limitation or restriction. See accompanying README and LICENSE for details.
# ****************************************************************************
atmospheric_coefficients

wavelength 1000 nanometers  // wavelength in nm for which table is valid
atmosphere_model 2 // 1-6; see explanation
haze_model  5 // 1-6; see explanation

altitude
    247.524752475321e+000
    742.574257425964e+000
    1.23762376237661e+003
    1.73267326732632e+003
    2.22772277227696e+003
    2.72277227722760e+003
    3.21782178217825e+003
    3.71287128712889e+003
    4.20792079207953e+003
    4.70297029702924e+003
    5.19801980197988e+003
    5.69306930693053e+003
    6.18811881188117e+003
    6.68316831683181e+003
    7.17821782178245e+003
    7.67326732673310e+003
    8.16831683168281e+003
    8.66336633663345e+003
    9.15841584158409e+003
    9.65346534653474e+003
    10.1485148514854e+003
    10.6435643564360e+003
    11.1386138613857e+003
    11.6336633663364e+003
    12.1287128712870e+003
    12.6237623762377e+003
    13.1188118811883e+003
    13.6138613861389e+003
    14.1089108910887e+003
    14.6039603960393e+003
    15.0990099009899e+003
    15.5940594059406e+003
    16.0891089108912e+003
    16.5841584158419e+003
    17.0792079207925e+003
    17.5742574257422e+003
    18.0693069306929e+003
    18.5643564356435e+003
    19.0594059405942e+003
    19.5544554455448e+003
    20.0495049504954e+003
    20.5445544554451e+003
    21.0396039603958e+003
    21.5346534653464e+003
    22.0297029702971e+003
    22.5247524752477e+003
    23.0198019801984e+003
    23.5148514851481e+003
    24.0099009900987e+003
    24.5049504950494e+003
    25.0000000000000e+003
    25.4950495049506e+003
    25.9900990099013e+003
    26.4851485148519e+003
    26.9801980198016e+003
    27.4752475247523e+003
    27.9702970297029e+003
    28.4653465346536e+003
    28.9603960396042e+003
    29.4554455445549e+003
    29.9504950495046e+003
    30.4455445544552e+003
    30.9405940594059e+003
    31.4356435643565e+003
    31.9306930693071e+003
    32.4257425742578e+003
    32.9207920792075e+003
    33.4158415841581e+003
    33.9108910891088e+003
    34.4059405940594e+003
    34.9009900990101e+003
    35.3960396039607e+003
    35.8910891089113e+003
    36.3861386138611e+003
    36.8811881188117e+003
    37.3762376237623e+003
    37.8712871287130e+003
    38.3663366336636e+003
    38.8613861386143e+003
    39.3564356435640e+003
    39.8514851485146e+003
    40.3465346534653e+003
    40.8415841584159e+003
    41.3366336633665e+003
    41.8316831683172e+003
    42.3267326732669e+003
    42.8217821782175e+003
    43.3168316831682e+003
    43.8118811881188e+003
    44.3069306930695e+003
    44.8019801980201e+003
    45.2970297029708e+003
    45.7920792079205e+003
    46.2871287128711e+003
    46.7821782178218e+003
    47.2772277227724e+003
    47.7722772277230e+003
    48.2673267326737e+003
    48.7623762376234e+003
    49.2574257425740e+003
    49.7524752475247e+003
end_altitude

attenuation
    119.893313482035e-006
    135.477308307584e-006
    143.921354918809e-006
    43.4916262611934e-006
    12.8897638550286e-006
    7.04005270908162e-006
    1.59715802552066e-006
    941.629588922669e-009
    688.767688138377e-009
    492.166092821233e-009
    346.552071551476e-009
    307.039261435746e-009
    275.847650261766e-009
    245.811864941191e-009
    219.919448975711e-009
    167.835064204699e-009
    123.083309744127e-009
    88.7795890062293e-009
    68.1334517565921e-009
    50.9708839424812e-009
    40.6702313810732e-009
    23.3464957468651e-009
    4.17080165841374e-009
    80.0003200017867e-012
    40.0000800002533e-012
    20.0000199994916e-012
    10.0000050002909e-012
    10.0000050002909e-012
    0.00000000000000e+000
    0.00000000000000e+000
    0.00000000000000e+000
    0.00000000000000e+000
    0.00000000000000e+000
    0.00000000000000e+000
    0.00000000000000e+000
    0.00000000000000e+000
    0.00000000000000e+000
    0.00000000000000e+000
    0.00000000000000e+000
    0.00000000000000e+000
    0.00000000000000e+000
    0.00000000000000e+000
    0.00000000000000e+000
    0.00000000000000e+000
    0.00000000000000e+000
    0.00000000000000e+000
    0.00000000000000e+000
    0.00000000000000e+000
    0.00000000000000e+000
    0.00000000000000e+000
    0.00000000000000e+000
    0.00000000000000e+000
    0.00000000000000e+000
    0.00000000000000e+000
    0.00000000000000e+000
    0.00000000000000e+000
    0.00000000000000e+000
    0.00000000000000e+000
    0.00000000000000e+000
    0.00000000000000e+000
    0.00000000000000e+000
    0.00000000000000e+000
    0.00000000000000e+000
    0.00000000000000e+000
    0.00000000000000e+000
    0.00000000000000e+000
    0.00000000000000e+000
    0.00000000000000e+000
    0.00000000000000e+000
    0.00000000000000e+000
    0.00000000000000e+000
    0.00000000000000e+000
    0.00000000000000e+000
    0.00000000000000e+000
    0.00000000000000e+000
    0.00000000000000e+000
    0.00000000000000e+000
    0.00000000000000e+000
    0.00000000000000e+000
    0.00000000000000e+000
    0.00000000000000e+000
    0.00000000000000e+000
    0.00000000000000e+000
    0.00000000000000e+000
    0.00000000000000e+000
    0.00000000000000e+000
    0.00000000000000e+000
    0.00000000000000e+000
    0.00000000000000e+000
    0.00000000000000e+000
    0.00000000000000e+000
    0.00000000000000e+000
    0.00000000000000e+000
    0.00000000000000e+000
    0.00000000000000e+000
    0.00000000000000e+000
    0.00000000000000e+000
    0.00000000000000e+000
    0.00000000000000e+000
    0.00000000000000e+000
    0.00000000000000e+000
end_attenuation

scattering
    265.257025195106e-006
    250.868139702866e-006
    242.721249921999e-006
    71.4519857606019e-006
    20.8834889144199e-006
    16.6572331555272e-006
    13.3066043782372e-006
    9.94836629919217e-006
    7.44939958726076e-006
    5.46600141213265e-006
    4.04495384273445e-006
    3.62517668626360e-006
    3.32555780371723e-006
    3.02247092234041e-006
    2.74519898412561e-006
    2.17220155816092e-006
    1.69780119178776e-006
    1.34513330425965e-006
    1.07243901938948e-006
    904.371529904229e-009
    773.140356278473e-009
    679.957867677202e-009
    593.560276915286e-009
    538.465851358229e-009
    495.804343655143e-009
    455.934677685394e-009
    420.290930394902e-009
    387.171849132506e-009
    358.306843596010e-009
    333.281828760954e-009
    310.596289387126e-009
    293.393179909748e-009
    279.249914275948e-009
    272.224767147099e-009
    268.995033333406e-009
    272.327700980017e-009
    279.486702850012e-009
    283.373570065863e-009
    285.858830469510e-009
    283.813882655021e-009
    278.441937347851e-009
    263.587736613139e-009
    243.582866352324e-009
    224.053701207503e-009
    205.684470527559e-009
    183.326169127484e-009
    159.314444045700e-009
    136.650699445538e-009
    116.425625427725e-009
    99.3392784403580e-009
    85.2515683658693e-009
    75.1399962624871e-009
    67.2634756652319e-009
    60.2520006478911e-009
    54.0888762701137e-009
    48.7578914307144e-009
    43.9011310649586e-009
    39.5208093167057e-009
    35.6024901538010e-009
    32.1352330668000e-009
    29.1149308179661e-009
    26.5887203940973e-009
    24.6781889571252e-009
    22.8471161793890e-009
    21.0873301922433e-009
    19.3987292456542e-009
    17.9578023116388e-009
    16.3750449464973e-009
    14.8491723069178e-009
    13.3761056984410e-009
    12.1521870517259e-009
    10.7925281574583e-009
    10.0763614903669e-009
    9.19617242919812e-009
    8.55052987047500e-009
    7.93709495569805e-009
    7.35785291766689e-009
    6.80676989978770e-009
    6.27781764772939e-009
    5.77298944093755e-009
    5.29027037513013e-009
    5.02777754446447e-009
    4.58722624147912e-009
    4.36285917672626e-009
    4.15253791079898e-009
    3.75614795481047e-009
    3.57590787490236e-009
    3.20961082328950e-009
    3.05342887123603e-009
    2.90726963067849e-009
    2.77113090526487e-009
    2.44694247158747e-009
    2.32883694426445e-009
    2.22074647251331e-009
    2.11666487251556e-009
    2.02059435673843e-009
    1.73448509226036e-009
    1.65643455452726e-009
    1.58238942401185e-009
    1.51234925596831e-009
    1.44631362974206e-009
end_scattering

end_atmospheric_coefficients
