# ****************************************************************************
# CUI
#
# The Advanced Framework for Simulation, Integration, and Modeling (AFSIM)
#
# The use, dissemination or disclosure of data in this file is subject to
# limitation or restriction. See accompanying README and LICENSE for details.
# ****************************************************************************

# ##################################################################################################
# 
# This file was auto-generated by AFSIM Mover Creator 2.8.0.201104
# 
# Creation Date:  05 Nov 2020
# 
# ##################################################################################################

regular_table

independent_variable mach precision double
0.10000000000000001 0.5 0.70000000000000007 0.75 0.80000000000000004 0.84999999999999998 0.90000000000000002 0.92000000000000004 0.94000000000000006 0.95999999999999996 0.97999999999999998 1 1.02 1.04 1.0600000000000001 1.0800000000000001 1.1000000000000001 1.2 1.3 1.4000000000000001 1.5 1.75 2 2.5 3 3.5 4 
end_independent_variable

independent_variable surface_angle units deg
-40 -30 -28 -26 -24 -22 -20 -18 -16 -14 -12 -10 -9 -8 -7 -6 -5 -4 -3 -2 -1 0 1 2 3 4 5 6 7 8 9 10 12 14 16 18 20 22 24 26 28 30 35 40 
end_independent_variable

dependent_variable precision double
0.84227348591699891 0.12367883694707246 0.26106491395736547 0.38839589755330356 0.038148329602159692 0.16475368708948429 -0.11159823634709903 -0.02987911080406043 0.09124415508403555 -0.095792450949764213 0.0055156751362055488 -0.10884218044944725 -0.069207427712410341 -0.033746188094000158 -0.0024842070322209984 0.024563389081862452 -0.053468273177327046 -0.034215171288762586 -0.019254056136041624 -0.0085681716779105934 -0.0021495828460326425 0 -0.0021483253877839169 -0.0085596190821103403 -0.019232345880983052 -0.034186205325360805 0.047521911410381076 0.024640479870023473 -0.0023833365539438303 -0.033622727471791375 -0.069047068691331953 0.092335347621603406 0.0057796777966184392 -0.095447045723385401 0.091670486726005404 -0.029372037972824977 0.28156014916930922 0.1654383374584644 0.038944675657980002 0.38931262080660611 0.26216481187692126 0.67806830133691776 0.98892829744419897 1.5077407315717428 0.84180150498542905 0.1233920833621925 0.26081202653598523 0.38817534061472331 0.037958065784453772 0.16459219322207003 -0.11173320570258458 -0.029989575648564276 0.091156116411571453 -0.095860542751148511 0.005465224004112092 -0.10887760807980633 -0.069236270936244959 -0.033769105096654255 -0.0025018683176742046 0.024550308541731534 -0.05347746792190531 -0.034221144614363576 -0.019257500120214235 -0.0085697740739158115 -0.0021500367526534133 0 -0.0021485688882772361 -0.0085607975064178176 -0.01923515248745546 -0.034191333356392128 0.04751376266477645 0.024628635916670426 -0.0023995550271685992 -0.033643989564670691 -0.0690740434398215 0.09230193654552632 0.0057315331216223854 -0.09551244363700534 0.091585238958540233 -0.029479370947812125 0.28142809186271145 0.16527977095844873 0.038757624387280573 0.38909488655893448 0.2619150141991532 0.67778442865328703 0.98855393040318151 1.5072696888989543 0.84185119772358774 0.12342206475137364 0.26083845581783893 0.38819837837830362 0.037977870321038089 0.16460898562882978 -0.11171923088056328 -0.029978193739790829 0.091165167481284615 -0.095853592104563595 0.0054703462587883389 -0.10887405584482464 -0.069233388120181719 -0.033766832212626177 -0.0025001299220160002 0.024551580616392576 -0.053476591830746392 -0.034220590020448388 -0.019257193398950635 -0.0085696428772542074 -0.0021500081581000696 0 -0.0021485248714940893 -0.0085606359280432868 -0.019234799619178313 -0.034190717424606935 0.047514714135773545 0.024629996264249492 -0.0023977145081055949 -0.033641595664407928 -0.069071030033454384 0.092305636221173715 0.0057368233692995279 -0.095505301509036411 0.091594492360249163 -0.029467759516686391 0.28144227373993602 0.16529677399473089 0.038777654616589496 0.3891181257609308 0.26194166228040167 0.67781462143791615 0.9885936004950846 1.5073194452089327 0.84186110165138506 0.12342804037475123 0.26084371925812228 0.38820296818707806 0.037981824156309164 0.16461233514885296 -0.11171644342222925 -0.029975918557986144 0.091166966704195787 -0.09585220405601097 0.0054713727904879602 -0.10887334219370645 -0.069232815335535047 -0.033766380156992119 -0.0024997846810806486 0.024551834488794194 -0.053476417327378435 -0.034220477062388607 -0.019257131757901766 -0.0085696161416659658 -0.0021500019269766984 0 -0.0021485166298161862 -0.0085606045490314829 -0.019234730350787651 -0.034190595195656814 0.047514901500307787 0.024630265742383903 -0.0023973526721169634 -0.033641125481869517 -0.069070432420054909 0.092306370935244103 0.0057378717937040533 -0.095503877398156467 0.091596325411538171 -0.029465454080823034 0.28144509796269573 0.16530015351350422 0.038781643812089484 0.38912275667437562 0.26194697180387144 0.67782062565584711 0.9886015026764936 1.5073293589661076 0.84187026773758311 0.12343357942057334 0.26084860254403136 0.38820722762663806 0.037985472387291393 0.16461543880677912 -0.11171386276378999 -0.029973819794363258 0.091168644527909543 -0.095850916854320609 0.005472317368155232 -0.1088726834339184 -0.069232281868399234 -0.033765955929985873 -0.0024994626732198896 0.024552070361945722 -0.053476252015116923 -0.034220373933706548 -0.019257074457097609 -0.0085695913049347854 -0.0021499963181678258 0 -0.0021485083801598926 -0.0085605754677962904 -0.019234666794924946 -0.034190482157813132 0.047515076546206333 0.024630515434108644 -0.0023970129841417481 -0.03364068472363712 -0.069069879102682294 0.092307051906872759 0.0057388420937039093 -0.095502565750676088 0.091598029532028669 -0.029463313063641413 0.28144770415198633 0.16530328895734012 0.038785339658109201 0.38912703475145705 0.26195188253544555 0.67782620121078652 0.98860881458462324 1.5073385402431623 0.84187881036039436 0.12343872516363266 0.26085314895035872 0.38821118886585587 0.037988888032219163 0.16461833106925725 -0.11171145124723987 -0.029971846259565494 0.091170200441808777 -0.095849722074311555 0.0054732037354817643 -0.10887206967225552 -0.069231785803960402 -0.033765563552716489 -0.0024991622708419575 0.024552291203808595 -0.053476099659762376 -0.034220276613293119 -0.019257020682742265 -0.0085695678085732883 -0.0021499908729159679 0 -0.0021485014908192634 -0.0085605476950172173 -0.019234606574029676 -0.034190379380180262 0.047515237422482447 0.024630748179730891 -0.0023966994014618845 -0.033640276964029887 -0.069069360826402915 0.092307686348525056 0.0057397479283044818 -0.095501343652656251 0.091599614487271136 -0.029461322806136111 0.281450140433462 0.1653062034316588 0.038788771259818972 0.38913102560646229 0.26195645868521461 0.67783137988864373 0.98861563272609021 1.5073470921847341 0.84188680151682005 0.12344355611129673 0.26085740787930167 0.38821489786026403 0.037992079516273425 0.16462103414812806 -0.11170921078739283 -0.029970019782470651 0.091171659338473487 -0.095848597504143346 0.0054740288287654197 -0.10887149573872056 -0.069231317568149403 -0.033765195365928626 -0.0024988780167274106 0.024552495578272455 -0.053475957963538226 -0.034220185867073892 -0.019256970386965402 -0.0085695460834145955 -0.0021499859861514804 0 -0.0021484948727439296 -0.0085605231455081112 -0.019234550693379114 -0.034190281166187053 0.047515389299133529 0.024630964074991352 -0.0023964080944496933 -0.033639898181938771 -0.06906888199528867 0.0923082763664963 0.0057405927441706887 -0.09550020172150922 0.091601097702071602 -0.02945946760683367 0.28145241178563901 0.16530893331792337 0.038791986104602078 0.38913475068530667 0.26196073586871615 0.67783622258049947 0.98862200458827854 1.507355071469314 0.84120110024694283 0.12458198937854306 0.2620938732835047 0.38948695939844408 0.039236364509581984 0.16578669683410469 -0.11064765173009679 -0.028710071458765807 0.09223349221414863 -0.094991337262790812 0.0061291902220914924 -0.10839347982454428 -0.068835495931634766 -0.033445536190294521 -0.0022490919554967012 0.024739029696049967 -0.053344613669787405 -0.034135628115541404 -0.019209223374124926 -0.0085482761206503929 -0.0021446620904081353 0 -0.0021431702844762453 -0.0085392512966522768 -0.019186801657218679 -0.034105717714892042 0.047646741213843422 0.024817505558419436 -0.0021466050934992125 -0.033320216271081678 -0.068673027960123853 0.092786341810523892 0.0063958385680216801 -0.094642791971492057 0.092663154636496894 -0.028199182684386606 0.28251444336792908 0.16647523764525232 0.040037158652421759 0.39040798822555467 0.26319879266193619 0.67897683480377224 0.98933686673684096 1.5066821983288072 0.84046579881377359 0.12569947657378622 0.2633138207375984 0.39074619551352385 0.040470951455877147 0.16694526694749454 -0.10959115329600221 -0.027453533801472765 0.093293123921956739 -0.094135412029647522 0.0067836041742178358 -0.10791584789437006 -0.068439930982298086 -0.033126052066941677 -0.0019994148982351899 0.024925502527019177 -0.053213301570439957 -0.034051086927148644 -0.019161485073687423 -0.0085270095885943212 -0.0021393397935343464 0 -0.0021378465307482597 -0.0085179832646586975 -0.019139061307930368 -0.034021172773464149 0.047778057219411113 0.025003987657087633 -0.0018969073690136553 -0.03300070948909839 -0.068277432552481698 0.093264023934351584 0.0070503410611399853 -0.0937867161573884 0.093723018011248785 -0.026942299901047045 0.28357142474360497 0.16763447023316913 0.041272633255351437 0.39166840029164074 0.26442036183569811 0.68009651709053986 0.99001766322383244 1.5059599034856583 0.83968086612073523 0.12679600436992189 0.26451723921225501 0.39199256928789245 0.041695839129678031 0.16809674847111042 -0.10853970966407497 -0.026200388581563767 0.094350571465444663 -0.093280813685902797 0.0074372668555167691 -0.1074385942803489 -0.068044633443096872 -0.032806738362020582 -0.0017498402196869907 0.02511190790547951 -0.053082028099270366 -0.033966562857191601 -0.019113753551690912 -0.0085057449266730985 -0.0021340165201054989 0 -0.0021325235780507304 -0.0084967174219356054 -0.01909132755836709 -0.033936645193015071 0.047909337737095624 0.025190403630851215 -0.0016473250695063727 -0.032681366155624482 -0.06788209669147284 0.093741319980647414 0.0077040895771606516 -0.092931973206902468 0.094780695638767731 -0.025688811597559619 0.28462336541014327 0.16878662556700988 0.042498431052935895 0.39291598872178601 0.26562542684601032 0.6811952895080513 0.9906644239203487 1.5051882089985225 0.83884634051516671 0.12787156883519898 0.26570414576208318 0.39322612437930549 0.042911025182146345 0.16924113992416298 -0.10749331118365339 -0.024950652904709117 0.09540581212215489 -0.09242754981421944 0.0080901788787287217 -0.10696173253936282 -0.067649592820851298 -0.032487589369386012 -0.0015003733706888344 0.025298252137551228 -0.052950785086406264 -0.033882057092854877 -0.019066031125060143 -0.0084844832263306167 -0.0021286947051265262 0 -0.002127201075334454 -0.0084754540493223694 -0.019043602048886037 -0.033852136958568493 0.048040586647586356 0.025376755624301695 -0.0013978417020474902 -0.032362203593342499 -0.067487023849293046 0.094218232962051854 0.0083570947369177827 -0.092078556328827874 0.095836176413133495 -0.024438721399305207 0.28567026261021222 0.16993169338337244 0.043714534990566552 0.3941507471332778 0.26681398830561326 0.68227312279795116 0.99127713820555596 1.5043671079740704 0.83389753641669206 0.12892618768802822 0.26687451863479772 0.39444682060220321 0.044116511757873587 0.17037845044669694 -0.10645196913937366 -0.023704312831064063 0.096458860802104501 -0.091575623401707051 0.0087423506604409826 -0.1064852486039128 -0.067254812000547531 -0.032168614012070454 -0.0012510136236114622 0.025484534406247081 -0.052819577459301922 -0.033797567846978877 -0.019018315936425691 -0.0084632247364926742 -0.0021233741666901139 0 -0.0021218790162167169 -0.0084541939957197901 -0.018995884849697053 -0.033767642498016136 0.048171797695824754 0.02556304560331461 -0.001148465768410457 -0.032043205194433731 -0.067092208562340147 0.094694765789081925 0.0090093497492049548 -0.091226469863409321 0.096889467968070561 -0.023192031195566797 0.28671211511833089 0.17106968803059516 0.044920963348332857 0.39537268926171409 0.26798605785657509 0.68333004356338622 0.99185580475184976 1.4998278529912452 0.81623630350597753 0.12806039393837806 0.26777202461215527 0.39565468813405169 0.045312303146042752 0.17150866962212502 -0.10541566285124632 -0.022461378317660572 0.097509723096549886 -0.090725020891483654 0.0093937721670290311 -0.10600915181829038 -0.066860291288555779 -0.031849808728520168 -0.0010017618975655168 0.025670749694754812 -0.052688409047585032 -0.03371309758967346 -0.018970608694268674 -0.0084419687103818707 -0.0021180529516861449 0 -0.0021165582527896782 -0.0084329372036834518 -0.018948175922503859 -0.033683170408872143 0.048302973064698614 0.025749275789074016 -0.00089920017911231012 -0.031724378043709395 -0.06669765580913016 0.095170910189741845 0.0096608651837945692 -0.09037572407404898 0.097940573980021511 -0.021948728578350705 0.28774891925805662 0.17220060705771634 0.04611769544624534 0.3965818164857608 0.26889617750415312 0.68255606957973214 0.98466744970462616 1.4838098726729003 0.79843184813681833 0.11976408859219184 0.26040205917393133 0.39008932582541311 0.041376422446068629 0.16885383604341078 -0.10707272819579397 -0.023038808915447743 0.097422493624414602 -0.090493363215394265 0.0098080986666168012 -0.10553343743375722 -0.066466034769812249 -0.031531174756981424 -0.00075261420973821104 0.025856902534800504 -0.052557275204640652 -0.033628643787001637 -0.018922908447564883 -0.0084207148735415578 -0.0021127329940765971 0 -0.0021112369500234079 -0.0084116831817444681 -0.01890047326313463 -0.033598713612708019 0.048434115396651004 0.025935436301140497 -0.00065003952161259485 -0.031405720136997647 -0.066303364747144947 0.095646674231780582 0.010080349145102389 -0.090128226904690037 0.097885771752612288 -0.02247017742340323 0.28618068217860809 0.16967632140167685 0.042370428964619393 0.3912791938007954 0.26188978047599953 0.67470066559190078 0.97392315586405187 1.4676579862058372 0.78277913985118264 0.11371074715894304 0.25528576676842751 0.38575444821696064 0.0376837412306784 0.16570612218258146 -0.10974243758026837 -0.024960412021518597 0.095816640793004865 -0.091827268313151938 0.0087044597369655575 -0.10639966206758308 -0.067144704996454085 -0.032048714918073214 -0.0011362850631300883 0.025580693893564557 -0.052745291298972347 -0.033745885987437906 -0.018989681006040572 -0.0084527720390054281 -0.0021227019553348011 0 -0.0021207932736861277 -0.0084412568591887126 -0.018961038518523498 -0.03370756892214239 0.0482608256249457 0.025682005149222267 -0.0010032928550577217 -0.031885107351488154 -0.066931173509852851 0.094845735226891104 0.0090636589248157904 -0.09134831937401855 0.096420435390259199 -0.024224444539503183 0.28370836441700104 0.16675481813324083 0.038941250285797903 0.38724784390389311 0.25713821415148286 0.66908984800260074 0.96539000336436875 1.4536674099642932 0.77976038339206022 0.11200200129522411 0.25376355798406486 0.38439481070193288 0.036454412465311288 0.16459319704407754 -0.11073461573244132 -0.025500985822958205 0.095349074426447092 -0.092218601038816073 0.008389083131842591 -0.10662942412903258 -0.067335005272215531 -0.032200057476507261 -0.0012530784567331098 0.02549178047031125 -0.052808524515546199 -0.033785978640459118 -0.019014425532554422 -0.0084668159379360248 -0.0021284511232536191 0 -0.0021260834367923254 -0.0084525669081901064 -0.018979023458577372 -0.033738670062543587 0.048213059993732002 0.025616435310850335 -0.0010897740945368952 -0.031999634601207819 -0.067074124447694811 0.094674425615239463 0.0088238095985263606 -0.091643280974374186 0.096068334110943648 -0.024632194649253768 0.28286672223984566 0.16580675397293079 0.037894225022979358 0.38608608917424803 0.2558381138665895 0.66763005586883273 0.9635610443644177 1.4511004431588224 0.77888376267221815 0.11306996890254155 0.25495399749308206 0.3856402220653346 0.037687948868141266 0.16576021894151033 -0.10966389012939215 -0.024226753702870817 0.096427147399977972 -0.091345415290756279 0.009058271455657279 -0.10614029693310556 -0.066929663717436291 -0.031872533751938673 -0.00099703099254188905 0.025683100282319064 -0.052673749322184001 -0.033699193009406513 -0.018965379535535742 -0.0084449170577574305 -0.0021229358338885752 0 -0.0021205748524670775 -0.0084307083412255585 -0.01893007557023714 -0.033652018666323877 0.048347602179780708 0.025807401188667964 -0.00083418277729863848 -0.031672674419117773 -0.066669498343958758 0.095162662550385108 0.0094918214351869031 -0.090771611324851204 0.097144554361664637 -0.023360119937154481 0.28393495439784316 0.16697094832859319 0.039124568588619978 0.38732791217651363 0.25702438740449302 0.66869311338284732 0.96412540102179878 1.4502098518040185 0.77363694782382886 0.11804876955552293 0.26061900972659441 0.39164153152171444 0.043682381589750435 0.17146589007679267 -0.10440483553562925 -0.017921762941339885 0.10177264664751022 -0.087008558786027243 0.012386317990507656 -0.10370502622374918 -0.064910615964825669 -0.030240444345540116 0.0002793345748297411 0.026637075664434583 -0.05200157294413741 -0.033266278748071761 -0.018720686847205854 -0.0083356679445173703 -0.0020954281767505568 0 -0.0020930978483072811 -0.008321647869062301 -0.018685857149381858 -0.033219733453249127 0.049018690496776263 0.026759727916067247 0.00044003034783545163 -0.030043206265211918 -0.064653831769626802 0.097593741604591444 0.012814392240726169 -0.086441802994558697 0.10248150153997045 -0.017065105866346953 0.28918252368288516 0.17266384969803084 0.045104595016822548 0.39331324366028697 0.26267101308489665 0.67365073057797098 0.96636938233915637 1.4449090966497564 0.76696300971037368 0.12243098800012149 0.26580957653547094 0.39727020850310768 0.049391103661751222 0.17695848966375821 -0.099301423393494126 -0.011725447311643699 0.10704467857293806 -0.082719184813668453 0.01568529420460198 -0.10128654026189723 -0.06290390791087129 -0.028617217655000003 0.001549517463620535 0.027586873114232625 -0.051332078518182271 -0.032834953750310654 -0.018476848931774151 -0.0082268003898484984 -0.0020680293847577347 0 -0.0020657264062388069 -0.0082129524402008627 -0.018442443652437791 -0.032788977155198504 0.049687200899899059 0.027708037746992997 0.0017082798490920014 -0.028422329498043374 -0.062650157929683287 0.10000847389304579 0.016108511210379706 -0.082158628806451042 0.10774608841387986 -0.010877373708824191 0.29427618329517058 0.17814575287957765 0.050801474092877212 0.39892909649512254 0.26784719351443054 0.67801685309743065 0.96765748373672655 1.4382062931006261 0.7588771956114968 0.12622286372106184 0.27053104969673991 0.40253081026645321 0.054817921223440452 0.182241223611392 -0.094350984963110715 -0.0056356433294515607 0.11224495604106839 -0.078475977002991928 0.018956140782152707 -0.098884188521461039 -0.060909009662756454 -0.027002415762393095 0.0028138443410715957 0.028532735493935209 -0.050665099391687334 -0.032405109541919136 -0.018233799919644519 -0.0081182870119128944 -0.0020407297162946952 0 -0.0020384513112200477 -0.0081045935717853641 -0.018199785358072207 -0.032359646882841639 0.05035329455264724 0.028652562756882598 0.0029708740114992496 -0.026809632177328003 -0.060657967355992451 0.10240749500628865 0.01937507779603527 -0.077920872726085499 0.1129399216398588 -0.0047948991233945342 0.29921844240675499 0.18341971595859019 0.056218850601101211 0.40417975092822356 0.27255796746188715 0.6817973852058743 0.9679984431483315 1.4301150590573479 0.74939304479289859 0.12943001478215063 0.27478820935167159 0.40742737553710251 0.059966313108602655 0.18731697026785835 -0.08955115200272179 0.00034955309611901537 0.11737498830816993 -0.07427779259309801 0.022199750409372044 -0.09649735366645866 -0.058925420305180637 -0.025395661832355688 0.0040726089396259787 0.029474881666764256 -0.050000488315468321 -0.031976650094983142 -0.017991491748989584 -0.008010099758687805 -0.002013520817986063 0 -0.0020112648082549521 -0.0079965467063283103 -0.017957825970758227 -0.031931651969743229 0.051017108938654548 0.029593503426745108 0.0042280784197368032 -0.025204767338798013 -0.058676795131753987 0.10479136598477522 0.022614918431346213 -0.073727396588115626 0.11806444192384055 0.0011841361971644693 0.30401155820019321 0.18848844954554045 0.061359952917628809 0.40906904884207879 0.27680785159015242 0.68499758727988347 0.96740012279959875 1.4206474769952531 0.71964083521238187 0.13492121068291715 0.28342665710698417 0.4180991264511017 0.07163851531945184 0.19911705523582554 -0.07819697547811609 0.014865932980004704 0.12990153513716463 -0.063972532261039564 0.030194456580680568 -0.090594747246743323 -0.054013176666463658 -0.021411784727803862 0.0071968860598806209 0.031815227139508129 -0.04834841693306962 -0.030911010397060828 -0.017388619871802537 -0.0077409105617023818 -0.0019458537701818016 0 -0.0019436469073392507 -0.0077276537470007166 -0.017355685313106332 -0.030866983720709069 0.052667519220047053 0.031931351184402525 0.0073491364187907712 -0.021224748424565957 -0.053769457246095081 0.11068799244086826 0.030602185870021992 -0.063431210558844917 0.13058072949941615 0.015689590153279139 0.31535456689221275 0.2002778734683178 0.07302252744449049 0.41973314433034564 0.28544158571206218 0.69048888466578351 0.96183886449869815 1.3910247337228998 0.69876524814493679 0.13690659562525787 0.28758978153077625 0.42372203665148006 0.078066270923669218 0.20579037933230965 -0.071661744564416111 0.02340163437774816 0.13731600324893004 -0.057841460785411976 0.034970033253788571 -0.087057986513950358 -0.051066006901415259 -0.019019003354594249 0.0090750789256192309 0.033223259646762614 -0.04735384028508071 -0.030269162085241105 -0.0170253228004274 -0.0075785909547548347 -0.0019050020147445791 0 -0.0019028307754178431 -0.0075655631996587799 -0.01699295989344634 -0.030225896866526387 0.053660781348334803 0.033337415741732955 0.0092247765185450251 -0.018835054848241158 -0.050826226253115551 0.11421991443908754 0.035371592693801884 -0.057307850676822272 0.1379862059645246 0.024215292393150133 0.32187888911146628 0.20693987527056601 0.07943847758311301 0.425344246512044 0.28959282488634941 0.69246284519048351 0.95633541570416947 1.3701718199661341 0.70277947536798835 0.13842007342018892 0.28885658662412622 0.42477953216743747 0.078945336426760354 0.20651418534654112 -0.071073204829469716 0.023871792661850629 0.13768322114099432 -0.0575631400406834 0.035172771828353551 -0.086918126596263204 -0.050952969695998759 -0.018930057060370022 0.0091429983299308234 0.033273337134848764 -0.047319020033671666 -0.030247048857609912 -0.017012678167667165 -0.0075726279851053577 -0.0019032483644027827 0 -0.0019011305005118368 -0.0075599227963574316 -0.016981121237744926 -0.030204860721680195 0.053693722529095551 0.03338460058437815 0.0092888927834347459 -0.018750812932486163 -0.050719381555657604 0.11435196127803626 0.035563697030570808 -0.057043951033393984 0.13833490888329869 0.024662412913672327 0.32243898109546321 0.20762941122323178 0.080275595897682628 0.4263507645774105 0.29079490799536495 0.69389331580545077 0.95856157189183655 1.3737741707322026 0.70523100769770786 0.13934819517731817 0.28963389891975988 0.4254287970319629 0.079485285845702996 0.20695889320162486 -0.070711478623498553 0.024160837640625755 0.13790904790257066 -0.057391956959930268 0.035297509822874988 -0.086832078053650147 -0.050883431954856721 -0.018875315724040921 0.0091848066944489413 0.033304150319161979 -0.047297584969275455 -0.030233439956513414 -0.017004895885517957 -0.0075689613559534932 -0.0019021715209695145 0 -0.0019000860493460284 -0.0075564513984333372 -0.016973830903184776 -0.030191904772103133 0.05371401125827286 0.033413666181926725 0.0093283813509857094 -0.018698930732355817 -0.050653581531131239 0.11443327320948041 0.035681969975297136 -0.056881502056836362 0.13854951866540033 0.024937509111894358 0.32278345482873588 0.20805337781480071 0.080790047655531882 0.42696905796634521 0.29153299596775756 0.69477115327459904 0.95992525252352201 1.3759759270853775 0.70673362466853851 0.13992062877478509 0.29011371680141385 0.4258298471314948 0.079819023856046209 0.20723398557021921 -0.070487620290549696 0.024339764228547816 0.13804890079927376 -0.057285926058354315 0.035374791071185963 -0.08677873708450938 -0.050840316091621526 -0.018841391286373348 0.0092107122108902525 0.033323245800181339 -0.047284306373566364 -0.030224996904021591 -0.017000075182107947 -0.0075666918228496378 -0.0019015104314912558 0 -0.0018994406772980398 -0.0075542973126472516 -0.016969300294071527 -0.030183858724347468 0.053726607861119283 0.033431704047435139 0.0093529008613425033 -0.018666736648128318 -0.050612739190195398 0.11448374068131864 0.035755353300901162 -0.056780754126644954 0.13868253376188081 0.025107974775728757 0.322996818705299 0.20831581581699782 0.081108352266324721 0.42735136331492612 0.29198900122449734 0.69531301367775411 0.96076481286400894 1.3773269597333788 0.70765920099980306 0.14027646373684186 0.29041236010369759 0.42607970863639077 0.080027157737741009 0.20740559884581505 -0.07034784015677252 0.024451549783984245 0.13813635034734639 -0.057219549674862119 0.03542316246014067 -0.086745330603985524 -0.050813322960919095 -0.018820138448427587 0.009226946640897021 0.033335213705816956 -0.047275980124718779 -0.030219714570908319 -0.016997058233335211 -0.0075652731053620203 -0.0019010951562397065 0 -0.0018990380079042704 -0.0075529525548442035 -0.016966460784714629 -0.030178807764573198 0.053734499128089544 0.033443025384264115 0.0093682828800548332 -0.018646533766438156 -0.050587129831628004 0.11451539574545018 0.035801345852795312 -0.056717618246441316 0.13876588497006456 0.025214656714010315 0.32313026846452114 0.20847986557792564 0.081307131644139857 0.42758983806018691 0.29227315066255488 0.69565029537024381 0.96128535245332669 1.3781607194644729 
end_dependent_variable

end_regular_table
