# ****************************************************************************
# CUI
#
# The Advanced Framework for Simulation, Integration, and Modeling (AFSIM)
#
# The use, dissemination or disclosure of data in this file is subject to
# limitation or restriction. See accompanying README and LICENSE for details.
# ****************************************************************************

# ##################################################################################################
# 
# This file was auto-generated by AFSIM Mover Creator 2.8.0.201104
# 
# Creation Date:  05 Nov 2020
# 
# ##################################################################################################

regular_table

independent_variable mach precision double
0.10000000000000001 0.5 0.70000000000000007 0.75 0.80000000000000004 0.84999999999999998 0.90000000000000002 0.92000000000000004 0.94000000000000006 0.95999999999999996 0.97999999999999998 1 1.02 1.04 1.0600000000000001 1.0800000000000001 1.1000000000000001 1.2 1.3 1.4000000000000001 1.5 1.75 2 2.5 3 3.5 4 
end_independent_variable

independent_variable surface_angle units deg
-40 -30 -28 -26 -24 -22 -20 -18 -16 -14 -12 -10 -9 -8 -7 -6 -5 -4 -3 -2 -1 0 1 2 3 4 5 6 7 8 9 10 12 14 16 18 20 22 24 26 28 30 35 40 
end_independent_variable

dependent_variable precision double
-11.696505403409923 -7.5491677414673237 -4.7623806543840299 -5.7615436897580414 -3.3180967658989471 -4.1731284154206065 -4.925136659596693 -3.4689290221043776 -4.1136862542614576 -2.5134851335117694 -2.8872886123917501 -3.1544611052928762 -1.8167024298743231 -1.8633913181824941 -1.8670848126193222 -1.8232945535453557 -1.7368750015811976 -0.89038717689543001 -0.72148955861441955 -0.51621739133542133 -0.27554359691713998 0 0.31034519153700357 0.65495850901821828 1.0332298327806562 1.4442517518133571 1.8861902170337574 1.6268646429931284 2.105988241296477 2.6029617440456496 3.1217885630845124 3.6653826942198164 3.3508669714000603 4.5860230340691883 3.7188841308877914 4.9708148161639887 4.6539929611269102 2.8887357725241469 3.9321691879688099 1.5077522107530592 2.3419091635957092 3.1668031340222274 0.89449049609812536 -4.5326363394292191 -11.685692053927268 -7.5407025167077739 -4.7544307187942492 -5.7540966011330053 -3.3111796852347051 -4.1667404029265258 -4.9192938122191467 -3.4636424238071051 -4.1089601951210417 -2.5093295978781875 -2.8837091611397025 -3.1514734541931269 -1.8140073056508363 -1.8609912741118704 -1.8649789575472007 -1.8214851614408252 -1.7353641252523491 -0.88917493987967011 -0.72057906973967134 -0.51560954756431476 -0.27523925180985764 0 0.31004057536388702 0.65434880856382849 1.0323146301767643 1.4430305065239732 1.8846622506722515 1.6250260918481341 2.1038412547465297 2.6005055827172985 3.1190260132872027 3.6623136408094101 3.3471875884391338 4.5817355344442694 3.7139784521244965 4.9653082249046392 4.6478672513215153 2.8820045996037793 3.9248505080364269 1.4998307622317395 2.3334117148170095 3.1577445250487166 0.88406375442309726 -4.5443875915380954 -11.686847642547855 -7.5416197592585901 -4.7552957224151164 -5.7549061305544607 -3.3119334608939264 -4.1674362684878208 -4.9199309363980017 -3.4642197774549071 -4.109476373275049 -2.5097837604457425 -2.8841002820358943 -3.1518013788286523 -1.814302957503285 -1.8612545738441229 -1.865209594193489 -1.8216830705357503 -1.7355292446282882 -0.88930708660807423 -0.72067829676514328 -0.51567576479486332 -0.27527238742400711 0 0.31007378755463327 0.65441527622011375 1.032414380871908 1.4431635398750124 1.8848285379569787 1.6252253561206407 2.1040736312565 2.6007709840215676 3.1193245760396513 3.6626452859282264 3.3475852876144461 4.5821989145426869 3.7145061130341399 4.9659005751191279 4.6485220249778045 2.8827216519419427 3.9256298630554651 1.5006699301630435 2.3343110722406344 3.1587034686706486 0.88516598407529312 -4.5431521592653175 -11.687077640667553 -7.541802157276349 -4.7554676836762138 -5.755067074742648 -3.3120832992894966 -4.1675745896611058 -4.9200575752920486 -3.4643345211424177 -4.1095789589159093 -2.5098740171109042 -2.8841780122442233 -3.1518665322843717 -1.8143617016302922 -1.8613068871326754 -1.8652554257095391 -1.8217224020885663 -1.7355620608355322 -0.88933335402433122 -0.7206980196508741 -0.51568892764805407 -0.27527897500194198 0 0.31008038893119538 0.65442848727874292 1.0324342078277708 1.4431899824329086 1.8848615947605816 1.6252649789166416 2.1041198413312463 2.6008237668543872 3.11938395773584 3.6627112426483519 3.3476643805957851 4.5822910717244119 3.7146110845968723 4.966018419145553 4.6486523383996108 2.8828643925055708 3.9257850067619144 1.5008370428601896 2.3344901820124138 3.1588944390546612 0.88538550382304326 -4.5429060087972966 -11.687290686557368 -7.5419710719409752 -4.755626922658851 -5.7552161131289967 -3.3122220435089869 -4.1677026773033061 -4.9201748395128453 -3.4644407712263519 -4.1096739507880446 -2.5099575922246533 -2.8842499881816557 -3.1519268546647736 -1.8144160930024789 -1.8613553247741894 -1.8652978575374437 -1.8217588173799044 -1.735592445803644 -0.88935767675565258 -0.72071628363994034 -0.5157011164354447 -0.27528507399119045 0 0.31008650207809874 0.65444072109617235 1.0324525690255533 1.4432144721040834 1.8848922057724673 1.6253016742175903 2.1041626396545201 2.6008726525942536 3.1194389496574741 3.6627723307628086 3.3477376327566417 4.5823764199557777 3.7147083146949047 4.9661275714489976 4.6487730534979095 2.8829966255920794 3.9259287374119527 1.5009918688351964 2.3346561288432404 3.1590713866186531 0.88558890109356936 -4.5426779224277363 -11.687489009060597 -7.5421282648811943 -4.7557751030809436 -5.7553548015635752 -3.312351147917334 -4.1678218707628716 -4.9202839666683991 -3.4645396344691068 -4.1097623489987196 -2.5100353574740755 -2.8843169595616343 -3.1519829841134817 -1.8144666984685673 -1.8614003946411208 -1.865337342179626 -1.8217927032978998 -1.7356207205192491 -0.88938031036585807 -0.72073327979884927 -0.51571245875544192 -0.27529075045282986 0 0.31009219037568114 0.65445210491975947 1.0324696537446021 1.4432372579100754 1.8849206901282742 1.6253358230714396 2.1042024658675778 2.6009181458265247 3.1194901305889484 3.6628291835643583 3.3478058039589724 4.5824558530718811 3.7147988135840166 4.9662291590888845 4.6488854163058901 2.8831197160807722 3.9260625281356916 1.5011360110425549 2.3348106195981702 3.1592361059261531 0.8857782675018554 -4.5424655501694327 -11.68767436750821 -7.5422751729733184 -4.7559135771840282 -5.7554844160783309 -3.3124717962524564 -4.1679332507607372 -4.9203859336967355 -3.4646320200242968 -4.1098449445575351 -2.5101080276591787 -2.8843795402734789 -3.1520354269072777 -1.8145139854346177 -1.8614425076525212 -1.8653742372275715 -1.8218243686062856 -1.7356471392696269 -0.88940146127188058 -0.7207491621743749 -0.51572305721813272 -0.27529605438743682 0 0.31009750657706425 0.6544627441839419 1.0324856202442825 1.4432585527781852 1.8849473107319443 1.6253677372098838 2.1042396906783805 2.6009606688633955 3.1195379642981775 3.6628823153720007 3.3478695205383868 4.582530090276804 3.7148833977408326 4.9663241061543753 4.6489904512489613 2.8832347845207105 3.926187599818439 1.501270761215683 2.3349550517083446 3.1593901020208413 0.88595531221073565 -4.542267004398906 -11.661767477966659 -7.5294430380164892 -4.7442370483619491 -5.7470622294916369 -3.3047907318776968 -4.1629857289747942 -4.9177691052920558 -3.4626294413812766 -4.1096080659755607 -2.5097693594882835 -2.8851079891495934 -3.1535242246410942 -1.81524392794212 -1.8623782565727303 -1.866445529066604 -1.8229631654328529 -1.7367945011606238 -0.88997524714917753 -0.721231222245591 -0.51607475173035289 -0.27548507069913891 0 0.31030718666774348 0.6548967159107939 1.0331523490790777 1.4441599798857934 1.8860781167467526 1.6261798159634231 2.1052385704619807 2.6021147650397789 3.1208126299576486 3.6642386870316046 3.3482076198819168 4.5826939977032364 3.7130782006359939 4.9637538372907324 4.6441799045732362 2.8749819745538625 3.9160471194934794 1.4866396784681177 2.3177936345865353 3.1392749383101219 0.8552846314071888 -4.5851952779688148 -11.635819254436573 -7.5165856103602398 -4.7325388990959638 -5.7386217425950505 -3.2970945545155703 -4.1580260814642598 -4.9151427336594447 -3.4606196903562298 -4.109365978793571 -2.5094270899610489 -2.8858340964892215 -3.155011607327483 -1.8159728253952903 -1.8633132530476932 -1.8675162993358774 -1.8241016137250052 -1.7379416442139299 -0.89054890629771188 -0.72171321681102574 -0.5164264155895949 -0.27567407572141778 0 0.31051685613918434 0.65533065786229061 1.033819012925091 1.445061281509268 1.8872087034898455 1.6269915541354074 2.1062369359010535 2.6032681134558269 3.1220862558987363 3.6655936553113802 3.3485433973987777 4.5828543226150975 3.7112678263851491 4.9611764157548803 4.6393598388217656 2.8667170797628461 3.9058915805618657 1.4719903459617445 2.300610658294862 3.1191345696750488 0.82458003986327622 -4.6281646556474767 -11.609829706568608 -7.5037028933746424 -4.7208191143739304 -5.7301629743835232 -3.2893832894416177 -4.1530543036335796 -4.9125067958211348 -3.4586027597494544 -4.109118682552011 -2.5090812257410269 -2.8865578750067256 -3.1564975790258489 -1.8167006746538334 -1.8642474937073368 -1.8685865378485815 -1.8252397155890374 -1.7390885681614707 -0.89112244072803803 -0.72219514435797605 -0.51677804639276725 -0.27586306949735662 0 0.31072651392387796 0.65576456923421023 1.0344856114376562 1.445962458108164 1.8883390742164059 1.6278029437602108 2.1072347756598995 2.6044207094010976 3.1233588401300327 3.666947219904956 3.348876850791191 4.5830110591147601 3.7094522612016378 4.958591851503849 4.6345302425056643 2.858440088046037 3.8957209802662649 1.4573227796278143 2.2834061145613287 3.0989689781929646 0.79384154385958694 -4.6711751250268971 -11.583798825324848 -7.4907948794004424 -4.7090776949617767 -5.7216859013686729 -3.2816568944278126 -4.1480703963508025 -4.909861296168434 -3.4565786583435649 -4.1088661764083625 -2.5087317614667395 -2.8872793176045306 -3.1579821396085386 -1.8174274713009129 -1.8651809751560584 -1.8696562562467856 -1.8263774680250746 -1.7402352750074188 -0.89169584744666386 -0.7226770060480957 -0.51712964873861456 -0.27605205103923081 0 0.31093616084838582 0.65619844947763961 1.0351521432827864 1.4468635090952724 1.8894692267435471 1.628613986727117 2.1082320936319743 2.6055725521990234 3.1246303813749963 3.6682993807868027 3.3492079838377249 4.583164215908246 3.7076314991623036 4.9560001392272222 4.6296911190460674 2.8501510127305405 3.885535310947422 1.4426369760451934 2.2661800105856362 3.0787781613618459 0.76306912103109559 -4.7142267115358054 -11.523506443418293 -7.4778615650675677 -4.6973146597012683 -5.7131905479579936 -3.2739154190550677 -4.143074359564868 -4.9072062409308703 -3.4545473886916453 -4.1086084661581284 -2.5083786949425328 -2.8879984277548321 -3.159465290377625 -1.8181532229191908 -1.8661137036744475 -1.8707254498328123 -1.827514872884104 -1.7413817606030102 -0.89226912841308215 -0.72315879981338571 -0.51748121945173731 -0.27624102233365955 0 0.31114579562020855 0.65663229810749257 1.035818608020074 1.4477644332834083 1.8905991641732667 1.62942468316378 2.1092288943234729 2.6067236480153047 3.1259008798378733 3.6696501370633396 3.3495367931172439 4.5833137795407959 3.7058055536963739 4.9534012703466344 4.6248424689025311 2.8418498364043154 3.8753346029359887 1.4279329428220753 2.2489323315088288 3.0585621326109207 0.73226278700268299 -4.7412740009860705 -11.356314969758316 -7.4490940302497108 -4.6834060169652725 -5.7046768960756431 -3.2661588297758444 -4.1380661908248131 -4.9045416235214825 -3.4525089357815562 -4.1083455383976135 -2.5080220262449995 -2.8887152020875568 -3.1609470247461489 -1.8188779235344485 -1.8670456749733209 -1.8717941186066618 -1.8286519297831623 -1.7425280300799464 -0.89284228224862694 -0.72364052766440079 -0.51783275922146843 -0.27642998134136615 0 0.31135542052276161 0.65706611684710148 1.0364850082919626 1.4486652316299788 1.8917288827142338 1.6302350368232346 2.1102251714921025 2.6078739977690528 3.1271703355186644 3.6709994921812319 3.3498632713534562 4.5834597551441103 3.703974414080891 4.9507952424111235 4.6199842815052827 2.8335365717817265 3.8651188150251712 1.4132106580529897 2.2329240626667253 3.0473652939141171 0.73741928171621407 -4.7191236536418195 -11.18790324263146 -7.3584593808866883 -4.6009703119664964 -5.6403090304173213 -3.2163321040762107 -4.102233180282755 -4.8801065559954777 -3.4358788785812351 -4.0990444500882388 -2.5028004728462681 -2.8875900794572376 -3.1624273457267496 -1.8196015747295982 -1.867976893188676 -1.8728622578195955 -1.8297886360415099 -1.7436740800936854 -0.89341531035749477 -0.72412218898201741 -0.51818426707763554 -0.27661892894635631 0 0.31156503260563595 0.65749990547945403 1.0371513404092436 1.4495659044541191 1.8928583829664227 1.6310450406334351 2.1112209245123563 2.6090235894097047 3.1284387449451723 3.6723474417236419 3.3516443091754828 4.5873051166707102 3.7087634261729612 4.9584913837236879 4.6299444943620145 2.8454701680893284 3.8815544425898572 1.4326322915093732 2.2572553262962423 3.0711030442967506 0.75826426513104161 -4.6978586533091651 -11.034654507648638 -7.2836253061763951 -4.5344080453932305 -5.5833713430758047 -3.1658915851575986 -4.0599078924672041 -4.84515635776211 -3.4063105863339018 -4.0757025772291531 -2.4834910404088628 -2.8730983378915251 -3.1522648488211966 -1.8109225012370913 -1.8614786668694212 -1.8682024223115892 -1.8266350094270241 -1.7417501713092081 -0.89193633364003655 -0.72333840374117286 -0.51786067314465889 -0.27655226209358297 0 0.31173130193898319 0.6579898409917041 1.0381148322310452 1.4511838985903229 1.8952883267913305 1.6338823319338045 2.1151332157270559 2.614169232503007 3.134937076860028 3.6803205794446221 3.3605170828361435 4.5978603315293212 3.7193270034831665 4.9703245166934975 4.6415833502174948 2.8557209775878483 3.8919564428276043 1.4406151200776667 2.2648537974993208 3.0780492361566405 0.76213017352925538 -4.6938655682350543 -10.988057394082809 -7.2447309688296784 -4.4973668548217063 -5.5506723421485171 -3.1353329949010371 -4.0338338025045042 -4.82344928175407 -3.3875076899926477 -4.0611157035248109 -2.4713323626618235 -2.8645064037983112 -3.1467964342010797 -1.8057934452697399 -1.8575975847459449 -1.8654115049812658 -1.8247601107112754 -1.7406503086349927 -0.89094344124953606 -0.72279968440502385 -0.51762594876655055 -0.27649492313835106 0 0.31184614872645383 0.65830889597017062 1.038717762091987 1.4521797997086627 1.8967531174828014 1.635319241110309 2.1171074948512487 2.6167231155003989 3.1380601878139758 3.6839918833719336 3.3641918428492508 4.6023545359465388 3.722767865922016 4.973761275124609 4.6433280127805592 2.8543367115329641 3.8887243430187239 1.4326685036517284 2.2538835224355207 3.0633642078438479 0.73382143014992951 -4.7402521400024913 -10.963399272905221 -7.2323552373598048 -4.4860820789375708 -5.5425867126887551 -3.1279423568262263 -4.0291358551035046 -4.821043911143664 -3.3856821235322037 -4.061022933526063 -2.4711068683119293 -2.86531948165065 -3.1483440250428414 -1.8065706745901071 -1.8585698877814953 -1.8665097775557722 -1.8259177207880675 -1.7418094347847906 -0.89152316516241481 -0.72328374336317303 -0.51797737715794323 -0.2766829716919687 0 0.3120522432883257 0.65873395278014746 1.0393683813490202 1.4530553250081855 1.8978457677043183 1.6360786865971373 2.1180366438549409 2.6177872372424149 3.1392220016475409 3.6852097343346495 3.3643301538867876 4.6022444501075208 3.7206005197181868 4.9707262169616859 4.637934416473068 2.8453675945245607 3.8777162826015172 1.4169993501789089 2.2354916013632633 3.0417972496406218 0.70097109351924025 -4.7865356086953046 -10.838857346895811 -7.1698392916682137 -4.4291142422649337 -5.5016978305430255 -3.0906050762417836 -4.005332407253773 -4.8087649460422064 -3.3763586278925568 -4.0604113747927117 -2.4698722297933142 -2.8693109200359195 -3.1560339067013086 -1.8104194256435737 -1.8634031066062453 -1.8719804439714343 -1.83169122356536 -1.7475954558490436 -0.89441604239158445 -0.72570097694103275 -0.51973321053112842 -0.27762287812300579 0 0.31308315966431116 0.66086049160754112 1.0426237920696759 1.4574366363735543 1.9033141911070481 1.6398825618819683 2.1226903793915586 2.6231170692277992 3.1450411825642948 3.6913094662436383 3.365032110343253 4.6017017138685139 3.7097663108918311 4.9555456627067898 4.6109500226832276 2.8004948421037819 3.8226354354813123 1.3386006481691692 2.1434694505227072 2.9338915768116882 0.5366776107455925 -5.0178307640586173 -10.712277768164254 -7.1062816933750721 -4.3712574542883136 -5.4600561684412741 -3.0526405914907224 -3.9810170265199734 -4.7960748538142504 -3.3667164324245427 -4.0595594753918407 -2.468463344747112 -2.8731822694670188 -3.1636458338629203 -1.8142075245856968 -1.8681904404916401 -1.877417510829511 -1.8374410754556816 -1.7533658042896714 -0.8972994898646911 -0.72811314819788986 -0.5214868205022668 -0.27856218338228123 0 0.31411467678122551 0.6629887831597836 1.04588247131373 1.4618231652236748 1.9087899188863071 1.6436956887175227 2.1273550697696373 2.6284593069090914 3.1508734992316469 3.6974221845477464 3.3657450691923905 4.601163201581187 3.6989251586951855 4.9403422999553603 4.5839208184199061 2.7555554962872777 3.7674613032263782 1.2600829601380297 2.0513064873360607 2.8258244581133423 0.37224814070142209 -5.2490280841789003 -10.583723142697929 -7.0417091074119842 -4.3125346506478826 -5.4176813179927814 -3.0140655982178726 -3.956203802868262 -4.7829852742301631 -3.3567649720542185 -4.0584746927574287 -2.4668859050212864 -2.87693762968803 -3.1711825410094914 -1.8179371152420494 -1.8729335075830265 -1.8828221448260738 -1.8431680528522156 -1.7591209409385364 -0.90017371744533048 -0.73052029830224119 -0.52323816039777049 -0.27950082654680103 0 0.31514662394937137 0.6651184130073321 1.0491436873031588 1.4662137748612234 1.9142713058340424 1.64751582555889 2.1320277912599224 2.6338102282711469 3.1567143403949052 3.7035422919908072 3.3664611152320534 4.6006182756887277 3.6880631756217355 4.9250984958250106 4.5568249576996518 2.710522858698019 3.7121617036881567 1.1814078550057951 1.9589571223835684 2.7175420316194216 0.20760012810283096 -5.4802592291027015 -10.453252742410369 -6.9761466254995117 -4.252967300236417 -5.3745916690696696 -2.9748957435160106 -3.9309058680919566 -4.7695071293880886 -3.3465130939874523 -4.0571639937481532 -2.4651451874598189 -2.8805807970088741 -3.1786465729286162 -1.8216102093160531 -1.8776338249874114 -1.8881954345327914 -1.8488728931497727 -1.7648612995009743 -0.90303892513580886 -0.73292247148628664 -0.52498719723497134 -0.2804387582143682 0 0.31617885248345429 0.66724902413314646 1.0524068035538423 1.4706074512007912 1.9197568754373027 1.6513409827230103 2.1367059335881891 2.6391665070908457 3.1625595823109842 3.7096647901427744 3.3671731674806633 4.6000573770574871 3.6771679310829963 4.909798489100063 4.5296428726568747 2.6653730447140935 3.6567078771286976 1.1025410085854956 1.8663806536163228 2.6089961726966497 0.042659984356171715 -5.7116414673910647 -10.119055290357853 -6.8080604555068192 -4.1004832236168554 -5.263850490759582 -2.8744621044855867 -3.8656189377204382 -4.7341767307226981 -3.3196217579801144 -4.0529404180131614 -2.4601106405123785 -2.8892206984270268 -3.1970040575675163 -1.8305578637633335 -1.8892067748972461 -1.9014981927990295 -1.8630426982708999 -1.7791503501326906 -0.91016384156118679 -0.73890656631945517 -0.52934961675977288 -0.28278023631944443 0 0.31875983570309702 0.6725778258290096 1.0605693268025251 1.4815993988807927 1.9334808946631541 1.6609145941229166 2.1484103257345026 2.652561909954672 3.1771687240748063 3.7249532711564282 3.3688958766647552 4.5985314411645772 3.6497141408496541 4.871213746233412 4.4612001273833188 2.5518512631035422 3.5172365447412286 0.90434175872810085 1.6337169126341913 2.3362086738190233 -0.37138176518026556 -6.2914152228742397 -9.9227079290897731 -6.7082072814413776 -4.0098234575896328 -5.1981074427955782 -2.8148166069469922 -3.826998344432532 -4.713471368690815 -3.3039368329516208 -4.0508087942699609 -2.4574431353722384 -2.8947061099943183 -3.2082643108775919 -1.8361447014240513 -1.8963405534799949 -1.9096418576046894 -1.8716794247681379 -1.7878319415160389 -0.91452119696186873 -0.74255579603665756 -0.53200415805172852 -0.28420248143269639 0 0.32032173074278503 0.67579881138020048 1.0654975810773812 1.4882276809708865 1.9417460974902729 1.6666827651329856 2.1554448660582048 2.6605927387699366 3.1859036892982662 3.7340654409835352 3.3697889353082533 4.5973672723270003 3.6328575520830784 4.84751578228677 4.4193937944826818 2.4827914358799399 3.4323731244544837 0.78399426064679523 1.4924355482114064 2.1705759841599956 -0.62241712691447071 -6.6424050765803297 -9.9580963108713245 -6.7223906713688608 -4.0218531223543037 -5.2082896236810372 -2.8234060597223101 -3.8341853901045218 -4.7194225679796196 -3.3087934327384194 -4.0547016963350258 -2.4604920787694256 -2.8970250542310443 -3.2099615354851521 -1.83756990183306 -1.8975166930954281 -1.9105940929316418 -1.8724334232478632 -1.7884084271787273 -0.91493993451597644 -0.74284147142177792 -0.53217732360307735 -0.28428065985107537 0 0.32037652533487415 0.67589470557644327 1.0656214082587863 1.4883618400090688 1.9418759454846626 1.6667969630347252 2.1555307109922799 2.6606351694489532 3.1858932573924665 3.7339928580501169 3.3695568394461657 4.5969427900122382 3.6322087837936095 4.8466167388926156 4.4182220509606909 2.4813246437995136 3.4305913837936552 0.78187114186840123 1.4899395245438434 2.1676639416548427 -0.62671356578397364 -6.648987042355424 -9.9797812737921525 -6.731168245668159 -4.0293142863929123 -5.2146197837769144 -2.8287595026388841 -3.8386772510449063 -4.7231536146604158 -3.3118491807457215 -4.0571613244976605 -2.4624279574764754 -2.8985061601831958 -3.2110534070157071 -1.8384906547482613 -1.8982802190505492 -1.9112156194837451 -1.8729284954939731 -1.7887895877877671 -0.9152191507553108 -0.74303369910447148 -0.53229500167897059 -0.28433440747880534 0 0.32041610345986399 0.67596556406043129 1.0657155596552987 1.4884686226346444 1.9419864844962886 1.6669043607942469 2.1556272527147358 2.6607117272167677 3.1859440816579498 3.7340123163883581 3.3694921736297032 4.5967739710883055 3.6319163878906138 4.8461848692260574 4.4176369783153362 2.480572710446515 3.4296603310948073 0.78074470922457617 1.4885984527574376 2.1660818624627369 -0.62910802772546337 -6.652742181223954 -9.9931387636610829 -6.7366544719887393 -4.0339926438186007 -5.2186025008234145 -2.8321398511648859 -3.8415248498520036 -4.7255294161027637 -3.3138047635254568 -4.0587445136435214 -2.4636825313772865 -2.8994737692313337 -3.2117736470082972 -1.8391014158978209 -1.8987898853694769 -1.9116334127154939 -1.87326381354487 -1.7890500235329589 -0.91541193229790774 -0.74316788080128404 -0.53237812231165449 -0.28437288745805805 0 0.32044599326509488 0.67602031824196984 1.0657903465394476 1.48855696863473 1.9420830041983859 1.6670048776702351 2.1557270911083535 2.6608053242746736 3.1860279779498066 3.7340830719511025 3.3695235874272909 4.5967538853293952 3.6318328496689452 4.8460282131996371 4.4173986912218322 2.4802443939124239 3.4292344164992921 0.78021122549369992 1.4879454450701264 2.1652931531951274 -0.63036414049833078 -6.6547998465591274 -10.001427616194372 -6.7401302561130692 -4.0369698908411769 -5.2211489287739594 -2.8343118985430618 -3.8433645034191524 -4.7270733534797191 -3.3150841642642459 -4.0597881963307083 -2.4645168559784638 -2.9001238612954379 -3.2122634200071052 -1.8395195914540663 -1.8991415201873754 -1.911924069329251 -1.8734991808664041 -1.7892346805204327 -0.9155502472799617 -0.74326533030506814 -0.53243925481787802 -0.28440159063719544 0 0.32046949932033486 0.67606428819196163 1.0658518529130732 1.4886320871008085 1.9421684747863548 1.667098154635094 2.1558253382916694 2.6609051725614958 3.186127303811586 3.7341797757944639 3.3696071301168584 4.5968167939850231 3.6318678920387595 4.8460293199620361 4.4173606400412035 2.4801619624531548 3.4291028624057716 0.78002428477158614 1.4876958222786891 2.1649708185394729 -0.63094687707079944 -6.6558470850556146 
end_dependent_variable

end_regular_table
