# ****************************************************************************
# CUI
#
# The Advanced Framework for Simulation, Integration, and Modeling (AFSIM)
#
# The use, dissemination or disclosure of data in this file is subject to
# limitation or restriction. See accompanying README and LICENSE for details.
# ****************************************************************************

# ##################################################################################################
# 
# This file was auto-generated by AFSIM Mover Creator 2.8.0.201104
# 
# Creation Date:  05 Nov 2020
# 
# ##################################################################################################

regular_table

independent_variable mach precision double
0.10000000000000001 0.5 0.70000000000000007 0.75 0.80000000000000004 0.84999999999999998 0.90000000000000002 0.92000000000000004 0.94000000000000006 0.95999999999999996 0.97999999999999998 1 1.02 1.04 1.0600000000000001 1.0800000000000001 1.1000000000000001 1.2 1.3 1.4000000000000001 1.5 1.75 2 2.5 3 3.5 4 
end_independent_variable

independent_variable surface_angle units deg
-40 -30 -28 -26 -24 -22 -20 -18 -16 -14 -12 -10 -9 -8 -7 -6 -5 -4 -3 -2 -1 0 1 2 3 4 5 6 7 8 9 10 12 14 16 18 20 22 24 26 28 30 35 40 
end_independent_variable

dependent_variable precision double
0.28519376756884202 0.059689271204210685 0.094313832979061582 0.12671798862455277 0.024619675034689145 0.057424539368404533 -0.037972303255106817 -0.0020561846734575479 0.030401508464901524 -0.023503267334896417 0.0039239133368690901 -0.029019608890145415 -0.018246051153901332 -0.0085839529512653466 -4.4640023138271158e-05 0.0073633711767908698 -0.014694037540632768 -0.0094081908237503235 -0.0052964748990797349 -0.0023576739236597323 -0.00059165005881820409 0 -0.0005912747313703918 -0.0023552069892057549 -0.0052902506131898338 -0.0093998880154154973 0.013664174974465699 0.0073853723239852998 -1.5875274757513829e-05 -0.008548767225721364 -0.018200391779615337 0.027501425535943272 0.0039989073400481879 -0.023405292374280965 0.030522231605417519 -0.0019128265185389566 0.072829122502334323 0.057617349250246357 0.024843504773084654 0.12697506438207234 0.094621611347558934 0.21630518099806248 0.31444058552467491 0.47365444554802699 0.28512457232406879 0.059647164703177664 0.094276693632783765 0.12668559220832948 0.024591702668188938 0.057400789677038537 -0.037992218084968304 -0.0020724745054114205 0.03038851530410884 -0.023513335362239988 0.0039164424672773956 -0.029024871373021871 -0.018250340432643609 -0.0085873675430455168 -4.7277870684250137e-05 0.0073614112531281573 -0.014695421919125517 -0.0094090957009439757 -0.0052970019835027566 -0.0023579237829306782 -0.00059172403047036025 0 -0.00059130327007499855 -0.0023553650331530731 -0.0052906396953837287 -0.0094006103629798513 0.013663016368481461 0.0073836795008964855 -1.82025394986454e-05 -0.0085518266833613452 -0.018204281021832878 0.027496595418031875 0.0039919303328593923 -0.023414786595743815 0.030509831526298208 -0.0019284533781142945 0.072809890878050926 0.057594198640303768 0.024816185868720909 0.12694323392099302 0.094585088124547689 0.21626364319673991 0.31438576236196764 0.47358541344539284 0.28513389580796422 0.059652789277351279 0.094281650766679881 0.12668991285810519 0.024595417407038533 0.057403936226794676 -0.037989601683337336 -0.0020703408283495131 0.030390210424974261 -0.023512033671791558 0.0039174017570976702 -0.02902420482632417 -0.018249801923164676 -0.0085869423586323462 -4.6953596960446755e-05 0.0073616488815257015 -0.01469525868124566 -0.0094089922052559248 -0.0052969450895965359 -0.0023578995525572115 -0.00059171868095919482 0 -0.00059129484489410262 -0.0023553341408231211 -0.0052905728045535855 -0.0094004935912491774 0.013663195467402628 0.0073839354317229832 -1.7855288008762063e-05 -0.0085513767659360744 -0.018203714205022675 0.027497292314528944 0.0039929244403779911 -0.023413444119760596 0.03051156973047503 -0.0019262729795946909 0.072812556298916212 0.057597390443493664 0.024819945861004257 0.12694759624988333 0.094590091277803101 0.21626930951385523 0.31439320639225204 0.47359475020533098 0.28513575324121615 0.05965390931579341 0.094282638331917856 0.12669077449241961 0.024596156684748589 0.057404565530363189 -0.03798907794983853 -0.0020699151971464457 0.030390547081160894 -0.02351177415068911 0.0039175937490986933 -0.029024071539324122 -0.018249694821243893 -0.0085868572451571583 -4.6887807148260881e-05 0.007361696640174227 -0.014695226129410379 -0.0094089717965317454 -0.005296933608691887 -0.0023578945820196184 -0.0005917178671633128 0 -0.00059129316743739479 -0.0023553281929326307 -0.0052905597917978636 -0.0094004708608132169 0.013663231705254549 0.0073839867487338947 -1.7787663166646188e-05 -0.0085512874239136553 -0.01820360118313577 0.027497430915137393 0.0039931223842587004 -0.023413176556440016 0.030511914684188304 -0.0019258374232732195 0.072813087819324621 0.057598025874466462 0.024820696372288842 0.12694846583067518 0.094591085161926741 0.21627043663710857 0.31439468890495403 0.47359660936191533 0.2851374738291057 0.059654948804400032 0.094283554410772491 0.1266915723634332 0.024596843305078053 0.057405146708277205 -0.037988594299776121 -0.0020695205859275869 0.030390863695629346 -0.023511531926738355 0.003917770390675434 -0.029023949071022279 -0.018249594133949477 -0.0085867784186540799 -4.6827921345414998e-05 0.0073617405213247285 -0.014695195923222056 -0.0094089522494737975 -0.0052969229734966851 -0.0023578898907257108 -0.00059171666641546746 0 -0.00059129167348368026 -0.0023553226359832994 -0.0052905477284706732 -0.0094004495824444225 0.013663264320916961 0.0073840332946669904 -1.7724027520030314e-05 -0.0085512044965176046 -0.018203498182107963 0.027497558792788347 0.0039933044351845382 -0.02341293024755307 0.030512233787914747 -0.0019254367165636365 0.072813576575557301 0.057598613881883171 0.024821388673232699 0.12694927056310504 0.094592008963863869 0.21627148001917001 0.3143960631668471 0.47359833243906291 0.28513907933668331 0.05965591693427752 0.094284406853980471 0.12669231582182011 0.024597482916727732 0.057405688313371832 -0.037988142595191253 -0.0020691541543857391 0.030391155672826374 -0.023511306840371459 0.003917935910375119 -0.029023833735401974 -0.018249500691034079 -0.008586704586623764 -4.6771833256685097e-05 0.0073617821445905738 -0.014695167017511458 -0.0094089339709800147 -0.0052969129646051744 -0.0023578856103189387 -0.00059171573294372029 0 -0.00059129015160559685 -0.0023553173383316752 -0.0052905361278901579 -0.0094004299396457779 0.013663294862197705 0.0073840764896758622 -1.7664524679952424e-05 -0.0085511281433157324 -0.018203401324441218 0.027497676745320884 0.0039934754280604489 -0.023412700278410883 0.030512531701034677 -0.0019250618279273287 0.072814033896929392 0.057599162316480497 0.024822034699508742 0.1269500189361808 0.094592865874970816 0.21627245351052621 0.31439734162422084 0.47359993271281603 0.28514057761468603 0.059656822513569588 0.094285206384499373 0.12669300975035575 0.024598078870621872 0.057406195707125872 -0.037987721208492205 -0.0020688094878945399 0.030391428565712138 -0.023511096689552521 0.0039180914092157093 -0.029023727303666039 -0.018249414013794259 -0.0085866357969365641 -4.67192556599952e-05 0.0073618200499262158 -0.014695140489361385 -0.0094089174158186913 -0.0052969036418552915 -0.0023578815612855064 -0.00059171485133151485 0 -0.00059128893689556713 -0.0023553125752322481 -0.0052905258756577233 -0.0094004114776490046 0.013663324047151985 0.0073841181049633196 -1.760929825745053e-05 -0.0085510561622721311 -0.018203310275043131 0.027497789081066169 0.0039936334002022497 -0.023412485883087933 0.030512810338361965 -0.0019247130445863739 0.07281446121955136 0.057599672518628173 0.024822635408523915 0.1269507157369372 0.094593667958574837 0.21627336343006301 0.31439853825521663 0.47360143584168046 0.28521681237893715 0.05998055048989772 0.094608336862316872 0.12700683257340553 0.024892898570506514 0.057674449292559826 -0.037669153821413393 -0.0017958771442005289 0.030618877225672688 -0.023329034976930233 0.00405641440157421 -0.028923537701276807 -0.018166792196498426 -0.0085201760871287651 5.0341477087552337e-06 0.0074003769648033303 -0.014668033114482549 -0.0093914825028490051 -0.0052870648927252411 -0.0023535000204296984 -0.00059061836589744396 0 -0.00059019227194769875 -0.0023509309051265065 -0.0052806866222933624 -0.0093829761849079079 0.013690432076258882 0.0074226763953150416 3.4146236937375096e-05 -0.0084845923611454287 -0.01812068244523184 0.027597986655463681 0.0041319724195525908 -0.023230398448133061 0.030740297486080696 -0.0016517236522053565 0.073133106667207709 0.057868030563539813 0.025117600187470501 0.12726472738616246 0.09491705760006286 0.21659744363001429 0.31469493987217245 0.47367974858744161 0.28528695126950154 0.060301712845457919 0.094929444147831027 0.12731908209604639 0.025186532451710899 0.057941834165250859 -0.037351202634193718 -0.0015233599321470294 0.030846057658510534 -0.023147135219262534 0.0041946457381769036 -0.02882339432887639 -0.018084202656581227 -0.0084537362913849039 5.6773234652695292e-05 0.0074389258215055345 -0.014640930663866639 -0.0093740500982854493 -0.0052772273595019801 -0.0023491188784934411 -0.00058952201370250288 0 -0.00058909584395804319 -0.0023465493355484912 -0.0052708482752742191 -0.0093655432027088432 0.013717535835330917 0.0074612267423806861 8.5887921645424759e-05 -0.0084181487740701642 -0.018038087677872856 0.0276981358106019 0.004270216189679819 -0.023048474129786507 0.030967514798233099 -0.0013791553401531803 0.073451139999941129 0.058135524695508554 0.025411379083909703 0.12757716854337242 0.095238429474553438 0.21691896568973706 0.31498718146670296 0.47375199443703214 0.28535099221838017 0.060620317469283196 0.095248538274666367 0.12762976088412889 0.025478981088679173 0.05820835116771704 -0.037033869140387976 -0.0012512594601776664 0.031072969098300131 -0.022965400978103161 0.0043327853041349581 -0.028723300116129953 -0.018001646830153033 -0.0083873196648885061 0.00010849886683805296 0.007477465231792795 -0.014613832572643568 -0.0093566206425352069 -0.0052673906209264616 -0.0023447382599396326 -0.00058842570139951676 0 -0.00058799938724617997 -0.0023421682733961433 -0.0052610112271371298 -0.0093481133544217644 0.013744634845664625 0.0074997676047351075 0.00013761598564435921 -0.0083517277179710817 -0.017955525551707131 0.027798238537887206 0.0044083686742485808 -0.022866715455602538 0.031194463270522364 -0.001106997691842555 0.073768551222423331 0.058402149936018395 0.025703973246729815 0.12788804568063789 0.095557784079898136 0.21723793037515679 0.31527525683481117 0.47381817247134128 0.28540893502132636 0.060936361246609727 0.095565606975248879 0.12793887389063813 0.025770240715610793 0.058474003031759474 -0.03671715236982382 -0.00097957406878711249 0.031299609260030309 -0.022783829942910089 0.0044708293655613867 -0.02862325329502606 -0.01791912423212768 -0.0083209245481342432 0.00016021050173424027 0.0075159965615656512 -0.014586738821665205 -0.0093391938164626397 -0.0052575551317669738 -0.0023403578328672087 -0.00058732947286963607 0 -0.00058690287787693612 -0.002337787629311484 -0.0052511751284285701 -0.0093306849039487879 0.013771728931735411 0.0075383008493218034 0.00018933092678577693 -0.0082853295119838244 -0.017872997241153821 0.027898293260789547 0.0045464308179003722 -0.02268512011503912 0.031421145673045846 -0.00083525610704850996 0.074085346870552279 0.058667908595611391 0.02599538216531383 0.12819735355136891 0.095875128539204463 0.21755434391580125 0.31555916914232274 0.47387828629021922 0.28480560518768727 0.061249843462573658 0.09588065914708023 0.12824641281804752 0.026060315098306305 0.058738784038467474 -0.036401055335141687 -0.00070830623446793369 0.031525983339229277 -0.022602423632768959 0.0046087829839474397 -0.028523255888884665 -0.017836632934925895 -0.0082545511964306293 0.00021190925631599722 0.0075545198299722402 -0.014559650527906285 -0.0093217685413892817 -0.005247720619162545 -0.0023359778621587497 -0.00058623318210830567 0 -0.00058580673710935654 -0.0023334076234981047 -0.0052413402998798576 -0.009313259906523437 0.013798819034993411 0.007576826294233458 0.00024103166000850185 -0.0082189522540599778 -0.017790500601621424 0.027998298824037902 0.004684398982488896 -0.022503687533652107 0.031647557423015768 -0.00056392990920348812 0.074401530416523698 0.058932803827347661 0.026285609541635158 0.12850509459376183 0.096190453048625571 0.21786819911197036 0.31583892032958238 0.47334097150193533 0.28027261164611894 0.061321539224444221 0.096193690807347618 0.12855238367887248 0.026349202207063042 0.059002695566507009 -0.036085575930046368 -0.00043745565084991574 0.031752088119009793 -0.022421180056273377 0.0047466435168500186 -0.028423306519039803 -0.01775417720858255 -0.0081882006246290009 0.00026359401999129662 0.0075930352380680181 -0.014532566178663877 -0.0093043464161846907 -0.0052378872506593866 -0.0023315982807957719 -0.00058513710197649778 0 -0.0005847104694853601 -0.0023290278251228919 -0.0052315066026669896 -0.0092958365526466333 0.013825904571420404 0.0076153425225078302 0.00029271814701625721 -0.0081525964037548627 -0.017708038237256765 0.028098256587150101 0.0048222728233476625 -0.022322420392180867 0.031873700473542231 -0.00029302055356600788 0.074717088839603499 0.059196830154859624 0.026574649707844841 0.12881126582070701 0.096503758757049737 0.21795153316342214 0.31431049810196315 0.46925622232342817 0.27571846890909529 0.059045738577458304 0.094333880058732278 0.12722072927883318 0.025437834956144902 0.058423917948245099 -0.036324564292206207 -0.00049275824464636582 0.031828048311721702 -0.022258795608942172 0.0048844114110590166 -0.028323404394035082 -0.017671752285211173 -0.0081218686648178943 0.00031526485658726639 0.0076315427571307728 -0.014505487146221229 -0.0092869263717444729 -0.0052280548874334924 -0.0023272192451547383 -0.00058404128513159269 0 -0.00058361450184886508 -0.0023246484224758719 -0.005221674006472078 -0.0092784152667687754 0.013852984586800822 0.0076538513213045018 0.00034439183030213579 -0.00808626331420359 -0.01762560907576409 0.028198167833051409 0.0049600559786229662 -0.022159535948659763 0.031953948342935509 -0.00033829480772707538 0.07449637972438472 0.058647098845588212 0.025707362518288316 0.12754308951640084 0.094736559026570716 0.21579785372636393 0.31148199560563788 0.46515181592134808 0.27169599810609246 0.057315183775558179 0.092823284007568729 0.12589794326250128 0.024274089037118404 0.057400582838847539 -0.037140410122840056 -0.0012047022807438015 0.031211479480723728 -0.022789260048590106 0.0045053428574105608 -0.02857045506072009 -0.017866167508680173 -0.008270890890136896 0.00020424289061395258 0.0075513991812646451 -0.01456017883461881 -0.0093211356730756676 -0.0052474729395880198 -0.0023364142546155979 -0.00058680936874089902 0 -0.00058628283003982044 -0.0023332450430376636 -0.0052395927881120959 -0.0093105952579664118 0.013801866355905005 0.0075792522835848239 0.00024080155682934949 -0.0082259292548660604 -0.017807500306127488 0.027967260240604863 0.0046039414154492855 -0.022657885513546045 0.031376961816008679 -0.001003184604248634 0.073735907999461531 0.057687070634801059 0.024617169679495465 0.12630478701426884 0.093327159725197242 0.21418967181752263 0.30919412979323868 0.46158061371285447 0.27112818393318749 0.056846304867940206 0.092373514150617536 0.1254699664507764 0.023867548591863109 0.057019213017247203 -0.037410228481378649 -0.0014499381698465275 0.030997061818277341 -0.022969151255897633 0.0043615135242503619 -0.028676511601653375 -0.017954514032148018 -0.0083419368918444155 0.00014889351153267861 0.0075094211770057283 -0.014589995725334303 -0.0093401813529784116 -0.0052588606614171543 -0.00234238121984329 -0.00058896205033016913 0 -0.00058830046300031196 -0.0023384057503671738 -0.0052489872589436349 -0.0093269909663602126 0.013776608656090688 0.0075441521853244131 0.00019437845904327379 -0.008286135731585733 -0.017881910035776879 0.027878400840632696 0.0044823060320890668 -0.022809492775845326 0.031196383828803888 -0.0012095512148925268 0.073510079769861236 0.057353782848253348 0.024263715150177462 0.12593434457569805 0.092941887806595791 0.21379303030878344 0.30879733070808596 0.46114644780153974 0.27123654141017156 0.057184056174906926 0.092710248257410754 0.12579680774845783 0.024174771740939412 0.057299068319318004 -0.037081115384730308 -0.0011676437140791967 0.031232496630616637 -0.022780555253811782 0.0045049164921955216 -0.02857262910844046 -0.017868836976185364 -0.0082730245863469436 0.00020255223126477902 0.0075494049313724974 -0.014561882562572443 -0.0093221010807261612 -0.0052486483704031976 -0.0023378215645997636 -0.00058781157512420123 0 -0.0005871519536698865 -0.0023338566393651932 -0.0052388029321901331 -0.0093089469160031035 0.013804659249118967 0.0075840399724128775 0.00024791270311034879 -0.0082173769686273782 -0.01779643377995891 0.027982032703862084 0.0046253758671050572 -0.022621336185239475 0.031431275433987625 -0.00092791502106168437 0.073838407537526657 0.057632736375128925 0.024569874811647029 0.12625994906958937 0.093277121107832053 0.21412894515609249 0.309107260535883 0.46124767887755919 0.2716548968312637 0.05882183423791558 0.094353005729983175 0.12739853056895775 0.025685592412531814 0.058679099418729036 -0.03544993206824084 0.00023346865595754015 0.032402408569343559 -0.021842505123094994 0.0052187259335531684 -0.0280551902410008 -0.017441963441898783 -0.0079295868631022864 0.00047002935330390654 0.0077487503122019592 -0.014421699424309074 -0.0092319394541576835 -0.0051977217660980962 -0.0023150820252966753 -0.00058207813181620561 0 -0.00058142666427749283 -0.0023111690074739508 -0.005188004181600806 -0.0092189568248411246 0.013944544857225157 0.0077829333773921901 0.00051479808384578948 -0.0078746638747669035 -0.017370503355315654 0.02849829501393775 0.0053376266819105097 -0.021685337203108092 0.032598637925740852 0.00047014730583645032 0.075465966749688265 0.059008586797655964 0.026075798538325024 0.12785599261606698 0.094913016781181733 0.21575836505668952 0.31057646451582266 0.46163427021778514 0.2718710143377831 0.060376041527420182 0.095928767568267598 0.12894710702923021 0.027155098039478423 0.060027761144233485 -0.033842128692564873 0.0016178011293516213 0.033560570380595615 -0.020912388321425831 0.0059274149073941544 -0.027540897763749468 -0.017017488658736698 -0.007587933778270075 0.00073621174205155677 0.0079471855660564923 -0.014282123122465172 -0.0091421488865978378 -0.0051470005814260736 -0.002292437755960519 -0.00057637197460543011 0 -0.00057572803467862582 -0.0022885707973890374 -0.0051373984761601179 -0.0091293215327269191 0.01408385268621192 0.0079809618928735442 0.00078044710119830872 -0.0075336654647865861 -0.016946873802896108 0.029011528982098345 0.0060449178416482991 -0.020757051984704015 0.033754532533579226 0.0018517781045565525 0.07707058381130738 0.060353600866622344 0.027541055001879297 0.12939968151401288 0.096482912906402971 0.21730547515252335 0.31191355361709522 0.46182471185786983 0.27188924272726855 0.061848437246722607 0.097439024263356988 0.13044380850183776 0.028584361172838118 0.061345940692910488 -0.03225698394732885 0.0029859388732125488 0.034707441555867247 -0.019989843714914055 0.0066312391051932444 -0.027029571652271923 -0.016595264100972243 -0.0072479499004893116 0.001001190032029489 0.0081447791954012156 -0.014143106233484618 -0.0090527000494812979 -0.0050964683410097116 -0.0022698799883395836 -0.00057069082167204833 0 -0.00057005375512909049 -0.0022660551317374091 -0.0050869710398879315 -0.009040011886619766 0.01422262679275434 0.0081781861227149671 0.0010449441665446859 -0.0071942680944850138 -0.01652541118147215 0.029521908664921905 0.006747496070081703 -0.01983613637415305 0.03489940840900245 0.0032175467130803807 0.07865295226795678 0.061668615036540454 0.02896666052166896 0.13089221309652105 0.097988225552157485 0.21877194324644841 0.3131210105873255 0.46182286406251416 0.27171344724293761 0.063240598819464269 0.098885128439747963 0.13188976549287154 0.029974330219905865 0.062634439605833508 -0.030693816733249897 0.0043384157376389135 0.035843451970865553 -0.019074556891127144 0.007330443527381267 -0.026521044360357168 -0.016175156306080775 -0.0069095301064801863 0.0012650433050492955 0.0083415882616885654 -0.014004608546276781 -0.0089635669492101923 -0.0050461092715700035 -0.0022474022838723331 -0.00056503308132705603 0 -0.00056440179113918223 -0.0022436153804761454 -0.0050367075356156218 -0.0089510052917163557 0.014360907052850643 0.0083746637985537414 0.001308364532068833 -0.006856376789095728 -0.016105985570924745 0.03002958839640394 0.0074455875067252278 -0.018922291851977552 0.03603365330181315 0.0045679463874531171 0.080213706880424451 0.062954392552206945 0.030353524634268027 0.13233466482933934 0.099430209878917444 0.2201592483406748 0.31420106197204672 0.46163221102698165 0.27044728105913901 0.066378969448284753 0.10222733100183605 0.13528914774714615 0.033282843706860882 0.065730401416429204 -0.026878351814256893 0.0076541509449914715 0.038638360047688579 -0.016816220022929557 0.0090595710078969199 -0.025261033265863295 -0.015133376385363466 -0.0060697133405065631 0.0019202191998988502 0.0088305269601498051 -0.01366039247514134 -0.0087419620330153741 -0.0049208866695792221 -0.002191513794539282 -0.00055097473751955527 0 -0.00055035691086649388 -0.0021878072534864414 -0.0049116837750745367 -0.0087296663750774765 0.014704665004774865 0.0088629111295428793 0.0019626413420365998 -0.0060176556157742218 -0.015065619022173085 0.031287851983917092 0.0091724507996589957 -0.016666864862545479 0.038825055673630787 0.0078796324018053625 0.084024552151460652 0.06604525760706402 0.033656361176890907 0.13572783622535609 0.10276538108501725 0.22328965749268423 0.31635646419264762 0.46034925447889141 0.26940239203923289 0.068135737426148577 0.10413642050585774 0.13725727463191478 0.035217493582129222 0.067554684613316554 -0.024609519372698823 0.0096331195057221698 0.040311331144447377 -0.015461215412753013 0.010099076049988404 -0.024502432132154466 -0.014505762879414187 -0.0055635082071627054 0.002315306728700799 0.0091254902295848147 -0.01345267015874627 -0.0086082003984890385 -0.0048452752586125901 -0.0021577467505801587 -0.00054246875546871888 0 -0.00054186144034580001 -0.0021541025407070054 -0.0048362276036507876 -0.0085961109021745804 0.014912029250981855 0.0091573297541162734 0.0023570177568487199 -0.0055123162974216825 -0.014439127996053595 0.032045061925587252 0.010210127593452833 -0.015314224090054411 0.040495137954576307 0.009855205997597748 0.086289442789161258 0.067865089978748128 0.035585920359997802 0.13769020638188259 0.10466770220081802 0.22503841995301865 0.31743362069797837 0.45927891439169533 0.2704045851784061 0.06852009417862337 0.10445926386372267 0.13752772230040461 0.035443079715433035 0.067741028232647854 -0.024457524641436315 0.0097548818795362598 0.040406682490966406 -0.015388782792220553 0.010151949644984405 -0.024465896367112602 -0.014476215227481387 -0.0055402417828963706 0.002333086573044266 0.0091386022364898321 -0.0134435445549044 -0.0086024036985080012 -0.0048419584420141227 -0.0021561799142636269 -0.00054200660717004486 0 -0.00054141311460953348 -0.0021526227486362839 -0.004833129355073764 -0.0085906064506558726 0.014920646711100943 0.0091696649050896223 0.0023737723779486885 -0.0054903193947312655 -0.014411240806855711 0.032079501767313431 0.010260152583726199 -0.015245644074968024 0.040585565995577062 0.0099708553282276489 0.086433900494013921 0.068042403974281282 0.035800473335955561 0.13794731545716302 0.10497369934565429 0.22540126121891602 0.31799336099450004 0.46017703612212219 0.27101538653905621 0.068754990775088509 0.10465664542743459 0.13769311817546195 0.035581082263695406 0.067855049333242462 -0.024364506814716969 0.0098294134551729969 0.040465056229149962 -0.015344433469736754 0.010184323243009403 -0.024443524480045178 -0.014458121672803798 -0.0055259947700876961 0.0023439714918855447 0.009146633444438234 -0.013437957686606657 -0.0085988535538647354 -0.0048399277420448509 -0.0021552203930700134 -0.00054172441148037532 0 -0.00054113919650052641 -0.0021517158050393601 -0.0048312294608249366 -0.0085872325486697973 0.01492592840594293 0.0091772269038633159 0.0023840399288943886 -0.0054768347969665499 -0.01439415061463028 0.032100605568915301 0.01029080221102392 -0.015203631463640302 0.040640943369236668 0.010041678228591953 0.086522351170589221 0.068150949345564787 0.035931791907373785 0.1381046269881879 0.10516086378185163 0.22562311601831692 0.31833520058220022 0.46072472521860602 0.27138860035152479 0.068899121365910157 0.10477781548550084 0.13779470415584402 0.035665876922378888 0.067925135030278375 -0.024307316112350878 0.0098752473966540692 0.040500961222599378 -0.015317141628075286 0.010204248955396225 -0.024429751064526266 -0.014446979211501041 -0.0055172185399877133 0.0023506744573002719 0.0091515784511800261 -0.013434517005487914 -0.0085966681927859296 -0.0048386778872027483 -0.0021546319867337647 -0.00054155012352898068 0 -0.00054097083250444927 -0.0021511593122671112 -0.0048300598685962941 -0.0085851560926281413 0.014929181674657083 0.0091818842098256477 0.0023903650377113564 -0.0054685296110712055 -0.0143836255212231 0.032113599016930061 0.010309683552028845 -0.015177756584220431 0.040675032800030125 0.010085263221217951 0.086576765712022968 0.068217708691824974 0.03601253003293723 0.13820130530069805 0.10527583654492474 0.22575933778970808 0.31854472717182797 0.46105963700983316 0.27161744613625555 0.068988046597182148 0.10485264768691047 0.13785748962511493 0.035718293993841868 0.067968479713767446 -0.024271924927281866 0.0099036239803558957 0.040523197636587613 -0.015300245949022438 0.010216590090162821 -0.024421219132758701 -0.014440077105446952 -0.0055117852557167238 0.0023548316777147241 0.0091546407172136395 -0.013432383344382789 -0.0085953140204815016 -0.0048379035444642447 -0.0021542667359937852 -0.00054144297373785082 0 -0.00054086677433983193 -0.0021508130500977117 -0.0048293331568520607 -0.0085838647102608849 0.0149312019628261 0.0091847741426136619 0.0023942908847868092 -0.0054633762087564954 -0.014377091218994113 0.032121667244612705 0.010321387851625822 -0.01516172320966686 0.040696181918892883 0.010112282521042858 0.08661049451954321 0.068259051437444332 0.036062488164294013 0.13826110685173496 0.10534690198837544 0.22584345875305553 0.31867378179501604 0.4612652605705837 
end_dependent_variable

end_regular_table
