# ****************************************************************************
# CUI
#
# The Advanced Framework for Simulation, Integration, and Modeling (AFSIM)
#
# The use, dissemination or disclosure of data in this file is subject to
# limitation or restriction. See accompanying README and LICENSE for details.
# ****************************************************************************

# ##################################################################################################
# 
# This file was auto-generated by AFSIM Mover Creator 2.8.0.201104
# 
# Creation Date:  05 Nov 2020
# 
# ##################################################################################################

regular_table

independent_variable mach precision double
0.10000000000000001 0.5 0.70000000000000007 0.75 0.80000000000000004 0.84999999999999998 0.90000000000000002 0.92000000000000004 0.94000000000000006 0.95999999999999996 0.97999999999999998 1 1.02 1.04 1.0600000000000001 1.0800000000000001 1.1000000000000001 1.2 1.3 1.4000000000000001 1.5 1.75 2 2.5 3 3.5 4 
end_independent_variable

independent_variable surface_angle units deg
-40 -30 -28 -26 -24 -22 -20 -18 -16 -14 -12 -10 -9 -8 -7 -6 -5 -4 -3 -2 -1 0 1 2 3 4 5 6 7 8 9 10 12 14 16 18 20 22 24 26 28 30 35 40 
end_independent_variable

dependent_variable precision double
0.66583417479288109 -0.49887295537810039 -0.36461894147218465 -0.23094995329868323 -0.60446451038624571 -0.44334022272313339 -0.96165498658514881 -0.7602953620795182 -0.56855418494621512 -0.7020737254099968 -0.51411143578344376 -0.56166821154977942 -0.47816058455311866 -0.39844925218903754 -0.32221327008438344 -0.24897883960672193 -0.28846804203017229 -0.22107399462847152 -0.1583506538222797 -0.10051610898543017 -0.047703216715687828 0 0.042515163550755471 0.079837297570770974 0.11189473373346909 0.13855065416596427 0.26873419654320296 0.28327146785987889 0.29169542662592945 0.29342723242039026 0.28903297273278605 0.49643590312594732 0.46176139142152556 0.41087000038337507 0.66385557614227075 0.57437977812772989 0.89329499803390566 0.70064961076426291 0.58253828583626555 0.97683658543482055 0.84005198859905883 1.2951672043781188 1.6208372346879365 2.0428250461457553 0.66693217845093189 -0.49801203299145164 -0.36380843996357071 -0.2301913901580723 -0.60376065430679604 -0.44269025978130888 -0.96106294044309837 -0.75975885728301928 -0.56807421611340325 -0.70165225509740381 -0.51374812966457317 -0.56136405051993421 -0.47788616559263813 -0.39820471712180017 -0.32199892639757832 -0.24879477351484222 -0.28831463391098733 -0.22095105521858993 -0.15825828759075328 -0.10045442046513782 -0.047672318286255955 0 0.04248414552524251 0.079775180243875934 0.11180143538652217 0.13842609527036395 0.26857852232162222 0.28308446224153272 0.29147707143604318 0.29317755090799513 0.28875179013920571 0.49612341954922795 0.46138523690178856 0.41043060498780887 0.66335307097179619 0.5738140691011604 0.89266610346962683 0.69995767420948585 0.58178382046109922 0.97601952677386561 0.83917328416603065 1.2942262321776548 1.6197428412198991 2.041581538464742 0.66678416168159493 -0.49812873936314839 -0.36391826908987968 -0.23029420027894229 -0.60385640470051938 -0.4427786632258095 -0.96114406733969859 -0.75983233858326482 -0.56813992524809942 -0.70171015140866999 -0.51379801956473015 -0.56140584717217434 -0.47792387354288579 -0.39823830917969871 -0.3220283933401078 -0.24882008898139876 -0.2883357956037943 -0.22096801979902747 -0.15827103655693264 -0.10046293513964566 -0.047676582820018555 0 0.042488422469392315 0.079783747503958863 0.11181430469875137 0.13844327732578338 0.26860004130273496 0.2831103155633401 0.29150726900770685 0.29321210397904646 0.28879069440131344 0.49616669526750529 0.46143719301373315 0.41049127522605788 0.66342245686820078 0.57389214410363532 0.89275282992016647 0.70005301572662726 0.58188775445003904 0.97613197083378178 0.83929421646804514 1.2943555034301153 1.619892574683671 2.0417510914006463 0.66675467425055734 -0.49815197907576159 -0.36394014181689255 -0.23031467560672828 -0.60387546877859166 -0.44279626770511876 -0.96116021697536569 -0.75984696329310342 -0.56815300432020632 -0.70172167332224866 -0.51380794820958287 -0.5614141652671063 -0.47793137666113383 -0.39824499491178889 -0.32203425734579527 -0.24882512702415799 -0.28834000559328682 -0.22097139520892944 -0.15827357269196093 -0.10046462893609817 -0.047677431497426002 0 0.042489273466516944 0.079785451943584967 0.11181686511601267 0.1384466956753857 0.26860432200470691 0.28311545841024349 0.29151327577872288 0.29321897758628784 0.28879843356823764 0.49617530382373992 0.46144752795016919 0.41050334589336956 0.66343626261215993 0.57390767764794937 0.89277008488212273 0.70007198891486933 0.5819084347905602 0.9761543462632547 0.83931828009314013 1.2943812306135609 1.6199223802291143 2.0417848489303738 0.66672735400582406 -0.4981735148593659 -0.36396040616410708 -0.23033364818861274 -0.60389313204268602 -0.44281257438743449 -0.96117517610744163 -0.75986051072867578 -0.56816511947502635 -0.70173234512230964 -0.51381714488493191 -0.56142187020673329 -0.47793832668540437 -0.39825118703678475 -0.32203968853972792 -0.24882979285902035 -0.2883439055584619 -0.22097452194834077 -0.15827592241986196 -0.10046619826965111 -0.047678217281177208 0 0.042490061701628785 0.079787030763444788 0.11181923675656456 0.1384498620514435 0.26860828746449372 0.28312022242718554 0.2915188403873098 0.29322534341681256 0.28880560125897142 0.49618327675752061 0.46145710245020238 0.41051452444891329 0.66344904718589848 0.57392206396346512 0.89278606796089965 0.70008956045938064 0.58192759119457327 0.97617507252739466 0.83934056938790413 1.2944050597058743 1.619949991142589 2.0418161207764292 0.6667019139168 -0.49819356257730779 -0.36397927662258656 -0.23035130781456056 -0.60390957611289453 -0.44282775672297681 -0.96118909801677366 -0.75987312341595825 -0.56817639788811158 -0.70174227841058578 -0.51382570582612908 -0.56142904126434778 -0.47794479787856042 -0.39825695161576352 -0.32204474428653673 -0.24883413680569771 -0.28834753538329605 -0.22097743149201379 -0.15827810872638007 -0.10046765861838294 -0.047678948841788561 0 0.04249079525484329 0.079788500335196619 0.1118214442377324 0.13845280902174872 0.26861197708736839 0.28312465607491288 0.29152401874603145 0.29323126837740721 0.28881227318844505 0.49619069698028612 0.46146601286088212 0.41052492941966551 0.66346094848792581 0.57393545502257359 0.89280094456449866 0.70010591663963395 0.58194542056876797 0.97619436398961035 0.83936131760857569 1.2944272389945828 1.619975690305925 2.0418452294572886 0.66667812975878493 -0.49821230298801411 -0.36399691260058359 -0.2303678177224518 -0.60392494699377308 -0.44284194999334375 -0.96120211358088836 -0.75988491260563562 -0.56818693750219051 -0.70175156423647589 -0.51383370796082073 -0.56143574354362102 -0.47795084548298172 -0.3982623393912923 -0.32204947030240239 -0.24883819598764359 -0.28835092754781916 -0.22098015114998112 -0.1582801524351159 -0.10046902364927753 -0.047679632396421284 0 0.042491480941701007 0.079789873727444977 0.11182350722226087 0.13845556344156562 0.26861542651280373 0.28312880009109026 0.29152885843801213 0.29323680526906376 0.28881850771061063 0.49619763227644681 0.46147434075327831 0.41053465654631849 0.66347207192874458 0.57394797299039835 0.89281485208081368 0.70012120326870353 0.58196208528935822 0.97621239269592597 0.83938070905598772 1.2944479725988425 1.6199997163049282 2.0418724436213358 0.66875310266223298 -0.49644435948001253 -0.36257094825744568 -0.22925572612794323 -0.6026588501900626 -0.44187966817432112 -0.95989123248558206 -0.75887422762451395 -0.56744416780995899 -0.7009486264467768 -0.51326014480190407 -0.56084775929616948 -0.47745556694759367 -0.39785336261988224 -0.32172113236069272 -0.24858572603397674 -0.28806198444671433 -0.22075889103431445 -0.1581213714216971 -0.10036773750480765 -0.047631158286480291 0 0.042446980072073683 0.079704399713554877 0.11170019986813454 0.1382972152047969 0.26831711554241866 0.28280120114625129 0.29117408084892321 0.29285698033841767 0.28841466413384659 0.49555831366348735 0.46078633856649837 0.40978634528071062 0.66234696854868735 0.57274282407294363 0.89111335179607265 0.69837676593880915 0.58006632400025493 0.97368280363105553 0.83666603311517085 1.2910021451753608 1.615399938805359 2.036049816882187 0.67082289185824617 -0.49467958812921081 -0.36114770427756493 -0.22814593973952041 -0.60139466885122883 -0.44091893416315259 -0.95858157574777614 -0.75786446883884673 -0.56670207965103492 -0.70014616556061271 -0.51268690578905718 -0.56025997944871286 -0.47696044806300097 -0.39744450544136195 -0.32139288238553093 -0.2483333198212713 -0.28777308508953175 -0.22053766047379944 -0.15796260934259587 -0.10026646276624555 -0.0475826890840476 0 0.042402484019798847 0.079618936730588188 0.11157691111323333 0.13813889660934642 0.26801884886167776 0.28247366472965835 0.29081939037109861 0.29247727459855039 0.28801097877815013 0.49491919924627586 0.46009865937689975 0.40903851419935217 0.66122254963798544 0.57153860534652157 0.88941307711984352 0.69663387349348638 0.57817247495914104 0.971155518878691 0.83395407451220527 1.2875594855177728 1.610804409741553 2.0302323502854982 0.67288749497245481 -0.49291799016108978 -0.35972717974183049 -0.22703846598666091 -0.60013240048801364 -0.43995974788324538 -0.95727314405680308 -0.75685563942722489 -0.56596067436578779 -0.69934419287538518 -0.5121139897159469 -0.55967240518843531 -0.47646548593783455 -0.39703576707065763 -0.32106472068328706 -0.24808097689954595 -0.28748423071132623 -0.22031645991841725 -0.15780386596803445 -0.10016519872511008 -0.047534225246285013 0 0.042357993206135536 0.079533484543980182 0.11145364096713127 0.13798060755947347 0.26772062656632162 0.2821461920380699 0.29046478842150053 0.29209768866220231 0.28760745265837256 0.49428029136088503 0.45941130523333307 0.40829116628935264 0.66009881485197219 0.57033531198580112 0.88771402521820164 0.69489252091592268 0.57628053628949905 0.96863053974090574 0.83124483236627644 1.2841199953111142 1.60621312911351 2.0244200525628195 0.67494691425157438 -0.49115956437569958 -0.35830937676930319 -0.22593330008233026 -0.59887204780668746 -0.43900210398588635 -0.95596593847219358 -0.75584773600681066 -0.56521995669019065 -0.69854270083396242 -0.51154139866972059 -0.55908503780464525 -0.47597068312517971 -0.39662715014382982 -0.32073664748373898 -0.24782869763261536 -0.28719542024299344 -0.2200952888096806 -0.15764514147034617 -0.10006394577553381 -0.047485766316828576 0 0.042313507391732029 0.079448043515949848 0.11133039029309029 0.13782234896790602 0.26742244959460909 0.28181878443419528 0.29011027517884497 0.29171822116985574 0.28720408334270042 0.49364158818185921 0.45872427355079987 0.40754430366977273 0.6589757631821791 0.56913294742468212 0.88601620049521912 0.69315271938863132 0.5743905124081663 0.96610786787720515 0.82853830990703714 1.2806836786403217 1.6016260975339707 2.0186129174846239 0.67519182177563442 -0.48940431544518592 -0.35689429324092226 -0.22483043861815977 -0.59761360626275883 -0.43804601157282391 -0.95465995678552906 -0.75484076420715673 -0.56447992033088867 -0.6977416920660221 -0.51096913049940407 -0.55849787530593598 -0.4754760403143693 -0.39621865210141066 -0.32040866313155308 -0.24757648222472636 -0.28690665493873646 -0.21987414708057096 -0.15748643626440734 -0.09996270397017408 -0.047437312445672036 0 0.042269026562227224 0.079362613616179273 0.11120715839060767 0.13766411943682996 0.26712431583386226 0.28149143948941224 0.2897558508601441 0.29133887501287947 0.28680087407993443 0.4930030909346792 0.45803756642921256 0.40679792133656567 0.65785339627534611 0.56793151078234982 0.88431959908297186 0.69141446227359071 0.57250240247262452 0.96358750121959036 0.82583450362399535 1.2772505266717207 1.5970433180155752 2.0101047830745253 0.6646963996854478 -0.48836880324312348 -0.35548193241187132 -0.22372989017251546 -0.5963570793028925 -0.43709146547406075 -0.95335520198391888 -0.75383472042841315 -0.56374056808351003 -0.69694116829489661 -0.51039718844103266 -0.55791091849652941 -0.47498155499699729 -0.39581027516458417 -0.32008076728206286 -0.24732433065673082 -0.28661793389859269 -0.21965303647356896 -0.15732774985236633 -0.099861473323392 -0.04738886365675056 0 0.042224550877986773 0.079277194796798123 0.11108394574796093 0.13750591994280034 0.26682622729463557 0.28116415856323862 0.28940151473776876 0.29095964804668206 0.28639782278292752 0.49236479948530804 0.45735118316008999 0.40605202296617393 0.65673171102947481 0.56673099776962155 0.88262422339412538 0.68967774708154284 0.5706162031893941 0.96106944072546818 0.82313341566174258 1.2728068099978378 1.5843164869948649 1.9853871651076735 0.65433036912356157 -0.49431656661550399 -0.36065961519157852 -0.22768700991101024 -0.59887489531358362 -0.43883471330883222 -0.95385721665568002 -0.75391021237254863 -0.56350770893832858 -0.69620528240948154 -0.50982556791820122 -0.55732416738919088 -0.47448722839216168 -0.3954020170611045 -0.31975296053524327 -0.2470722431009619 -0.28632925735872261 -0.21943195482493491 -0.1571690824576181 -0.099760253549561168 -0.047340419613376046 0 0.042180080218536968 0.079191786837602793 0.11096075219600815 0.13734775018582962 0.26652818416202778 0.28083694076847721 0.28904726654364493 0.29058054093506558 0.28599492976443264 0.49172671538474477 0.45666512293282763 0.40523084693208078 0.65499897651838801 0.56419220045435248 0.87863756343955812 0.68443342271662655 0.56370443665694125 0.95165544738389407 0.81125195295656216 1.2584250054518111 1.5657318728444098 1.9605985467627454 0.64620547541030837 -0.4980907781532396 -0.36427347023578999 -0.23115792457438669 -0.60177090453354165 -0.44162703435088585 -0.95590440443589064 -0.75586662610489763 -0.56535139338009199 -0.69762246906726089 -0.51086706670275916 -0.55781114301731205 -0.47484233001243131 -0.39564576880991342 -0.31990811188180002 -0.24716243576985406 -0.28626594353167745 -0.21934211094895775 -0.15707472641378065 -0.09968028071924083 -0.047291776729349679 0 0.04210644558957323 0.079026937766359648 0.11068585657453585 0.13693730800100512 0.26584974486512636 0.27997493067820944 0.28797338608054757 0.28926067391839577 0.28439733853137256 0.48960432133785814 0.45378368072298442 0.40147271534993678 0.65029519706675321 0.55879326844150401 0.87208751670483287 0.6771445938256645 0.55553029474871063 0.94206240798277974 0.80062447990419428 1.2461279128077314 1.5492157159454611 1.9378511687862408 0.64776510476327498 -0.49789094812983598 -0.36446856617557916 -0.23167933656565556 -0.60211537702856832 -0.44220944780490185 -0.95603327383275349 -0.75615201917624808 -0.56573038453058244 -0.69774389188075425 -0.51100985643242403 -0.55773447866457604 -0.47476157762150484 -0.39555870104380703 -0.31981791940758064 -0.24707632596915499 -0.28608067488564465 -0.21917199173239146 -0.15693252948973696 -0.099576386451518506 -0.047234971930586518 0 0.042029608506267628 0.078864072863513796 0.11042734951920176 0.13656653153592538 0.26524582917185352 0.27923703114902959 0.28709006827376948 0.28821734104854935 0.28318656550568233 0.48800701781834305 0.45180462342339778 0.39908504457656996 0.64717653847624335 0.55525093083893307 0.86773029369118859 0.67245933317694773 0.55045480493260746 0.93616293558993824 0.79440458361013266 1.2391000908253988 1.5411188794377271 1.9293443590188262 0.65031014238025586 -0.49594888988449959 -0.36289599619154633 -0.23044397657071691 -0.60074574398104874 -0.44116081614092573 -0.95465120085245581 -0.75508345792557841 -0.56494160377658964 -0.69690540803584267 -0.51040985247085713 -0.55712784176871921 -0.47425102268215313 -0.39513753250587524 -0.31948012139192156 -0.24681675013813656 -0.28578667418036152 -0.2189474187973002 -0.15677176590679046 -0.099474095114353567 -0.047186154571914399 0 0.041985234105307398 0.078779148895856008 0.11030532003843105 0.13641060525782486 0.26495145967023348 0.27891521617385095 0.28674329151091599 0.28784818096718989 0.28279639546136454 0.4873847458100633 0.45114170704040235 0.39837143358013594 0.64609741291677902 0.5541046776379146 0.8661023607711924 0.67080473051277589 0.54866701463446277 0.93376144926876503 0.7918403913060883 1.2358301437763284 1.5367767221410791 1.9239078403464211 0.66281845252223826 -0.48634127403962074 -0.35512053148170986 -0.22434107385766233 -0.59395925374834946 -0.4359682426071449 -0.94778173216200023 -0.74977272250627391 -0.56102225672819817 -0.69273116575610549 -0.50742272759386553 -0.55410333656612809 -0.47170519607889477 -0.39303710490975619 -0.31779524605708726 -0.2455219041439077 -0.28431880710748808 -0.21782595480816799 -0.15596880238199334 -0.09896308998950272 -0.046942240614438059 0 0.041763402359467239 0.078354542604875052 0.10969510676498143 0.13563075892946883 0.26347920966826421 0.27730553449345213 0.28500858681595564 0.28600133315722204 0.28084431516336489 0.48427199446492847 0.4478254668966401 0.39480171730547836 0.64070034747722704 0.54837248639477532 0.85796266630011597 0.66253249115967106 0.53972993047019613 0.92175679567481872 0.77902275237084195 1.2194840221676548 1.5150636937937965 1.8966995601396961 0.67498449543476313 -0.47689727354823686 -0.34748435416022255 -0.21835598517228388 -0.58727109903571195 -0.43085630456490587 -0.94097736350395866 -0.74451296358015384 -0.55714190358711613 -0.68858574799885486 -0.50445600809012792 -0.55109255362161302 -0.46917030599871085 -0.39094519976707642 -0.3161168412292677 -0.24423182075444572 -0.28285428958655157 -0.21670668580205421 -0.15516717058628685 -0.098452790226221831 -0.046698595784046962 0 0.041541635318378123 0.077929963001612035 0.10908480503511085 0.1348506086722861 0.26200638424877937 0.27569499400308944 0.28327273530707314 0.28415303525873337 0.27889054098912902 0.4811573880162322 0.44450714937134306 0.39123016670298938 0.63530212772406547 0.54264028889657767 0.84982485638882133 0.65426392186642657 0.53079875669798271 0.90976009264324509 0.76621450559748128 1.2031484455664532 1.4933536498753657 1.8694587630749582 0.68683215331431369 -0.46760752433239855 -0.33997956357752601 -0.21248206994018426 -0.58067570058622309 -0.42582037250496024 -0.93423430463198831 -0.73930113116790597 -0.55329814215555329 -0.68446730690490731 -0.50150832738891982 -0.54809453393257535 -0.46664557183582556 -0.38886118806148906 -0.31444441521618199 -0.24294613451157224 -0.28139285632009409 -0.21558943670114661 -0.15436676243640796 -0.097943136409433043 -0.046455198419409482 0 0.041319930843831204 0.07750541899792962 0.10847444450449857 0.1340702244886792 0.26053310887995562 0.27408378466825234 0.28153600311147831 0.28230364980981054 0.27693554650403274 0.47804151421608215 0.44118761536481327 0.38765797885045428 0.62990432488970372 0.53691008803859797 0.84169139974296447 0.64600200935966934 0.52187707350908541 0.89777555838127832 0.75342060780076592 1.1868291964552105 1.4716551405401976 1.8421986322625312 0.69838261472491803 -0.4584637015474553 -0.3325991323668277 -0.20671340640808197 -0.57416810764869963 -0.42085633072644046 -0.92754917417632943 -0.7341345031701757 -0.54948882362941875 -0.68037419554287937 -0.49857847561511665 -0.54510842703444828 -0.46413029487466895 -0.38678451382679591 -0.31277753622730936 -0.24166451539712203 -0.2799342720253653 -0.21447404876737791 -0.15356747888861086 -0.097434078083791717 -0.046212028714169996 0 0.041098288038257519 0.077080919449841856 0.10786405662396194 0.13328967200889255 0.25905949787617921 0.27247208092848174 0.27979863762311952 0.28045351353046749 0.27497975823285908 0.47492491093568617 0.437867663737385 0.38408623810695086 0.6245083691485992 0.53118370691509342 0.83356455986398592 0.63774950886503412 0.5129681613625755 0.88580707115287072 0.7406455978554225 1.1705315750386363 1.4499760506087238 1.8149313501310289 0.72607699780676371 -0.43619594460974193 -0.31465275155752676 -0.19271905184948621 -0.55825542125838001 -0.40873761929938751 -0.9110708177897292 -0.72140039993542682 -0.54010414499629111 -0.67024300040553886 -0.49132499858852141 -0.5376904737221424 -0.45787956133665803 -0.38162180759120501 -0.30863217449432007 -0.23847643169322436 -0.27629896065115428 -0.2116928454121273 -0.15157365875249348 -0.096163747897946281 -0.045604994261073541 0 0.040544448749206326 0.076019924272510295 0.10633814961282766 0.13133795180759236 0.25537468429576515 0.2684416858949884 0.27545389581925672 0.27582682576057355 0.27008933645093403 0.46713333571621207 0.42957054973978331 0.37516520994395486 0.61103494512048029 0.51689510099889158 0.81328957123121248 0.61717541210891735 0.49077086797849584 0.85597868038459402 0.7088172885481917 1.1299132213665413 1.3959095368027472 1.7468035122693772 0.74239863449938348 -0.42303269600982601 -0.30405417557355868 -0.18446607415132857 -0.5488267116405694 -0.40156232499950234 -0.90126009243893113 -0.71381811163471476 -0.53451715590571203 -0.66419663518802252 -0.4869964274673213 -0.53325686500904579 -0.45414372387141733 -0.37853667836120564 -0.30615566206173117 -0.23657270386741441 -0.27412550121744678 -0.21003054469527579 -0.15038240758580304 -0.095405100609245522 -0.045242674333163133 0 0.040214540735543688 0.07538852232732457 0.1054310933211315 0.13017940685804771 0.25318103127519298 0.26604618644353289 0.27287619369296678 0.27308744361505055 0.2672002501702046 0.4625132455969716 0.42467022055148224 0.3699191901581857 0.60309204184409559 0.50850384310446484 0.80135450417424769 0.60511428057014338 0.47779676756191553 0.83849368450151629 0.69020721491164871 1.1061142631169938 1.3642999182246145 1.7071300493366153 0.7440272589863115 -0.42237767585316882 -0.30349925582087939 -0.18399819896359471 -0.54843490530485028 -0.40123902463940103 -0.90099854833566184 -0.71361256817700991 -0.53436180865455141 -0.66408575821175331 -0.48692380926941425 -0.53321586517467168 -0.45411587003189391 -0.37852033366983528 -0.30614880287942076 -0.23657308778758937 -0.27413130437992461 -0.21003990653927521 -0.15039271443032445 -0.095414062057692581 -0.045248221568803593 0 0.040223286607865928 0.075408089251468136 0.10546363418612384 0.13022788747117525 0.25324819345041483 0.26613444021341837 0.27298835917938269 0.27322691945299499 0.26736973927898067 0.46271559737914097 0.42494898601172526 0.37028757161879344 0.6035647860842891 0.50909644001080268 0.80208346518647222 0.60599828629294183 0.4788561520417261 0.83975296437647518 0.69169564247365378 1.10786845662765 1.3669699276221217 1.7113660439159026 0.74498949379027146 -0.42200041859214138 -0.30318152661164538 -0.18373204622254796 -0.54821363994897632 -0.40105804792412753 -0.90085375107048804 -0.71350042423224969 -0.53427878328385603 -0.66402835368850821 -0.48688825803782171 -0.53319811022290808 -0.45410538706439113 -0.37851613081302427 -0.30614964986540927 -0.23657762238589808 -0.27413841823247576 -0.21004846400189392 -0.15040112967812361 -0.095420943220470275 -0.04525230959662209 0 0.0402293173938389 0.075421412047463346 0.10548555613183079 0.13026021104468866 0.25329258386161224 0.26619236061942531 0.27306152118442029 0.27331738435416214 0.26747915046525544 0.46284568217217487 0.42512690748194903 0.37052133783682167 0.60386333651810153 0.50946918182165957 0.80254041093594286 0.60655074902032879 0.47951648612592485 0.84053601600745853 0.69261915144424235 1.1089546200981484 1.3686151873734198 1.7139646467139593 0.74554937259166087 -0.42179020969051534 -0.30300630167801174 -0.18358697130936757 -0.54809465724658657 -0.40096231233829799 -0.90077876121607225 -0.71344403360293307 -0.53423881792765893 -0.6640026881620682 -0.4868745707889256 -0.53319393497132994 -0.45410498255996745 -0.37851888638970782 -0.30615481667142086 -0.23658436947181505 -0.27414607030728388 -0.21005632886039 -0.15040824361045874 -0.095426459400223762 -0.04525546235755562 0 0.040233650178747304 0.075430844779466766 0.1055008848947832 0.13028252851912944 0.25332290166762828 0.26623156818804522 0.2731106559458259 0.27337770561758878 0.26755164691291589 0.46293141301525831 0.42524302769721578 0.37067270738136543 0.60405539553760956 0.50970761093052386 0.80283130881624387 0.60690096017413753 0.47993349205004981 0.84102883356027225 0.69319852241225166 1.1096340088140046 1.3696370488420861 1.7155680173594228 0.74586728402734515 -0.42167966557271847 -0.3029159795900434 -0.18351390999162431 -0.54803636201577044 -0.40091705826627477 -0.9007450049628869 -0.71342044181988173 -0.53422407705244723 -0.66399546356944994 -0.4868734625904157 -0.53319743046399481 -0.45411017569466933 -0.37852539627806037 -0.306162190300383 -0.2365921066760551 -0.27415375621046978 -0.21006353980995968 -0.1504143923170507 -0.095431029901292014 -0.045257987179225495 0 0.040236893873392257 0.075437799263657776 0.1055120345765298 0.13029853795851001 0.2533443872352395 0.2662590706592291 0.2731448063315266 0.27341926553501117 0.26760122367718286 0.46298963213222427 0.42532094450415381 0.37077328010609045 0.60418190792628934 0.5098635166690545 0.80302029009163978 0.60712718011082234 0.48020149035250259 0.84134405595905393 0.69356749618860714 1.1100648917131637 1.3702787074277678 1.7165653711257509 
end_dependent_variable

end_regular_table
