# ****************************************************************************
# CUI
#
# The Advanced Framework for Simulation, Integration, and Modeling (AFSIM)
#
# The use, dissemination or disclosure of data in this file is subject to
# limitation or restriction. See accompanying README and LICENSE for details.
# ****************************************************************************

# ##################################################################################################
# 
# This file was auto-generated by AFSIM Mover Creator 2.8.0.201104
# 
# Creation Date:  05 Nov 2020
# 
# ##################################################################################################

regular_table

independent_variable mach precision double
0.10000000000000001 0.5 0.70000000000000007 0.75 0.80000000000000004 0.84999999999999998 0.90000000000000002 0.92000000000000004 0.94000000000000006 0.95999999999999996 0.97999999999999998 1 1.02 1.04 1.0600000000000001 1.0800000000000001 1.1000000000000001 1.2 1.3 1.4000000000000001 1.5 1.75 2 2.5 3 3.5 4 
end_independent_variable

independent_variable surface_angle units deg
-40 -30 -28 -26 -24 -22 -20 -18 -16 -14 -12 -10 -9 -8 -7 -6 -5 -4 -3 -2 -1 0 1 2 3 4 5 6 7 8 9 10 12 14 16 18 20 22 24 26 28 30 35 40 
end_independent_variable

dependent_variable precision double
-2.0365986918101173 -1.2935138638571069 -0.8386926756577423 -0.97570892628890404 -0.58156288866579642 -0.69981574418655645 -0.89257079035555764 -0.57376897523522863 -0.6633456511319934 -0.41045954254813877 -0.46145001199029356 -0.4962017708912535 -0.28884580804128018 -0.29328353732206297 -0.29157848351941501 -0.2831823853426067 -0.26867576588717795 -0.13851701554617588 -0.11186965967706745 -0.079827238622836361 -0.042513489951599773 0 0.047701563872316312 0.10050629922658166 0.15832650366355586 0.22104199636587271 0.28841314854592687 0.24889618444932579 0.32210612664405286 0.39831919426722445 0.47799326735385422 0.56146147809909996 0.51384318392772499 0.70172868623219709 0.56813582167438614 0.75980619914039949 0.96108871466713763 0.44270349050667207 0.60373696997440929 0.23012810945411527 0.36365065745216835 0.49772143063075341 0.1618058163749162 -0.66973146280287288 -2.0353555372207759 -1.2925728995712067 -0.83781398973458121 -0.97489188205288002 -0.58080843216260092 -0.69912381586547889 -0.8919418991741167 -0.57320327412322303 -0.66284314966349234 -0.410020156343679 -0.46107386056617228 -0.49588928999527354 -0.28856462729868654 -0.29303385769256812 -0.29136014029711521 -0.28299538127206836 -0.26852009281448558 -0.13839245749628501 -0.11177636217582997 -0.079765121646990525 -0.042482471918108423 0 0.047670665462830421 0.10044461031534815 0.15823413660227678 0.2209190562060224 0.28825973922998321 0.24871211690537892 0.32189177197898178 0.3980746570617783 0.47771884660621416 0.56115731493104604 0.51347987493663361 0.70130720755825027 0.56765584939490943 0.75926968681229945 0.96049666488694085 0.44205352130978898 0.60303310642718566 0.22936953514375694 0.36284014222072186 0.49686050352089717 0.16082306919152223 -0.67082969138772275 -2.0355251144109885 -1.2927021708236675 -0.8379349225472128 -0.97500432585748764 -0.58091236832166304 -0.69921915968039683 -0.89202862773095148 -0.573281349700142 -0.66291253466631717 -0.41008082722019934 -0.4611258155292286 -0.49593256529867452 -0.28860353187992993 -0.29306841098701436 -0.29139033850705015 -0.28302123481727076 -0.26854161213069072 -0.13840963963148833 -0.11178923151997273 -0.079773688923030231 -0.04248674882236627 0 0.047674930060420152 0.10045312491805047 0.15824688549665061 0.22093602081837349 0.28828090053982741 0.24873743206875662 0.32192123815558571 0.39810824931115824 0.47775655363096842 0.56119911145563195 0.51352976512401272 0.70136510406099783 0.5677215583381241 0.75934316753810094 0.9605777910814427 0.44214192283947579 0.60312885471461375 0.22947234456252852 0.36294996949604419 0.49697720631827474 0.16095609756404533 -0.6706816895539337 -2.0355588767277508 -1.292727896092299 -0.83795898629996202 -0.97502670186140472 -0.58093304776860444 -0.6992381320069726 -0.89204588218229075 -0.57329688314871552 -0.66292634146342388 -0.41009289740880756 -0.46113615193368857 -0.49594117403043381 -0.2886112715255576 -0.29307528468999644 -0.29139634527806618 -0.28302637779980677 -0.26854589277681395 -0.13841305802098261 -0.11179179200505036 -0.07977539342648346 -0.042487599799544924 0 0.047675778624135523 0.10045481892593035 0.15824942162370054 0.22093939615646993 0.28828511063303902 0.248742470135451 0.32192710220914356 0.39811493477198306 0.4777640571162225 0.5612074290399468 0.51353969356142726 0.7013766253043916 0.56773463712300898 0.75935779250324797 0.96059393950439431 0.44215952795705632 0.60314791946287094 0.22949281931587037 0.36297184439317942 0.49700044928607151 0.16098259392821054 -0.67065220601635089 -2.0355901520842985 -1.2927517267164637 -0.83798127674361433 -0.97504742895529739 -0.58095220442792606 -0.69925570498759437 -0.89206186545254906 -0.57331127000676174 -0.66293912562228607 -0.41010407720898023 -0.46114572589119118 -0.495949147363134 -0.28861843892906924 -0.29308165042478046 -0.29140191036535656 -0.28303114171302973 -0.26854985806905457 -0.13841622426140776 -0.11179416380118089 -0.079776972246343295 -0.042488388186246194 0 0.047676564286216271 0.10045638804007753 0.15825177125586087 0.22094252298364356 0.28828901065406287 0.24874713608998922 0.32193253300415658 0.39812112700867641 0.47777100718836335 0.56121513439445014 0.51354889018890593 0.70138729720019333 0.56774675358628512 0.75937134013030172 0.96060889978535868 0.44217583495850771 0.60316558397159414 0.22951179170627342 0.36299210778298696 0.49702198360165184 0.1610071411395409 -0.67062488455890223 -2.0356192656160195 -1.2927739063243076 -0.83800202512385369 -0.97506671904522968 -0.58097003412125636 -0.69927205851902186 -0.89207674164127182 -0.57332466052333964 -0.66295102670091854 -0.41011448170102899 -0.4611546369241854 -0.49595656790503512 -0.28862511125746249 -0.29308757562472687 -0.29140708875599181 -0.28303557540064905 -0.26855354789936736 -0.13841917144712956 -0.11179637118660803 -0.079778441750278803 -0.042489121751428285 0 0.047677295886719574 0.10045784851247441 0.15825395750254104 0.22094543249540302 0.28829264037517788 0.24875147982922841 0.32193758879883572 0.39812689130043311 0.47777747819003802 0.56122230482975022 0.51355745103436234 0.70139723058421022 0.56775803030795147 0.75938395288141136 0.96062282086493789 0.44219101678343298 0.60318202577593971 0.22952945155561622 0.36301097725214598 0.49704202946860704 0.16102999469802973 -0.67059944932073978 -2.03564648348204 -1.292794637311655 -0.83802141564577237 -0.97508474848555737 -0.58098669807592107 -0.69928734588210351 -0.89209064746616784 -0.57333717743801682 -0.66296214876945403 -0.41012420758305296 -0.46116296473679769 -0.49596350320119587 -0.2886313454764492 -0.29309311294721652 -0.29141192860754028 -0.28303971960032942 -0.26855699735671623 -0.13842192585896806 -0.11179843388391442 -0.079779815066732443 -0.042489807155053121 0 0.047677979612887708 0.10045921357927176 0.15825600165407755 0.2209481520257161 0.28829603265937687 0.24875553950583454 0.32194231463917677 0.398132278629172 0.47778352569871863 0.56122900741220227 0.51356545259460984 0.70140651688880373 0.56776857384739876 0.75939574239022434 0.96063583859917501 0.44220521024528131 0.60319739796527438 0.22954596219751941 0.36302861690020288 0.4970607722409171 0.16105136236097878 -0.67057566669457591 -2.0298110110738259 -1.2893464443526863 -0.83530497996550568 -0.97255385739833744 -0.57908995184487477 -0.69754218904176057 -0.89038863241563948 -0.57213168864110553 -0.66183684197233983 -0.40937579887895154 -0.46047493927226418 -0.49532420612350936 -0.28822753570891485 -0.29271332568095865 -0.2910571920848255 -0.28271215962195212 -0.26825871754992642 -0.13826359819049133 -0.11167514451627276 -0.079694349107825899 -0.042445307882699672 0 0.047629507273351669 0.10035793910559224 0.15809725120108767 0.22072693582311351 0.28800716975386703 0.24850319901273141 0.32161415540066013 0.39772353205029903 0.47728855984604796 0.56064142941165507 0.51299247177526097 0.70060439949471165 0.5670268849399257 0.75838642851793547 0.95932666570929548 0.44124498857446914 0.60193381606529583 0.22843689173246048 0.3616064254041319 0.49529757440753652 0.15897282494220949 -0.67263024550302375 -2.0239807223475168 -1.2859014281975325 -0.83259126669096428 -0.97002527816799 -0.57719511987875516 -0.69579857869443285 -0.88868784293532688 -0.57092713122241145 -0.66071222229978954 -0.40862787150798779 -0.45978723725170184 -0.49468511419897776 -0.28782388347311511 -0.29233365828204716 -0.29070254253933814 -0.28238466293774633 -0.26796048179342907 -0.13810530085904854 -0.11155187385636234 -0.079608894198990893 -0.042400813389402436 0 0.047581039977754432 0.10025667589899649 0.1579385198212393 0.22050574900332928 0.28771835116991495 0.24825092120425074 0.3212860838350865 0.39731490394095842 0.47679375280803721 0.56005405632810246 0.51241981671680814 0.69980275906798173 0.56628587939121589 0.7573780397049783 0.95801871699820018 0.44028631332007967 0.60067214535377655 0.22733012372892075 0.36018695110549248 0.49353754411027184 0.15689853192532882 -0.67467966557320913 -2.0181556297111047 -1.2824595851697509 -0.82988027474985215 -0.96749900485859186 -0.57530220367111695 -0.69405651380612077 -0.88698828013582165 -0.56972349985875193 -0.65958828565410121 -0.40788042677223507 -0.45909986122181301 -0.49404622911263713 -0.28742039158382626 -0.29195411101855595 -0.29034798293903946 -0.28205722994024879 -0.26766229061379782 -0.13794703260086255 -0.11142862124357233 -0.079523450230125622 -0.042356324062911212 0 0.047532577893642187 0.10015542329408669 0.15777980725124555 0.22028459220782606 0.2874295773287795 0.2479987082249839 0.32095810017223353 0.39690639550748275 0.47629910240179851 0.55946688806580347 0.51184748163651317 0.6990016054124607 0.56554555620556601 0.75637057878527703 0.95671199085744518 0.43932918160989193 0.59941238391590246 0.22622566335689756 0.35877019071080474 0.49178067652379198 0.15482848438263244 -0.67672392652216895 -2.0123357247904718 -1.2790209176947724 -0.82717200933769774 -0.96497504299757275 -0.57341120417936731 -0.69231599772136598 -0.88528994628936986 -0.5685207986222981 -0.65846503389902733 -0.40713346767156849 -0.45841280854015465 -0.49340754922413027 -0.28701705709223518 -0.29157468196290587 -0.28999351137549845 -0.28172986142729872 -0.26736414494290889 -0.13778879480098205 -0.11130538851133705 -0.079438017438986153 -0.042311839714935968 0 0.047484120689113882 0.10005418186371133 0.15762111313207883 0.22006346479194988 0.28714084767197351 0.24774655776758037 0.32063020515249596 0.39649800726687184 0.47580461132083679 0.55887992505240003 0.51127547142353447 0.69820093256669502 0.56480591810201186 0.75536404233769772 0.95540648853804278 0.43837359257585717 0.59815453629616522 0.22512350644209678 0.35735614838159746 0.49002698094132702 0.15276267983762787 -0.67876302663933652 -2.0035227955982089 -1.2755854262576833 -0.82446646487600994 -0.96245339144880959 -0.57152212182476503 -0.69057703312090768 -0.88359283723444282 -0.56731902757687691 -0.6573424671366912 -0.40638699207416196 -0.45772608078963956 -0.49276907579085172 -0.28661388293438955 -0.29119537567235376 -0.28963912923376384 -0.28140255654361257 -0.26706604230426961 -0.13763058609988921 -0.11118217461767858 -0.079352595389952318 -0.042267360594402517 0 0.047435668458314532 0.099952951424367428 0.15746243862060585 0.21984236707483637 0.28685216204950309 0.24749447170536626 0.32030239798441734 0.39608973757876853 0.47531027902900413 0.55829316830274345 0.51070378389498405 0.69740074159021492 0.56406696072754325 0.75435843600455854 0.95410220981021487 0.43741954958804768 0.59689859626503705 0.22402365159308699 0.35594482194774829 0.4882764505206087 0.15070112260502891 -0.67916388990409926 -1.9767504783172918 -1.2710892631901549 -0.82176364289663995 -0.959934050288895 -0.56963495285427512 -0.68883961089023216 -0.88189695680066804 -0.56611818342900844 -0.65622058341398259 -0.40564100005660803 -0.45703967707030524 -0.49213080810432031 -0.28621086685080921 -0.29081618755134642 -0.28928483431179963 -0.28107531549024578 -0.26676798506267518 -0.137472408153898 -0.11105897954823586 -0.079267184700551607 -0.042222886299199937 0 0.047387221335281102 0.099851732430823251 0.15730378315674354 0.21962129973624445 0.28656352171557137 0.24724244895647177 0.31997467987433048 0.39568158929624536 0.474816104760375 0.55770661634242713 0.51013242027634287 0.69660103612116664 0.56332868645652945 0.75335375404141791 0.95279915218470368 0.43646705031039063 0.59564456780533082 0.22292610332882887 0.35453620719666684 0.48721189409032012 0.1538124854612038 -0.66987014411434509 -1.9498989671443456 -1.2561635444371793 -0.80947253708398137 -0.95024123818504336 -0.56253103827623618 -0.6834696789372372 -0.8778319300259968 -0.56353676621281967 -0.65446981005444971 -0.40481775888302302 -0.45635359727364538 -0.49149274803467075 -0.28580800839470411 -0.29043711951469769 -0.28893062887546878 -0.28074813748531596 -0.26646997269793443 -0.13731425937690425 -0.11093580410563497 -0.079181784916015685 -0.042178417186760152 0 0.047338779316822219 0.099750524201724186 0.15714514649954447 0.21940026192408188 0.28627492532023452 0.24699049006023613 0.31964705090521051 0.39527355973218026 0.4743220883617642 0.55712026927995695 0.50956137998040107 0.69586433703984463 0.56308256956157887 0.75339753077073646 0.95324355481846135 0.43811967428253268 0.59802667633809736 0.22669069468864717 0.359437471165171 0.49280178873856817 0.16055551018566061 -0.6606927107552536 -1.9250805299141043 -1.2433210451036512 -0.7983971917679431 -0.94027711804854741 -0.5540363591608678 -0.67590724783687273 -0.87104467779951278 -0.5579381763566279 -0.64959972147644462 -0.40092608732839419 -0.4533777432334592 -0.48930472470720787 -0.2841598112232343 -0.28907967924216854 -0.28782709458401118 -0.27986414781504038 -0.26577745886508103 -0.13689587601867809 -0.11065508501348847 -0.079014627704234633 -0.042104401340700363 0 0.047289761107741558 0.09966831080145501 0.15704522011863545 0.2193029331205881 0.28619853778256116 0.24706056363969178 0.31977545017697911 0.39548390171336822 0.47463283458959016 0.55755054171093299 0.5105235889152262 0.69717248939777454 0.56479431103666167 0.75520002371164296 0.95511303080694632 0.44071277440346507 0.60069581838876174 0.22990628271311978 0.36275169998209289 0.49622117572321406 0.16510626656164282 -0.65374335135924766 -1.9159572091941315 -1.2359706900398886 -0.79189142583089722 -0.93412458623298111 -0.5487292728150639 -0.67101402456741099 -0.86649894921405757 -0.55423084624091767 -0.64633886103603244 -0.39842081365472531 -0.45130743511651289 -0.48763754016510824 -0.28289274662793013 -0.28799284080617421 -0.28690817294570442 -0.27909899583830239 -0.26515559996512189 -0.13651474005329206 -0.11038884131080602 -0.078848655845195834 -0.042027047160321587 0 0.047232446774622058 0.099561400955647528 0.15689562492835815 0.21912305529463802 0.28599661676010474 0.24694953626436941 0.31965318812611082 0.39535822784719987 0.47450287095321064 0.55741369342521896 0.51059011158411316 0.69719853712105717 0.56506140892981993 0.75535947788105873 0.95510234756268153 0.44114592282100173 0.60087920170589659 0.2302572184963127 0.36276045488116682 0.49581817072640594 0.16402620550072902 -0.65560850777025281 -1.9105495208524812 -1.2327079121559583 -0.78933308836377347 -0.93172793988462788 -0.54694566662770272 -0.66936300934526471 -0.86487415124004563 -0.55308726543068687 -0.64526199725467603 -0.3977090591979634 -0.45064595886500658 -0.48701638180617507 -0.28250348000554748 -0.28762438534439427 -0.28656198021383761 -0.27877763402296712 -0.26486153279984176 -0.13635899172203306 -0.11026694728875339 -0.078763787333738206 -0.041982682416405827 0 0.047183639304367746 0.099459169116535628 0.15673501175723012 0.21889868667337484 0.28570297650257021 0.24669051793459185 0.31931613437306056 0.39493798911733796 0.47399354810082428 0.55680862149394816 0.50999226575178092 0.69636300401703854 0.56427643504275327 0.7542956585775058 0.95372612441525773 0.44010429705237253 0.59951810174541564 0.22903213179676124 0.36120077818123675 0.49389243943488104 0.16169470125963226 -0.65807872646186671 -1.8834733067604974 -1.2163949433788019 -0.77654258131940579 -0.91974575937566039 -0.53802805312031388 -0.66110749818882886 -0.85674911549866706 -0.5473675959211729 -0.63987555979786148 -0.3941480787508338 -0.44733651458704382 -0.48390889099718937 -0.28055567306142171 -0.28578087489538173 -0.28483004038240795 -0.27717009951906779 -0.26339071980183232 -0.13557999051272207 -0.10965737756030022 -0.078339445159412907 -0.041760895485187917 0 0.046939771844954153 0.098948448078253107 0.15593276606422807 0.21777820030840539 0.2842368323951468 0.24539834063236857 0.3176348191239447 0.39284200835722666 0.47145361251808532 0.55379161674482247 0.50701548230563576 0.692202910743555 0.56037534912716402 0.74900766552983322 0.94688471310903677 0.43494535288344649 0.59277256625322461 0.22297852909354665 0.35348718838286314 0.48436317483628699 0.15017963071496124 -0.67022811725965892 -1.8563456988097407 -1.200088332677175 -0.76375813983083962 -0.90776885385968697 -0.52911410405599801 -0.65285379289332579 -0.84862438185108569 -0.54164661693430105 -0.63448690568871902 -0.39058442247901726 -0.44402436068792994 -0.48079907384895609 -0.27860579725668266 -0.28393562678472312 -0.28309672111908812 -0.27556152766477082 -0.26191921375291038 -0.13480061648915653 -0.10904766810628552 -0.077915109080578387 -0.041539170330651548 0 0.046696170157712387 0.098438411338588314 0.1551318000971641 0.21665983775920669 0.28277391517987704 0.24411073764488458 0.31595972299869995 0.39075424214848914 0.4689242104858482 0.55078782363674894 0.50405840845322214 0.68807069977649438 0.55651205659443348 0.7437691683136296 0.94010658123023083 0.42986486878605873 0.58612272300824353 0.21703956431629179 0.34590890443659406 0.47499248005671946 0.13889111519939717 -0.68205849036998456 -1.829181506936373 -1.1837942331138696 -0.75098502025354608 -0.89580168619332345 -0.52020761178739194 -0.64460505819924252 -0.8405025794005303 -0.53592645953022067 -0.62909770470874349 -0.38701936596766645 -0.44071042186318127 -0.47768756413294233 -0.27665436151693512 -0.28208903160252796 -0.28136230773114002 -0.27395212506848921 -0.26044715119525924 -0.13402094736086462 -0.10843785397578087 -0.07749078975636492 -0.041317503769418659 0 0.046452812952306008 0.097929002322770589 0.15433201044811229 0.21554343297950507 0.2813139724364262 0.24282736211956929 0.31429038573990598 0.38867409345216974 0.46640460151368707 0.54779633518623816 0.50111975019526034 0.68396462180575901 0.55268427875226434 0.73857726183716355 0.93338812567363627 0.424858438326773 0.57956326880588771 0.21120892872783778 0.33845844146278298 0.4657715323999288 0.12781569293337341 -0.69359121409406344 -1.801994429335644 -1.1675183071763737 -0.73822804006766585 -0.88384836977966164 -0.51131204270199038 -0.63636420328324661 -0.83238609726022939 -0.5302090618835007 -0.62370948583678665 -0.38345407284915217 -0.43739554867310587 -0.47457494328237082 -0.27470182731231479 -0.28024145172731557 -0.2796270722178697 -0.27234208373818092 -0.25897465845872225 -0.1332410553641985 -0.10782797147844374 -0.077066498627785252 -0.041095897153826555 0 0.046209680075319372 0.097420170431844227 0.15353330293216702 0.21442883091724987 0.279856778312502 0.24154790155880415 0.31262639231166306 0.38660103301372323 0.46389412125694035 0.54481634611832985 0.49819835826048364 0.6798831166410324 0.54888997038799447 0.73342936244212087 0.92672612782866992 0.41992214571128683 0.57308949492744354 0.20548099583919735 0.33112914414296629 0.45669246619362336 0.11694139211779964 -0.70484526079038523 -1.7340070944499943 -1.1269410789185272 -0.70643442176190996 -0.85404958123551222 -0.48914116273872305 -0.61581346246894308 -0.81213214525100563 -0.51593891477271647 -0.61025213459647287 -0.3745465813030302 -0.42910920733838409 -0.46679188714945474 -0.26981839468068958 -0.27562027311619103 -0.27528693825394501 -0.26831529768996448 -0.2552922797635655 -0.13129077833415437 -0.10630317182808831 -0.076005961110907433 -0.040542135983196233 0 0.045602728617435299 0.096150344759553683 0.15154076426526608 0.21164937973633871 0.27622457041271409 0.23836464374427063 0.30848749163927341 0.3814464280363537 0.45765415415866434 0.53741213869609383 0.49096393036045605 0.66977809541320643 0.53953919369347181 0.7207376016453837 0.91030012197375176 0.40786627847446255 0.55725343683391537 0.19157896578514302 0.31329870898173701 0.43457157292435261 0.090568668120513854 -0.73186712455102565 -1.6945090466557076 -1.1031847409145661 -0.68785904423301203 -0.83659317687398982 -0.47619172592224096 -0.60377343090214342 -0.80021550907508987 -0.50756334909684409 -0.60232251901116296 -0.36931145760584971 -0.42421733707957293 -0.46217833380574447 -0.26693461506716598 -0.27288503502673733 -0.27271266731448851 -0.26592246010899029 -0.25310040612364609 -0.13013327899264221 -0.10539691181970591 -0.075374885182723936 -0.040212283249810243 0 0.045240466153886071 0.095392047802001723 0.15035039780240764 0.20998828188160631 0.27405322912214125 0.23646419264364438 0.3060153464183501 0.3783667488452464 0.45392552955780718 0.53298770154237129 0.48664797219780387 0.66374894277643337 0.53397435979686059 0.71318282108159348 0.90052322867085344 0.40073140302251892 0.54787378027878664 0.1833848374968404 0.30277374211183827 0.42150120747591596 0.075011987110682701 -0.74777052217940743 -1.6992176096314504 -1.1050345991629398 -0.68942197177622555 -0.83791103473394191 -0.47729917382511367 -0.60469646499889995 -0.80097671395670167 -0.50818187066776155 -0.60281594387909976 -0.36969579521018614 -0.42450773870395381 -0.46238913278916899 -0.26711074634601734 -0.27302953405965541 -0.27282885997354556 -0.26601374391220972 -0.25316953369570688 -0.13018287897402703 -0.10543027912632998 -0.075394781095820387 -0.040221083574651054 0 0.045246066306204834 0.095401324556461109 0.15036147823172041 0.20999866902863312 0.27406079415270357 0.23646723528283617 0.3060119447515634 0.37835461929740921 0.45390313341643124 0.53295348780824614 0.48658430719070922 0.66364981573615767 0.53383360406543201 0.71299479338349014 0.90028254518782835 0.40043228484640297 0.54751051137113182 0.18295028517609269 0.30225944258168935 0.42089619395923283 0.074099877665154773 -0.74919801908848127 -1.7021028460193866 -1.1061787872372315 -0.69039066620467471 -0.83872961509745503 -0.47798865424817794 -0.60527259929324817 -0.80145321984868356 -0.50857033182370226 -0.60312704272627693 -0.36993923251464889 -0.42469271961410221 -0.46252433907095364 -0.26722418534320452 -0.2731230441530994 -0.27290446911067073 -0.26607350381604555 -0.25321511623808751 -0.13021588214688581 -0.10545270295272278 -0.075408302992563001 -0.04022714767040645 0 0.045250187025480448 0.095408397360190619 0.15037036340674947 0.21000784792812685 0.27406897655116136 0.23647338183526251 0.30601488909697799 0.37835297527015971 0.45389596004508304 0.53293985066364546 0.48655418908381981 0.66359954453273795 0.53375942832603374 0.7128932731450498 0.90015039973596667 0.40026597751995768 0.5473065581663209 0.18270434840129737 0.30196635319694842 0.42054927692350014 0.073569552738843205 -0.75003825280516845 -1.7038800606985696 -1.106893372784552 -0.690997445498854 -0.83924397717818955 -0.47842334890342114 -0.60563716804036483 -0.80175597936245213 -0.50881830244993131 -0.60332671249252767 -0.37009647351669739 -0.42481312310836117 -0.46261317685906028 -0.26729912573159614 -0.273185212892746 -0.27295508705496319 -0.26611382732221472 -0.25324615768416725 -0.13023861130630221 -0.10546833569237229 -0.075417857993408499 -0.040231500560860181 0 0.045253358256389146 0.095414028867586015 0.1503777616490479 0.21001608872840682 0.27407727471607263 0.23648110627407698 0.30602132478629424 0.3783572813673502 0.45389756370167406 0.53293817232931473 0.48654379547429633 0.6635781997837279 0.53372482636340246 0.71284332235381276 0.90008308924245628 0.40017914103144947 0.5471980683246388 0.18257153627508393 0.30180607657669228 0.42035745278782316 0.07326914206338514 -0.75052414128496647 -1.7049828715605928 -1.1073456058580271 -0.69138304336983269 -0.83957227360673503 -0.47870207367386997 -0.60587209878434345 -0.80195215842307244 -0.50897999603242905 -0.60345783766774796 -0.37020060779516484 -0.42489363847724793 -0.46267328190809082 -0.26735018775313169 -0.27322789265712916 -0.27299013660532961 -0.26614200532376453 -0.25326807998890177 -0.13025487126716018 -0.10547966975473491 -0.075424886078256481 -0.040234755983739906 0 0.045255895883376578 0.095418669777954837 0.15038408400531997 0.21002353041304422 0.27408535650701998 0.23648943882585344 0.3060294745531329 0.37836473318454417 0.45390397322186782 0.53294317892923504 0.48654468267137552 0.66357359689039219 0.53371333748036254 0.71282363774840185 0.90005398183813878 0.40013928130914916 0.54714613697761982 0.18250590858380317 0.30172481985571387 0.42025808224705397 0.073106346505522488 -0.75079716884597003 
end_dependent_variable

end_regular_table
