# ****************************************************************************
# CUI
#
# The Advanced Framework for Simulation, Integration, and Modeling (AFSIM)
#
# The use, dissemination or disclosure of data in this file is subject to
# limitation or restriction. See accompanying README and LICENSE for details.
# ****************************************************************************

# ##################################################################################################
# 
# This file was auto-generated by AFSIM Mover Creator 2.8.0.201104
# 
# Creation Date:  05 Nov 2020
# 
# ##################################################################################################

regular_table

independent_variable mach precision double
0.10000000000000001 0.5 0.70000000000000007 0.75 0.80000000000000004 0.84999999999999998 0.90000000000000002 0.92000000000000004 0.94000000000000006 0.95999999999999996 0.97999999999999998 1 1.02 1.04 1.0600000000000001 1.0800000000000001 1.1000000000000001 1.2 1.3 1.4000000000000001 1.5 1.75 2 2.5 3 3.5 4 
end_independent_variable

independent_variable surface_angle units deg
-40 -30 -28 -26 -24 -22 -20 -18 -16 -14 -12 -10 -9 -8 -7 -6 -5 -4 -3 -2 -1 0 1 2 3 4 5 6 7 8 9 10 12 14 16 18 20 22 24 26 28 30 35 40 
end_independent_variable

dependent_variable precision double
5.6751158309484833 3.3070582087778595 1.4554588840068343 2.0688814637043174 0.48235035188816183 1.1346889166942804 2.1677151113527433 1.053438953987456 1.6163377665751277 0.75279504348071791 1.1448406665922677 1.564642762475412 0.78363835292181272 0.85967163126960022 0.86226417240531106 0.85752064033329678 0.83913897740386656 0.37270633803704584 0.31651250017043303 0.23847818433031054 0.13433907571304349 0 -0.15972665774904959 -0.34509094038782873 -0.55447337360669557 -0.78924190384365167 -1.0329656028637539 -0.87560024584736651 -1.1385222937074262 -1.4017120649664983 -1.7280527608662428 -2.0660309359979707 -2.1373295483724397 -2.9347184291709913 -2.6074138259412245 -3.4724561063892572 -4.409636995874493 -2.8988394496164842 -3.6723016538270516 -2.6433321418994096 -3.3149422127315749 -4.1126438883279217 -4.1627483671193382 -2.3349616779854654 5.6739405559991516 3.3064102694751276 1.4549021230329933 2.0684040311700906 0.48195045833618921 1.1343563043391665 2.167443438075741 1.0532239951986182 1.6161715257565494 0.75267194648165714 1.1447537862545225 1.5645861913429771 0.78359416220974187 0.85963855056273752 0.86224073406267521 0.85750525805927569 0.83913012841084045 0.37270193422052228 0.3165115495930157 0.2384790655595532 0.13434024587173787 0 -0.15972946427573806 -0.34509810571695859 -0.5544864531255923 -0.78926237754384576 -1.0329951132087303 -0.87563918052310052 -1.1385732146071814 -1.4017766112985761 -1.7281325260110667 -2.0661274968685648 -2.1374613499875625 -2.9348944226470728 -2.6076353106709367 -3.4727337684380242 -4.4099771408519439 -2.8992327694848892 -3.6727683143845389 -2.6438685568273113 -3.3155629200624901 -4.113354877344233 -4.1636954187260891 -2.3361657966692464 5.6741042761567915 3.3065053514711664 1.4549857973340992 2.0684765975084565 0.48201297777399066 1.1344092180495124 2.1674875081545402 1.053260147139226 1.6162003968090122 0.75269439014233008 1.1447705563217874 1.5645981180801152 0.78360394601488448 0.85964641483083271 0.8622468928699103 0.85750991648221286 0.83913349229196754 0.37270417972271253 0.3165129210784286 0.23847976871110885 0.13434048948392865 0 -0.15972950459852617 -0.34509797723294994 -0.55448594850831845 -0.78926128054699696 -1.0329932235427788 -0.87563620534918307 -1.1385690187394411 -1.4017709931071156 -1.7281252868658634 -2.0661184243529367 -2.1374477896589106 -2.9348757626585478 -2.6076103820925169 -3.472702110437845 -4.409937955846214 -2.8991841832538219 -3.6727105669181359 -2.6438002028240857 -3.3154838249748559 -4.1132642982244203 -4.1635719576570906 -2.3360041521698105 5.6741368359066344 3.3065242174936604 1.4550023622609745 2.0684909662715119 0.48202532500424794 1.1344196757414724 2.1674962014093735 1.0532672648852319 1.6162060798488347 0.75269879855440669 1.144773838185055 1.5646004471320158 0.78360585374391323 0.85964794240548703 0.86224808343732884 0.85751081341292901 0.83913414058410651 0.37270460809848205 0.31651318077505564 0.23847989898227706 0.13434053357251732 0 -0.15972950815688855 -0.34509794231951091 -0.55448583216742076 -0.78926104435470967 -1.0329928234105132 -0.87563558817276888 -1.1385681563072874 -1.401769841474245 -1.7281238056297037 -2.0661165741321499 -2.1374450450285791 -2.9348719877307161 -2.6076053629824791 -3.4726957300228212 -4.4099300804721979 -2.8991744665948178 -3.672699004506244 -2.6437865402443741 -3.3154680161441381 -4.1132461988933873 -4.1635473129817351 -2.3359719358099151 5.6741669697149986 3.3065416537884884 1.4550176991539077 2.068504251760551 0.48203675363447918 1.1344293373814922 2.1675042428615763 1.0532738385687992 1.616211317630613 0.75270285489604549 1.1447768647398107 1.564602592234134 0.78360760611771263 0.8596493469214388 0.86224918311491727 0.85751164058059448 0.83913473302750885 0.3727050004757515 0.31651341835558289 0.23848001840283362 0.13434057402295971 0 -0.1597295093057769 -0.34509790743798552 -0.55448572284750741 -0.789260820800194 -1.0329924459368784 -0.87563500584596676 -1.1385673440432569 -1.4017687636255347 -1.7281224194959652 -2.0661148490125347 -2.1374424846033397 -2.9348684709197914 -2.6076006972194232 -3.4726898076312689 -4.4099227637132081 -2.8991654300776903 -3.6726882795062727 -2.6437738713253922 -3.3154533465000022 -4.1132294036782353 -4.1635244656783055 -2.3359420851386927 5.6741950293970085 3.3065578804315847 1.4550319504750471 2.0685166093308025 0.48204737485154103 1.1344383127522313 2.1675117034869134 1.053279944654826 1.6162161887893673 0.7527066274622729 1.1447796738355407 1.5646045779599127 0.7836092337733036 0.85965064759065302 0.86225019592378416 0.85751240270841622 0.83913527657933062 0.37270536138624666 0.31651363436254076 0.23848012662172907 0.13434060972625941 0 -0.15972951035892446 -0.34509787346599657 -0.55448561571367294 -0.78926060618147598 -1.0329920898134175 -0.87563446404939049 -1.1385665842451247 -1.4017677534974067 -1.72812112706045 -2.06611322920768 -2.1374400912775209 -2.9348651843971427 -2.607596333869298 -3.4726842859464249 -4.4099159178707659 -2.8991570135772831 -3.6726782740933408 -2.6437620587111583 -3.3154396899200402 -4.1132137647553311 -4.1635031775439568 -2.3359142917434585 5.6742212554532871 3.306573038353251 1.4550452540909906 2.0685281274466676 0.48205728018353539 1.1344466792121697 2.1675186736645999 1.0532856432684683 1.6162207193665672 0.75271013961381839 1.1447822817481639 1.5646064251808245 0.78361073709364948 0.85965185226386698 0.86225113392725738 0.85751310879601983 0.83913578445178827 0.37270569446811419 0.31651383320000132 0.23848022459637058 0.13434064147227723 0 -0.15972951064614657 -0.34509783958974843 -0.55448551617526687 -0.78926040222188854 -1.0329917532210582 -0.87563394669860461 -1.1385658665728977 -1.4017668009413484 -1.7281199068772441 -2.0661117074412947 -2.1374378459029852 -2.9348621059509323 -2.6075922503373032 -3.4726791094386904 -4.4099095226478493 -2.8991491347566032 -3.6726689135897117 -2.643751009724685 -3.3154269093035844 -4.1131991251099453 -4.163483273181745 -2.3358882982732352 5.6558891226815549 3.2964574340642199 1.4490971458223412 2.0617993655577642 0.478788662168455 1.1302759265274709 2.1617307595898532 1.049982270003526 1.6120824536687863 0.75045193996118043 1.14193959755333 1.5612268064797352 0.78180063883130602 0.85774681760792904 0.8603466680476225 0.85563619201966856 0.83732150932942306 0.37183637785672663 0.31579190138640828 0.23794897166829687 0.13404870840212671 0 -0.15938993561303419 -0.34437090708024448 -0.55332520383659112 -0.78762055281539112 -1.0308404897046217 -0.87377235184134194 -1.1361438343247523 -1.3987619189935327 -1.7244503241122675 -2.0617461972537701 -2.1331256130872509 -2.9289789862852964 -2.6025136676628238 -3.4659568480108729 -4.4014270494494765 -2.8943150442447654 -3.6664927379719843 -2.6402582544265756 -3.3108720433796694 -4.1074704986246697 -4.1600382093604917 -2.3392000168075091 5.6375797003168291 3.2863548195659096 1.4431575968226182 2.0550795782736748 0.4755253849521372 1.1261110563551355 2.1559499701033813 1.0466833367578543 1.6079491886988302 0.74819671582712666 1.1391002787842395 1.5578508043513728 0.77999258671350125 0.85584386611626406 0.85844428017502861 0.85376131088191065 0.83550917912177158 0.37096805133174859 0.31507077538392364 0.23741830172444495 0.13375708911890288 0 -0.15905072025855355 -0.34364473940483264 -0.55216610276447153 -0.78598240055946189 -1.0286914603546777 -0.87191272123841268 -1.1337243551617269 -1.3957602291425117 -1.7207846108286295 -2.0573852594119182 -2.1288177013170211 -2.9231017178056695 -2.5974399754739532 -3.4592410101962789 -4.3929526057038073 -2.8894847799905357 -3.6603215021654707 -2.6367672089806327 -3.3063196621692552 -4.1017451119022894 -4.1565923115995158 -2.3425025017520147 5.6192930030648789 3.2762651810716594 1.4372266067854513 2.0483687904103864 0.47226742571000091 1.1219520754353078 2.1501763038265169 1.0433888089116186 1.6038209108232235 0.74594445786736507 1.1362643376957011 1.5544784314335083 0.77818657614468167 0.85394299763568671 0.85654396923717968 0.85188846304667298 0.83369879896053456 0.37010071343792156 0.31435045567125064 0.23688821568392532 0.13346578458001263 0 -0.15871186456355643 -0.34291933294451471 -0.5510082114079089 -0.78434595077728309 -1.0265446645967817 -0.87005505684292672 -1.1313074391940385 -1.3927617323839885 -1.7171227582181865 -2.0530289031834368 -2.1245141145751076 -2.9172303103924904 -2.5923711719324705 -3.452531595228983 -4.3844861846706937 -2.8846583367856193 -3.6541551715503364 -2.633277901879286 -3.301769761229973 -4.0960229588153974 -4.1531455676440059 -2.3457957567831942 5.6010290321511871 3.2661885174581129 1.4313041885783899 2.0416669790922573 0.4690148131387229 1.1177990030182503 2.1444097634655312 1.0400987158252983 1.5996976304585546 0.74369519059151323 1.1334317729345798 1.5511096817774537 0.77638261657126262 0.8520442175532067 0.85464574394009629 0.8500176530201512 0.83189036638198521 0.36923436694534295 0.31363094789070756 0.23635871374460221 0.13317479496417195 0 -0.15837336727064849 -0.34219468930773439 -0.54985152930096537 -0.78271119707337666 -1.0244001020352056 -0.86819936242068496 -1.1288930774348278 -1.3897664264712484 -1.7134647716168867 -2.0486771182793944 -2.1202148529891653 -2.9113647532972715 -2.5873072602042013 -3.4458285921307192 -4.3760277933455924 -2.87983570661333 -3.6479937806442924 -2.6297902917625571 -3.2972223323919509 -4.0903040374747119 -4.1496979826001352 -2.3490797851689971 5.5625568459482713 3.2561248198405335 1.4253903176918168 2.0349741554507372 0.46576753937480109 1.1136518256747348 2.1386503415143538 1.0368130372273974 1.5955793445411208 0.74144888428166011 1.1306025786032485 1.5477445591873056 0.77458070901447773 0.85014752492418244 0.85274959225874725 0.84814887734291466 0.83008387956066754 0.36836900921156956 0.31291224832755549 0.23582979694685774 0.13288412113942977 0 -0.15803522949042173 -0.34147080955402204 -0.5486960594243675 -0.78107814022643363 -1.0222577713040488 -0.86634562899759304 -1.1264812743519934 -1.3867743142126849 -1.7098106546756413 -2.0443299116186506 -2.1159199195973653 -2.9055050511410965 -2.5822482377360605 -3.4391320317938181 -4.3675774384175856 -2.8750169141364701 -3.6418373217880831 -2.6263043971147826 -3.2926773956713764 -4.084588341803892 -4.1462495677014779 -2.1728643296715582 5.3658391525859601 3.2494087594990408 1.4194850060741702 2.0282903121329419 0.46252560043542262 1.109510540034689 2.1328980462449807 1.0335317830749475 1.5914660418884095 0.73920556758342093 1.1277767576122248 1.5443830556208462 0.77278084298114758 0.84825291890609611 0.85085552537564568 0.84628213769999971 0.82827933999013625 0.36750464287904461 0.31219435700094261 0.23530146442902572 0.13259376027186159 0 -0.15769745113670952 -0.3407476921515265 -0.54754179992074614 -0.77944678827867209 -1.0201176756584951 -0.86449386545838713 -1.1240720332390153 -1.3837853992081481 -1.7061604022627499 -2.039987273780322 -2.1116293098807466 -2.8996512112002586 -2.5771941085108607 -3.4324418803643697 -4.3591350973684611 -2.8702019330072006 -3.6356857769058664 -2.6228202243697361 -3.2881349149165642 -3.9869795973520246 -4.046566513075998 -2.2479813333430991 5.1700509750163146 3.1523727534319419 1.3524437646990186 1.9789351738833991 0.43204518646222217 1.090427561779528 2.1222826838667679 1.0332997626309934 1.5965697540691077 0.75071048895093773 1.1249543122592851 1.5410251840732783 0.77098301798618551 0.84636039855430578 0.84896353578472095 0.84441742781081675 0.82647674936819304 0.36664126630102806 0.31147727663628721 0.23477371532943986 0.13230371494008339 0 -0.15736003194462928 -0.34002533789170408 -0.54638874916250935 -0.77781713308575029 -1.0179798148304702 -0.86264406822874806 -1.1216653519257707 -1.380799672496309 -1.7025140106762382 -2.0356492132151192 -2.1073430283072088 -2.8592006934632628 -2.5348844819321759 -3.3862219759339114 -4.3093552012241476 -2.8230579193503109 -3.587120960758865 -2.5773159143126523 -3.2432053819337794 -4.0336223503780779 -4.1042424296776376 -2.3225547288204726 4.9764780285235526 3.0569980585410073 1.2680953563935913 1.8998536246976381 0.36225163604607941 1.0245945385769355 2.0597009045775825 0.97755606011461482 1.5445508408261439 0.70462977126621296 1.0996288818795947 1.5208919350479633 0.75514541185502571 0.83293531739079807 0.8371149474332984 0.83465374824250005 0.81867035052163584 0.36152388547704128 0.30734005019095262 0.23231752618522675 0.13148976058809153 0 -0.15577772365781342 -0.33687704086793707 -0.54167360663110387 -0.77230684765265278 -1.0108936585551189 -0.85481864400888885 -1.1130612207364694 -1.3706634986642685 -1.6908291104667672 -2.0224653595843107 -2.0935211771381876 -2.8781348705136831 -2.5569726868782361 -3.4099290265913345 -4.3344474025293875 -2.8554818813195459 -3.6220442299694979 -2.6182156200074389 -3.2869561642992751 -4.0786903550385158 -4.1602548093235061 -2.3952983119547251 4.933677212928461 3.0199923361428338 1.2352247545476391 1.8665601522484974 0.3333732233966693 0.99575200126689123 2.0307570214303428 0.9527149771980753 1.5211371015569783 0.68534841165920724 1.0827172356281598 1.5060151212021404 0.74344587932752249 0.82280800113014974 0.82779952743166496 0.82692531534338687 0.8125535222866338 0.35786398208326048 0.30419388956966592 0.23062998254454109 0.13122157284034014 0 -0.15460510989761014 -0.33462108739405705 -0.53842227196828663 -0.76923570738876645 -1.0071112471973112 -0.85127858311997373 -1.1100211498079264 -1.3673588620817474 -1.687342392015017 -2.0189335228336041 -2.0925312023495355 -2.8784247991152192 -2.5607580056638484 -3.4154488235813441 -4.3413453534885047 -2.8694150074780418 -3.6379556362940009 -2.6395630319874224 -3.3103015163751093 -4.1030009748813088 -4.194600490104631 -2.4494058165124764 4.9215284683931042 3.0119170872208003 1.2309860382774906 1.8612991106907089 0.33131814367292078 0.99262235375123475 2.0258591036373197 0.95014051627078944 1.5176046880132807 0.68357078366107416 1.0802545123859644 1.5029361419584666 0.74187947791627518 0.82110631521058952 0.82607508670694829 0.82519317598197239 0.81085041552414272 0.35706648223721271 0.30353098645633048 0.23013064268899844 0.13093620021601021 0 -0.15428594401631748 -0.33393294174304156 -0.53731726949969982 -0.76764978794814698 -1.0050260159978508 -0.849485427743227 -1.1076610290569535 -1.3644210932611969 -1.6837427032997414 -2.0146381093086156 -2.0882544304819213 -2.8725490268711265 -2.5556332145996588 -3.4086302352731828 -4.3327117681348639 -2.8643053342010196 -3.6314153165965704 -2.6355758412209278 -3.3051351586852658 -4.0965536274635594 -4.1899901754610926 -2.450852848582123 4.8594692624808422 2.9711984248768082 1.2094649318490451 1.8347411750482063 0.32079696108152755 0.97678622391601455 2.0012453535472683 0.93714181400685692 1.4998604916314191 0.67460020557311828 1.0678935336376183 1.4875204232884771 0.73401496115066323 0.81257732817140305 0.81743873567279046 0.81652742598117634 0.80233772789097924 0.3530760947017777 0.30021399484387673 0.22763517176436363 0.12951298347435627 0 -0.1526906205036708 -0.33049455722010412 -0.53179771418472876 -0.75973451929701441 -0.99462002950065143 -0.84053432943942819 -1.0958872058884559 -1.3497685011799889 -1.6657913610801265 -1.9932202890875879 -2.0669347472785864 -2.8432685097235599 -2.5301051041365827 -3.3746733374260822 -4.2897225379216168 -2.838895922026651 -3.5988958689885382 -2.6158009799108881 -3.2795091545135082 -4.0645636777099137 -4.1672315595698137 -2.458413999093287 4.7954302753927713 2.9299769574386687 1.1874554661926773 1.8078110011270607 0.30990720669703109 0.9606718856718115 1.976453766015408 0.92395659483294124 1.4819992248079235 0.66550815578008971 1.0554658602637204 1.472079413884944 0.72610409669901743 0.80402054365204734 0.8087844590450427 0.80785765767971029 0.79383301303202891 0.34908305853201227 0.29689465452076702 0.22514264671699463 0.12809597205395687 0 -0.15109671963388016 -0.32706115191524932 -0.52628872943999394 -0.75184441002319735 -0.98424915992335249 -0.8316093044535906 -1.0841591878115782 -1.335177453130413 -1.6479194052551591 -1.9719018690231176 -2.04572138564557 -2.8141496920944156 -2.5047327530564347 -3.340936747336456 -4.2470221890343911 -2.813705923774656 -3.5666641622434039 -2.5962748871300056 -3.2542017919597814 -4.0329564267352689 -4.144916712764223 -2.466449631282897 4.72967732771356 2.8883375346478743 1.1650296347344509 1.7805697225504684 0.29870029480288601 0.94432287856633557 1.9515207477802394 0.91061524735529897 1.4640455776630623 0.65631461983230688 1.0429868514966969 1.4566248585776891 0.71815676627729386 0.79544402838026707 0.8001192950411089 0.79918938586908705 0.78534034222447746 0.34509009831652898 0.29357520052154218 0.22265421815852768 0.12668531673044506 0 -0.14950497506786822 -0.32363407513396264 -0.52079219258089704 -0.74398107214463971 -0.97391528084746848 -0.82271241727416866 -1.0724784722745691 -1.3206493631386615 -1.6301280495615036 -1.9506837298019148 -2.0246136857380201 -2.7851899661348951 -2.479511411854963 -3.3074127531553876 -4.2045997552066661 -2.7887203551331541 -3.5347006279849529 -2.5769733055059367 -3.2291830914220601 -4.0016964790781326 -4.1229909071116833 -2.4748750552325838 4.6624484016983523 2.8463562129101505 1.1422519766578059 1.7530722109897545 0.28722230577711488 0.92777828548191266 1.9264789280355228 0.89714500175858658 1.4460217053588906 0.64703747136807832 1.0304703051021173 1.4411673248413333 0.71018183547357205 0.78685504677680862 0.79144958322665082 0.79052757547011265 0.77686339114497271 0.34109967267629859 0.29025765431517331 0.2201709200884365 0.12528116585402307 0 -0.14791604430483743 -0.32021455302728674 -0.51530978864361743 -0.73614594330357286 -0.96362010411657273 -0.81384551876022049 -1.0608464293267319 -1.3061855485966569 -1.6124184536104225 -1.9295667415153901 -2.0036111642569248 -2.7563870704498541 -2.4544369299816893 -3.2740945779737358 -4.1624455712241062 -2.7639260391192249 -3.5029880926308188 -2.5578748021444073 -3.2044265580042048 -3.9707525390211074 -4.1014057330546203 -2.4836156023936957 4.4892620044095572 2.7403381367572925 1.084134382483342 1.6835180356388093 0.25760239323788853 0.88578239239382961 1.8635833933502652 0.86305981546914345 1.4007803553588496 0.62358051610367882 0.99909284940455756 1.4025703274852417 0.69017404522976977 0.76536923821817127 0.76979137807398934 0.76892945893099629 0.75576059482035884 0.33114867237191348 0.2819836167763482 0.21399102373210979 0.121800035808804 0 -0.14395983003712856 -0.31170581699544503 -0.50167538470007578 -0.71668995884644271 -0.93806142444838114 -0.79182038405454536 -1.0319874516803658 -1.2703151701944377 -1.5685091805587734 -1.8772222938351906 -1.9515629073216156 -2.685054265053163 -2.3923711020048981 -3.1916627268058866 -4.0581809194650109 -2.7027042329991677 -3.4247095384238637 -2.5108986352732288 -3.1435354887429323 -3.8946020731727322 -4.0486656350499173 -2.5064333053551393 4.3913475110620848 2.6793078509557828 1.051276782708449 1.6436297289975217 0.24122207930909156 0.86187037268455702 1.8270895952833259 0.84353527445339627 1.3744990949977163 0.61012920482448763 0.98083293889190948 1.379929101107412 0.67853196431716623 0.75280856589605583 0.75710677788317449 0.75624690392093041 0.74333906212679113 0.32531785136565267 0.27713464265588411 0.21035661355705415 0.11974050879587517 0 -0.14163389665010315 -0.30669834519656608 -0.49364485515425777 -0.70520311779585698 -0.92296934413504961 -0.77884362715289768 -1.0149519458999372 -1.2491332738675005 -1.5425659106903864 -1.8462811667673509 -1.9207820670863724 -2.642814899874832 -2.3556233689857535 -3.1427975788482265 -3.99632809984768 -2.6663395163628105 -3.3781674815514355 -2.4828850166619283 -3.1072025937595105 -3.8491917721266042 -4.0170503326660363 -2.5197963928631952 4.4236753897152985 2.6906596690680096 1.0609407256108252 1.6518628910850885 0.24817494324844913 0.86777617556684272 1.8320443905534669 0.84768212551263367 1.3778940650422005 0.61289280968422233 0.98298519475423574 1.3815986521870849 0.67994792128149772 0.753981070875685 0.75813954708888054 0.75706769334134394 0.74395717360841129 0.32574261260496529 0.2774877416680992 0.21054458604469203 0.11977252240889827 0 -0.14176208657527467 -0.3069440466088269 -0.49399874642069924 -0.70554263152301311 -0.9233940929280724 -0.77934307059986918 -1.0154105134967308 -1.2496437051545575 -1.5431159696881331 -1.846857384036966 -1.9212845767885733 -2.643204569597442 -2.3559192217660017 -3.1428860279291242 -3.9962125012596177 -2.665922546501013 -3.3774027253284227 -2.4818249910386174 -3.105729384499635 -3.8475354402834121 -4.0146391250392455 -2.5170450045157602 4.4433111163114773 2.6975608317571438 1.0668160510394906 1.6568685323219361 0.25240231222965814 0.87136681277838024 1.8350567731334637 0.8502030877156489 1.3799577901249054 0.6145725111920608 0.98429319259945403 1.3826130624768282 0.68080818905712148 0.75469336822046662 0.75876685510223829 0.75756618065793768 0.74433252690621021 0.32600052973168608 0.27770207156824456 0.21065866299402364 0.11979195776937421 0 -0.14183982179403351 -0.30709300396663569 -0.49421323381428284 -0.70574826593437523 -0.9236512776384993 -0.77964534566573596 -1.0156877737537273 -1.2499521631543133 -1.5434481535079092 -1.8472051218895642 -1.9215868314297588 -2.6434374275554382 -2.3560941246917739 -3.1429339391244855 -3.9961353112840992 -2.6656610442045121 -3.3769287093327032 -2.4811701093868277 -3.1048219899640519 -3.8465149747140348 -4.0131552106934603 -2.5153482496758621 4.455246656487029 2.7017613410063483 1.0703925147989848 1.6599157338767998 0.2549758628799752 0.87355265830508766 1.8368905252443577 0.85173749825547884 1.3812137816262295 0.615594589034691 0.98508894838199468 1.3832300416651977 0.68133133151671921 0.75512649272836108 0.75914815357787491 0.7578691437802445 0.74456061761601677 0.32615723841548705 0.27783222880506886 0.21072793393777062 0.1198037651497829 0 -0.14188695222405209 -0.30718328680092027 -0.49434317994288129 -0.70587273649323046 -0.92380685753954161 -0.77982810985972906 -1.0158551351851917 -1.250138216679348 -1.5436483275084714 -1.8474143887027812 -1.9217677692104842 -2.6435754326567857 -2.3561960030004023 -3.1429576687741334 -3.9960819492520061 -2.6654944847609112 -3.376631742130801 -2.4807618123551829 -3.1042587921520064 -3.8458813372835285 -4.0122352090235553 -2.5142932689487481 4.4625096219746885 2.7043226113172381 1.0725735056343364 1.6617741015578782 0.25654549195249282 0.87488577595480166 1.8380088288651604 0.85267312863594602 1.3819794710018545 0.61621749074226739 0.9855737652043135 1.3836057504800996 0.68164988122368353 0.75539016387067104 0.75938017635790189 0.75805345035678573 0.74469934204909682 0.32625253838116802 0.27791130902098249 0.21077000718486993 0.11981094298902994 0 -0.14191552842709673 -0.3072379927131933 -0.49442186937720373 -0.7059479931450412 -0.92390086149538853 -0.77993842196591556 -1.0159559172628965 -1.2502500928693061 -1.5437685159053089 -1.8475398224129977 -1.9218753466433716 -2.6436561975897432 -2.3562539401610305 -3.1429671751865778 -3.9960435380863757 -2.6653862045913446 -3.3764429695701135 -2.4805040145851911 -3.1039054936800166 -3.8454835436440673 -4.0116590236675043 -2.5136297834001042 
end_dependent_variable

end_regular_table
