# ****************************************************************************
# CUI
#
# The Advanced Framework for Simulation, Integration, and Modeling (AFSIM)
#
# The use, dissemination or disclosure of data in this file is subject to
# limitation or restriction. See accompanying README and LICENSE for details.
# ****************************************************************************

# ##################################################################################################
# 
# This file was auto-generated by AFSIM Mover Creator 2.5.0.200324
# 
# Creation Date:  24 Mar 2020
# 
# ##################################################################################################

regular_table

independent_variable mach precision double
0.10000000000000001 0.5 0.70000000000000007 0.75 0.80000000000000004 0.84999999999999998 0.90000000000000002 0.92000000000000004 0.94000000000000006 0.95999999999999996 0.97999999999999998 1 1.02 1.04 1.0600000000000001 1.0800000000000001 1.1000000000000001 1.2 1.3 1.4000000000000001 1.5 
end_independent_variable

independent_variable surface_angle units deg
-20 -16 -14 -12 -10 -9 -8 -7 -6 -5 -4 -3 -2 -1 0 1 2 3 4 5 6 7 8 9 10 12 14 16 18 20 
end_independent_variable

dependent_variable precision double
-0.065738475707093291 0.31210066016983179 0.5338330658650039 0.35277684591578412 0.19495637185369386 0.39432839003459713 0.32209395663330564 0.25294938779117193 0.18582878964550134 0.12177093166277635 0.19907432978311188 0.14178167221272367 0.089434959138343553 0.042160623643758686 0 -0.03703880239612467 -0.069022704511088731 -0.095906810451972732 -0.11752414750016547 -0.13357779867118288 -0.28238911204344674 -0.28528997900269731 -0.28045071772848112 -0.26895023810777979 -0.25154770757179357 -0.48080160943416683 -0.42232221335037506 -0.74836162253481953 -0.54213768484086144 -0.42445794228926359 -0.065184733325105701 0.31254108221977323 0.5342171263937352 0.3531062644039642 0.19523262424697926 0.39457611090195521 0.32231420971935371 0.25314160896147742 0.18599320803432631 0.12190771665557432 0.19918328294487364 0.14186329865469199 0.089489339032082518 0.042187804126575662 0 -0.037065933890376275 -0.069076903000151527 -0.095987987717357282 -0.11763220906879716 -0.13371247717427562 -0.28255016683606898 -0.28547720713487917 -0.28066373874035028 -0.2691894308095113 -0.2518128068706873 -0.4811204350055952 -0.42269211134005474 -0.748782537175542 -0.54260680961312946 -0.42497593258181426 -0.065083484733135091 0.31262209170598843 0.53428797056968114 0.35316703297347807 0.19528339830570371 0.39462174232106545 0.32235477135840995 0.25317705945401164 0.18602356277337806 0.12193298816891951 0.1992034583450279 0.14187841713746913 0.089499409937497665 0.042192835982199056 0 -0.037070955147005084 -0.069086932625924802 -0.096003010095968205 -0.11765220689703047 -0.13373742045989151 -0.28258002527673426 -0.28551195253689604 -0.28070332936513853 -0.26923387764678336 -0.25186207424729112 -0.48117942544957426 -0.4227605549708659 -0.74886034220552 -0.54269367874946894 -0.42507180717963938 -0.065063303329571373 0.31263824876619739 0.53430210471657513 0.35317915708213776 0.19529352461861893 0.39463084525112863 0.32236286263955771 0.2531841321711597 0.18602961954991715 0.12193803092742909 0.19920748539859956 0.14188143478100015 0.089501420102870349 0.042193840281899403 0 -0.037071957207830623 -0.069088934316443126 -0.096006008085775515 -0.11765619811620148 -0.1337423988988149 -0.28258598532892015 -0.28551888906099487 -0.28071123377156143 -0.26924275218680871 -0.25187191167713568 -0.48119119827195467 -0.42277421491043171 -0.74887586774178483 -0.54271101614943751 -0.42509094351861604 -0.065044600005107187 0.31265322523857203 0.5343152066987702 0.35319039578713285 0.19530291060199562 0.39463928299350132 0.32237036322986862 0.25319068822298257 0.18603523388510246 0.1219427054561526 0.19921121866962388 0.14188423232639266 0.089503283761485253 0.042194771312716185 0 -0.037072886278856722 -0.069090789965343874 -0.096008787819399463 -0.11765989825684015 -0.13374701408185136 -0.28259151101458613 -0.28552531995909586 -0.280718563165473 -0.26925098021917387 -0.25188103184839544 -0.48120211248274586 -0.42278687788710861 -0.74889026113921819 -0.54272709094805249 -0.42510868309740313 -0.065027184039858715 0.31266717356505885 0.53432740985645555 0.35320086306641679 0.19531165149173815 0.3946471413572466 0.32237734813474961 0.25319679445322718 0.18604046342530883 0.12194705975135629 0.19921469593988839 0.14188683825883214 0.089505019587170734 0.042195638551105648 0 -0.037073751698548013 -0.069092518621668472 -0.0960113766842947 -0.11766334469761253 -0.13375131385642228 -0.28259665850406207 -0.2855313107043328 -0.28072539142353992 -0.26925864563036245 -0.25188952865737096 -0.4812122789589664 -0.42279867365640522 -0.74890366729829339 -0.54274206320315588 -0.42512520569578682 -0.065010898253651181 0.31268021743573887 0.5343388238882949 0.35321065354811104 0.19531982677100329 0.39465449111809686 0.32238388087374586 0.25320250586007031 0.18604535462873906 0.12195113238246523 0.19921794869008161 0.14188927585393402 0.089506643264454205 0.042196449737000645 0 -0.037074561155671953 -0.06909413543968454 -0.096013798346794438 -0.11766656849127811 -0.13375533537792655 -0.28260147325084795 -0.2855369148250394 -0.28073177823255224 -0.26926581514008424 -0.25189747749398528 -0.48122178786339204 -0.42280970652135924 -0.74891620760199606 -0.54275606851241776 -0.42514066306110471 -0.067520122921313847 0.31171018305815423 0.53405398448108576 0.35301896809279237 0.19516671364315363 0.39485491415880219 0.32257106734921226 0.25336486213976656 0.18617168186584354 0.12203335431923834 0.19943010057199123 0.14204740623572606 0.089610116231261167 0.042246599923647307 0 -0.037119751564819878 -0.06917788064733818 -0.096127657288859983 -0.11780012565671476 -0.13389604945088657 -0.28291531056951508 -0.2858257422872259 -0.28097553064284003 -0.26944424665004552 -0.25198969684402273 -0.48144209357602208 -0.42272122321210098 -0.74893563361788273 -0.54214400945752861 -0.42392215899254326 -0.070034350175498084 0.31073737745218921 0.53376722320389647 0.35282603416149755 0.19501284596115803 0.39505477876831391 0.32275785345184449 0.25352694337896442 0.18629782930331559 0.12211546580568122 0.1996421911422212 0.14220550635239607 0.089713576657888441 0.04229674624590922 0 -0.037164937680413707 -0.069261613013401307 -0.096241485604854682 -0.11793362117557084 -0.13403665392937433 -0.28322896788760926 -0.28611429482302836 -0.28121888430766412 -0.26962211948569992 -0.25208116314820878 -0.48166114980053082 -0.42263081619710935 -0.74895228964080118 -0.54152816851268126 -0.42269865474874696 -0.072553582308414744 0.30976180161510425 0.53347853801755252 0.35263184908990347 0.1948582245883167 0.39525408534851303 0.32294423900302871 0.25368874913112915 0.18642379649462062 0.12219746635804807 0.1998542194258377 0.14236357579462064 0.089817023785227254 0.042346888207016667 0 -0.037210119738744656 -0.069345332571364007 -0.096355283655727333 -0.11806705452688934 -0.13417714735471017 -0.28354244460230871 -0.28640257174776035 -0.28146183693481364 -0.26979943328981976 -0.25217187411433256 -0.48187895536104391 -0.42253848581872744 -0.74896617400368903 -0.5409085422842127 -0.42147014765050828 -0.075077823070954411 0.30878345176127858 0.53318792609896304 0.35243641249597518 0.19470284606150584 0.39545283095723299 0.3231302235215 0.25385027779617875 0.18654958203565553 0.12227935536855573 0.20006618565603107 0.14252161402903907 0.089920457845227522 0.042397025580601412 0 -0.037255297350955528 -0.069429038648943675 -0.096469050144046914 -0.11820042550972973 -0.13431752881397896 -0.28385573944099002 -0.28669057163499212 -0.28170438752206661 -0.26997618739260315 -0.25226182950424247 -0.48209550902214915 -0.42244422781999241 -0.74897728524786689 -0.54028513170488435 -0.42023663115857646 -0.076850757283998122 0.30780232755829184 0.53289538785993218 0.35223972360075773 0.19454671003342078 0.39565101615512266 0.32331580515662045 0.25401152916324948 0.18667518579742134 0.12236113289922289 0.20027808925230628 0.14267962096882514 0.09002387826855765 0.042447158578147202 0 -0.037300470445724827 -0.069512731238698056 -0.096582784997871707 -0.11833373351134729 -0.13445779841137209 -0.28416885192486874 -0.28697829361894261 -0.28194653610911502 -0.27015237979456747 -0.25235102691657457 -0.48231080914159141 -0.42234804378858259 -0.74898562122996859 -0.53944932484534358 -0.41797933568876122 -0.075506571947670173 0.30961166221907049 0.53466854605472491 0.35350466342622044 0.19536190643415868 0.39661595185194248 0.32408770861011377 0.25460448949970088 0.18710395528418908 0.12263938789346106 0.20060089757983493 0.14288852565121454 0.090140701860421668 0.042493678867146764 0 -0.037314146562866635 -0.0695131135740156 -0.09654016584279107 -0.11821015847280758 -0.1342138732393332 -0.28394489667017075 -0.28654640844949447 -0.28125112672951175 -0.26914106431643769 -0.25096796323766329 -0.48035557871134665 -0.41920526806360686 -0.74486311579479236 -0.53358258980481854 -0.41073331199753499 -0.075540828721772438 0.31036594118062449 0.53574400145835011 0.35432854279124193 0.19591013720996395 0.39737609419466535 0.32470289666185626 0.25507811231657945 0.18744300167826233 0.12285010131629277 0.20087255323196238 0.14306140228579198 0.090235117617345748 0.042529615349940618 0 -0.037313808632312886 -0.069487595132005031 -0.096462434358300014 -0.11804276336286576 -0.13392076437127221 -0.28367317955007659 -0.28607584562499105 -0.28053468889503974 -0.26814064076950389 -0.24964478330013484 -0.47861880038400584 -0.41655043443564366 -0.74164015642947501 -0.52899496706172155 -0.40475554534791502 -0.07562283449115173 0.31108889132513534 0.53679471807679668 0.3551332584000631 0.19644382817460621 0.3981237026538606 0.32530736657366427 0.25554266544045262 0.18777448575357947 0.12305464245277024 0.20113933424709282 0.14323064499088708 0.090327110203475502 0.042564330972441805 0 -0.037312170951828788 -0.06945940661906333 -0.096380567791116867 -0.1178696211568039 -0.1336201331939541 -0.2833920031057805 -0.28559368799408208 -0.27980427561950838 -0.26712364658698767 -0.24830220023409819 -0.47685613107332875 -0.41386214998881654 -0.73837506615867754 -0.52435544067623863 -0.39871499283932121 -0.078026757402162181 0.31032915518500381 0.53671703838907758 0.35511967049148779 0.19642339449388507 0.3984313012889612 0.32557499698936787 0.25576023449888313 0.18793427186701633 0.12315092433479266 0.20134934084040304 0.14337797274840072 0.090417573912234928 0.042604920186869434 0 -0.037336277209600831 -0.069495398475246981 -0.096414399707405146 -0.11788175368760204 -0.133590855657576 -0.28348264071619467 -0.28560058601325544 -0.27970043225474189 -0.26688659017618366 -0.24790961940371062 -0.47644655578153589 -0.41300714214697543 -0.7375099535070424 -0.52277408341557041 -0.39648968334654011 -0.080728695045882773 0.30923753824590078 0.53633954602193901 0.35485996266112629 0.19622256582612196 0.39859268487740396 0.32573087640890996 0.25589802855565735 0.18804180067275095 0.12321930870798327 0.20155187849278158 0.14352984102588701 0.090517429282802458 0.042653519656883278 0 -0.037380592990211868 -0.06957773051256487 -0.096526582771673738 -0.11801373749834262 -0.13373032821305716 -0.2837956620325951 -0.28588911339923756 -0.27994450979678576 -0.26706587194753745 -0.24800306962633839 -0.47666866430314037 -0.41291997162459682 -0.73752910442785402 -0.52215893975928884 -0.3952635490140235 -0.094278606802436923 0.30376067409177426 0.53444092245885266 0.35355590716986995 0.1952165074493056 0.39939895549331106 0.32651047891253077 0.25658772222556059 0.1885804286403876 0.12356224175150973 0.20256543824134426 0.14428984495901256 0.091017118845232656 0.042896687750615427 0 -0.037602138086877672 -0.069989137327987117 -0.097086777609459843 -0.11867210514204389 -0.13442490885671576 -0.28535634457317188 -0.28732517570272714 -0.28115559202389157 -0.26794964893620588 -0.24845370831321908 -0.47775273887117953 -0.41244479092544567 -0.73756976797602603 -0.51900958554288679 -0.38903734187182709 -0.10790071655338393 0.29824913409579679 0.53252104910858733 0.35224065107790348 0.19420579593401296 0.40020292839107591 0.32728942052015475 0.25727782148531048 0.18912006955933228 0.12390638620616087 0.20358011525665615 0.14505072450305118 0.091517360429844805 0.043140080051224529 0 -0.037823589674859555 -0.070400061104619396 -0.09764569550717063 -0.11932781699647864 -0.13511479645907115 -0.28690961712034413 -0.28875028554229609 -0.2823512130157132 -0.26881247442279965 -0.24887682355081131 -0.47879300137567032 -0.41190452394020194 -0.73751922551990778 -0.51573829955011163 -0.38265287413959348 -0.12160143584079067 0.29269870455914071 0.53057662310364384 0.35091169525517779 0.19318862058249156 0.40100309001690648 0.3280664682257482 0.25796733521417864 0.18965994843159706 0.12425115729768307 0.20459549042879549 0.14581219983586308 0.092017988713409674 0.043383623646434472 0 -0.038044903221635201 -0.070810428102235992 -0.098203248708355853 -0.11998078978294623 -0.13579993079997257 -0.28845545303088138 -0.29016446433920062 -0.28353145724170997 -0.26965450077484276 -0.2492726474874854 -0.47978987366776027 -0.4112998013245478 -0.73737833056074775 -0.51234617296264995 -0.37611147400964534 -0.13538648492156777 0.28710562357675151 0.52860471093504979 0.34956681581060256 0.19216337111659668 0.40179809935301442 0.328840518865613 0.25865538232500179 0.19019937562172293 0.12459603540866145 0.2056111976366119 0.14657402601462152 0.092518858832664905 0.043627255472537603 0 -0.038266040604314225 -0.071220177201415297 -0.098759366307044197 -0.12063096307043253 -0.13648027362629048 -0.28999384947673129 -0.29156775403048096 -0.2846964269583025 -0.27047590154544504 -0.24964142973607589 -0.48074378754639568 -0.4106312556691491 -0.73714794304973941 -0.5088342960691199 -0.36941447260158816 
end_dependent_variable

end_regular_table
