# ****************************************************************************
# CUI
#
# The Advanced Framework for Simulation, Integration, and Modeling (AFSIM)
#
# The use, dissemination or disclosure of data in this file is subject to
# limitation or restriction. See accompanying README and LICENSE for details.
# ****************************************************************************

irregular_table
   independent_variable alt units ft
   independent_variable mach precision float
   dependent_variable precision float
   alt       0.0
      mach       0.00     0.20     0.40     0.60     0.80     0.90     1.00     1.10     1.20     1.30     1.50     1.75     2.00     2.25     2.50     2.75     3.00
      values      19400.0000      18721.0000      18915.0000      19923.8000      21728.0000      22911.4000      24288.8000      25763.2000      27315.2000      28983.6000      32436.8000      36394.4000      38353.8000      35327.4000      27160.0000      15520.0000          0.0000
   alt    5000.0
      mach       0.00     0.20     0.40     0.60     0.80     0.90     1.00     1.10     1.20     1.30     1.50     1.75     2.00     2.25     2.50     2.75     3.00
      values      16684.0000      16100.0600      16266.9000      17134.4680      18686.0800      19703.8040      20888.3680      22156.3520      23491.0720      24925.8960      27895.6480      31299.1840      32984.2680      30381.5640      23357.6000      13347.2000          0.0000
   alt   10000.0
      mach       0.00     0.20     0.40     0.60     0.80     0.90     1.00     1.10     1.20     1.30     1.50     1.75     2.00     2.25     2.50     2.75     3.00
      values      14278.4000      13778.6560      13921.4400      14663.9168      15991.8080      16862.7904      17876.5568      18961.7152      20103.9872      21331.9296      23873.4848      26786.2784      28228.3968      26000.9664      19989.7600      11422.7200          0.0000
   alt   15000.0
      mach       0.00     0.20     0.40     0.60     0.80     0.90     1.00     1.10     1.20     1.30     1.50     1.75     2.00     2.25     2.50     2.75     3.00
      values      12125.0000      11700.6250      11821.8750      12452.3750      13580.0000      14319.6250      15180.5000      16102.0000      17072.0000      18114.7500      20273.0000      22746.5000      23971.1250      22079.6250      16975.0000       9700.0000          0.0000
   alt   20000.0
      mach       0.00     0.20     0.40     0.60     0.80     0.90     1.00     1.10     1.20     1.30     1.50     1.75     2.00     2.25     2.50     2.75     3.00
      values      10262.6000       9903.4090      10006.0350      10539.6902      11494.1120      12120.1306      12848.7752      13628.7328      14449.7408      15332.3244      17159.0672      19252.6376      20289.1602      18688.1946      14367.6400       8210.0800          0.0000
   alt   25000.0
      mach       0.00     0.20     0.40     0.60     0.80     0.90     1.00     1.10     1.20     1.30     1.50     1.75     2.00     2.25     2.50     2.75     3.00
      values       8613.6000       8312.1240       8398.2600       8846.1672       9647.2320      10172.6616      10784.2272      11438.8608      12127.9488      12868.7184      14401.9392      16159.1136      17029.0872      15685.3656      12059.0400       6890.8800          0.0000
   alt   30000.0
      mach       0.00     0.20     0.40     0.60     0.80     0.90     1.00     1.10     1.20     1.30     1.50     1.75     2.00     2.25     2.50     2.75     3.00
      values       7178.0000       6926.7700       6998.5500       7371.8060       8039.3600       8477.2180       8986.8560       9532.3840      10106.6240      10723.9320      12001.6160      13465.9280      14190.9060      13071.1380      10049.2000       5742.4000          0.0000
   alt   35000.0
      mach       0.00     0.20     0.40     0.60     0.80     0.90     1.00     1.10     1.20     1.30     1.50     1.75     2.00     2.25     2.50     2.75     3.00
      values       5936.4000       5728.6260       5787.9900       6096.6828       6648.7680       7010.8884       7432.3728       7883.5392       8358.4512       8868.9816       9925.6608      11136.6864      11736.2628      10810.1844       8310.9600       4749.1200          0.0000
   alt   40000.0
      mach       0.00     0.20     0.40     0.60     0.80     0.90     1.00     1.10     1.20     1.30     1.50     1.75     2.00     2.25     2.50     2.75     3.00
      values       4694.8000       4530.4820       4577.4300       4821.5596       5258.1760       5544.5588       5877.8896       6234.6944       6610.2784       7014.0312       7849.7056       8807.4448       9281.6196       8549.2308       6572.7200       3755.8400          0.0000
   alt   45000.0
      mach       0.00     0.20     0.40     0.60     0.80     0.90     1.00     1.10     1.20     1.30     1.50     1.75     2.00     2.25     2.50     2.75     3.00
      values       3686.0000       3556.9900       3593.8500       3785.5220       4128.3200       4353.1660       4614.8720       4895.0080       5189.8880       5506.8840       6162.9920       6914.9360       7287.2220       6712.2060       5160.4000       2948.8000          0.0000
   alt   50000.0
      mach       0.00     0.20     0.40     0.60     0.80     0.90     1.00     1.10     1.20     1.30     1.50     1.75     2.00     2.25     2.50     2.75     3.00
      values       2890.6000       2789.4290       2818.3350       2968.6462       3237.4720       3413.7986       3619.0312       3838.7168       4069.9648       4318.5564       4833.0832       5422.7656       5714.7162       5263.7826       4046.8400       2312.4800          0.0000
   alt   55000.0
      mach       0.00     0.20     0.40     0.60     0.80     0.90     1.00     1.10     1.20     1.30     1.50     1.75     2.00     2.25     2.50     2.75     3.00
      values       2269.8000       2190.3570       2213.0550       2331.0846       2542.1760       2680.6338       2841.7896       3014.2944       3195.8784       3391.0812       3795.1056       4258.1448       4487.3946       4133.3058       3177.7200       1815.8400          0.0000
   alt   60000.0
      mach       0.00     0.20     0.40     0.60     0.80     0.90     1.00     1.10     1.20     1.30     1.50     1.75     2.00     2.25     2.50     2.75     3.00
      values       1784.8000       1722.3320       1740.1800       1832.9896       1998.9760       2107.8488       2234.5696       2370.2144       2512.9984       2666.4912       2984.1856       3348.2848       3528.5496       3250.1208       2498.7200       1427.8400          0.0000
   alt   65000.0
      mach       0.00     0.20     0.40     0.60     0.80     0.90     1.00     1.10     1.20     1.30     1.50     1.75     2.00     2.25     2.50     2.75     3.00
      values       1396.8000       1347.9120       1361.8800       1434.5136       1564.4160       1649.6208       1748.7936       1854.9504       1966.6944       2086.8192       2335.4496       2620.3968       2761.4736       2543.5728       1955.5200       1117.4400          0.0000
   alt   70000.0
      mach       0.00     0.20     0.40     0.60     0.80     0.90     1.00     1.10     1.20     1.30     1.50     1.75     2.00     2.25     2.50     2.75     3.00
      values          0.0000          0.0000          0.0000          0.0000          0.0000          0.0000          0.0000          0.0000          0.0000          0.0000          0.0000          0.0000          0.0000          0.0000          0.0000          0.0000          0.0000
end_irregular_table
