# ****************************************************************************
# CUI
#
# The Advanced Framework for Simulation, Integration, and Modeling (AFSIM)
#
# The use, dissemination or disclosure of data in this file is subject to
# limitation or restriction. See accompanying README and LICENSE for details.
# ****************************************************************************

# ##################################################################################################
# 
# This file was auto-generated by AFSIM Mover Creator 2.5.0.200401
# 
# Creation Date:  01 Apr 2020
# 
# ##################################################################################################

regular_table

independent_variable mach precision double
0.10000000000000001 0.5 0.70000000000000007 0.75 0.80000000000000004 0.84999999999999998 0.90000000000000002 0.92000000000000004 0.94000000000000006 0.95999999999999996 0.97999999999999998 1 1.02 1.04 1.0600000000000001 1.0800000000000001 1.1000000000000001 1.2 1.3 
end_independent_variable

independent_variable beta units rad
-0.3490658503988659 -0.31415926535897931 -0.27925268031909273 -0.24434609527920614 -0.20943951023931956 -0.17453292519943295 -0.13962634015954636 -0.10471975511965978 -0.087266462599716474 -0.069813170079773182 -0.05235987755982989 -0.034906585039886591 -0.017453292519943295 0 0.017453292519943295 0.034906585039886591 0.05235987755982989 0.069813170079773182 0.087266462599716474 0.10471975511965978 0.13962634015954636 0.17453292519943295 0.20943951023931956 0.24434609527920614 0.27925268031909273 0.31415926535897931 0.3490658503988659 
end_independent_variable

dependent_variable precision double
1.9988450848785515 2.1017871859489214 2.124701945800044 2.1375424150051061 2.1480190468510827 2.2018300581886163 2.1603998373903881 2.0338672613382673 2.0285918127113587 2.0242527975107536 2.0208632950033696 2.0184336654360298 2.0169715289612737 2.0164813380212956 2.0169715289612737 2.0184336654360298 2.0208632950033696 2.0242527975107536 2.0285918127113587 2.0338672613382673 2.1603998373903881 2.2018300581886163 2.1480190468510827 2.1375424150051061 2.124701945800044 2.1017871859489214 1.9988450848785515 1.9959007043658914 2.0988063460451722 2.121689196447142 2.1345013998519513 2.1449538045997958 2.1987443633879531 2.1572968472939711 2.0307524265965307 2.0254720264049957 2.0211290177268491 2.0177364795137511 2.0153047715641175 2.0138415131380771 2.0133511555126349 2.0138415131380771 2.0153047715641175 2.0177364795137511 2.0211290177268491 2.0254720264049957 2.0307524265965307 2.1572968472939711 2.1987443633879531 2.1449538045997958 2.1345013998519513 2.121689196447142 2.0988063460451722 1.9959007043658914 1.9954927212862223 2.0983933686572276 2.1212717928935025 2.1340800770959132 2.1445290995402879 2.1983167965266661 2.156866896516223 2.0303207349192283 2.0250396292881012 2.0206960472881654 2.0173030681863366 2.0148710516165496 2.0134076170229962 2.0129172154690256 2.0134076170229962 2.0148710516165496 2.0173030681863366 2.0206960472881654 2.0250396292881012 2.0303207349192283 2.156866896516223 2.1983167965266661 2.1445290995402879 2.1340800770959132 2.1212717928935025 2.0983933686572276 1.9954927212862223 1.9954801370498612 2.0983806218426575 2.1212589107224109 2.1340670742071532 2.1445159961964131 2.1983036088664436 2.156853633431445 2.030307432838629 2.0250263081599575 2.0206827113331896 2.0172897215743308 2.0148576985153572 2.0133942614604559 2.0129038615900869 2.0133942614604559 2.0148576985153572 2.0172897215743308 2.0206827113331896 2.0250263081599575 2.030307432838629 2.156853633431445 2.1983036088664436 2.1445159961964131 2.1340670742071532 2.1212589107224109 2.0983806218426575 1.9954801370498612 1.9961203599170927 2.0990285782068221 2.1219138206396733 2.1347281396054685 2.1451824151736671 2.1989745698670249 2.1575283127418179 2.0309850255920963 2.0257050437416204 2.0213623830142855 2.0179701222579718 2.0155386211516504 2.0140754986113119 2.0135852057417236 2.0140754986113119 2.0155386211516504 2.0179701222579718 2.0213623830142855 2.0257050437416204 2.0309850255920963 2.1575283127418179 2.1989745698670249 2.1451824151736671 2.1347281396054685 2.1219138206396733 2.0990285782068221 1.9961203599170927 2.0023204024963621 2.1052323538894271 2.1281251896848938 2.1409525125028406 2.1514270395652852 2.2053382936426713 2.1640128877723539 2.0375587417799412 2.0323122056152192 2.0279959509996552 2.0246233154214273 2.0222049003761855 2.0207480176890531 2.0202587441811266 2.0207480176890531 2.0222049003761855 2.0246233154214273 2.0279959509996552 2.0323122056152192 2.0375587417799412 2.1640128877723539 2.2053382936426713 2.1514270395652852 2.1409525125028406 2.1281251896848938 2.1052323538894271 2.0023204024963621 2.027104894449105 2.130071376407805 2.1529989289638345 2.1658409413656106 2.1763099832600044 2.2302565078816903 2.1891506610706806 2.0628701827588105 2.0576929794241465 2.053434222598844 2.0501071077638291 2.0477220837470429 2.0462868360917188 2.0458058376086727 2.0462868360917188 2.0477220837470429 2.0501071077638291 2.053434222598844 2.0576929794241465 2.0628701827588105 2.1891506610706806 2.2302565078816903 2.1763099832600044 2.1658409413656106 2.1529989289638345 2.130071376407805 2.027104894449105 2.0378307489959258 2.1409909553480788 2.164041644694378 2.1770128442583183 2.1876095736963599 2.2416524969534426 2.2003425015447013 2.0737875464004363 2.0685534909014067 2.0643056853613326 2.0609870813428222 2.0586081372811025 2.0571765358481287 2.0566967486076861 2.0571765358481287 2.0586081372811025 2.0609870813428222 2.0643056853613326 2.0685534909014067 2.0737875464004363 2.2003425015447013 2.2416524969534426 2.1876095736963599 2.1770128442583183 2.164041644694378 2.1409909553480788 2.0378307489959258 2.0462034181086524 2.149152346530169 2.1720214385720409 2.184839543146798 2.1953290963363088 2.2493126236949039 2.2079175623920779 2.0812356960873668 2.0759504200643604 2.0715865760468875 2.0681565872497991 2.0656702588731988 2.0641347702153583 2.0635645595067404 2.0641347702153583 2.0656702588731988 2.0681565872497991 2.0715865760468875 2.0759504200643604 2.0812356960873668 2.2079175623920779 2.2493126236949039 2.1953290963363088 2.184839543146798 2.1720214385720409 2.149152346530169 2.0462034181086524 2.0541639168062775 2.1567800515268467 2.1793562985473605 2.1919396996179388 2.2021853012544681 2.255911176584938 2.2141868789446391 2.087180721187174 2.0818940323797399 2.0775445496555225 2.0741460282729687 2.071709375357158 2.0702425903763007 2.0697503549822258 2.0702425903763007 2.071709375357158 2.0741460282729687 2.0775445496555225 2.0818940323797399 2.087180721187174 2.2141868789446391 2.255911176584938 2.2021853012544681 2.1919396996179388 2.1793562985473605 2.1567800515268467 2.0541639168062775 2.0607870433068269 2.1631117117588525 2.1853763908310211 2.1976368019666337 2.2076522816417321 2.2612820284851285 2.2194201454353371 2.0922423910339583 2.0868438823744193 2.0824017212881927 2.0789306098933804 2.0764421912319007 2.0749449360417955 2.07444243853864 2.0749449360417955 2.0764421912319007 2.0789306098933804 2.0824017212881927 2.0868438823744193 2.0922423910339583 2.2194201454353371 2.2612820284851285 2.2076522816417321 2.1976368019666337 2.1853763908310211 2.1631117117588525 2.0607870433068269 2.0664729694543813 2.168748526310504 2.1909678830346886 2.2031304966957657 2.2129126938270187 2.2662819732705035 2.2241115241356226 2.0965979823283236 2.0910909649082781 2.086553820591821 2.0830060422571304 2.0804606160021466 2.0789270845683561 2.0784111243555303 2.0789270845683561 2.0804606160021466 2.0830060422571304 2.086553820591821 2.0910909649082781 2.0965979823283236 2.2241115241356226 2.2662819732705035 2.2129126938270187 2.2031304966957657 2.1909678830346886 2.168748526310504 2.0664729694543813 2.0721122573080031 2.1740170128626062 2.1958789992880319 2.2077687521098044 2.2173634095272554 2.2705823930947391 2.2282031753134781 2.1004457710410747 2.0948817514209521 2.0902686514053141 2.0866548180385638 2.0840610755420572 2.0824977899143802 2.0819711681227595 2.0824977899143802 2.0840610755420572 2.0866548180385638 2.0902686514053141 2.0948817514209521 2.1004457710410747 2.2282031753134781 2.2705823930947391 2.2173634095272554 2.2077687521098044 2.1958789992880319 2.1740170128626062 2.0721122573080031 2.0741065074614422 2.1760607068770996 2.1978956531196832 2.2097504674120598 2.2192961510691007 2.2724856141354599 2.2299955016897464 2.1020592743596294 2.0964507699540085 2.091829532877866 2.0882138198957008 2.0856182599603303 2.0840536031710504 2.0835263063192198 2.0840536031710504 2.0856182599603303 2.0882138198957008 2.091829532877866 2.0964507699540085 2.1020592743596294 2.2299955016897464 2.2724856141354599 2.2192961510691007 2.2097504674120598 2.1978956531196832 2.1760607068770996 2.0741065074614422 2.0745626892051923 2.1765974905717562 2.1984506457225561 2.2103159591021528 2.2198708984994644 2.2731024499765629 2.2305821022072467 2.102551000590434 2.0969392293696756 2.0923153747510814 2.088697667620337 2.0861007156026887 2.084535239658948 2.0840076861079386 2.084535239658948 2.0861007156026887 2.088697667620337 2.0923153747510814 2.0969392293696756 2.102551000590434 2.2305821022072467 2.2731024499765629 2.2198708984994644 2.2103159591021528 2.1984506457225561 2.1765974905717562 2.0745626892051923 2.0746801325828721 2.1767911000913323 2.1986585048238645 2.2105308117702078 2.2200919479436099 2.2733629876484507 2.2308102622576875 2.102682605943869 2.0970669042925008 2.0924398874517678 2.0888197617467452 2.0862211134316366 2.0846546354360833 2.0841267637363474 2.0846546354360833 2.0862211134316366 2.0888197617467452 2.0924398874517678 2.0970669042925008 2.102682605943869 2.2308102622576875 2.2733629876484507 2.2200919479436099 2.2105308117702078 2.1986585048238645 2.1767911000913323 2.0746801325828721 2.0746526668754375 2.1768377151338472 2.1987175205601899 2.210595183127392 2.2201610813518 2.2734703874038358 2.2308842709741414 2.1026592595462361 2.0970393103204383 2.0924088702947521 2.0887861216276122 2.0861856308031355 2.0846180623907293 2.0840898426380128 2.0846180623907293 2.0861856308031355 2.0887861216276122 2.0924088702947521 2.0970393103204383 2.1026592595462361 2.2308842709741414 2.2734703874038358 2.2201610813518 2.210595183127392 2.1987175205601899 2.1768377151338472 2.0746526668754375 2.0782076014044275 2.1808029314340556 2.2027808900253829 2.2147173299607612 2.2243346788504788 2.27785868999934 2.2351246177264423 2.1064274760429127 2.1007920111856793 2.09614911982468 2.0925168727193411 2.0899097427373734 2.0883382608241048 2.0878088073979799 2.0883382608241048 2.0899097427373734 2.0925168727193411 2.09614911982468 2.1007920111856793 2.1064274760429127 2.2351246177264423 2.27785868999934 2.2243346788504788 2.2147173299607612 2.2027808900253829 2.1808029314340556 2.0782076014044275 2.0846800740138547 2.187713564073055 2.2098152326428977 2.2218330731698637 2.2315212713904189 2.2852763214474487 2.2424074308834574 2.1132481510384626 2.1076010426243279 2.1029488389848936 2.0993095146598697 2.0966974609625386 2.0951230853933973 2.0945927284165808 2.0951230853933973 2.0966974609625386 2.0993095146598697 2.1029488389848936 2.1076010426243279 2.1132481510384626 2.2424074308834574 2.2852763214474487 2.2315212713904189 2.2218330731698637 2.2098152326428977 2.187713564073055 2.0846800740138547 
end_dependent_variable

end_regular_table
