# ****************************************************************************
# CUI
#
# The Advanced Framework for Simulation, Integration, and Modeling (AFSIM)
#
# The use, dissemination or disclosure of data in this file is subject to
# limitation or restriction. See accompanying README and LICENSE for details.
# ****************************************************************************

# ##################################################################################################
# 
# This file was auto-generated by AFSIM Mover Creator 2.5.0.200324
# 
# Creation Date:  24 Mar 2020
# 
# ##################################################################################################

regular_table

independent_variable mach precision double
0.10000000000000001 0.5 0.70000000000000007 0.75 0.80000000000000004 
end_independent_variable

independent_variable surface_angle units deg
-25 -22 -20 -18 -16 -14 -12 -10 -9 -8 -7 -6 -5 -4 -3 -2 -1 0 1 2 3 4 5 6 7 8 9 10 12 14 16 18 20 22 24 25 
end_independent_variable

dependent_variable precision double
8.4884626834830172e-05 7.6877809513741565e-05 7.0786722266576621e-05 6.4235166357817927e-05 5.7347669987450242e-05 5.024040620133029e-05 4.3013226337784144e-05 3.5744758924607161e-05 3.211330554760473e-05 2.8490576509501467e-05 2.4880022717397203e-05 2.128383335461931e-05 1.7703038757116124e-05 1.4137625186289476e-05 1.0586657976322573e-05 7.0484102992309049e-06 3.520495318939768e-06 0 -3.5567926572325905e-06 -7.1351029379831694e-06 -1.0737678339160298e-05 -1.4366674826313508e-05 -1.8023523188010429e-05 -2.1708797084368022e-05 -2.5422084541369627e-05 -2.9161865119664224e-05 -3.2925395479415161e-05 -3.6708606932115305e-05 -4.431067422453818e-05 -5.1906297954917636e-05 -5.94096690778231e-05 -6.6712793158886871e-05 -7.3690415980531495e-05 -8.0208017477730609e-05 -8.6131692274566928e-05 -8.8831429303884546e-05 9.6137940399879012e-05 8.5057354807850034e-05 7.7146074396584023e-05 6.8998990267366025e-05 6.0760364368416191e-05 5.2553012352778376e-05 4.4471392435495865e-05 3.6577906418669897e-05 3.271226924827787e-05 2.8902399448997393e-05 2.5147285069110348e-05 2.1444244905006638e-05 1.7789081736631252e-05 1.4176248344526377e-05 1.0599022874178344e-05 7.0496906773785911e-06 3.519730015365048e-06 0 -3.5594818717918292e-06 -7.1501868130500623e-06 -1.078104237279264e-05 -1.4460259791858858e-05 -1.8195146259310979e-05 -2.1991919514642918e-05 -2.5855526444686451e-05 -2.9789468028206718e-05 -3.3795633915190825e-05 -3.7874149780546856e-05 -4.6239126180018036e-05 -5.4845593855795621e-05 -6.3620726742032903e-05 -7.2458207430107924e-05 -8.1221962354492103e-05 -8.9753113054982523e-05 -9.7878975569205172e-05 -0.00010173430739713452 0.00011634591161520059 9.9746265630709638e-05 8.856670915467745e-05 7.7554700316435048e-05 6.6889937048718109e-05 5.6707166004992323e-05 4.7091166460894907e-05 3.807520937834925e-05 3.3788964707341716e-05 2.9642950291544394e-05 2.5628141523003788e-05 2.1733112868479787e-05 1.7944281428164738e-05 1.4246164908363209e-05 1.0621651071023953e-05 7.0522743651057109e-06 3.5184982485908091e-06 0 -3.5644539158778138e-06 -7.1775572273945196e-06 -1.0859333460729604e-05 -1.4628865693992961e-05 -1.8504011954425826e-05 -2.2501123517505154e-05 -2.663476864271638e-05 -3.0917463898532966e-05 -3.5359417064834022e-05 -3.9968284419106886e-05 -4.9703318172357129e-05 -6.0124992698601722e-05 -7.1183788388242859e-05 -8.2776394661593629e-05 -9.474730751451268e-05 -0.000106893908744679 -0.00011897388553031914 -0.00012490411647069556 0.00012575801779205324 0.00010658781064497419 9.3886018868017814e-05 8.1539639668335939e-05 6.9744875315718306e-05 5.8642029616665395e-05 4.8311373876653363e-05 3.8772611021521365e-05 3.4290462384042376e-05 2.9987883496927984e-05 2.5852117660091247e-05 2.1867666661398241e-05 1.8016576088597756e-05 1.4278736332652798e-05 1.0632195661381058e-05 7.053481278898112e-06 3.5179263043616817e-06 0 -3.5667714744856789e-06 -7.1903088471745955e-06 -1.0895803688237531e-05 -1.4707402774827984e-05 -1.8647878275276419e-05 -2.2738301198734189e-05 -2.6997721165564104e-05 -3.1442853829444784e-05 -3.6087781124178301e-05 -4.0943666813925417e-05 -5.1316822284469947e-05 -6.2583951269460522e-05 -7.4706389379059377e-05 -8.7582226519923793e-05 -0.00010104690851389485 -0.0001148774452388082 -0.00012879909292400687 -0.00013569572996697103 0.00013872051463625112 0.00011601009319016367 0.00010121185684224744 8.7027762967846717e-05 7.3676744395565172e-05 6.1306757915920615e-05 4.9991866577272556e-05 3.9733087366382345e-05 3.4981136531268295e-05 3.0462934334786088e-05 2.6160584233194677e-05 2.2052979026532792e-05 1.8116143747359706e-05 1.4323596126165017e-05 1.0646719334007095e-05 7.0551444388763691e-06 3.5171391098805162e-06 0 -3.5699637540196339e-06 -7.2078715477219578e-06 -1.0946032500338009e-05 -1.4815567150525208e-05 -1.8846015470207677e-05 -2.306494874666322e-05 -2.7497588040054843e-05 -3.2166432291461725e-05 -3.7090898926553934e-05 -4.2286982300333429e-05 -5.3538968936076096e-05 -6.597047081456101e-05 -7.9557773342156518e-05 -9.4200894999379797e-05 -0.00010972281782995715 -0.00012587249485603128 -0.00014233051866313948 -0.00015055810433897842 
end_dependent_variable

end_regular_table
