# ****************************************************************************
# CUI
#
# The Advanced Framework for Simulation, Integration, and Modeling (AFSIM)
#
# The use, dissemination or disclosure of data in this file is subject to
# limitation or restriction. See accompanying README and LICENSE for details.
# ****************************************************************************

# ##################################################################################################
# 
# This file was auto-generated by AFSIM Mover Creator 2.5.0.200324
# 
# Creation Date:  24 Mar 2020
# 
# ##################################################################################################

regular_table

independent_variable mach precision double
0.10000000000000001 0.5 0.70000000000000007 0.75 0.80000000000000004 
end_independent_variable

independent_variable surface_angle units deg
-25 -22 -20 -18 -16 -14 -12 -10 -9 -8 -7 -6 -5 -4 -3 -2 -1 0 1 2 3 4 5 6 7 8 9 10 12 14 16 18 20 22 24 25 
end_independent_variable

dependent_variable precision double
0.0019830051892855299 0.0016356257434551932 0.0013808801364624537 0.0011204308671056854 0.00086583657984227905 0.00062790669006442391 0.00041599510511724705 0.0002376858974243099 0.0001630082637347952 9.8768938184143492e-05 4.5435911384223652e-05 3.3883325384069781e-06 -2.7075819559000394e-05 -4.573227835033474e-05 -5.2423471386023568e-05 -4.7052092427121027e-05 -2.9575358644853196e-05 0 4.9729805960361717e-06 2.188787235520426e-05 5.0655631381270273e-05 9.1135318149783374e-05 0.00014312886079651961 0.0002063750896038595 0.00028054310855162636 0.00036522511022231337 0.00045992881569138831 0.00056406979298262634 0.00079782115225956833 0.0010597009469030679 0.0013411145021068132 0.0016317191156890408 0.0019198097393001059 0.0021931235798579329 0.0024400692815859598 0.0025505791383958983 0.0011932396763240794 0.00093673530031582034 0.00075775101018111591 0.00058097700570985868 0.00041418878961405135 0.00026442036871287584 0.00013738255240342624 3.7261777037220966e-05 -1.7982536709886053e-06 -3.320367015490134e-05 -5.6799593668349787e-05 -7.2488277571516351e-05 -8.0219531488571157e-05 -7.9981600503187329e-05 -7.1792722105101659e-05 -5.5693544193564577e-05 -3.1740470663283254e-05 0 2.8068781493565009e-06 1.3244438743645704e-05 3.1283424316526365e-05 5.6882098598881631e-05 8.9980359792382603e-05 0.00013049287030765123 0.00017830125768416024 0.00023324551720288483 0.00029511479194562368 0.00036363777443416625 0.000519200352732542 0.00069620667642151244 0.00088945974828867202 0.0010922599772818337 0.0012966776783677263 0.001494233107279779 0.0016769910449332347 0.0017608187367977608 -0.00022473275635455652 -0.00031808057878638307 -0.00036104235547598708 -0.00038758436370215233 -0.0003967234380262279 -0.00038820404982719967 -0.00036285636724324097 -0.00032259423290319504 -0.00029770468410216688 -0.00027015836581304506 -0.00024036258444482472 -0.0002087248509401227 -0.00017563987751172686 -0.00014147746556135448 -0.00010657153045164292 -7.121042018397517e-05 -3.5628635727530126e-05 0 -1.0813571478035925e-06 -2.2725769162063912e-06 -3.4955887833290779e-06 -4.6140278383150816e-06 -5.4402921524361836e-06 -5.7440453417099242e-06 -5.2620956946162578e-06 -3.709541716637654e-06 -7.9198340261816711e-07 3.7814529699310511e-06 1.8961270952885627e-05 4.3582334773775884e-05 7.8547938723024652e-05 0.00012369945544309113 0.00017788566821271413 0.00023941914697097255 0.00030692910430900854 0.00034284911442426964 -0.00088516767724181511 -0.00090252374680112215 -0.00088213169088509184 -0.00083870165435058616 -0.00077441406886119861 -0.00069217054811583818 -0.00059584778415523222 -0.0004902008903963982 -0.00043552617147977996 -0.00038052248242146188 -0.00032585896946479305 -0.00027217847013932865 -0.00022008291882026946 -0.00017011982781949336 -0.00012277014347637766 -7.843758331864776e-05 -3.7439598260426501e-05 0 -2.8923316264740674e-06 -9.4997625418881569e-06 -1.9694233224076619e-05 -3.3256428734854335e-05 -4.9883375202534254e-05 -6.919770644724064e-05 -9.0758515480906428e-05 -0.00011407368089844828 -0.00013861347682177217 -0.00016382518299341725 -0.00021403005357845261 -0.00026038397073478405 -0.00029914237092166146 -0.00032741734924576012 -0.00034320300921766123 -0.00034502315633449116 -0.00033119114615534173 -0.00031758464582805465 -0.0017947279753394634 -0.0017074271378078275 -0.0015997833080435323 -0.0014599867859053795 -0.0012945749773893352 -0.0011107975382731959 -0.00091672688290745155 -0.00072103117166742541 -0.00062533589818458441 -0.00053251752652104739 -0.00044360581909260073 -0.00035956771068328363 -0.00028129051603731706 -0.00020956650525589762 -0.00014507911062973223 -8.8390940221848172e-05 -3.9933684429942651e-05 0 -5.3864277508019613e-06 -1.9453138723096417e-05 -4.2003227564365352e-05 -7.2703136296578527e-05 -0.00011109100207805547 -0.00015658696967443562 -0.00020850537647779569 -0.00026606871791295402 -0.00032842317002348601 -0.00039465539418256972 -0.00053490898723183552 -0.00067901065431140157 -0.00081930280074006458 -0.00094870180898120292 -0.0010608537056452649 -0.0011499254009862681 -0.001210019430113237 -0.0012271434225558523 
end_dependent_variable

end_regular_table
