# ****************************************************************************
# CUI
#
# The Advanced Framework for Simulation, Integration, and Modeling (AFSIM)
#
# The use, dissemination or disclosure of data in this file is subject to
# limitation or restriction. See accompanying README and LICENSE for details.
# ****************************************************************************

# ##################################################################################################
# 
# This file was auto-generated by AFSIM Mover Creator 2.5.0.200324
# 
# Creation Date:  24 Mar 2020
# 
# ##################################################################################################

regular_table

independent_variable mach precision double
0.10000000000000001 0.5 0.70000000000000007 0.75 0.80000000000000004 
end_independent_variable

independent_variable surface_angle units deg
-25 -22 -20 -18 -16 -14 -12 -10 -9 -8 -7 -6 -5 -4 -3 -2 -1 0 1 2 3 4 5 6 7 8 9 10 12 14 16 18 20 22 24 25 
end_independent_variable

dependent_variable precision double
-2.0694096353359453e-05 -1.866577038461584e-05 -1.6904527037810014e-05 -1.4911944084883193e-05 -1.2775054420133004e-05 -1.0581757229684012e-05 -8.4179211791086948e-06 -6.3647365468613305e-06 -5.4031415753338061e-06 -4.4963438762778056e-06 -3.6521697942425617e-06 -2.8777637868150586e-06 -2.1795416521725308e-06 -1.563149224916043e-06 -1.0334265994589794e-06 -5.9437801891683404e-07 -2.4914745868617982e-07 0 -2.4914745868617982e-07 -5.9437801891683404e-07 -1.0334265994589794e-06 -1.563149224916043e-06 -2.1795416521725308e-06 -2.8777637868150586e-06 -3.6521697942425617e-06 -4.4963438762778056e-06 -5.4031415753338061e-06 -6.3647365468613305e-06 -8.4179211791086948e-06 -1.0581757229684012e-05 -1.2775054420133004e-05 -1.4911944084883193e-05 -1.6904527037810014e-05 -1.866577038461584e-05 -2.0112622728770727e-05 -2.0694096353359453e-05 -2.9342841936128374e-05 -2.6319352353529719e-05 -2.3728449685403183e-05 -2.0819539034443015e-05 -1.772108273106034e-05 -1.4562324801870223e-05 -1.1469030136234171e-05 -8.5595972647907006e-06 -7.2079505378359765e-06 -5.9415854226045688e-06 -4.7717572810964289e-06 -3.7086923018488889e-06 -2.761519945721977e-06 -1.9382133128240381e-06 -1.2455379263224889e-06 -6.8900884063659828e-07 -2.7285630414746283e-07 0 -2.7285630414746283e-07 -6.8900884063659828e-07 -1.2455379263224889e-06 -1.9382133128240381e-06 -2.761519945721977e-06 -3.7086923018488889e-06 -4.7717572810964289e-06 -5.9415854226045688e-06 -7.2079505378359765e-06 -8.5595972647907006e-06 -1.1469030136234171e-05 -1.4562324801870223e-05 -1.772108273106034e-05 -2.0819539034443015e-05 -2.3728449685403183e-05 -2.6319352353529719e-05 -2.846915609651637e-05 -2.9342841936128374e-05 -4.4872296559072587e-05 -4.0061939314849773e-05 -3.5981336136700708e-05 -3.1427104372391422e-05 -2.6602094859332321e-05 -2.1709788746471441e-05 -1.6947586905402528e-05 -1.2500697465519996e-05 -1.0448682617213818e-05 -8.5366851541594913e-06 -6.7821173923493835e-06 -5.2007390866784799e-06 -3.8065521979668248e-06 -2.6117086405934486e-06 -1.6264311867671447e-06 -8.58947700944782e-07 -3.1543893323009779e-07 0 -3.1543893323009779e-07 -8.58947700944782e-07 -1.6264311867671447e-06 -2.6117086405934486e-06 -3.8065521979668248e-06 -5.2007390866784799e-06 -6.7821173923493835e-06 -8.5366851541594913e-06 -1.0448682617213818e-05 -1.2500697465519996e-05 -1.6947586905402528e-05 -2.1709788746471441e-05 -2.6602094859332321e-05 -3.1427104372391422e-05 -3.5981336136700708e-05 -4.0061939314849773e-05 -4.3473929289823954e-05 -4.4872296559072587e-05 -5.2105309186790791e-05 -4.6462698881395535e-05 -4.1688252019319772e-05 -3.6367694026232093e-05 -3.0738523665077314e-05 -2.5038798769649609e-05 -1.9499285219853711e-05 -1.433630864604701e-05 -1.1958089730208913e-05 -9.7453818878323301e-06 -7.7184652318463939e-06 -5.8956767925215409e-06 -4.2932879391704701e-06 -2.9253969247608472e-06 -1.8038367689809753e-06 -9.3809885156706985e-07 -3.3527240078609087e-07 0 -3.3527240078609087e-07 -9.3809885156706985e-07 -1.8038367689809753e-06 -2.9253969247608472e-06 -4.2932879391704701e-06 -5.8956767925215409e-06 -7.7184652318463939e-06 -9.7453818878323301e-06 -1.1958089730208913e-05 -1.433630864604701e-05 -1.9499285219853711e-05 -2.5038798769649609e-05 -3.0738523665077314e-05 -3.6367694026232093e-05 -4.1688252019319772e-05 -4.6462698881395535e-05 -5.0462565906350439e-05 -5.2105309186790791e-05 -6.206671979262165e-05 -5.5277918815822931e-05 -4.9547899689229155e-05 -4.317194641254148e-05 -3.6435273996655571e-05 -2.96235600326913e-05 -2.3013521620147054e-05 -1.6864339377846358e-05 -1.4036867349074904e-05 -1.141001690383439e-05 -9.0080173712112039e-06 -6.8527553252730033e-06 -4.9636276664167313e-06 -3.3574131472984027e-06 -2.0481624324350016e-06 -1.047107049276967e-06 -3.6258738234858286e-07 0 -3.6258738234858286e-07 -1.047107049276967e-06 -2.0481624324350016e-06 -3.3574131472984027e-06 -4.9636276664167313e-06 -6.8527553252730033e-06 -9.0080173712112039e-06 -1.141001690383439e-05 -1.4036867349074904e-05 -1.6864339377846358e-05 -2.3013521620147054e-05 -2.96235600326913e-05 -3.6435273996655571e-05 -4.317194641254148e-05 -4.9547899689229155e-05 -5.5277918815822931e-05 -6.0087418102479791e-05 -6.206671979262165e-05 
end_dependent_variable

end_regular_table
