# ****************************************************************************
# CUI
#
# The Advanced Framework for Simulation, Integration, and Modeling (AFSIM)
#
# The use, dissemination or disclosure of data in this file is subject to
# limitation or restriction. See accompanying README and LICENSE for details.
# ****************************************************************************

# ##################################################################################################
# 
# This file was auto-generated by AFSIM Mover Creator 2.5.0.200324
# 
# Creation Date:  24 Mar 2020
# 
# ##################################################################################################

regular_table

independent_variable mach precision double
0.10000000000000001 0.5 0.70000000000000007 0.75 0.80000000000000004 0.84999999999999998 0.90000000000000002 0.92000000000000004 0.94000000000000006 0.95999999999999996 0.97999999999999998 1 1.02 1.04 1.0600000000000001 1.0800000000000001 1.1000000000000001 1.2 1.3 1.4000000000000001 1.5 
end_independent_variable

independent_variable surface_angle units deg
-20 -16 -14 -12 -10 -9 -8 -7 -6 -5 -4 -3 -2 -1 0 1 2 3 4 5 6 7 8 9 10 12 14 16 18 20 
end_independent_variable

dependent_variable precision double
-0.043348669955770351 -0.028726199051420556 -0.022517815660089348 -0.017051498602139729 -0.012330895522246709 -0.010251175799911952 -0.0083589462574421916 -0.006654499614714527 -0.0051381023188702482 -0.0038099935980507372 -0.0026703836917849871 -0.0017194516869260136 -0.00095734325854408234 -0.00038416850696337682 0 -0.00045026015023621704 -0.0010892869323515101 -0.0019169341745458716 -0.0029330005349762684 -0.00413722786513051 -0.0055292994656992809 -0.007108838343882604 -0.0088754056613286249 -0.010828499667258086 -0.012967555536358154 -0.017800988004888652 -0.023370028881097297 -0.02966833913408733 -0.03668933277617778 -0.044426615031269379 -0.047662107500778338 -0.031494952278556136 -0.024640276155512387 -0.018612553503564746 -0.013415975716544772 -0.011130453278694372 -0.0090539462245348458 -0.0071867924047937324 -0.0055292981839739075 -0.0040817374577322959 -0.0028443498522524105 -0.0018173385339441809 -0.0010008679292056173 -0.00039506154508548667 0 -0.00046112577151224862 -0.0011327568355253529 -0.0020147389867989818 -0.0031068575012717561 -0.0044088355124079163 -0.0059203322850971459 -0.0076409414957490651 -0.0095701897078530052 -0.011707535337482582 -0.014052368527782728 -0.019361726862450326 -0.025492127954507216 -0.03243669002323768 -0.040188205973475673 -0.048739583661815244 -0.053380842939834035 -0.035165654263781321 -0.027454096961744751 -0.020682049006034191 -0.014854422119684615 -0.012296049811440911 -0.0099752337684329111 -0.007892371617527854 -0.0060478225963058185 -0.0044419065219465361 -0.0030749019485797674 -0.0019470439414266238 -0.0010585217674671573 -0.00040947669336881319 0 -0.00047553896138190509 -0.0011904067619853758 -0.0021444385356243038 -0.0033374018006952647 -0.0047689948527390473 -0.0064388450612436806 -0.0083465071789125666 -0.010491461853013117 -0.01287311463285765 -0.015490795892764416 -0.021431199873192981 -0.028305923076568353 -0.036107363466248106 -0.044827490017925908 -0.05445828598759668 -0.055542966981951415 -0.036553462169147191 -0.028517937194015273 -0.021464476541413896 -0.015398264268241865 -0.012736733647353293 -0.010323549985582591 -0.0081591335091469978 -0.0062438634451435415 -0.0045780769720140321 -0.0031620673613735354 -0.0019960817383215023 -0.0010803187612620638 -0.00041492641116242071 0 -0.00048098835278346402 -0.0012122031038856022 -0.0021934753563471639 -0.0034245659145980033 -0.0049051636833413329 -0.006634883972685449 -0.0086132668188445161 -0.010839775508584089 -0.013313795602693619 -0.01603463487756587 -0.022213623676123513 -0.029369759053634422 -0.037495166652740337 -0.046581503934665959 -0.056620404584406141 -0.058187808245006974 -0.038251112646303306 -0.029819290667292893 -0.022421588881923825 -0.016063524479688389 -0.013275804362332489 -0.010749631044616481 -0.0084854523976169056 -0.0064836721005601143 -0.0047446485694267286 -0.0032686930787207734 -0.0020560675059728634 -0.0011069819976124613 -0.00042159274795506581 0 -0.00048765440398737634 -0.0012388657698778587 -0.0022534602699947294 -0.0035311904958090319 -0.0050717338644282947 -0.0068746909342635382 -0.0089395837390521867 -0.011265854329082035 -0.013852863814065449 -0.01669989232669921 -0.023170732760664104 -0.030671108819398381 -0.03919281302392541 -0.048727121770675924 -0.059265241127957606 -0.053337356254241047 -0.035008217400810157 -0.027262011459628931 -0.020470432519253141 -0.014638632956316604 -0.012084006261012484 -0.0097708575596149715 -0.0076996057003573103 -0.0058706276717149604 -0.0042842576479880171 -0.0029407853387990409 -0.0018404540134783016 -0.00098345846151631777 -0.00036994305382989233 0 -0.0004336582028095186 -0.0011106805282553184 -0.0020309105267663679 -0.0031941242916414037 -0.0046000290847082364 -0.0062482618866176844 -0.008138387966502179 -0.010269899634292808 -0.012642215431894222 -0.015254680126333091 -0.02119707583694419 -0.028090467434298435 -0.035927365292748113 -0.044699779191774029 -0.054399606649637791 -0.048486900199933944 -0.031765319367383825 -0.024704730020025312 -0.018519274425168524 -0.013213740143991211 -0.010892207069677341 -0.0087920831683604376 -0.0069137582652304018 -0.0052575826577632547 -0.0038238662787392153 -0.0026128772724159262 -0.0016248403000983559 -0.00085993479415091216 -0.00031829330206859088 0 -0.00037966198792819541 -0.00098249524301591133 -0.0018083606938180722 -0.0028570579353715039 -0.0041283240742170995 -0.0056218325132746496 -0.0073371917569162491 -0.0092739443746514948 -0.011431566340509314 -0.01380946705580932 -0.019223417670361422 -0.025509824365489146 -0.032661915367275009 -0.040672433837823846 -0.049533968746014227 -0.046619118939280065 -0.030516649712771494 -0.023719879876706124 -0.017767577292149228 -0.012664454723139781 -0.010432582073826212 -0.0084144136190721624 -0.0066103335925858792 -0.0050206869816404927 -0.0036457787302192619 -0.0024858724007786612 -0.0015411885862205341 -0.00081190327689895211 -0.00029814631350381687 0 -0.00035862598424753412 -0.00093269804189400772 -0.0017220826277017187 -0.0027265866216094254 -0.0039459562627376403 -0.0053798760304255037 -0.0070279675461817495 -0.0088897886259208404 -0.010964832683339721 -0.013252528770487673 -0.018463279178668454 -0.024516264301927243 -0.031404926772675722 -0.039122220807756444 -0.047660920589026066 -0.044745379442365285 -0.029263907566314581 -0.022731788241020453 -0.017013386606835924 -0.012113335234002471 -0.0099714180986642149 -0.0080354763795791977 -0.0063058882541325717 -0.0047829929807996531 -0.0034670901442308806 -0.0023584384023025719 -0.0014572540051987729 -0.00076370927589403429 -0.00027793117231999788 0 -0.00033752029379077806 -0.00088273531049949964 -0.0016355171647802979 -0.0025956802062268971 -0.0037629800425485051 -0.005137112516339918 -0.0067177127041516847 -0.0085043540565548238 -0.01049654786545361 -0.012693743322034065 -0.01770063272961906 -0.023519447906188092 -0.030143851492493112 -0.037567015042954968 -0.045781904867124912 -0.042865674758960665 -0.028007088070484461 -0.021740451211177271 -0.016256699343748907 -0.011560379436039972 -0.0095087132583804891 -0.0076552698923327963 -0.0060004209925407833 -0.0045444996696841974 -0.0032877997774499925 -0.0022305747453150913 -0.0013730362060146051 -0.00071535258923470599 -0.00025764779370969894 0 -0.00031634483142052702 -0.00083260684629782864 -0.0015486639530914799 -0.0024643381562955958 -0.0035793946686865871 -0.0048935409837759496 -0.0064064259715322534 -0.0081176391065056908 -0.010026709998359478 -0.012133108466862323 -0.016935475294232435 -0.022519371272535633 -0.028878684665417216 -0.036006810661009414 -0.043896914626051747 -0.040979997936553103 -0.026746186366800796 -0.020745864884121026 -0.015497512476074849 -0.011005585087530282 -0.0090444656664682536 -0.0072737925991768048 -0.0056939305503310922 -0.0043052060625199656 -0.0031079068860627081 -0.00210228089792936 -0.0012885348375205946 -0.00066683301488220986 -0.0002372960928140716 0 -0.00029509951201082328 -0.00078231244672155034 -0.0014615226406228495 -0.0023325599388080921 -0.0033951993960990644 -0.0046491604451370343 -0.0060941060886956404 -0.0077296422154067602 -0.0095553171932305971 -0.011570621960777126 -0.016167803842700171 -0.021516030494532212 -0.027609421429057663 -0.034441601777913056 -0.042005942909091883 -0.03908834201973909 -0.02548119759484337 -0.019748025355331555 -0.014735822976103211 -0.010448949946299156 -0.0085786734356702431 -0.006891042941371891 -0.0053864156693196608 -0.0040651111731848325 -0.0029274107262442237 -0.0019735563280518019 -0.0012037495484274519 -0.00061815035079687856 -0.00021687598475448981 0 -0.00027378425041684064 -0.00073185190916048219 -0.0013740928753191003 -0.0022003450206482924 -0.0032103934795812573 -0.0044039699127705273 -0.0057807517959179424 -0.0073403618226205187 -0.0090823675605988686 -0.011006281559185014 -0.015397615344510748 -0.020509421664604368 -0.026336056919815599 -0.032871382508410957 -0.040108982757896247 -0.037190700052368304 -0.024212116893188109 -0.018746928719333325 -0.013971627815509986 -0.009890471769530387 -0.0081113346786370524 -0.0065070193597816638 -0.0050778750911201825 -0.0038242140151356625 -0.0027463105538839119 -0.0018444005034651747 -0.0011186799873388934 -0.00056930439479855699 -0.0001963873846184937 0 -0.00025239896149117686 -0.00068122503101482334 -0.0012863743050887826 -0.0020676928686662317 -0.0030249761738477127 -0.0041579683988684484 -0.0054663618331733709 -0.0069497963671637701 -0.0086078592109616447 -0.010440085017024472 -0.014624906768670544 -0.01949954087446908 -0.025058586272876594 -0.031296146965481123 -0.038206027212448132 -0.035287065075293299 -0.022938939398732948 -0.017742571069967 -0.013204923964870295 -0.0093301483139446219 -0.0076424475069620489 -0.0061217202949035814 -0.004768307557134175 -0.0035825136017674894 -0.0025646056246104751 -0.0017148128917643128 -0.0010333258027701282 -0.00052029494470375579 -0.00017583020747179994 0 -0.00023094356007566925 -0.00063043160964446 -0.0011983665778228657 -0.001934602949618286 -0.0028389467334438432 -0.0039111549154330705 -0.0051509349402178986 -0.0065579442878823642 -0.0081317902542573546 -0.0098720300888008421 -0.013849675083463185 -0.018486384214986808 -0.023777004622708757 -0.029715889261306187 -0.036297069310889149 -0.033377430128282773 -0.021661660247852071 -0.016734948499745658 -0.012435708394445249 -0.0087679773356120535 -0.007172010032490181 -0.0057351441870077758 -0.0044577118083063841 -0.0033400089461149561 -0.0023822951939568367 -0.0015847929605066178 -0.00094768664314664834 -0.0004711217982905674 -0.00015520436835610448 0 -0.00020941796101045038 -0.00057947144237836237 -0.0011100693412849404 -0.0018010747301453499 -0.0026523044129086984 -0.0036635284743137555 -0.0048344698566952027 -0.0061648040232888937 -0.0076541588002058906 -0.0093021145286832571 -0.013071917256857871 -0.017469947776448492 -0.0224913071026949 -0.028130603506399631 -0.034382102090579854 -0.031461788250217934 -0.020380274575418696 -0.015724057100614964 -0.011663978073772147 -0.0082039565902415745 -0.0067000203661098014 -0.0053472894757921217 -0.0041460865854275773 -0.0030966990610484255 -0.0021993785172285921 -0.0014543401770633856 -0.0008617621568584819 -0.00042178475323721183 -0.00013450978229665974 0 -0.00018782207912618079 -0.00052834432656444393 -0.0010214822432896705 -0.0016671076769501508 -0.0024650484666385655 -0.0034150880873110639 -0.0045169653220434548 -0.0057703740117631894 -0.007174962958386202 -0.0087303360906692933 -0.012291630256119538 -0.016450227648423885 -0.021201488845368415 -0.026540283810814646 -0.032461118586912412 -0.029540132477734564 -0.019094777515975034 -0.014709892963904675 -0.010889729971697813 -0.0076380838328958568 -0.0062264766186104483 -0.0049581546008308237 -0.0038334306289193425 -0.002852582959301255 -0.0020158548496843551 -0.0013234540086857318 -0.00077555199215410809 -0.00037228360721069427 -0.00011374636429318183 0 -0.00016615582925276319 -0.00047705005951689838 -0.00093260493162474303 -0.0015327012565869704 -0.0022771781489725959 -0.0031658327660486949 -0.0041984200755832216 -0.0053746526915765692 -0.0066942008379528928 -0.0081566925282697336 -0.011508811048410139 -0.015427219920120758 -0.019907544982656893 -0.024944924283440591 -0.030534111834679162 -0.020683593283783927 -0.013210454044799562 -0.010089067801604056 -0.0073826740060708397 -0.0050943700368633648 -0.0041078445676939052 -0.0032267947249614449 -0.0024514770823709877 -0.0017821184072651013 -0.0012189154461544603 -0.00076203473900071574 -0.00041161246168792623 -0.00016775429705535966 -3.0535334800835823e-05 0 -7.6162010568880617e-05 -0.0002590043636424508 -0.00054847935086919399 -0.00094450860263076695 -0.0014469831610867362 -0.002055763582080759 -0.0027706800657263495 -0.0035915326154449031 -0.004518091225674206 -0.0055500960973836012 -0.0079292579530343375 -0.010726353878427242 -0.013938261338566332 -0.017561411283876116 -0.021591801538034177 -0.016648419744262788 -0.010635795882529981 -0.0081237736590304126 -0.0059453822209697901 -0.0041032321544827565 -0.0033089580549375717 -0.0025995477409163125 -0.0019752174996877994 -0.0014361584988395095 -0.00098253660407643948 -0.00061449222104616749 -0.00033214016146101348 -0.00013556953350744348 -2.4843656463914853e-05 0 -6.1050147981937651e-05 -0.0002079797868560298 -0.00044074871863697429 -0.00075929089848389376 -0.0011635144968714496 -0.001653301986240293 -0.0022285102519322996 -0.0028889707275903641 -0.0036344895547617113 -0.0044648477661185923 -0.0063790821957229191 -0.0086294285677684188 -0.01121325539195831 -0.014127555096794081 -0.017368955409871656 -0.014224000510059434 -0.0090887690700467601 -0.0069427886197403303 -0.0050815615713169183 -0.0035074182031454835 -0.0028286370798064485 -0.0022223441125162734 -0.0016887323949562568 -0.0012279725995593706 -0.00084021281360743729 -0.00052557839661976238 -0.00028417185992964632 -0.00011607276777778397 -2.1337660543152581e-05 0 -5.2070136730887051e-05 -0.00017753529962948091 -0.00037635960760183743 -0.00064848410340517327 -0.00099382680965330096 -0.001412282806776555 -0.0019037243330502528 -0.0024680009064874725 -0.0031049394684104989 -0.0038143445487380683 -0.0054496614682186294 -0.0073719472976892892 -0.0095788532221569456 -0.012067694946157793 -0.014835462937397258 -0.012561308096549106 -0.0080278681334059708 -0.0061329189847053427 -0.0044891893457298391 -0.0030988246519533477 -0.0024992380729314712 -0.0019636531291479602 -0.0014922476242937505 -0.0010851787205452808 -0.00074258278613032163 -0.00046457526302930114 -0.00025125055498830288 -0.00010268193563346196 -1.8921477294857558e-05 0 -4.592704126774551e-05 -0.00015669084634175671 -0.00033225837902263781 -0.00057257535317830894 -0.00087756628458594615 -0.0012471345635601402 -0.0016811625477023441 -0.0021795116751182823 -0.0027420225978703103 -0.0033685153352924781 -0.0048126242285727776 -0.0065099929355707745 -0.0084584590407586931 -0.010655551458039394 -0.013098499940213077 
end_dependent_variable

end_regular_table
