# ****************************************************************************
# CUI
#
# The Advanced Framework for Simulation, Integration, and Modeling (AFSIM)
#
# The use, dissemination or disclosure of data in this file is subject to
# limitation or restriction. See accompanying README and LICENSE for details.
# ****************************************************************************

# ##################################################################################################
# 
# This file was auto-generated by AFSIM Mover Creator 2.5.0.200324
# 
# Creation Date:  24 Mar 2020
# 
# ##################################################################################################

regular_table

independent_variable mach precision double
0.10000000000000001 0.5 0.70000000000000007 0.75 0.80000000000000004 0.84999999999999998 0.90000000000000002 0.92000000000000004 0.94000000000000006 0.95999999999999996 0.97999999999999998 1 1.02 1.04 1.0600000000000001 1.0800000000000001 1.1000000000000001 1.2 1.3 1.4000000000000001 1.5 
end_independent_variable

independent_variable surface_angle units deg
-20 -16 -14 -12 -10 -9 -8 -7 -6 -5 -4 -3 -2 -1 0 1 2 3 4 5 6 7 8 9 10 12 14 16 18 20 
end_independent_variable

dependent_variable precision double
-0.00013830216489212554 -9.4555455866349015e-05 -7.568589968018947e-05 -5.8822208435905926e-05 -4.3969103322841363e-05 -3.7298038417796655e-05 -3.113136276220354e-05 -2.5469549081201845e-05 -2.0313004872215628e-05 -1.5662074511517396e-05 -1.1517044346354622e-05 -7.878149287434963e-06 -4.7455799227482364e-06 -2.1194894495267329e-06 0 -1.8874985944906554e-06 -4.2824251558353182e-06 -7.1849018162635342e-06 -1.0595081769976569e-05 -1.451315561405732e-05 -1.893935825618242e-05 -2.3873976037537285e-05 -2.9317353331363392e-05 -3.5269897647208908e-05 -4.1732081704151609e-05 -5.6187561492770264e-05 -7.2688571118427093e-05 -9.1239831752278934e-05 -0.00011184458728502322 -0.00013450310424098638 -0.00015567394387615239 -0.00010567324752040046 -8.4197881758239619e-05 -6.5075835958646879e-05 -4.8311830310726091e-05 -4.0815609940511226e-05 -3.3910641986901606e-05 -2.7597398926492802e-05 -2.1876288159715973e-05 -1.6747654041626434e-05 -1.2211782777013361e-05 -8.2689092553672141e-06 -4.9192240222434224e-06 -2.1628802430484876e-06 0 -1.9309465766850171e-06 -4.4561834402054604e-06 -7.5758326765677034e-06 -1.1290047485277309e-05 -1.5599018336114014e-05 -2.0502980133723421e-05 -2.6002219188980669e-05 -3.2097079705389689e-05 -3.8787969204622761e-05 -4.6075360102654884e-05 -6.2441838467751265e-05 -8.1201291882172346e-05 -0.0001023584408987453 -0.00012591652780778495 -0.00015187581958220984 -0.00017724654168444748 -0.00011947969963714303 -9.4768441138156519e-05 -7.2841955959208727e-05 -5.3704964204534757e-05 -4.5184045820305049e-05 -3.7362243095055363e-05 -3.0240028365953983e-05 -2.3817809342596901e-05 -1.8095930189084685e-05 -1.3074677210230422e-05 -8.7542851955006616e-06 -5.1349447389472759e-06 -2.2168089756664885e-06 0 -1.9848794011903931e-06 -4.6719123073427595e-06 -8.0612208287116955e-06 -1.2152958137523514e-05 -1.6947314764178506e-05 -2.2444525540577609e-05 -2.8644876750316715e-05 -3.5548712578713591e-05 -4.3156440692929826e-05 -5.1468533430133726e-05 -7.0208004976401916e-05 -9.1771904183832623e-05 -0.00011616495145370163 -0.00014339038936730242 -0.00017344848449745787 -0.00018476454003707679 -0.00012429121677560585 -9.8452258043003942e-05 -7.5548432766260981e-05 -5.5584461164791083e-05 -4.6706437934617487e-05 -3.8565120289777475e-05 -3.1160980843262865e-05 -2.449442705612537e-05 -1.8565803237954885e-05 -1.3375395570807882e-05 -8.9234389517523901e-06 -5.210123880878422e-06 -2.2356035141205185e-06 0 -2.0036746045761215e-06 -4.7470927367029151e-06 -8.2303765505848761e-06 -1.2453679185107018e-05 -1.7417191128992996e-05 -2.3121147279310842e-05 -2.9565833840849733e-05 -3.6751595168664984e-05 -4.4678838678342887e-05 -5.3348036937409855e-05 -7.2914489318588998e-05 -9.5455729727108953e-05 -0.00012097647810959138 -0.00014947997715038469 -0.00018096649364054575 -0.00019336965470844109 -0.00012979848866649643 -0.00010266876208394375 -7.8646271854942982e-05 -5.773573770181969e-05 -4.8448971443736923e-05 -3.9941936475709305e-05 -3.2215105395573503e-05 -2.5268885573450409e-05 -1.9103621261340393e-05 -1.3719598757994492e-05 -9.1170529316859687e-06 -5.2961742400704519e-06 -2.2571159015974284e-06 0 -2.0251875857555791e-06 -4.8331443272499424e-06 -8.4239923264023581e-06 -1.2797884771352039e-05 -1.7955012107630494e-05 -2.3895609227759221e-05 -3.0619962478985691e-05 -3.8128416064813832e-05 -4.6421377355364534e-05 -5.5499318996970906e-05 -7.6012335178586847e-05 -9.9672241751775693e-05 -0.00012648375843886303 -0.00015645012839097559 -0.00018957161804757097 -0.00025266280661579934 -0.00016081186281404676 -0.00012262311371881557 -8.9595000028871272e-05 -6.1731516102211026e-05 -4.9737794783341674e-05 -3.9036705454039007e-05 -2.9628648173585139e-05 -2.1513967712286167e-05 -1.4692955586807289e-05 -9.1658538989693429e-06 -4.93286154480903e-06 -1.9941397409001413e-06 -3.498181045950913e-07 0 -3.9072663306864841e-06 -9.1097358846068571e-06 -1.560751202586724e-05 -2.3400724320292573e-05 -3.2489534061747856e-05 -4.2874140146269796e-05 -5.4554784521096808e-05 -6.753175896053144e-05 -8.1805408080297398e-05 -9.7376131888149311e-05 -0.0001324106584539994 -0.00017263938227634083 -0.00021806629771317073 -0.00026869414973590552 -0.00032452316393181166 -0.00031195595337041066 -0.00019182523450040273 -0.00014257746410490404 -0.00010054372759659406 -6.5727294720836375e-05 -5.1026618426049217e-05 -3.8131474777905892e-05 -2.7042191509305884e-05 -1.7759050633127079e-05 -1.0282290570007199e-05 -4.6121096673669303e-06 -7.4867072776529886e-07 1.3078943399883482e-06 1.5574794468940031e-06 0 -5.7893448604144256e-06 -1.3386326961545888e-05 -2.2791030882706432e-05 -3.4003562753814935e-05 -4.7024054497320369e-05 -6.1852668833944015e-05 -7.8489604083827313e-05 -9.6935098831283468e-05 -0.00011718943503463187 -0.00013925294031765501 -0.00018880897588559065 -0.00024560651527183328 -0.00030964882767616148 -0.0003809381600357707 -0.0004594746963219172 -0.00035512294089759359 -0.00021606421058358101 -0.00015928298215148943 -0.00011100273686965422 -7.122662702141691e-05 -5.4528636381748666e-05 -3.9957843037421038e-05 -2.7514562651781277e-05 -1.7199067442638197e-05 -9.0115871861385544e-06 -2.9523132880434363e-06 9.7859767481899581e-07 2.7810182240925644e-06 2.4548461944425987e-06 0 -6.9212438236151951e-06 -1.5971713916140702e-05 -2.7151491856474256e-05 -4.0460679886635525e-05 -5.5899405303725235e-05 -7.3467824907655184e-05 -9.3166129908988266e-05 -0.00011499455025118399 -0.00013895335792896751 -0.00016504286894031153 -0.00022361546355578033 -0.000290715524472463 -0.00036634620397370113 -0.00045050966797853233 -0.00054320609461924133 -0.00040103797361116492 -0.00024174052282477208 -0.00017691327664537201 -0.00012196913528634721 -7.6911099489354264e-05 -5.8090336417085373e-05 -4.1742207377107946e-05 -2.7867013184370821e-05 -1.6465012942032221e-05 -7.5364254090594767e-06 -1.0814327041448441e-06 2.8998158479203544e-06 4.4071991148426054e-06 3.4406197263730358e-06 0 -8.1403755820368779e-06 -1.8755317130371174e-05 -3.1844902341760362e-05 -4.7409228543715826e-05 -6.5448416968251892e-05 -8.5962616854684887e-05 -0.00010895201029321543 -0.00013441681615677749 -0.00016235729349154594 -0.00019277374305548631 -0.00026103595154323538 -0.00033920647962877283 -0.00042728832816772184 -0.00052528355950041733 -0.00063319234275335432 -0.00044970096729462648 -0.00026885412800637065 -0.00019546831955803245 -0.00013344290673372979 -8.2780706556044361e-05 -6.1711716531581036e-05 -4.3484569451907706e-05 -2.8099547042560844e-05 -1.5556892619894081e-05 -5.856811556644069e-06 1.0005252845213391e-06 5.0149778264762909e-06 6.1864322383698646e-06 4.5147972838439133e-06 0 -9.4467374104824798e-06 -2.1737130431852519e-05 -3.6871252056106421e-05 -5.4849193490504465e-05 -7.5671068638642229e-05 -9.9337017519449868e-05 -0.00012584721096649731 -0.00015520185435252126 -0.00018740119099387535 -0.00022244550273248746 -0.0003010703600325099 -0.00039107927638854146 -0.00049247506905594676 -0.00060525967304280001 -0.00072943324733983994 -0.00050111183772905555 -0.00029740498082784947 -0.00021494808180857886 -0.0001454240361415324 -8.8835442457684964e-05 -6.539277538794626e-05 -4.5184930517878211e-05 -2.8212167936329248e-05 -1.4474711849629658e-05 -3.9727518885707108e-06 3.2935543073411235e-06 7.3240775848037698e-06 8.1187129547771647e-06 5.6773761913670962e-06 0 -1.0840326656499675e-05 -2.4917147822180954e-05 -4.223053073220926e-05 -6.2780559701591015e-05 -8.6567339615402044e-05 -0.00011359099977546477 -0.00014385169764306123 -0.00017734962302720712 -0.00021408499995600831 -0.00025405808869653768 -0.00034371860819215768 -0.00044633381151254129 -0.00056190629705103084 -0.00069043784966586351 -0.0008319286165704168 -0.00055527050063248378 -0.00032739303847654859 -0.00023535253583405779 -0.00015791250773628687 -9.5075301411075237e-05 -6.9133510851125132e-05 -4.6843291789855338e-05 -2.8204879435014222e-05 -1.321847601676894e-05 -1.8842527881837038e-06 5.7976478227505604e-06 9.8271091820885251e-06 1.0204036524749614e-05 6.9283537037408073e-06 0 -1.2321140626717261e-05 -2.8295363113210357e-05 -4.7922728193696524e-05 -7.1203311939393101e-05 -9.813720920631148e-05 -0.00012872453659808672 -0.00016296543651239949 -0.00020086008020231397 -0.00024240866989799732 -0.0002876114408678185 -0.00038898061598122429 -0.00050496998004961988 -0.00063558188042208579 -0.00078081792863542176 -0.00094067825732739921 -0.00061217687205029404 -0.00035881825625814627 -0.00025668165238383969 -0.00017090830603792867 -0.00010150027823679508 -7.2933921469861611e-05 -4.8459655039171679e-05 -2.8077685466827656e-05 -1.1788190522603266e-05 4.0867947756410911e-07 8.5127992910043149e-06 1.2524066615077126e-05 1.2442398176237228e-05 8.2677270712167321e-06 0 -1.3889176606395293e-05 -3.187177020620992e-05 -5.3947834076272158e-05 -8.0117435127579007e-05 -0.00011038065654092634 -0.00014473760083536977 -0.00018318839312991351 -0.00022573318355499606 -0.00027237215025138891 -0.00032310549937019663 -0.00043685630242034935 -0.00056698767857868795 -0.0007135016889852604 -0.00087639974961495999 -0.0010556819773320904 -0.00067183086714523376 -0.00039168059005057859 -0.00027893540417625059 -0.00018441141579917606 -0.00010811036711527134 -7.6794005143047281e-05 -5.0034021188472054e-05 -2.7830589698100625e-05 -1.0183860782972901e-05 2.9060385835241542e-06 1.1439002264500296e-05 1.5414944013881356e-05 1.4833793252369068e-05 9.6954936252780968e-06 0 -1.5544431973543272e-05 -3.5646363021847409e-05 -6.0305838277520864e-05 -8.9522914126771648e-05 -0.00012329766105432998 -0.00016163016549540613 -0.00020452053330318617 -0.00025196889170323858 -0.00030397539068051247 -0.00036054020474460822 -0.00048734558738370974 -0.00063238680262143348 -0.00079566559252760498 -0.00097718315345127638 -0.0011769395839954155 -0.00073423240136375465 -0.00042597999581422578 -0.00030211376200673252 -0.00019842182073249878 -0.0001149055621444869 -8.0713760208466582e-05 -5.1566391560496951e-05 -2.7463595511460041e-05 -8.4054918378706831e-06 5.6078182542567131e-06 1.4576250298061232e-05 1.849973521642193e-05 1.737821702474195e-05 1.1211650606022642e-05 0 -1.7286903986596655e-05 -3.9619135472606835e-05 -6.6996730370101211e-05 -9.9419733876400667e-05 -0.00013688820187971539 -0.00017940220361781076 -0.00022696182342903215 -0.00027956716251939393 -0.00033721834079392658 -0.00039991549730648092 -0.00054044839064364006 -0.0007011672482984759 -0.000882073460038404 -0.0010831679793204671 -0.0013044508855672894 -0.00079938139132592245 -0.00046171642994593609 -0.00032621669786858973 -0.00021293950619439582 -0.00012188585779584728 -8.4693184880238015e-05 -5.3056767722893892e-05 -2.6976707082449636e-05 -6.4530895759771966e-06 8.5140119936632513e-06 1.7924536608247169e-05 2.1778434379483684e-05 2.0075664797687782e-05 1.2816195307803507e-05 0 -1.9116589968551796e-05 -4.3790081427931603e-05 -7.4020500287970284e-05 -0.00010980787910372379 -0.0001511522583685096 -0.00019805368790514835 -0.00025051222896101035 -0.0003085279540116047 -0.00037210094993588418 -0.00044123131723060273 -0.00059616463155540513 -0.00077332891164314064 -0.00097272516062818276 -0.0011943540673879551 -0.001438215688619649 -0.00086727775210961554 -0.0004988898480544901 -0.00035124418375270149 -0.00022796445656658769 -0.00012905124876869123 -8.8732277351869041e-05 -5.4505151100245875e-05 -2.6369928161056857e-05 -4.3266590130370533e-06 1.1624613800308949e-05 2.1483854937198341e-05 2.5251035424037482e-05 2.2926131771877322e-05 1.450912499284493e-05 0 -2.1033487255438451e-05 -4.8159194765751972e-05 -8.1377137592874896e-05 -0.00012068733476635677 -0.00016608980984182927 -0.00021758459155949689 -0.00027517171549453157 -0.00033885122405707274 -0.00040862316772585533 -0.00048448760464811459 -0.00065449422938455143 -0.00084887168840747367 -0.0010676205639894235 -0.0013107412578264382 -0.001578233801392709 -0.0008430263715213872 -0.00048269082462737249 -0.00033847247742188125 -0.00021822041408642214 -0.00012193463498471843 -8.2779101939687108e-05 -4.9615139898536154e-05 -2.2442748861265553e-05 -1.2619288278753063e-06 1.3927320201634581e-05 2.3124998190891781e-05 2.633110517626862e-05 2.354564112139277e-05 1.4768606071729648e-05 0 -2.0760177084703087e-05 -4.7511925191472696e-05 -8.025524432030884e-05 -0.00011899013443483915 -0.00016371659551687751 -0.00021443462774828554 -0.00027114423091082927 -0.00033384540514999801 -0.00040253815032030246 -0.00047722246642174261 -0.00064456581207273191 -0.000835875441666498 -0.0010511513552757855 -0.0012903935527551053 -0.0015536020343954356 -0.00077758688082661339 -0.00044523899439270699 -0.00031222077218604182 -0.00020130636348712606 -0.00011249576861118663 -7.6379401130263725e-05 -4.5788987321803378e-05 -2.072452687057871e-05 -1.1860199342031626e-06 1.2826533605533343e-05 2.1313133827437526e-05 2.4273780495089226e-05 2.1708473785803565e-05 1.3617213610922984e-05 0 -1.9143167046965385e-05 -4.3812287510271491e-05 -7.4007361399769158e-05 -0.00010972838876471259 -0.00015097536946719002 -0.00019774830372391993 -0.00025004719133788552 -0.0003078720325061036 -0.00037122282703155738 -0.00044009957475663335 -0.00059443093106655964 -0.00077086610112065551 -0.00096940508476130746 -0.0011900478823037425 -0.0014327944931175069 -0.00074769420642082642 -0.00042812871692212334 -0.00030022596872360621 -0.00019357655161555791 -0.00010818046551310965 -7.3452421472290961e-05 -4.4037710331392636e-05 -1.9936331878242739e-05 -1.1482862401444299e-06 1.2326426667771064e-05 2.0487806887938134e-05 2.3335854271836419e-05 2.0870568946769083e-05 1.3091950849084545e-05 0 -1.8405283600484552e-05 -4.2123899973586306e-05 -7.1155849055653685e-05 -0.00010550113095277265 -0.00014515974551642283 -0.00019013169289512462 -0.00024041697304644363 -0.00029601558592794544 -0.00035692753162449881 -0.00042315280988149747 -0.00057154336484064954 -0.00074118725106000799 -0.00093208446811522889 -0.0011442350162609186 -0.0013776388951576019 -0.00073275406697241271 -0.00041957651963552445 -0.00029423025871199446 -0.00018971233949716611 -0.00010602276190010861 -7.1988601140045785e-05 -4.3161526011752746e-05 -1.9541536242436999e-05 -1.128631968494786e-06 1.2077186991935551e-05 2.0075920479725058e-05 2.286756847214103e-05 2.0452131105579711e-05 1.2829608266377562e-05 0 -1.8036693699236151e-05 -4.1280472837014074e-05 -6.9731337362185172e-05 -0.00010338928738272981 -0.00014225432278498442 -0.00018632644359168176 -0.00023560564993921806 -0.00029009194169119705 -0.00034978531884761874 -0.00041468578136301772 -0.00056010796283447091 -0.00072635848610555661 -0.00091343735117627471 -0.0011213445578647637 -0.0013500801060800927 
end_dependent_variable

end_regular_table
