# ****************************************************************************
# CUI
#
# The Advanced Framework for Simulation, Integration, and Modeling (AFSIM)
#
# The use, dissemination or disclosure of data in this file is subject to
# limitation or restriction. See accompanying README and LICENSE for details.
# ****************************************************************************

# ##################################################################################################
# 
# This file was auto-generated by AFSIM Mover Creator 2.5.0.200324
# 
# Creation Date:  24 Mar 2020
# 
# ##################################################################################################

regular_table

independent_variable mach precision double
0.10000000000000001 0.5 0.70000000000000007 0.75 0.80000000000000004 0.84999999999999998 0.90000000000000002 0.92000000000000004 0.94000000000000006 0.95999999999999996 0.97999999999999998 1 1.02 1.04 1.0600000000000001 1.0800000000000001 1.1000000000000001 1.2 1.3 1.4000000000000001 1.5 
end_independent_variable

independent_variable surface_angle units deg
-20 -16 -14 -12 -10 -9 -8 -7 -6 -5 -4 -3 -2 -1 0 1 2 3 4 5 6 7 8 9 10 12 14 16 18 20 
end_independent_variable

dependent_variable precision double
0.0022943797551839493 0.0021029704750308471 0.0019387460409787094 0.0017337875238851385 0.001495101302712065 0.0013653628105250004 0.0012297786103611025 0.0010890502267169623 0.00094378240631803434 0.00079448620714366025 0.00064158655839703248 0.00048543208009527557 0.00032630561839951653 0.00016443450794304689 0 -0.00017984396954484914 -0.00036102413916476027 -0.00054335925760902167 -0.00072662199015065558 -0.00091052949082761822 -0.0010947331394119909 -0.0012788080067942676 -0.0014622430349482635 -0.0016444334772890529 -0.0018246778088516144 -0.002176074502245222 -0.0025093418814779826 -0.0028174735679627094 -0.0030956556465402416 -0.0033434925238611914 0.0022275569323564372 0.0020602000622312595 0.0019059979745479512 0.001709725868423685 0.0014783900792562574 0.0013518257969311184 0.0012190817960084023 0.0010808595977056783 0.0009377639429398501 0.00079030588819127849 0.00063891035896254656 0.00048392597431049417 0.00032563557777303158 0.00016426650298803337 0 -0.00018000986274601985 -0.00036168996380188601 -0.00054485905303526701 -0.00072928979707178123 -0.00091469935190508661 -0.0011007390989467749 -0.0012869841126942631 -0.0014729233366671903 -0.0016579520294802215 -0.0018413686701500029 -0.0022001121760723452 -0.0025420626647688366 -0.0028602137999048163 -0.0031497516982681552 -0.0034102807661347198 0.0021445954124838032 0.0020071044178449587 0.0018653464818912575 0.0016798593342289042 0.0014576493066019293 0.0013350257040466839 0.0012058075846003594 0.0010706964665762495 0.00093029709126600296 0.00078512051505629443 0.00063559166396498154 0.00048205915480043285 0.00032480583327876528 0.00016405903153887241 0 -0.00018021718337778744 -0.00036251940717664023 -0.00054672542179706794 -0.0007326078932967156 -0.00091988397784490295 -0.0011082050576495556 -0.0012971462062009622 -0.0014861963687519593 -0.0016747508033550934 -0.0018621079894017563 -0.0022299769978687467 -0.0025827122079070996 -0.00291330728875649 -0.0032169483544878859 -0.0034932398141877432 0.0021156837507111375 0.0019886009090374799 0.0018511797080765695 0.0016694510703391258 0.0014504213248991199 0.0013291710286972909 0.0012011816574402647 0.0010671547307061005 0.00092769498929459369 0.00078331348968610514 0.00063443515820297322 0.00048140861155988011 0.00032451669534412398 0.00016398674108563752 0 -0.00018028944869381421 -0.00036280849528773064 -0.00054737588944447912 -0.00073376429875581786 -0.00092169087842492695 -0.001110807010683153 -0.0013006877693838199 -0.0014908220991005376 -0.0016806052586821867 -0.0018693357274967373 -0.0022403849748910431 -0.0025968786555997415 -0.0029318104373869491 -0.0032403664370405354 -0.0035221510641153891 0.0020825914653182093 0.0019674218078359631 0.0018349644388679072 0.0016575377901192467 0.0014421481945519341 0.0013224697844552394 0.0011958868371938784 0.0010631008743601652 0.00092471663771418063 0.00078124518120675475 0.00063311143258894243 0.00048066400836463131 0.00032418575331307549 0.00016390400054516391 0 -0.00018037216728241428 -0.00036313939323351488 -0.00054812042739892368 -0.0007350879370893402 -0.00092375907743182399 -0.0011137852315477421 -0.0013047414726229029 -0.0014961167470812213 -0.0016873063105394004 -0.0018776086444030873 -0.0022522980053432196 -0.0026130936418757474 -0.0029529892244114248 -0.0032671708707686722 -0.0035552429886286509 0.0020518028904129432 0.0019743526960554329 0.0018576594699178082 0.0016931733918299991 0.0014868243721670755 0.0013698576890400745 0.0012446141378568529 0.001111687462588372 0.00097158949314232691 0.00082475276888431461 0.0006715369320024414 0.00051223704103141212 0.00034709248501126657 0.00017629566999423647 0 -0.0001926668530407691 -0.00038979391205438312 -0.00059122777327001816 -0.00079677602988887969 -0.00100619929356772 -0.0012192025051745838 -0.0014354260225213648 -0.0016544373092287174 -0.0018757245298146106 -0.0020986939446879186 -0.0025469256089018593 -0.0029931305765353916 -0.0034313789360189439 -0.0038575963896373871 -0.0042714481240890912 0.0020210143391166278 0.0019812836041364005 0.0018803545140837934 0.0017288090000987936 0.0015315005547475915 0.0014172455951238906 0.0012933414408619857 0.0011602740501607753 0.0010184623473993948 0.00086826035510973701 0.00070996243094750898 0.00054381007297212415 0.00036999921544469261 0.00018868733881092649 0 -0.00020496153829556007 -0.00041644842937627052 -0.00063433511626025867 -0.00085846411887070232 -0.0010886395024195057 -0.0013246197699012263 -0.0015661105619738038 -0.001812757856948522 -0.0020641427325541876 -0.0023197792246896641 -0.0028415531854319998 -0.0033731674721278453 -0.003909768597270072 -0.0044480218469190643 -0.0049876531758642362 0.0020419571422518028 0.0020475216197394569 0.0019604347407517013 0.0018167338714284596 0.0016210921770383384 0.0015052959071016245 0.0013782394031980514 0.001240390567438888 0.0010921527592252628 0.00093386684703456878 0.00076581625277246832 0.00058823350016492203 0.00040130724409825956 0.00020518911335485861 0 -0.00022336083486763366 -0.00045497412920053593 -0.00069471899136438304 -0.00094244379128392613 -0.0011979598755811852 -0.0014610347205301997 -0.0017313849022860008 -0.0020086695543105014 -0.0022924853176335309 -0.0025823642864806853 -0.0031781417111707427 -0.0037912720728519498 -0.0044170822191844086 -0.0050523613410370719 -0.0056968455761353936 0.0020403636159861847 0.0021021372671738529 0.002033277633059289 0.001901057012507669 0.0017099189043442045 0.0015936843499678164 0.0014643606204734559 0.0013223926323547009 0.001168163917626088 0.0010019985947207586 0.00082416615527068898 0.00063488769845752423 0.00043434260612939401 0.00022267505653837506 0 -0.00024284384152982848 -0.00049591689183933936 -0.00075910420006259304 -0.0010322615880575942 -0.00131520967452662 -0.0016077273591872116 -0.0019095451510678808 -0.0022203389326161376 -0.0025397251689553294 -0.0028672589473346453 -0.0035447056490338596 -0.004248181724047919 -0.0049732436739644151 -0.0057168384717427544 -0.0064787152390045431 0.0020143643013384505 0.0021441490394116846 0.0020982487774804052 0.001981426624795743 0.0017978472910090786 0.0016823626127839091 0.0015517259351753312 0.0014063542516033084 0.0012466070404875921 0.0010727880797641795 0.00088514995686933995 0.00068389989677760516 0.00046920602804199544 0.00024120348300947825 0 -0.00026346809173738846 -0.00053940765300822279 -0.0008277109453239213 -0.0011282428370682697 -0.00144083519912613 -0.0017652808060732758 -0.0021013270711479795 -0.0024486702139409253 -0.0028069507621032346 -0.0031757517165937653 -0.0039429808247678317 -0.004746142383230607 -0.005581071680588144 -0.0064449072365852494 -0.0073374139089448535 0.0019620897445737102 0.0021725754443773825 0.0021547137560294308 0.0020574909061169748 0.0018847438912644257 0.001771282391993826 0.0016403561781174949 0.0014923494338846925 0.0013275933447305279 0.0011463677884637577 0.00094890547601432767 0.00073539732614204343 0.00050599823700513624 0.00026083270818908269 0 -0.00028529111865161676 -0.00058557734959380713 -0.00090075943137279653 -0.0012307128662393601 -0.0015752827547728433 -0.0019342781786725039 -0.0023074664256312067 -0.0026945676210536366 -0.0030952505756026484 -0.0035091311077833603 -0.0043747030631026444 -0.0052874000197919505 -0.0062433849768657665 -0.0072400216211288733 -0.0082770933159690106 0.001881670497203506 0.0021864349837746053 0.0022020381539435557 0.0021288980647135728 0.0019704752597914043 0.0018603953807437329 0.0017302721915809693 0.0015804521836267397 0.0014112340485123072 0.0012228702047949987 0.0010155705304208051 0.00078950721590947037 0.00054481995972882581 0.00028162104702967119 0 -0.00030837045584837844 -0.00063455691703057527 -0.00097846986106582719 -0.0013399970036816441 -0.001718998645239115 -0.0021153025959211439 -0.0025286989770790923 -0.0029589353722635752 -0.0034057130877353878 -0.0038686856312340409 -0.0048416081865104432 -0.0058742005860255471 -0.0069630022848283357 -0.0081056356246817212 -0.0093019052149540468 0.0017712371013707507 0.0021847461577705575 0.0022395875466791177 0.0021952962915894672 0.0020549079468866545 0.0019496532692193076 0.0018214948117009542 0.0016707365068500031 0.0014976403669080623 0.0013024278102132458 0.001085282939865024 0.00084635679614584851 0.00058577192285749302 0.0003036268150435024 0 -0.00033276363677589089 -0.00068647729154700161 -0.0010610624370769339 -0.0014564205783818682 -0.0018724291721378301 -0.0023089371768678685 -0.0027657604892336123 -0.0032426776916136485 -0.0037394267748720694 -0.0042557037998012638 -0.0053454320234218207 -0.0065087900522361897 -0.007742742337951275 -0.0090452032303324475 -0.010416001338751341 0.0016289201049144838 0.0021665274737275512 0.002266727523183285 0.0022563338018821788 0.0021379085118407009 0.0020390077552510312 0.0019140448760366813 0.001763276411448762 0.001586923520539155 0.0013851730919823939 0.0011581805209379019 0.00090607329704830162 0.00062895485356021018 0.00032690832704955621 0 -0.0003585281947512107 -0.00074146940988683533 -0.0011487573629232137 -0.0015803089175280012 -0.0020360206397238277 -0.0025157650405988239 -0.003019386724262814 -0.0035466988008233408 -0.0040974801153694593 -0.0046714741268744989 -0.005887910394997314 -0.0071934143733231272 -0.0085854238604444293 -0.010062178434585586 -0.011623533429018786 0.0014528500633934969 0.0021307974313630965 0.0022828236632219667 0.0023116587862958417 0.0022193435039383723 0.0021284105291932173 0.0020079432192618447 0.0018581459052610851 0.0016791947249116747 0.0014712385336844661 0.0012344010940340201 0.00096878394811599042 0.00067446947819566321 0.00035152389816192446 0 -0.00038572166318625196 -0.0007996642075524821 -0.0012417748411755317 -0.0017119873499803133 -0.0022102193513291375 -0.0027363693053007693 -0.0032903134454683484 -0.0038719029195885151 -0.0044809615879543843 -0.0051172851216835426 -0.0064707791220081547 -0.0079303195102330588 -0.0094938655842631611 -0.011160015232249951 -0.012928653225231386 0.0012411575106313583 0.0020765745321934801 0.0022872415542808246 0.0023609194547215447 0.0022990794812335342 0.0022178132830865337 0.0021032106823458585 0.0019554189927898074 0.0017745651978551319 0.001560756616915336 0.0013140824761190414 0.0010346159805812722 0.00072241652418119306 0.00037753184371017748 0 -0.00041440157546950718 -0.00086119262092699883 -0.0013403350758568917 -0.0018517812032780973 -0.0023954716088055452 -0.0029713330893478356 -0.0035792764142031919 -0.0042191942703219357 -0.0048909596675640616 -0.0055944252980956654 -0.0070957740359394641 -0.0087217514266290062 -0.010470886235188909 -0.012342167610658185 -0.01433551248072972 0.00099197300930701842 0.0020028772814074916 0.0022793467668320846 0.0024037639998870436 0.0023769829948097911 0.0023071677116885494 0.0021998681032789104 0.0020551696814795138 0.0018731461594287697 0.0016538598292012193 0.0013973624862103581 0.0011036966223272188 0.0007728967166435104 0.00040499047844303029 0 -0.00044462546483722831 -0.00092618558528325941 -0.0014446582684841877 -0.0020000158053494442 -0.0025922237170449562 -0.0032212395132455163 -0.0038870113967341669 -0.0045894770746634549 -0.0053285628341526075 -0.0061041831651064467 -0.0077646309565590106 -0.0095699560849115614 -0.011519304542689656 -0.013612089562689162 -0.015848262914939914 9.126944929712191e-05 0.0014515057158814358 0.001873156941130414 0.0021224969033444923 0.0021995255890328415 0.0021734232076768105 0.0021042430105620547 0.001991984993191631 0.0018366491623109538 0.0016382355111746088 0.0013967440437174206 0.001112174758534095 0.00078452765646780853 0.00041380273709697304 0 -0.00045688055426099274 -0.0009568389259670641 -0.0014998751149776846 -0.0020859891211523246 -0.0027151809447720433 -0.0033874505849936639 -0.0041027980440656578 -0.0048612233194584948 -0.0056627264125774695 -0.0065073073228604627 -0.0083257025934429501 -0.0103164091368974 -0.01247942694753237 -0.014814756030898773 -0.017322396380110665 -0.00070905739570763227 0.0009012724281575391 0.0014310901478968051 0.0017773430801480568 0.001940031215167918 0.0019525384864564016 0.0019191545602639207 0.0018398794329367093 0.0017147131093464552 0.0015436555852304315 0.0013267068660692872 0.0010638669466868538 0.0007551358290622546 0.00040051351365221019 0 -0.00044640471197049619 -0.00093870062218315818 -0.0014768877307141063 -0.0020609660376394601 -0.0026909355417412983 -0.0033667962463689062 -0.0040885481481729982 -0.0048561912477625355 -0.0056697255454419976 -0.0065291510409069059 -0.0083856756294557831 -0.010425765009869583 -0.012649419183632646 -0.015056638149869591 -0.01764742190846624 -0.0015101133465524059 0.0003935110070031198 0.0010450228671323913 0.0014963345152882632 0.0017474459580287772 0.0017979265982694986 0.0017983571874842829 0.0017487377230499129 0.0016490682056221929 0.0014993486358569274 0.00129957901440992 0.0010497593393137587 0.0007498896125358557 0.0003999698326006518 0 -0.0004500198851021486 -0.000950089822705794 -0.0015002098129748872 -0.0021003798557454774 -0.0027505999508536131 -0.0034508700992830011 -0.0042011903003778368 -0.0050015605538102186 -0.0058519808595801455 -0.0067524512176876184 -0.0087035420905872997 -0.0108548331784115 -0.013206324473372543 -0.015758015978339573 -0.018509907696673589 -0.0023133597803902907 -9.5297237942499572e-05 0.00068459829865326241 0.001245070012163602 0.0015861179011832244 0.0016743579123873259 0.0017077419671174244 0.0016862700681841093 0.001609942209966202 0.0014787583987875283 0.0012927186300808807 0.0010518229066568486 0.0007560712269344752 0.00040546359152857726 0 -0.00046031954729993285 -0.00097549505037122135 -0.0015455265091260345 -0.0021704139238278653 -0.0028501572948280368 -0.0035847566205455933 -0.0043742119034397998 -0.0052185231417540383 -0.0061176903340830141 -0.0070717134853452582 -0.0091443276516705776 -0.011436365643540584 -0.013947827454982778 -0.016678713091684207 -0.019629022555028214 
end_dependent_variable

end_regular_table
