# ****************************************************************************
# CUI
#
# The Advanced Framework for Simulation, Integration, and Modeling (AFSIM)
#
# The use, dissemination or disclosure of data in this file is subject to
# limitation or restriction. See accompanying README and LICENSE for details.
# ****************************************************************************

# ##################################################################################################
# 
# This file was auto-generated by AFSIM Mover Creator 2.5.0.200402
# 
# Creation Date:  03 Apr 2020
# 
# ##################################################################################################

regular_table

independent_variable mach precision double
0.10000000000000001 0.5 0.70000000000000007 0.75 0.80000000000000004 0.84999999999999998 0.90000000000000002 0.92000000000000004 0.94000000000000006 0.95999999999999996 0.97999999999999998 1 1.02 1.04 1.0600000000000001 1.0800000000000001 1.1000000000000001 1.2 1.3 1.4000000000000001 1.5 1.75 2 2.5 3 
end_independent_variable

independent_variable surface_angle units deg
-10 -8 -7 -6 -5 -4 -3 -2 -1 0 1 2 3 4 5 6 7 8 9 10 
end_independent_variable

dependent_variable precision double
0.0085144208970117877 0.0060243715538268504 0.0049269403504436154 0.0039279047925332034 0.0030272648800956136 0.0022250206131308459 0.001521171991638901 0.00091571901561977821 0.00040866168507347792 0 0.00040866168507347792 0.00091571901561977821 0.001521171991638901 0.0022250206131308459 0.0030272648800956136 0.0039279047925332034 0.0049269403504436154 0.0060243715538268504 0.0072201984026829076 0.0085144208970117877 0.0090810136823307689 0.0063869909364309974 0.0052045708152499157 0.0041318781952480359 0.0031689130764253584 0.0023156754587818828 0.0015721653423176089 0.00093838272703253734 0.00041432761292666768 0 0.00041432761292666768 0.00093838272703253734 0.0015721653423176089 0.0023156754587818828 0.0031689130764253584 0.0041318781952480359 0.0052045708152499157 0.0063869909364309974 0.0076791385587912809 0.0090810136823307689 0.0098333816979721614 0.0068685064664414904 0.0055732311429141992 0.004402730680878938 0.0033570050803357074 0.0024360543412845063 0.0016398784637253346 0.00096847744765819331 0.00042185129308308162 0 0.00042185129308308162 0.00096847744765819331 0.0016398784637253346 0.0024360543412845063 0.0033570050803357074 0.004402730680878938 0.0055732311429141992 0.0068685064664414904 0.0082885566514608131 0.0098333816979721614 0.010118113144275026 0.0070507345920753249 0.0057127495516026035 0.0045052340015479695 0.0034281879419114235 0.0024816113726929645 0.0016655042938925925 0.00097986670551030775 0.00042469860754611036 0 0.00042469860754611036 0.00097986670551030775 0.0016655042938925925 0.0024816113726929645 0.0034281879419114235 0.0045052340015479695 0.0057127495516026035 0.0070507345920753249 0.0085191891229661337 0.010118113144275026 0.010466615365243289 0.0072737760134950133 0.005883515639877053 0.0046306948010965444 0.0035153134971534893 0.0025373717280478864 0.0016968694937797362 0.00099380679434903823 0.00042818362975579293 0 0.00042818362975579293 0.00099380679434903823 0.0016968694937797362 0.0025373717280478864 0.0035153134971534893 0.0046306948010965444 0.005883515639877053 0.0072737760134950133 0.0088014759219504236 0.010466615365243289 0.010124286420324632 0.0069911890768971372 0.0056324354163138721 0.0044122117631509271 0.0033305181174083025 0.002387354479086 0.0015827208481840184 0.00091661722470235806 0.00038904360864101844 0 0.00038904360864101844 0.00091661722470235806 0.0015827208481840184 0.002387354479086 0.0033305181174083025 0.0044122117631509271 0.0056324354163138721 0.0069911890768971372 0.0084884727449007231 0.010124286420324632 0.0097819574754059724 0.0067086021402992602 0.0053813551927506895 0.004193728725205308 0.0031457227376631156 0.0022373372301241127 0.0014685722025883001 0.00083942765505567725 0.00034990358752624384 0 0.00034990358752624384 0.00083942765505567725 0.0014685722025883001 0.0022373372301241127 0.0031457227376631156 0.004193728725205308 0.0053813551927506895 0.0067086021402992602 0.0081754695678510209 0.0097819574754059724 0.0096450258974385104 0.0065955673656601099 0.0052809231033254167 0.0041063355100270605 0.0030718045857650407 0.0021773303305393584 0.001422912744350013 0.00080855182719700536 0.000334247579080334 0 0.000334247579080334 0.00080855182719700536 0.001422912744350013 0.0021773303305393584 0.0030718045857650407 0.0041063355100270605 0.0052809231033254167 0.0065955673656601099 0.0080502682970311403 0.0096450258974385104 0.009508094319471045 0.0064825325910209614 0.0051804910139001455 0.0040189422948488131 0.0029978864338669662 0.0021173234309546035 0.001377253286111726 0.00077767599933833292 0.00031859157063442422 0 0.00031859157063442422 0.00077767599933833292 0.001377253286111726 0.0021173234309546035 0.0029978864338669662 0.0040189422948488131 0.0051804910139001455 0.0064825325910209614 0.0079250670262112598 0.009508094319471045 0.0093711627415035831 0.0063694978163818111 0.0050800589244748735 0.0039315490796705656 0.0029239682819688917 0.00205731653136985 0.0013315938278734393 0.00074680017147966103 0.00030293556218851438 0 0.00030293556218851438 0.00074680017147966103 0.0013315938278734393 0.00205731653136985 0.0029239682819688917 0.0039315490796705656 0.0050800589244748735 0.0063694978163818111 0.0077998657553913801 0.0093711627415035831 0.0092342311635361194 0.0062564630417426591 0.0049796268350496007 0.0038441558644923186 0.0028500501300708172 0.0019973096317850952 0.0012859343696351518 0.0007159243436209887 0.00028727955374260465 0 0.00028727955374260465 0.0007159243436209887 0.0012859343696351518 0.0019973096317850952 0.0028500501300708172 0.0038441558644923186 0.0049796268350496007 0.0062564630417426591 0.0076746644845714978 0.0092342311635361194 0.009097299585568654 0.0061434282671035088 0.0048791947456243269 0.0037567626493140703 0.0027761319781727414 0.0019373027322003402 0.0012402749113968646 0.00068504851576231649 0.0002716235452966947 0 0.0002716235452966947 0.00068504851576231649 0.0012402749113968646 0.0019373027322003402 0.0027761319781727414 0.0037567626493140703 0.0048791947456243269 0.0061434282671035088 0.0075494632137516181 0.009097299585568654 0.0089603680076011903 0.0060303934924643594 0.0047787626561990549 0.0036693694341358232 0.0027022138262746669 0.0018772958326155852 0.0011946154531585773 0.00065417268790364427 0.00025596753685078497 0 0.00025596753685078497 0.00065417268790364427 0.0011946154531585773 0.0018772958326155852 0.0027022138262746669 0.0036693694341358232 0.0047787626561990549 0.0060303934924643594 0.0074242619429317367 0.0089603680076011903 0.0088234364296337266 0.0059173587178252074 0.0046783305667737821 0.0035819762189575758 0.0026282956743765924 0.0018172889330308306 0.0011489559949202901 0.00062329686004497194 0.00024031152840487514 0 0.00024031152840487514 0.00062329686004497194 0.0011489559949202901 0.0018172889330308306 0.0026282956743765924 0.0035819762189575758 0.0046783305667737821 0.0059173587178252074 0.0072990606721118571 0.0088234364296337266 0.0086865048516662647 0.005804323943186058 0.0045778984773485101 0.0034945830037793287 0.0025543775224785175 0.0017572820334460758 0.0011032965366820034 0.00059242103218629983 0.0002246555199589653 0 0.0002246555199589653 0.00059242103218629983 0.0011032965366820034 0.0017572820334460758 0.0025543775224785175 0.0034945830037793287 0.0045778984773485101 0.005804323943186058 0.0071738594012919757 0.0086865048516662647 0.0085495732736987993 0.0056912891685469069 0.0044774663879232363 0.0034071897886010808 0.0024804593705804426 0.0016972751338613212 0.0010576370784437159 0.00056154520432762751 0.00020899951151305546 0 0.00020899951151305546 0.00056154520432762751 0.0010576370784437159 0.0016972751338613212 0.0024804593705804426 0.0034071897886010808 0.0044774663879232363 0.0056912891685469069 0.0070486581304720951 0.0085495732736987993 0.0084126416957313373 0.0055782543939077566 0.0043770342984979643 0.0033197965734228334 0.0024065412186823681 0.0016372682342765666 0.0010119776202054287 0.00053066937646895518 0.00019334350306714562 0 0.00019334350306714562 0.00053066937646895518 0.0010119776202054287 0.0016372682342765666 0.0024065412186823681 0.0033197965734228334 0.0043770342984979643 0.0055782543939077566 0.0069234568596522146 0.0084126416957313373 0.0077279838058940181 0.0050130805207120053 0.0038748738513716017 0.0028828304975315969 0.0020369504591919952 0.0013372337363527936 0.00078368032901399327 0.00037629023717559448 0.00011506346083759662 0 0.00011506346083759662 0.00037629023717559448 0.00078368032901399327 0.0013372337363527936 0.0020369504591919952 0.0028828304975315969 0.0038748738513716017 0.0050130805207120053 0.0062974505055528119 0.0077279838058940181 0.0066932512043313226 0.0042836807707720449 0.0032796930901223486 0.0024095704335592755 0.0016733128010828306 0.0010709201926930117 0.00060239260838981887 0.00026773004817325302 6.6932512043313256e-05 0 6.6932512043313256e-05 0.00026773004817325302 0.00060239260838981887 0.0010709201926930117 0.0016733128010828306 0.0024095704335592755 0.0032796930901223486 0.0042836807707720449 0.0054215334755083706 0.0066932512043313226 0.0056744797909657049 0.0036316670662180496 0.0027804950975731956 0.0020428127247476536 0.0014186199477414262 0.00090791676655451294 0.00051070318118691339 0.00022697919163862829 5.6744797909657072e-05 0 5.6744797909657072e-05 0.00022697919163862829 0.00051070318118691339 0.00090791676655451294 0.0014186199477414262 0.0020428127247476536 0.0027804950975731956 0.0036316670662180496 0.0045963286306822211 0.0056744797909657049 0.0049728649337905861 0.0031826335576259739 0.0024367038175573874 0.0017902313761646105 0.0012432162334476465 0.00079565838940649379 0.00044755784404115263 0.00019891459735162353 4.9728649337905882e-05 0 4.9728649337905882e-05 0.00019891459735162353 0.00044755784404115263 0.00079565838940649379 0.0012432162334476465 0.0017902313761646105 0.0024367038175573874 0.0031826335576259739 0.0040280205963703743 0.0049728649337905861 0.0038713701004138333 0.0024776768642648522 0.0018969713492027792 0.0013936932361489796 0.00096784252510345834 0.00061941921606621338 0.0003484233090372449 0.0001548548040165534 3.871370100413835e-05 0 3.871370100413835e-05 0.0001548548040165534 0.0003484233090372449 0.00061941921606621338 0.00096784252510345834 0.0013936932361489796 0.0018969713492027792 0.0024776768642648522 0.0031358097813352047 0.0038713701004138333 0.003209970511918298 0.0020543811276277101 0.0015728855508399665 0.0011555893842905873 0.00080249262797957451 0.00051359528190692786 0.00028889734607264681 0.00012839882047673199 3.2099705119182998e-05 0 3.2099705119182998e-05 0.00012839882047673199 0.00028889734607264681 0.00051359528190692786 0.00080249262797957451 0.0011555893842905873 0.0015728855508399665 0.0020543811276277101 0.0026000761146538218 0.003209970511918298 0.0024265096258247179 0.0015529661605278189 0.001188989716654112 0.0008735434652968983 0.00060662740645617947 0.00038824154013195489 0.00021838586632422457 9.7060385032988751e-05 2.4265096258247188e-05 0 2.4265096258247188e-05 9.7060385032988751e-05 0.00021838586632422457 0.00038824154013195489 0.00060662740645617947 0.0008735434652968983 0.001188989716654112 0.0015529661605278189 0.0019654727969180214 0.0024265096258247179 0.0019656974608950844 0.0012580463749728538 0.00096319175583859155 0.00070765108592223027 0.00049142436522377111 0.00031451159374321362 0.00017691277148055757 7.8627898435803433e-05 1.9656974608950858e-05 0 1.9656974608950858e-05 7.8627898435803433e-05 0.00017691277148055757 0.00031451159374321362 0.00049142436522377111 0.00070765108592223027 0.00096319175583859155 0.0012580463749728538 0.0015922149433250186 0.0019656974608950844 
end_dependent_variable

end_regular_table
