# ****************************************************************************
# CUI
#
# The Advanced Framework for Simulation, Integration, and Modeling (AFSIM)
#
# The use, dissemination or disclosure of data in this file is subject to
# limitation or restriction. See accompanying README and LICENSE for details.
# ****************************************************************************

# ##################################################################################################
# 
# This file was auto-generated by AFSIM Mover Creator 2.5.0.200402
# 
# Creation Date:  03 Apr 2020
# 
# ##################################################################################################

regular_table

independent_variable mach precision double
0.10000000000000001 0.5 0.70000000000000007 0.75 0.80000000000000004 0.84999999999999998 0.90000000000000002 0.92000000000000004 0.94000000000000006 0.95999999999999996 0.97999999999999998 1 1.02 1.04 1.0600000000000001 1.0800000000000001 1.1000000000000001 1.2 1.3 1.4000000000000001 1.5 1.75 2 2.5 3 
end_independent_variable

independent_variable surface_angle units deg
-10 -8 -7 -6 -5 -4 -3 -2 -1 0 1 2 3 4 5 6 7 8 9 10 
end_independent_variable

dependent_variable precision double
-4.1192614300373388e-05 -5.7981080030730133e-06 6.8351921710836529e-06 1.6103024844666378e-05 2.1999411867516293e-05 2.450766766046286e-05 2.3601200137716665e-05 1.9244499081047635e-05 1.1394179930469783e-05 0 -3.8554581034684793e-05 -8.1011677487394731e-05 -0.00012742418414756894 -0.00017783799192804597 -0.00023229012243794304 -0.00029080664930909819 -0.00035340048600581835 -0.00042006919332585084 -0.0004907930599969486 -0.00056553383342644971 -5.8246492106379122e-05 -1.6883582390746784e-05 -1.7188186878900335e-06 9.7688975103584782e-06 1.7565976761109802e-05 2.1647891782225581e-05 2.1979984913546846e-05 1.8518462841833007e-05 1.1211447490643849e-05 0 -3.8741309150322943e-05 -8.1763668845264854e-05 -0.00012912922572952192 -0.00018089328836597924 -0.00023710245162933847 -0.00029779250626883806 -0.00036298621611622467 -0.00043269111224626211 -0.00050689756177865882 -0.00058557748523050497 -8.0897413850123382e-05 -3.1608254892824701e-05 -1.308151484557107e-05 1.3544575292358274e-06 1.1675964206806511e-05 1.7848064419600028e-05 1.9825389605494236e-05 1.7553146835714577e-05 1.0968179205093494e-05 0 -3.8988626031686072e-05 -8.2760939787499083e-05 -0.00013139137376540878 -0.00018494774302220323 -0.00024348935525407304 -0.00030706490651776522 -0.00037571024151177994 -0.00044944613351529809 -0.00052827633499060583 -0.00061218627822517296 -8.9469653041349776e-05 -3.7180817459401202e-05 -1.7381741294593365e-05 -1.8300040972522278e-06 9.4468710046947682e-06 1.6410002360918546e-05 1.9009967616938774e-05 1.7187811089056907e-05 1.0876107571530982e-05 0 -3.9082214738327586e-05 -8.3138338532407974e-05 -0.00013224745362834501 -0.00018648210784181609 -0.00024590642033418033 -0.00031057397083795047 -0.00038052555484965227 -0.00045578695671559798 -0.00053636699501457869 -0.00062225621533169742 -9.9961818712012329e-05 -4.4001471340140408e-05 -2.264509493491942e-05 -5.7276951991577407e-06 6.7185222911061161e-06 1.4649852223822306e-05 1.801191098125574e-05 1.6740647753237122e-05 1.0763412763462443e-05 0 -3.9196762195992297e-05 -8.3600258395445028e-05 -0.00013329526158276287 -0.00018836011291857634 -0.00024886482011843742 -0.00031486894061157609 -0.00038641932944004587 -0.00046354790457415519 -0.00054626968491127271 -0.00063458147500622267 8.939311675919742e-05 0.00011086991451220197 0.00011438079252979198 0.00011303583691347551 0.00010679362905275339 9.5602472791496908e-05 7.9401134576265328e-05 5.8119751396102433e-05 3.1680792900892128e-05 0 -5.7972024291602733e-05 -0.00012158579608756456 -0.00019092958224654129 -0.00026608588199766398 -0.00034712972077581257 -0.00043412675173833473 -0.00052713123560994813 -0.00062618403747760393 -0.00073131086215496351 -0.00084252106777269213 0.00027874810557164485 0.00026574134436900434 0.00025140671938210198 0.00023179940277660206 0.00020686876411328756 0.0001765551164331729 0.00014079037552057428 9.9498866823300288e-05 5.2598178979439193e-05 0 -7.6747292459725602e-05 -0.00015957134621326279 -0.00024856392155811138 -0.00034381167636643423 -0.00044539465341113601 -0.00055338460180955583 -0.00066784318770113241 -0.00078882022347495867 -0.00091635209937663046 -0.0010504607285760342 0.00035365216455128165 0.00032712002847591089 0.00030576770691987651 0.00027896495955019677 0.00024665596798526619 0.00020877631955191686 0.00016525362696714682 0.00011600828715432505 6.095428836536939e-05 0 -8.4271145468655669e-05 -0.00017482181549209323 -0.00027174710502424047 -0.000375137309709187 -0.00048507648696523043 -0.00060164085309408308 -0.00072489707934573968 -0.00085490059879174656 -0.00099169410974073364 -0.0011353065563354237 0.00042827599106851208 0.00038831911278828965 0.00035999107602677091 0.00032602932093471156 0.00028637283329410929 0.00024095246438120323 0.00018969150929019329 0.00013250642203972235 6.9307574077855124e-05 0 -9.1797552236226571e-05 -0.00019008250271988073 -0.00029495328747597302 -0.00040650384846016747 -0.00052482226592490025 -0.00064998923317533192 -0.00078207643987846702 -0.00092114495643786168 -0.001067243811917878 -0.0012204090063403933 0.00050261961720227816 0.0004493386128756809 0.00041407683738752123 0.00037299249359573991 0.00032601936482568825 0.00027308355306663581 0.0002141040235965237 0.00014899327178865694 7.7658036119988003e-05 0 -9.9326512634134866e-05 -0.00020535340768020979 -0.00031818246838154527 -0.00043791129094988536 -0.00056463198582580533 -0.00069842973479411203 -0.00083938125821884685 -0.00098755328188255696 -0.001143001182794901 -0.0013057680489358525 0.0005766830706949701 0.00051017854342135286 0.00046802500063982582 0.00041985448428131947 0.00036559556483484532 0.00030516958728594914 0.00023849117022828046 0.00016546883626715749 8.6005674589670258e-05 0 -0.00010685802660363927 -0.00022063452943321942 -0.00034143464641154869 -0.0004693596342680693 -0.00060450564176665271 -0.00074696235073245555 -0.00089681152295251405 -0.0010541255572767169 -0.0012189662005323994 -0.0013913836527188999 0.00065046638146549845 0.00057083891997423487 0.00052183557647666513 0.0004666152989562702 0.00040510143885769183 0.00033721056867153337 0.00026285295042212289 0.00018193311596988762 9.4350489205561886e-05 0 -0.00011439209396748525 -0.00023592586805723132 -0.000364709820727116 -0.00050084887607743317 -0.00064444323051151718 -0.0007955870735662843 -0.00095436722325869974 -0.0011208617657605527 -0.0012951388418234679 -0.0014772557879190241 0.00072396957770969527 0.00063131975880876363 0.0005755085764237042 0.00051327494526314671 0.0004445369898127438 0.00036920650005533841 0.00028718936496951298 0.00019838611103906325 0.00010269248023354465 0 -0.00012192871484006384 -0.00025122742324308075 -0.00038800799038220284 -0.00053237901463428741 -0.00068444474724979425 -0.00084430389639503971 -0.0010120483482053359 -0.0011877618934092813 -0.001371519084927636 -0.0015633844249058682 0.00079719269098710538 0.00069162107544089052 0.00062904400946733332 0.00055983342926157911 0.00048390222167379957 0.00040115738202683835 0.00031150041388693935 0.00021482782186423192 0.00011103164749842509 0 -0.00012946788901835673 -0.00026653919436007132 -0.00041132915422465485 -0.00056395004700774917 -0.00072451018796234083 -0.00089311281182349856 -0.0010698548864646229 -0.0012548259232312031 -0.0014481069060268453 -0.0016497695320704204 0.00087013574978211505 0.00075174288407570914 0.00068244188822972219 0.00060629075781090485 0.00052319713888046625 0.00043306321842792155 0.00033578609905824655 0.00023125824839798849 0.00011936799110428878 0 -0.00013700961650545563 -0.00028186118141644757 -0.00043467331118270076 -0.0005955619716973389 -0.00076463954824252799 -0.0009420138128604143 -0.0011277868270550267 -0.0013220538378306446 -0.0015249022847162181 -0.0017364110822886206 0.00094279878340354951 0.00081168520210064918 0.00073570222060075714 0.00065264693912254134 0.00056242174369583041 0.00046492401009951635 0.00036004642084206567 0.0002476773908814815 0.00012770151087491174 0 -0.00014455389714368647 -0.00029719338390517914 -0.00045804046044014548 -0.00062721478627920436 -0.00080483282337868382 -0.00099100689258049476 -0.0011858441584508825 -0.0013894456224666273 -0.0016019051972271624 -0.001823309040884542 0.0010151818221907831 0.00087144804468539767 0.00078882502152752645 0.00069890197719502025 0.000601576042987473 0.00049673975888012275 0.00038428137982374872 0.00026408524926730558 0.00013603220725549127 0 -0.00015210073094438527 -0.00031253580124709722 -0.00048143060120964915 -0.00065890848835422635 -0.00084509001130146481 -0.0010400920442068468 -0.0012440268721687073 -0.0014570012607657812 -0.0016791156214976761 -0.0019104633828611777 0.0013728981254824582 0.0011675706676630409 0.0010523763736791558 0.00092866027780284322 0.00079629306455022183 0.00065514293670953616 0.00050507576571892697 0.00034595529274723228 0.00017764333336110088 0 -0.00018987319520528687 -0.00038940110429294098 -0.00059872613748479205 -0.00081799023408281042 -0.001047334468222123 -0.0012868986298908442 -0.0015368207609355083 -0.0017972366999704488 -0.0020682796361911238 -0.0023500797373870014 0.00011094400060644477 0.000125290585191423 0.00012602682139908374 0.00012232207773472535 0.00011405914929833684 0.00010111691299466484 8.3370404432810087e-05 6.0690911136845839e-05 3.2946073644003418e-05 0 -3.8286608274330027e-05 -8.2056318962804467e-05 -0.00013145482052934519 -0.00018663076126853749 -0.00024773557822412224 -0.00031492331508833796 -0.00038835042737397777 -0.00046817557891179798 -0.00055455942729528101 -0.00064766439947850285 -2.4940214713958624e-05 7.9803563320774394e-06 1.9565445341629317e-05 2.7770392646253469e-05 3.2492642966536661e-05 3.3625668466341326e-05 3.1059035949780054e-05 2.4678485113408818e-05 1.4366017961846885e-05 0 -1.8544727943311001e-05 -4.1396726403671983e-05 -6.8687822814988129e-05 -0.00010055296622262766 -0.00013713007095036414 -0.00017855984948261905 -0.00022498563505795672 -0.00027655319345984511 -0.00033341052431127069 -0.00039570765468660747 -4.2428682045105392e-05 -1.0099902278444716e-05 1.9245147791292093e-06 1.107084511269802e-05 1.7245545417118681e-05 2.0351155152992679e-05 2.0286356292768247e-05 1.6946042303141692e-05 1.0221399793555098e-05 0 -1.3834098002238438e-05 -3.1400233400328034e-05 -5.2821018692993715e-05 -7.8222203860884443e-05 -0.0001077325300833045 -0.00014148357234433393 -0.00017960957194278519 -0.00022224725914753103 -0.00026953566503206365 -0.00032161592395681766 -4.3397957733809615e-05 -1.6650255607985192e-05 -6.3814332700698177e-06 1.7174789672122517e-06 7.5666259038313562e-06 1.1082241601184131e-05 1.2176693747245731e-05 1.0758539417344245e-05 6.7325921629274755e-06 0 -9.5416654660651778e-06 -2.1998308745525479e-05 -3.7479199190695884e-05 -5.6096848732532706e-05 -7.796687879644858e-05 -0.00010320787641990178 -0.00013194123998881059 -0.00016429101442371787 -0.00020038371610876866 -0.00024034814808199579 -3.811212006878442e-05 -1.5676159575929314e-05 -6.989444116747559e-06 -7.6648812995511543e-08 4.9927501977729967e-06 8.1455704843316249e-06 9.3049591591373613e-06 8.3904394462821157e-06 5.3179674647653818e-06 0 -7.6544273805423363e-06 -1.7739611455326083e-05 -3.0353082132607107e-05 -4.559549252945594e-05 -6.3570498912751149e-05 -8.4384630257387401e-05 -0.00010814714775662675 -0.0001349698944134118 -0.00016496713476416824 -0.00019825538535342649 -2.9741986800008913e-05 -1.2629646618850367e-05 -5.9806079226112712e-06 -6.6828317962908638e-07 3.2548255939548346e-06 5.7334120960231239e-06 6.7093927581998226e-06 6.1219420260654388e-06 3.9075352879809337e-06 0 -5.6694251622048607e-06 -1.3172023180760658e-05 -2.2581523658714779e-05 -3.3974019796397896e-05 -4.7427877485694144e-05 -6.3023636965032635e-05 -8.0843906173625583e-05 -0.00010097324758426092 -0.0001234980567272902 -0.00014850643391943133 -2.4313037948901362e-05 -1.0414612012095078e-05 -5.0088637524572473e-06 -6.8497905270006398e-07 2.5145144947248799e-06 4.5448171484612315e-06 5.3588786404627435e-06 4.907426735093885e-06 3.1390021647549399e-06 0 -4.5652825120372341e-06 -1.0614591481496747e-05 -1.8207655663549916e-05 -2.7406119108774911e-05 -3.8273467664050509e-05 -5.0874949058279821e-05 -6.5277486828971049e-05 -8.1549588384347973e-05 -9.9761246708258771e-05 -0.00011998383655808636 
end_dependent_variable

end_regular_table
