# ****************************************************************************
# CUI
#
# The Advanced Framework for Simulation, Integration, and Modeling (AFSIM)
#
# The use, dissemination or disclosure of data in this file is subject to
# limitation or restriction. See accompanying README and LICENSE for details.
# ****************************************************************************

# ##################################################################################################
# 
# This file was auto-generated by AFSIM Mover Creator 2.5.0.200402
# 
# Creation Date:  03 Apr 2020
# 
# ##################################################################################################

regular_table

independent_variable mach precision double
0.10000000000000001 0.5 0.70000000000000007 0.75 0.80000000000000004 0.84999999999999998 0.90000000000000002 0.92000000000000004 0.94000000000000006 0.95999999999999996 0.97999999999999998 1 1.02 1.04 1.0600000000000001 1.0800000000000001 1.1000000000000001 1.2 1.3 1.4000000000000001 1.5 1.75 2 2.5 3 
end_independent_variable

independent_variable surface_angle units deg
-10 -8 -7 -6 -5 -4 -3 -2 -1 0 1 2 3 4 5 6 7 8 9 10 
end_independent_variable

dependent_variable precision double
0.00056512492983530485 0.00040016045904136903 0.00032736936255855955 0.00026106043926864384 0.00020124769065908265 0.00014794345874938073 0.00010115841728504218 6.0901564235170703e-05 2.7180215503541746e-05 0 2.7186374555056384e-05 6.0913868181027419e-05 0.0001011768466362634 0.00014796798702084653 0.00020127828244626792 0.00026109704785674375 0.00032741192726882466 0.00040020890227342848 0.00047947230162510276 0.00056518481268112285 0.00060275390503857081 0.00042426549204582087 0.00034583281244416556 0.00027463124249700366 0.00021067605149429483 0.00015398065564357162 0.0001045566085373577 6.2413593346755938e-05 2.7559415994058541e-05 0 2.7560647809771853e-05 6.2416054195699151e-05 0.00010456029463226172 0.00015398556188321683 0.00021068217110281888 0.0002746385664055717 0.00034584132880145931 0.00042427518585734644 0.00050992302215705507 0.00060276589187406766 0.00065269441919693606 0.00045625245843088958 0.00037033089192441772 0.00029263501620856722 0.00022318177556132781 0.00016198600561746602 0.00010906042287237959 6.4415615791032314e-05 2.8060037476883161e-05 0 2.8060917331631838e-05 6.4417373624929731e-05 0.00010906305610647585 0.00016198951075304587 0.00022318614790939141 0.0002926402496734148 0.00037033697846261109 0.0004562593877626984 0.00055038843421080974 0.00065270299133786955 0.00067159394142916418 0.00046835756985715103 0.00037960188598351808 0.00029944829031980743 0.00022791436074124613 0.00016501547000495471 0.00011076477469730498 6.5173205707778727e-05 2.8249461118176849e-05 0 2.8250282346901704e-05 6.5174846387530696e-05 0.00011076723244171809 0.0001650187417417035 0.00022791844210337748 0.00029945317562641774 0.00037960756796923389 0.00046836403897650847 0.00056570281543224556 0.00067160194555187223 0.00069472626752291235 0.0004831737687194357 0.00039094922398181099 0.00030778746566007318 0.00023370684788048902 0.00016872340046817939 0.00011285081864162499 6.6100452562895329e-05 2.8481299989831449e-05 0 2.848206990299238e-05 6.6101990699116151e-05 0.00011285312286766842 0.00016872646796034003 0.00023371067459901319 0.00030779204657587969 0.00039095455208716391 0.00048317983568749574 0.00058444723065650375 0.00069473377511660773 0.00067200120449900419 0.00046440014387571225 0.00037426338754492628 0.00029326387488694668 0.00022141974358689967 0.00015874678741741033 0.00010525844612118353 6.0965795030794972e-05 2.5877537710568396e-05 0 2.5878840492490658e-05 6.0968399149293942e-05 0.00010526234956153512 0.00015875198742031847 0.00022142623616671448 0.00029327165531344642 0.00037427244924835844 0.00046441047905997041 0.00056366527523899932 0.00067201405283258831 0.00064927644402379284 0.00044562676001566354 0.00035757776189661858 0.00027874046487218727 0.0002091327896195532 0.00014877029467297978 9.7666163809884964e-05 5.5831197471517716e-05 2.3273805412564142e-05 0 2.3275581889100445e-05 5.5834749265222235e-05 9.7671488741145693e-05 0.0001487773901911869 0.00020914165201472887 0.00027875108932136019 0.0003575901426493231 0.00044564088983744269 0.0005428830577115574 0.00064929403970691367 0.00064165375559372849 0.00043912630043039359 0.00035171317018293309 0.00027356192877000862 0.00020469070358877168 0.00014511521109899985 9.4848748574579084e-05 5.3902181114459062e-05 2.2283937020638927e-05 0 2.228589763162214e-05 5.3906101151293662e-05 9.4854625880325157e-05 0.00014512304368263592 0.00020470048708901264 0.00027357365892037989 0.00035172684072593864 0.00043914190416043195 0.00053579832444724217 0.00064167319592732096 0.00063398943822730498 0.0004325912841818989 0.00034581780407901192 0.00026835656031871989 0.00020022588372862861 0.00014144164711522806 9.2017255964214827e-05 5.1963637978354272e-05 2.1289235666799774e-05 0 2.1291374641153187e-05 5.1967914667729712e-05 9.2023668285871936e-05 0.00014145019255050407 0.0002002365587901443 0.00026836936074412291 0.00034583272328103036 0.0004326083161544909 0.00052867536330284022 0.00063401066396714435 0.00062628348856080861 0.00042602171092391469 0.00033989166289232566 0.00026312435803432994 0.0001957383292229288 0.00013774960118820688 8.9171685570694578e-05 5.001556776331345e-05 2.0289701371142393e-05 0 2.0292012984164011e-05 5.0020190000029252e-05 8.9178616205117835e-05 0.00013775883794488449 0.00019574986854028198 0.00026313819595504895 0.00033990779169965654 0.00042604012626481662 0.00052151417565104291 0.00062630644531037481 0.00061853590633041894 0.00041941757885916291 0.0003339347439887902 0.00025786532137270864 0.00019122803910707808 0.00013403907317365937 8.6312036532479064e-05 4.8057970234371344e-05 1.9285333675072296e-05 0 1.9287812972911094e-05 4.806292761812284e-05 8.6319470487235608e-05 0.00013404898046761801 0.00019124041711439892 0.00025788016504369951 0.00033395204746580835 0.00041943733567860231 0.00051431476280270943 0.00061856054115244966 0.0006107466891782389 0.00041277888647067474 0.00032794704738901647 0.00025257944887459798 0.00018669501284519069 0.00013031006196683657 8.343830873002452e-05 4.6090844731976318e-05 1.8276132638361346e-05 0 1.8278774657891355e-05 4.6096127946596806e-05 8.3446231181691588e-05 0.0001303206207700119 0.0001867082047021161 0.00025259526986918574 0.00032796549133797009 0.00041279994636625824 0.0005070771265633621 0.0006107729541727974 0.00060291583601600836 0.0004061056331648538 0.00032192857284567262 0.00024726674009480071 0.00018213924921297396 0.00012656256746880576 8.0550501854166154e-05 4.4114191410710807e-05 1.7262097927111537e-05 0 1.7264898323536431e-05 4.4119790942168107e-05 8.0558898733683174e-05 0.00012657375917359757 0.00018215323279979141 0.00024728350988737765 0.00032194812358820696 0.00040612795897084739 0.00049980126626520522 0.00060294368503921415 0.0005950433461182202 0.00039939781742473116 0.00031587931767108559 0.00024192719340092645 0.00017756074850310387 0.00012279658878917217 7.7648615134052947e-05 4.212800965018402e-05 1.6243229578422645e-05 0 1.6246183916257745e-05 4.2133917254082833e-05 7.7657473967649828e-05 0.00012280839649457008 0.00017757550165063433 0.0002419448879178582 0.00031589994669808176 0.00039942137453116336 0.00049248718724236203 0.00059507273408971966 0.00058712921560176456 0.00039265543737882934 0.00030979928052966361 0.00023656080900732955 0.00017295950916563414 0.00011901212526013987 7.4732648087387835e-05 4.0132299363829842e-05 1.5219527465537093e-05 0 1.5222631633920793e-05 4.0138506717453107e-05 7.4741956933057976e-05 0.00011902453319461566 0.00017297501138243313 0.00023657940310321048 0.00030982096082423814 0.00039268019469608544 0.00048513488653509508 0.00058716010555368936 0.00057917344647002956 0.00038587849245828496 0.00030368846359792701 0.00023116758641934633 0.00016833553018650422 0.00011520917767317077 7.1802600677071032e-05 3.8127060353782786e-05 1.4190991300931598e-05 0 1.4194241686757658e-05 3.8133559901142203e-05 7.1812348272970436e-05 0.00011522216919953473 0.00016835176430774065 0.00023118705578969905 0.0003037111655462119 0.00038590441986134454 0.00047774436743291797 0.00057920579629000828 0.0005711760362661851 0.00037906698343807106 0.00029754686390789329 0.00022574752233097415 0.00016368881220053241 0.00011138774370334539 6.8858472610426472e-05 3.6112292115073622e-05 1.3157621100064395e-05 0 1.316101409125712e-05 3.611907696385472e-05 6.8868647843110285e-05 0.00011140130569239798 0.00016370575913218682 0.00022576784876392948 0.00029757056258708167 0.00037909405028251677 0.00047031563024087323 0.00057120981132775751 0.00053056433033422132 0.00034449093158023036 0.00026637710578071214 0.00019824459508885301 0.0001401141140425172 9.2003280090029193e-05 5.3926610374859452e-05 2.5895509369031575e-05 7.9182561355315054e-06 0 7.9223142330098635e-06 2.5903625316656429e-05 5.3938781822978147e-05 9.2019503081331979e-05 0.00014013438635101735 0.00019826891275724078 0.00026640546089436802 0.00034452331721386228 0.00043259869680016034 0.00053060475821058411 0.0004646294176235695 0.00029765478856616344 0.00022798507218807582 0.00016755846339262551 0.00011639474520406233 7.4510681935531999e-05 4.1920008270404982e-05 1.8633416668962699e-05 4.6585511387263479e-06 0 4.6592932901742783e-06 1.8634901273294265e-05 4.192223534436661e-05 7.451365234993794e-05 0.00011639845889192688 0.00016756292169366289 0.00022799027577214318 0.00029766073890694642 0.00037655152510436091 0.00046463686455912648 0.00039822621777714512 0.00025512786102505351 0.00019541624414547395 0.00014362457766588279 9.9770668892722801e-05 6.3869608542351284e-05 3.5933759162817316e-05 1.5972745990312138e-05 3.9934494648040202e-06 0 3.9937748002363847e-06 1.5973396895626859e-05 3.593473606182784e-05 6.3870912120372962e-05 9.9772300159694076e-05 0.00014362653759567284 0.0001954185339644366 0.00025513048232023481 0.00032274187268926182 0.00039822950786797895 0.00035277057510041903 0.00022601718950392727 0.000173122315971979 0.00012724151202451195 8.8391290695808463e-05 5.6585645983811406e-05 3.1836042010032576e-05 1.4151404420906041e-05 3.5381137020988005e-06 0 3.5383404744971225e-06 1.4151858197576302e-05 3.1836723119462406e-05 5.6586555198912855e-05 8.8392428808816407e-05 0.00012724288007885765 0.00017312391520432177 0.00022601902138280001 0.00028590917918078283 0.00035277287721898891 0.00028199302827749734 0.00018069166072924003 0.00013841106248368534 0.00010173371159253602 7.0674230025460683e-05 4.5245008757569883e-05 2.5456199090257773e-05 1.1315704321464458e-05 2.829174126766322e-06 0 2.8293127960461201e-06 1.1315981840370201e-05 2.5456615802574306e-05 4.5245565193064013e-05 7.0674926837887195e-05 0.00010173454970616892 0.00013841204284534189 0.00018069278464642982 0.00022855993389024888 0.00028199444327336879 0.00023747855094676342 0.00015217847957517251 0.00011657302595511352 8.5684582548599164e-05 5.9526151952155217e-05 3.8108753006214919e-05 2.1441412653778701e-05 9.5311590872605455e-06 2.3830162286077007e-06 0 2.3831160179955446e-06 9.5313587819730429e-06 2.144171256942161e-05 3.81091534777168e-05 5.9526653623609446e-05 8.5685186141390337e-05 0.00011657373213909875 0.00015217928943242869 0.00019248688192272863 0.00023747957149984709 0.0001795169827975799 0.00011503617678745447 8.8120976979341018e-05 6.4771501713890709e-05 4.4997579695106319e-05 2.8807540628460138e-05 1.6208208168071395e-05 7.2048950699036021e-06 1.8013990776180295e-06 0 1.8014579960602487e-06 7.2050130034020479e-06 1.6208385293751749e-05 2.8807777171755079e-05 4.4997876106881225e-05 6.4771858187373589e-05 8.8121394287443927e-05 0.00011503665528442877 0.00014550632056082208 0.00017951758592662384 0.00014542541260303957 9.3189983312137557e-05 7.1386176231120826e-05 5.2470935943309377e-05 3.6452224834160041e-05 2.3336790619182192e-05 1.313016106881295e-05 5.836640066565666e-06 1.459304092280049e-06 0 1.4593435880863007e-06 5.8367191161465738e-06 1.3130279807428126e-05 2.3336949182091244e-05 3.645242351120499e-05 5.2471174927718238e-05 7.1386455909349631e-05 9.3190304070642343e-05 0.00011787354873271656 0.00014542581699062923 
end_dependent_variable

end_regular_table
