# ****************************************************************************
# CUI
#
# The Advanced Framework for Simulation, Integration, and Modeling (AFSIM)
#
# The use, dissemination or disclosure of data in this file is subject to
# limitation or restriction. See accompanying README and LICENSE for details.
# ****************************************************************************

# ##################################################################################################
# 
# This file was auto-generated by AFSIM Mover Creator 2.5.0.200402
# 
# Creation Date:  03 Apr 2020
# 
# ##################################################################################################

regular_table

independent_variable mach precision double
0.10000000000000001 0.5 0.70000000000000007 0.75 0.80000000000000004 0.84999999999999998 0.90000000000000002 0.92000000000000004 0.94000000000000006 0.95999999999999996 0.97999999999999998 1 1.02 1.04 1.0600000000000001 1.0800000000000001 1.1000000000000001 1.2 1.3 1.4000000000000001 1.5 1.75 2 2.5 3 
end_independent_variable

independent_variable surface_angle units deg
-10 -8 -7 -6 -5 -4 -3 -2 -1 0 1 2 3 4 5 6 7 8 9 10 
end_independent_variable

dependent_variable precision double
-0.02598709792831529 -0.01841565275646288 -0.015070691296125763 -0.01202153770684624 -0.0092694795518508642 -0.006815652588044438 -0.0046610396371958018 -0.0028064696230850239 -0.001252616775091473 0 -0.0012526167750890875 -0.0028064696230850239 -0.0046610396371958018 -0.006815652588044438 -0.0092694795518508642 -0.012021537706865324 -0.015070691296125763 -0.01841565275650105 -0.022054984011667885 -0.025987097928353461 -0.027716132807999217 -0.01952393277994785 -0.015919756742956231 -0.012645680838023957 -0.0097031085622857303 -0.0070932739843980958 -0.0048172405077847227 -0.0028758998213605676 -0.0012699710343594076 0 -0.0012699710343594076 -0.0028758998213367125 -0.0048172405078324328 -0.0070932739844458068 -0.0097031085622857303 -0.012645680838023957 -0.015919756742956231 -0.019523932779757006 -0.023456637440725358 -0.027716132808190061 -0.030012411278286036 -0.020995827867327642 -0.017047403816958795 -0.013474619630601384 -0.010279032769701419 -0.0074620078623236167 -0.0050247153275110529 -0.0029681302086459875 -0.0012930312191181566 0 -0.0012930312191181566 -0.0029681302086459875 -0.0050247153274442583 -0.0074620078623236167 -0.010279032769701419 -0.013474619630601384 -0.017047403816691616 -0.020995827867327642 -0.025318143074527861 -0.030012411278286036 -0.030881434895876574 -0.021552864927346548 -0.017474160744665856 -0.01378833084614663 -0.010496990959792578 -0.007601555123422042 -0.0051032342563551401 -0.0030030349474447181 -0.001301758467001317 0 -0.0013017584670192085 -0.0030030349474805011 -0.0051032342563551401 -0.007601555123422042 -0.010496990959649446 -0.01378833084614663 -0.017474160744665856 -0.021552864927346548 -0.026022627625665928 -0.03088143489559031 -0.031945093175291796 -0.022234661292328307 -0.017996498243932488 -0.014172303871472839 -0.010763765220064093 -0.0077723568051499053 -0.0051993391156870822 -0.0030457573517988926 -0.0013124403923553984 0 -0.0013124403923553984 -0.0030457573517607243 -0.0051993391156870822 -0.0077723568051499053 -0.010763765220216768 -0.014172303871625514 -0.017996498244237834 -0.022234661292022961 -0.026884895168464613 -0.03194509317498645 -0.030900270227420635 -0.021370840470186718 -0.017228492439067048 -0.013503632340776653 -0.010197927381084961 -0.0073128304034156388 -0.0048495784061102255 -0.0028091912923907804 -0.0011924708552722863 0 -0.0011924708552925633 -0.0028091912924313347 -0.0048495784061102255 -0.0073128304034156388 -0.010197927381247177 -0.013503632340776653 -0.017228492439067048 -0.021370840469862287 -0.02592879658332134 -0.030900270227096203 -0.029855447779098761 -0.020507020017554351 -0.016460486944587828 -0.012834961065694889 -0.0096320897457156749 -0.0068533041570557809 -0.0044998178074605643 -0.0025726253031840766 -0.0010725013514172362 0 -0.0010725013514172362 -0.0025726253031840766 -0.0044998178074605643 -0.0068533041570557809 -0.0096320897457156749 -0.012834961065694889 -0.016460486944931345 -0.020507020017210834 -0.02497269843047446 -0.029855447779098761 -0.029572602005383395 -0.020254450566367856 -0.016227910213074737 -0.012625651667035359 -0.0094493450532392928 -0.0067004395251602832 -0.0043801617601655534 -0.0024895147047245604 -0.0010292765577414704 0 -0.0010292765577195235 -0.0024895147047684541 -0.0043801617601655534 -0.0067004395251602832 -0.0094493450532392928 -0.012625651666859784 -0.016227910213250315 -0.020254450566016706 -0.024703383367812564 -0.029572602005734545 -0.029286225540187966 -0.019998905053929535 -0.015992663790150113 -0.012413998158222765 -0.0092646008694099238 -0.0065459388385613292 -0.0042592516537214489 -0.0024055502947777237 -0.0009856161029436043 0 -0.0009856161029436043 -0.0024055502948225715 -0.0042592516538111445 -0.0065459388386510248 -0.0092646008694099238 -0.012413998158222765 -0.015992663789970721 -0.019998905053570749 -0.024430805215085501 -0.029286225540187966 -0.028996305211533683 -0.019740372483406893 -0.015754737861307901 -0.012199991964879878 -0.0090778499172662428 -0.0063897961748803711 -0.0041370829717797966 -0.0023207290144868355 -0.00094151843475572146 0 -0.00094151843475572146 -0.0023207290144868355 -0.0041370829718714013 -0.0063897961749719758 -0.0090778499172662428 -0.012199991964879878 -0.015754737861307901 -0.019740372483406893 -0.024154951856078005 -0.028996305211533683 -0.028702827846121163 -0.019478841861639284 -0.01551412261274438 -0.011983624513869954 -0.0088890849207553524 -0.0062320056109964961 -0.004013651197974975 -0.0022350478050333369 -0.00089698200074983753 0 -0.00089698200074983753 -0.0022350478050333369 -0.004013651197974975 -0.0062320056109964961 -0.0088890849205683267 -0.011983624513869954 -0.015514122612557354 -0.019478841861639284 -0.023875811176261891 -0.028702827845747111 -0.028405780270437248 -0.019214302192382009 -0.015270808229831364 -0.011764887231063857 -0.0086982986040457198 -0.0060725612236475577 -0.0038889518160196003 -0.0021485036079517254 -0.00085200524857764379 0 -0.00085200524857764379 -0.0021485036079040144 -0.0038889518159718897 -0.0060725612236475577 -0.008698298603854876 -0.011764887231254699 -0.015270808229831364 -0.019214302192382009 -0.023593371060696731 -0.028405780270437248 -0.028105149312755075 -0.018946742481985843 -0.015024784900455978 -0.011543771543321021 -0.0085054836908401554 -0.0059114570905008153 -0.0037629803093734249 -0.002061093364366664 -0.00080658662596693018 0 -0.00080658662595476402 -0.002061093364366664 -0.0037629803093734249 -0.0059114570905008153 -0.0085054836908401554 -0.011543771543321021 -0.015024784900455978 -0.018946742481985843 -0.023307619393052759 -0.028105149312755075 -0.027800921798874483 -0.018676151735671786 -0.014776042809726693 -0.011320268876157355 -0.0083106329056124844 -0.0057486872882922197 -0.0036357321619351407 -0.0019728140158112202 -0.000760724580495676 0 -0.000760724580495676 -0.0019728140158112202 -0.0036357321619351407 -0.0057486872881929814 -0.0083106329056124844 -0.011320268876355831 -0.014776042809726693 -0.018676151736068736 -0.023018544061458316 -0.027800921798874483 -0.027493084557786159 -0.018402518959317306 -0.014524572144797791 -0.011094370657768183 -0.0081137389725178134 -0.0055842458948817796 -0.0035072028574669842 -0.0018836625036767599 -0.0007144175599777886 0 -0.0007144175599777886 -0.0018836625036767599 -0.0035072028574669842 -0.0055842458949829261 -0.0081137389725178134 -0.011094370657768183 -0.014524572144797791 -0.018402518959317306 -0.022726132949247746 -0.027493084557786159 -0.027181624417213633 -0.018125833158036533 -0.01427036309197623 -0.010866068313684678 -0.0079147946156883555 -0.0054181269871065932 -0.0033773878799067698 -0.0017936357694071316 -0.00066766401202870008 0 -0.00066766401202870008 -0.0017936357694071316 -0.0033773878799582971 -0.0054181269872096479 -0.0079147946156883555 -0.010866068313684678 -0.01427036309197623 -0.018125833158036533 -0.022430373942198212 -0.027181624417213633 -0.026866528202506328 -0.017846083337668774 -0.014013405838515538 -0.010635353271373153 -0.0077137925594910573 -0.0052503246426510927 -0.0032462827128382967 -0.0017027307544366401 -0.0006204623843838338 0 -0.0006204623843838338 -0.0017027307544366401 -0.0032462827128907786 -0.0052503246426510927 -0.0077137925595960211 -0.010635353271163227 -0.014013405838515538 -0.017846083338088629 -0.022131254927270073 -0.026866528202506328 -0.025236045036851982 -0.016400989171229823 -0.012687053097025086 -0.0094452875238990094 -0.0066776621433491997 -0.0043858540789331688 -0.0025712459745991663 -0.0012349244208940979 -0.00037767872120980666 0 -0.00037767872120265006 -0.0012349244208940979 -0.0025712459745419135 -0.0043858540789331688 -0.0066776621433491997 -0.0094452875241280189 -0.012687053097025086 -0.016400989171229823 -0.020584835735161806 -0.025236045036851982 -0.022344032412960336 -0.014328332146037305 -0.010979127804605126 -0.0080720339122328372 -0.0056089527419422467 -0.0035914976943461729 -0.0020209914103570285 -0.00089846422051410824 -0.00022465293905082759 0 -0.00022465293905470408 -0.00089846422049860231 -0.0020209914103570285 -0.0035914976943461729 -0.0056089527419422467 -0.0080720339122328372 -0.010979127804605126 -0.014328332146037305 -0.01811745801676088 -0.022344032413456529 -0.019360454329053874 -0.012416309292764108 -0.0095144259677005429 -0.0069954106415647706 -0.0048609943716605786 -0.0031126454055346677 -0.0017515674293146098 -0.00077869813520937666 -0.00019470810280799476 0 -0.00019470810280799476 -0.00077869813520937666 -0.0017515674293146098 -0.0031126454055346677 -0.0048609943716605786 -0.0069954106415647706 -0.0095144259677005429 -0.012416309292764108 -0.015699068808846833 -0.019360454329053874 -0.017336410846482467 -0.011119317641273435 -0.0085209043225345157 -0.006265149829232583 -0.0043536767923348296 -0.0027878615488700366 -0.0015688324739772004 -0.00069746861485502662 -0.00017439862451454046 0 -0.00017439862451454046 -0.00069746861485502662 -0.0015688324740129834 -0.0027878615489416027 -0.0043536767924063947 -0.006265149829232583 -0.0085209043225345157 -0.0111193176415597 -0.014058522826102057 -0.017336410846768732 -0.014229595284731115 -0.0091287764598853554 -0.0069962001758903328 -0.0051445155250808066 -0.0035751977689156291 -0.0022894983659226312 -0.0012884433945047722 -0.00057283226000020269 -0.00014323668732170301 0 -0.00014323668732170301 -0.00057283226000020269 -0.0012884433945047722 -0.0022894983659226312 -0.0035751977689156291 -0.0051445155252477937 -0.0069962001758903328 -0.0091287764598853554 -0.011540547168529702 -0.014229595284731115 -0.01217104658381842 -0.0078091919251102593 -0.0059852179320205061 -0.0044013226490953409 -0.0030588384901786558 -0.0019588957987946077 -0.0011024213944527059 -0.00049013737765181886 -0.00012256020032221654 0 -0.00012256020032519845 -0.00049013737765181886 -0.0011024213944527059 -0.0019588957987946077 -0.0030588384900832348 -0.0044013226490953409 -0.0059852179320205061 -0.0078091919249194171 -0.0098717118590161117 -0.01217104658381842 -0.0092004452604494136 -0.0059031934793895647 -0.0045243989146890274 -0.0033270867734057105 -0.0023122642655131788 -0.0014807858505416218 -0.00083335213811641282 -0.00037050898476623408 -9.2646791417730064e-05 0 -9.2646791417730064e-05 -0.00037050898476623408 -0.00083335213811641282 -0.0014807858505416218 -0.0023122642655131788 -0.0033270867734057105 -0.0045243989146890274 -0.0059031934793895647 -0.0074623118036265057 -0.0092004452604494136 -0.0074532118805518237 -0.0047821328784061756 -0.0036651817157278442 -0.0026952481066731672 -0.0018731479845174666 -0.0011995735403887921 -0.00067509233313086574 -0.00030014655696890475 -7.5052472676762002e-05 0 -7.5052472676762002e-05 -0.000300146556959959 -0.00067509233313086574 -0.0011995735404245751 -0.0018731479844459006 -0.0026952481066731672 -0.0036651817157278442 -0.0047821328784061756 -0.0060451629701597049 -0.0074532118805518237 
end_dependent_variable

end_regular_table
