# ****************************************************************************
# CUI
#
# The Advanced Framework for Simulation, Integration, and Modeling (AFSIM)
#
# The use, dissemination or disclosure of data in this file is subject to
# limitation or restriction. See accompanying README and LICENSE for details.
# ****************************************************************************

# ##################################################################################################
# 
# This file was auto-generated by AFSIM Mover Creator 2.5.0.200402
# 
# Creation Date:  03 Apr 2020
# 
# ##################################################################################################

regular_table

independent_variable mach precision double
0.10000000000000001 0.5 0.70000000000000007 0.75 0.80000000000000004 0.84999999999999998 0.90000000000000002 0.92000000000000004 0.94000000000000006 0.95999999999999996 0.97999999999999998 1 1.02 1.04 1.0600000000000001 1.0800000000000001 1.1000000000000001 1.2 1.3 1.4000000000000001 1.5 1.75 2 2.5 3 
end_independent_variable

independent_variable surface_angle units deg
-10 -8 -7 -6 -5 -4 -3 -2 -1 0 1 2 3 4 5 6 7 8 9 10 
end_independent_variable

dependent_variable precision double
-0.0034131352389649449 -0.0026029716714332527 -0.0022200735034408636 -0.0018527611405431564 -0.0015015419914484417 -0.001166853233293534 -0.00084906684716582208 -0.00054849599713199522 -0.00026540181523110264 0 8.6403199478710249e-05 0.00015381453186141987 0.00020203423872191487 0.00023081443767643546 0.00023984673594749153 0.00022874841265943145 0.00019704774715378174 0.00014416958934972704 6.9422971633283028e-05 -2.8006567210617236e-05 -0.003539259002158345 -0.0026838269482511172 -0.0022820242422085355 -0.0018983072385249313 -0.0015331918183851148 -0.0011871223433599109 -0.00086047668304452642 -0.00055357258777000899 -0.00026667447039129677 0 8.5145206022305416e-05 0.00014876724240203392 0.00019066830960705943 0.00021060378931793053 0.00020826985500824551 0.0001832896481548269 0.00013519859965868537 6.3429993187458388e-05 -3.2697433364577014e-05 -0.00015398717443541079 -0.0037066631590583266 -0.002791132472880048 -0.0023642335379486534 -0.0019587401499647872 -0.0015751794157025161 -0.0012140052153404854 -0.00087560322142305879 -0.00056029726204950175 -0.00026835609525238083 0 8.3464628307632673e-05 0.00014204466065312425 0.00017554490620106332 0.00018372509118614453 0.00016628746419136646 0.00012286296731366713 5.2996549134382611e-05 -4.3867285191179773e-05 -0.00016839688073873505 -0.00032138113705815495 -0.0037700158797339791 -0.0028317411973295048 -0.0023953447513675123 -0.0019816102400331218 -0.0015910690193441832 -0.0012241785713113728 -0.00088132752145141178 -0.00056284199707083314 -0.00026899240118321112 0 8.2828496946720157e-05 0.00013950027455006031 0.00016982112880038687 0.00017355243009411513 0.00015039872754061488 9.9993915111646023e-05 2.1886542138499044e-05 -8.4474637979368178e-05 -0.00021975308213325118 -0.00038473216513884074 -0.0038475573492515302 -0.0028814447812010114 -0.0024334237059962299 -0.0020096023464507107 -0.0016105172565498769 -0.0012366303288703932 -0.00088833380140143441 -0.00056595661718877855 -0.00026977119178791371 0 8.2049858986996672e-05 0.00013638595949019947 0.00016281530565684992 0.0001611012810333015 0.00013095124825248725 7.2002715598151799e-05 -1.6191358877109306e-05 -0.00013417702373412667 -0.00028261175235002722 -0.00046227215653936828 -0.0050352959941173617 -0.0038515099871045916 -0.0032910772872832561 -0.0027523850449752692 -0.0022359246787193609 -0.0017421222210230521 -0.0012713427680998239 -0.00082389612775395429 -0.00040004283473351091 0 0.00023271359900772564 0.00044041931245978954 0.00062292330007124416 0.00077999195405684314 0.0009113408803421353 0.0010166226061185395 0.0010954135211024868 0.0011472010328808977 0.0011713725321796768 0.0011672085508606621 -0.0062230355665601105 -0.0048215759329426509 -0.0041487315134468841 -0.0034951682942254338 -0.0028613325574222354 -0.0022476144777016501 -0.0016543520073373115 -0.0010818358193866622 -0.00053031456760484999 0 0.00038337742466711095 0.00074445283647997127 0.001083031550082504 0.0013988829656777001 0.001691730933102054 0.0019612430008661445 0.0022070189870112573 0.0024285797553132869 0.0026253575619202729 0.0027966900778360298 -0.006709844348446143 -0.0052194750366354051 -0.004500647117484941 -0.0038000523426181382 -0.0031181202675210282 -0.0024552281581465599 -0.0018117046172283619 -0.0011878341894185826 -0.00058386228935044897 0 0.00044458628219896956 0.00086800414818531387 0.0012700572508172945 0.0016505147550482044 0.0020091022002755674 0.0023454912985367677 0.0026592890976636432 0.0029500273124413649 0.0032171531541531889 0.0034600236427061778 -0.007196766632142494 -0.005617813268117759 -0.0048530993708630994 -0.0041055269917562543 -0.0033755089349746126 -0.0026634095634483438 -0.0019695481572065774 -0.0012942031966540518 -0.00063761695874317461 0 0.0005061100348917498 0.0009922282879305177 0.0014581564886272181 0.0019036632852135465 0.0023284756096973035 0.0027322690346776404 0.0031146575398244992 0.0034751833988663824 0.0038133085246901161 0.0041284090352290631 -0.0076837883936359506 -0.0060165814163555464 -0.0052060811119884424 -0.0044115868694928669 -0.0036334947261391711 -0.0028721561456436545 -0.0021278811056616265 -0.0014009420871513635 -0.00069157832966927689 0 0.00056794892845728694 0.0011171260083093298 0.0016473307848010735 0.0021583311043349373 0.0026498549893224444 0.0031215815806936772 0.0035731314737511457 0.0040040572194392056 0.0044138351540823559 0.0048018602572569586 -0.0081708956203895029 -0.0064157702815599606 -0.0055595851670333764 -0.0047182265989817599 -0.0038920738076676869 -0.0030814653519214419 -0.0022867019405050045 -0.0015080501082879148 -0.00074574615601706747 0 0.00063010320699151499 0.0012426980612600686 0.0018375816576926554 0.0024145207550498441 0.0029732441743612423 0.003513434300899617 0.0040347180553313754 0.0045366579678807698 0.0050187445189568821 0.005480391326999021 -0.0086580742905664598 -0.0068153706504543608 -0.0059136043791207802 -0.0050254408093126793 -0.00415124234650994 -0.003291334633609342 -0.0024460091371913762 -0.0016155265058746676 -0.00080012019166661311 0 0.00069257311680811031 0.0013689451991992267 0.0020289106265956184 0.0026722347861790298 0.0032986469909551137 0.00390783256719504 0.0044994244455645047 0.0050729948458266283 0.0056280481149357511 0.0061640162437352737 -0.0091453103915308809 -0.007215373323876513 -0.0062681315767150018 -0.0053332241255191308 -0.0044109965068950601 -0.003501761441062152 -0.002605801175520203 -0.0017233705241643936 -0.00085470019042378168 0 0.00075535890305004503 0.0014958681728531968 0.002221319211883635 0.0029314757443007831 0.0036260672703734894 0.0043047817493524739 0.004967257808269435 0.0056130770499656975 0.0062417574206905463 0.0068527490273237535 -0.0096325899006216315 -0.0076157690973877651 -0.0066231596035819821 -0.0056415711744154046 -0.0046713324535798163 -0.0037127432283941119 -0.0027660765347633036 -0.0018315814124884109 -0.00090948590665505878 0 0.00081846081097571249 0.0016234677374333208 0.002414808934754814 0.0031922461730254079 0.003955508840258264 0.0047042872125275812 0.0054382252988228021 0.0061569137827909475 0.0068598839179267821 0.0075466036820570721 -0.01011989880916008 -0.0080165487564913124 -0.0069786812878562948 -0.0059504765827993085 -0.004932246354816607 -0.0039242774416729355 -0.0029268336912904717 -0.0019401584165505048 -0.00096447709347790547 0 0.00088187908602900577 0.001751744641802758 0.0026093813109082558 0.0034545486208768703 0.0042869755372212373 0.0051063543288342996 0.0059123340753054095 0.0067045142393424156 0.007482439089504197 0.0082455942220551696 -0.010607223092638356 -0.0084177031074662186 -0.0073346894661147693 -0.0062599349763474092 -0.0051937343766153493 -0.0041363615380797776 -0.0030880711243075729 -0.0020491007811970436 -0.0010196735058730154 0 0.00094561397324159765 0.0018806996404968112 0.0028050378622758226 0.0037183856382918359 0.0046204711858044136 0.0055109884681440891 0.0063895913060870646 0.0072558876196727341 0.0081094344268566945 0.0089497346594593248 -0.0110945487344632 -0.0088192229435654027 -0.0076911769779351947 -0.0065699409890136451 -0.0054557926862885764 -0.0043489929601867273 -0.003249787309508357 -0.0021584077540445111 -0.0010750748972835024 0 0.0010096657192734287 0.0020103334852724212 0.0030017801094372938 0.0039837597646759666 0.0049559996200803169 0.0059181949972614912 0.006870004146247605 0.0078110431342884225 0.0087408814111951307 0.0096590389943739998 -0.013530706801339035 -0.010831982245243066 -0.009480553741014832 -0.0081279971917929822 -0.0067745043648504864 -0.0054202708244990173 -0.0040654963179266451 -0.0027103853717622903 -0.0013551479336545577 0 0.0013346859038105799 0.0026687117362701848 0.0040018299879354289 0.0053337762318637644 0.0066642676569355543 0.007993001464648963 0.0093196531081171218 0.010643874597350226 0.011965293017243037 0.013283509668838671 -0.0038980713770297697 -0.002918666502547549 -0.0024659555889763492 -0.0020381129349743288 -0.0016352763210406938 -0.0012575692425696805 -0.00090510079088393933 -0.00057796554739710654 -0.00027624350584339236 0 0.00025071434079138879 0.00047586362391172608 0.00067542670706269726 0.00084939719310882147 0.00099778340663245202 0.0011206083558858923 0.0012179096729061714 0.0012897395390269253 0.0013361645943137275 0.001357265823420422 -0.0024602742433141463 -0.0017733809365671688 -0.0014660427944909005 -0.0011829698144746894 -0.00092428713712307937 -0.00069010415968761825 -0.0004805144132872025 -0.00029559546847883353 -0.00013540885428219783 0 0.00011060180546812828 0.00019638343404081198 0.00025734791921238655 0.00029351443819862955 0.0003049182739197925 0.00029161075591920319 0.00025365918533926828 0.00019114673926587736 0.00010417235472975992 -7.149406048154866e-06 -0.0020309057800493306 -0.0014470049617169895 -0.0011879813237118991 -0.00095109000723325526 -0.00073644801308075751 -0.00054415709852788114 -0.00037430366130777708 -0.00022695864964630813 -0.00010217748350231 0 7.954958374809307e-05 0.00013646268880456233 0.00017074637317046357 0.00018242331153501916 0.00017153175400211421 0.00013812547190916106 8.227367350239367e-05 4.0609152065630531e-06 -9.6413020958915294e-05 -0.00021903325274629751 -0.0015566854846592042 -0.0010989011724376722 -0.00089711092757379198 -0.0007135527115433762 -0.00054833216787326402 -0.00040154084486663551 -0.00027325609163345781 -0.00016354096827810399 -7.244417484297083e-05 0 5.3771713846301471e-05 8.8865585933370234e-05 0.00010529069375909633 0.00010307055315357399 8.2243077340526119e-05 4.2860519632316051e-05 -1.5010602090001628e-05 -9.1289600779792979e-05 -0.00018588173050651378 -0.00029867831901012775 -0.0013011944857943298 -0.0009159867717738893 -0.00074649354153683933 -0.00059255514444791319 -0.00045426661767091912 -0.00033171023656101024 -0.00022495541748387423 -0.00013405863532025354 -5.9063358000293459e-05 0 4.3114110301412698e-05 7.0274743632208787e-05 8.1490767277520891e-05 7.6784124648707983e-05 5.6189797797120494e-05 1.9755755500173638e-05 -3.2457120783627909e-05 -0.00010037512265640115 -0.00018391181855721071 -0.0002829681766035588 -0.00097627835054468683 -0.00068627956767125541 -0.00055880173824823104 -0.00044311674468326028 -0.00033929646522152363 -0.00024740309699819755 -0.00016748908042189134 -9.9597038823097029e-05 -4.375972779624488e-05 0 3.1669218835216208e-05 5.1244940373743521e-05 5.8734110808467305e-05 5.4153596272103431e-05 3.7530154078428701e-05 8.9003912748716383e-06 -3.1689288044326239e-05 -8.4182750883190344e-05 -0.00014851421263521904 -0.00022460833034810543 -0.00078915068641623263 -0.00055450501893405436 -0.00045138840616026199 -0.00035783319678026439 -0.00027389762786277262 -0.00019963208461746534 -0.00013507904134450768 -8.0273010692874302e-05 -3.5240503507568031e-05 0 2.5438069632780291e-05 4.1071333574857976e-05 4.6905476420527092e-05 4.2954226537178382e-05 2.923933339965318e-05 5.7905339492459725e-06 -2.7354490264269289e-05 -7.0150168809598703e-05 -0.00012254310505709645 -0.00018447214991457533 
end_dependent_variable

end_regular_table
