# ****************************************************************************
# CUI
#
# The Advanced Framework for Simulation, Integration, and Modeling (AFSIM)
#
# The use, dissemination or disclosure of data in this file is subject to
# limitation or restriction. See accompanying README and LICENSE for details.
# ****************************************************************************

# ##################################################################################################
# 
# This file was auto-generated by AFSIM Mover Creator 2.5.0.200401
# 
# Creation Date:  01 Apr 2020
# 
# ##################################################################################################

regular_table

independent_variable mach precision double
0.10000000000000001 0.5 0.70000000000000007 0.75 0.80000000000000004 0.84999999999999998 0.90000000000000002 0.92000000000000004 0.94000000000000006 0.95999999999999996 0.97999999999999998 1 1.02 1.04 1.0600000000000001 1.0800000000000001 1.1000000000000001 1.2 1.3 
end_independent_variable

independent_variable surface_angle units deg
-20 -16 -14 -12 -10 -9 -8 -7 -6 -5 -4 -3 -2 -1 0 1 2 3 4 5 6 7 8 9 10 12 14 16 18 20 
end_independent_variable

dependent_variable precision double
0.0083992221056893631 0.013866680495072496 0.013248967534762219 0.012671791468405604 0.015339164210865701 0.014217081962556114 0.01153157624872672 0.0027816468020211236 0.0020441969706098749 0.0014201302119257596 0.00090929268755261035 0.0005117811227670784 0.00022768329494235486 5.7073681794930877e-05 0 5.6815180034255981e-05 0.0002269917347003598 0.00051048812878000892 0.000907243320088099 0.0014171866816903964 0.0020402414939227733 0.0027763330409438357 0.011524799760936748 0.01420919452244798 0.015329999363656196 0.012660065278399744 0.013234273371396 0.013848549159461872 0.013943994028938318 0.0083672522100767584 0.0083985902593281397 0.013866037208435876 0.013248366102302157 0.012671258098241231 0.015338696238984232 0.014216658685583689 0.01153114565379636 0.002781333896415078 0.0020439271013911312 0.0014199030205148692 0.00090910907333536552 0.00051164200593422282 0.00022758960816760253 5.7026364360627552e-05 0 5.6865694149277187e-05 0.00022709136814201219 0.00051063781489510808 0.0009074439998723394 0.0014174393067867123 0.0020405470317613849 0.0027766924789032407 0.011525292057232609 0.014209695335801242 0.015330562416121749 0.012660734687243286 0.013235058455277456 0.013849432258159796 0.01394498085573701 0.0083682514983067918 0.0083985655332558112 0.013866004371859364 0.013248333196212632 0.012671227396007925 0.015338667953551937 0.014216632620651573 0.011531118193953473 0.0027813140699087056 0.0020439096815280588 0.0014198880801124252 0.00090909678274938384 0.00051163253325646908 0.00022758312234651696 5.7023036792291598e-05 0 5.6869353893131922e-05 0.00022709869093403743 0.00051064897032624974 0.00090745915701341974 0.001417458639603836 0.0020405707114670604 0.002776720677444269 0.011525330511635413 0.014209735270782264 0.015330607779481626 0.01266078989036592 0.013235124585160345 0.013849508450785562 0.013945067912463412 0.0083683432784913605 0.0083985625104188149 0.013865999600427429 0.013248328249529579 0.012671222677812186 0.015338663514632072 0.014216628496375996 0.011531113792237755 0.0027813109011310981 0.0020439068789787798 0.0014198856584773222 0.00090909477666258108 0.0005116309797691367 0.00022758205199298012 5.7022484772691543e-05 0 5.6869966966084434e-05 0.000227099923872147 0.00051065085546897699 0.00090746172875012473 0.0014174619291113498 0.0020405747555823843 0.002776725512270112 0.011525337103011027 0.014209742153671956 0.01533061561499331 0.012660799492829852 0.013235136150754974 0.013849521855293093 0.013945083316449116 0.0083683596840518799 0.0083985602106150595 0.013865995652382026 0.013248324090987027 0.012671218669187663 0.015338659717238991 0.014216624961002917 0.011531109999005666 0.0027813081699917543 0.0020439044505514725 0.0014198835617666009 0.0009090930400610848 0.00051162962649886211 0.00022758112042070455 5.7022003061587602e-05 0 5.687050361143763e-05 0.00022710100432220419 0.00051065251291987314 0.00090746399183926313 0.0014174648310348653 0.0020405783273029394 0.0027767297825474916 0.0115253429175053 0.014209748246218278 0.015330622558094982 0.012660808014660156 0.013235146432806514 0.013849533803943588 0.013945097062892139 0.0083683743708786885 0.0083985584769507311 0.013865992340478594 0.013248320575439837 0.012671215250444687 0.01533865644217256 0.014216621903409412 0.011531106695546595 0.0027813057959020829 0.002043902341051825 0.0014198817319711621 0.00090909151518056 0.00051162843838318357 0.00022758030055265838 5.7021577952188517e-05 0 5.687097793372442e-05 0.00022710196092161195 0.00051065398077035568 0.00090746600043489789 0.0014174674120726071 0.0020405815088694722 0.0027767335937697465 0.011525348101487171 0.014209753679370035 0.01533062875613464 0.01266081564811905 0.013235155656008427 0.013849544545417395 0.013945109445509432 0.0083683876321992041 0.0083985572088277789 0.013865989600833696 0.013248317581729776 0.012671212298956437 0.015338653611597789 0.014216619241354745 0.011531103812837064 0.0027813037232394377 0.0020439004906350087 0.0014198801209948551 0.00090909017301645781 0.0005116273910068795 0.00022757957393974547 5.7021200816558757e-05 0 5.6871400213038265e-05 0.00022710281349626489 0.00051065529270608804 0.00090746779584097647 0.0014174697195864349 0.0020405843575567895 0.0027767370090860232 0.01152535275041466 0.014209758565473964 0.0153306343434878 0.012660822525746317 0.013235163990716555 0.013849554251538937 0.013945120662559944 0.0083683996794896437 0.0083988877943098322 0.013872506199246194 0.013255322830088994 0.01267860514081103 0.015348740958508814 0.014226165815552978 0.011538892691178811 0.0027827049992250903 0.0020449330874691782 0.0014205991335165251 0.00090955138091464562 0.00051188729899866745 0.00022769525971056605 5.705016595272051e-05 0 5.6900541701755074e-05 0.00022721870999676245 0.00051091531628773604 0.00090792891151204034 0.0014181883333383857 0.0020416161509037522 0.002778136827697098 0.011533140035684595 0.014219302728647619 0.015340718739865153 0.012668211197995018 0.013242163640047365 0.013856063345679046 0.013950630333164408 0.0083687135021534523 0.0085063802547939611 0.013931870225136304 0.013298144539472999 0.012709197075469584 0.015372951899418284 0.014246406189675162 0.011554578555184965 0.0027897621851618371 0.0020498620218892829 0.001423869322483017 0.00091156244793298984 0.00051298234527094447 0.00022817081224306922 5.7167922446431092e-05 0 5.7017574629866131e-05 0.00022769113929002472 0.00051200215772373382 0.0009099224660485657 0.00142142551265565 0.0020464881298124394 0.0027850967440507229 0.011548677383181043 0.014239328901211533 0.015364632017977104 0.012698275195029043 0.013284103911115395 0.01391401755397626 0.014029600811411474 0.0084722448240176912 0.0087006122465598714 0.014067110562822097 0.01340845604340116 0.0127966011805243 0.015441606259904983 0.014304570976580954 0.011601665645393028 0.0028218693179656446 0.0020738478903843576 0.0014408291595008555 0.00092260799221890251 0.0005193120843344181 0.00023105494158979177 5.79306506309336e-05 0 5.7735508904356076e-05 0.0002304274487991802 0.00051802571333425221 0.00092045252214785229 0.0014376152181144902 0.0020694104627978905 0.0028157334368408907 0.011593916158509078 0.014295279849291253 0.015430695751205883 0.012782314609253487 0.013390145986897761 0.014043908389612619 0.014185978740303964 0.0086565810814430832 0.0088951151047870214 0.0142025349418875 0.013518916817516741 0.012884121957981809 0.015510346667857684 0.014362807444669043 0.0116488108667391 0.0028540219756491799 0.0020978678730757465 0.0014578131802671414 0.00093366932073159496 0.0005256508919333539 0.00023394321174590775 5.8694479538082282e-05 0 5.845447486576957e-05 0.00023316767678623242 0.00052405786715372033 0.00093099757756430913 0.0014538279392828772 0.0020923652841339279 0.0028464134173911229 0.01163921022889316 0.014351299127487576 0.015496841632024841 0.012866465631955658 0.013496330944425872 0.014173975413420458 0.01434256964531864 0.008841173950266833 0.009089888816649766 0.014338143400809425 0.013629526848798285 0.012971759391100237 0.0155791731384028 0.014421115593988374 0.011696014203900944 0.0028862201561808999 0.0021219219688864859 0.0014748213821139452 0.00094474644416725896 0.0005319987650326762 0.00023683562301737214 5.9459408072557639e-05 0 5.9174472948562908e-05 0.00023591181894333247 0.00053009862010000325 0.00094155762404938463 0.0014700636643142266 0.0021153525938939792 0.0028771366937786337 0.011684559607354735 0.014407386727478518 0.015563069651083979 0.012950728258485027 0.013602658811309112 0.014304218622560502 0.01449937353213402 0.009026023486588871 0.0092849333266355975 0.014473935914328212 0.01374028614282641 0.013059513495740298 0.015648085668162583 0.014479495427476115 0.011743275662606037 0.0029184638678583074 0.0021460101743654017 0.0014918537695938795 0.00095583935165836724 0.00053835570642269607 0.00023973217646890892 6.0225436014071927e-05 0 5.9895503299594562e-05 0.00023865987743664294 0.00053614797136537946 0.00095213267460005394 0.0014863224005514616 0.0021383723939137757 0.0029079032547687494 0.011729964284641715 0.014463542655432128 0.015629379824390867 0.013035102490016461 0.013709129571980481 0.014434638009983545 0.014656390387826559 0.009211129665443258 0.0093047521902970293 0.014499664004495717 0.013764895549996542 0.013082019154339136 0.015670151766659493 0.014499313172124901 0.011759602614581593 0.0029266980204184848 0.0021522542550644185 0.0014963243218687147 0.00095878049164962737 0.00054005439752904667 0.00024051058155723923 6.0432076098574314e-05 0 6.0090018228071026e-05 0.00023939814636007566 0.00053776377120246747 0.00095493512607120791 0.0014905875996381564 0.0021443361671095672 0.002915755248674181 0.011745819162635859 0.014482805837308132 0.015650811556288221 0.013056828561793516 0.013732817280170468 0.01445931040083845 0.014680534945718079 0.0092294480438291429 0.0092986245464642802 0.014501985896649489 0.013768568265322124 0.01308685442991208 0.015678381927116725 0.014507323441677496 0.011766153663643178 0.0029271347754255901 0.0021525676201661643 0.0014965355341226738 0.00095891137383393311 0.00054012517179904799 0.00024054013333794672 6.0438259495220999e-05 0 6.0097702212402562e-05 0.00023943232863753145 0.00053784387550168805 0.00095508148224375934 0.0014908217412244005 0.0021446810439774994 0.0029162353908645383 0.011752425049729903 0.014490881582929676 0.015659118469440503 0.013061764011149403 0.013736617945063418 0.014461793815778227 0.014681068524176732 0.009223623930230667 0.0092926275976691775 0.014504392710990639 0.013772308488748441 0.013091741536051665 0.015686649738465071 0.01451536485266814 0.011772729815909653 0.0029275910930099051 0.0021528955727694314 0.0014967570523171487 0.00095904896314281105 0.00054019979172961719 0.00024057143731162547 6.0444908151762558e-05 0 6.0105815304967102e-05 0.00023946815536278886 0.00053792760610386393 0.00095523419538131975 0.0014910656658370749 0.0021450398052864682 0.0029167341186316074 0.011759054810040134 0.014498987003754226 0.015667461339030783 0.013066749045214189 0.013740483286234034 0.014464358620665278 0.014681702679740651 0.0092179238652467677 0.009286758859947444 0.014506882892189999 0.013776114935361742 0.013096679478330207 0.015694954480069998 0.014523436823830997 0.011779330601042281 0.0029280665961122932 0.0021532378392034495 0.0014969886816688473 0.00095919313105061839 0.00054027818265545721 0.00024060446197713236 6.0452013171022978e-05 0 6.0114349856885684e-05 0.00023950559776382479 0.00053801489752235295 0.00095539313869607157 0.0014913191960711405 0.0021454121797643919 0.002917251086417395 0.011765708001571505 0.014507121557776118 0.015675839446235781 0.013071782740786549 0.013744412055385279 0.014467003241568367 0.014682435506676344 0.0092123455019810802 0.0092592541772515309 0.014520529114581172 0.013796097192981987 0.013122098499202242 0.015737007965366336 0.014564235008143057 0.01181268781239605 0.0029307194198690688 0.0021551545074281896 0.001498291846768113 0.00096000836461035757 0.00054072421938757996 0.00024079425789603229 6.0494097884795491e-05 0 6.0163073002178284e-05 0.00023971596494515112 0.00053850245035058056 0.00095627733246870692 0.0014927246063676989 0.0021474694576384115 0.002920097563269791 0.011799309956739012 0.014548212107945178 0.015718235771668781 0.013097649294266683 0.01376496617404256 0.014481371710035643 0.014687515092732606 0.0091861994393693542 0.0092346067270781436 0.01453603263459801 0.013817555541803521 0.013148650751557776 0.015779884642360936 0.014605714261617013 0.011846593966542387 0.0029337999742039844 0.0021573902151704348 0.0014998203365846386 0.00096097024272374508 0.00054125427703661253 0.00024102237108863324 6.0546359064979633e-05 0 6.0221211581013918e-05 0.00023996235522599587 0.00053906944205002916 0.0009573005917961131 0.0014943441603113327 0.002149830449858281 0.0029233507315100768 0.011833434274783245 0.014589952047210135 0.015761418153431128 0.013124600751776832 0.013786934833065567 0.014497519992127273 0.014694794254572754 0.0091627660339624571 
end_dependent_variable

end_regular_table
