# ****************************************************************************
# CUI
#
# The Advanced Framework for Simulation, Integration, and Modeling (AFSIM)
#
# The use, dissemination or disclosure of data in this file is subject to
# limitation or restriction. See accompanying README and LICENSE for details.
# ****************************************************************************

#Launch data for DELTA_IV_M Launched from Latitude: 28.531986 Longitude: -80.566821 Altitude: 1.0
#Generated on Mon Dec  3 13:48:44 2018
#Lau-Hdg -Loft- -Incl.- -Time-- ---Lat---- ----Lon---- --Alt-- -Speed-- -FSpeed- --Hdg-- -Angle- -DeltaV- -Fleft- -Tleft-
  40.000 81.000    0.00    0.00   0.000000    0.000000    0.00     0.00     0.00    0.00    0.00     0.00     0.0    0.00 0.000 x 0.000 km, e=0.000
  40.000 81.200    0.00    0.00   0.000000    0.000000    0.00     0.00     0.00    0.00    0.00     0.00     0.0    0.00 0.000 x 0.000 km, e=0.000
  40.000 81.400    0.00    0.00   0.000000    0.000000    0.00     0.00     0.00    0.00    0.00     0.00     0.0    0.00 0.000 x 0.000 km, e=0.000
  40.000 81.600    0.00    0.00   0.000000    0.000000    0.00     0.00     0.00    0.00    0.00     0.00     0.0    0.00 0.000 x 0.000 km, e=0.000
  40.000 81.800    0.00    0.00   0.000000    0.000000    0.00     0.00     0.00    0.00    0.00     0.00     0.0    0.00 0.000 x 0.000 km, e=0.000
  40.000 82.000    0.00    0.00   0.000000    0.000000    0.00     0.00     0.00    0.00    0.00     0.00     0.0    0.00 0.000 x 0.000 km, e=0.000
  40.000 82.200    0.00    0.00   0.000000    0.000000    0.00     0.00     0.00    0.00    0.00     0.00     0.0    0.00 0.000 x 0.000 km, e=0.000
  40.000 82.400    0.00    0.00   0.000000    0.000000    0.00     0.00     0.00    0.00    0.00     0.00     0.0    0.00 0.000 x 0.000 km, e=0.000
  40.000 82.600    0.00    0.00   0.000000    0.000000    0.00     0.00     0.00    0.00    0.00     0.00     0.0    0.00 0.000 x 0.000 km, e=0.000
  40.000 82.800    0.00    0.00   0.000000    0.000000    0.00     0.00     0.00    0.00    0.00     0.00     0.0    0.00 0.000 x 0.000 km, e=0.000
  40.000 83.000    0.00    0.00   0.000000    0.000000    0.00     0.00     0.00    0.00    0.00     0.00     0.0    0.00 0.000 x 0.000 km, e=0.000
  40.000 83.200    0.00    0.00   0.000000    0.000000    0.00     0.00     0.00    0.00    0.00     0.00     0.0    0.00 0.000 x 0.000 km, e=0.000
  40.000 83.400    0.00    0.00   0.000000    0.000000    0.00     0.00     0.00    0.00    0.00     0.00     0.0    0.00 0.000 x 0.000 km, e=0.000
  40.000 83.600    0.00    0.00   0.000000    0.000000    0.00     0.00     0.00    0.00    0.00     0.00     0.0    0.00 0.000 x 0.000 km, e=0.000
  40.000 83.800    0.00    0.00   0.000000    0.000000    0.00     0.00     0.00    0.00    0.00     0.00     0.0    0.00 0.000 x 0.000 km, e=0.000
  40.000 84.000    0.00    0.00   0.000000    0.000000    0.00     0.00     0.00    0.00    0.00     0.00     0.0    0.00 0.000 x 0.000 km, e=0.000
  40.000 84.200    0.00    0.00   0.000000    0.000000    0.00     0.00     0.00    0.00    0.00     0.00     0.0    0.00 0.000 x 0.000 km, e=0.000
  40.000 84.400    0.00    0.00   0.000000    0.000000    0.00     0.00     0.00    0.00    0.00     0.00     0.0    0.00 0.000 x 0.000 km, e=0.000
  40.000 84.600   52.71  835.17  49.718427  -44.331943  203.93  7789.34  7499.92   69.00    0.00  1887.37  6719.5  279.84 203.061 x 195.532 km, e=0.001
  40.000 84.800   52.67  836.40  49.696255  -44.303736  208.43  7786.67  7496.78   69.06    0.00  1880.57  6689.9  278.61 207.568 x 200.062 km, e=0.001
  40.000 85.000   52.63  837.72  49.673379  -44.273884  213.25  7783.84  7493.46   69.13    0.00  1873.25  6658.2  277.29 212.446 x 204.962 km, e=0.001
  40.000 85.200   52.59  839.13  49.649268  -44.243040  218.43  7780.78  7489.88   69.21    0.00  1865.43  6624.4  275.88 217.648 x 210.188 km, e=0.001
  40.000 85.400   52.54  840.64  49.623830  -44.211246  224.02  7777.45  7486.00   69.28    0.00  1857.03  6588.1  274.37 223.206 x 215.772 km, e=0.001
  40.000 85.600   52.49  842.28  49.597668  -44.177025  230.07  7773.91  7481.88   69.37    0.00  1847.90  6548.7  272.73 229.327 x 221.919 km, e=0.001
  40.000 85.800   52.44  844.04  49.569564  -44.142308  236.65  7769.99  7477.33   69.45    0.00  1838.07  6506.5  270.97 235.842 x 228.462 km, e=0.001
  40.000 86.000   52.39  845.96  49.540209  -44.105148  243.83  7765.76  7472.43   69.54    0.00  1827.33  6460.4  269.05 243.032 x 235.682 km, e=0.001
  40.000 86.200   52.34  848.06  49.509162  -44.065449  251.72  7761.15  7467.10   69.63    0.00  1815.56  6409.9  266.95 250.972 x 243.653 km, e=0.001
  40.000 86.400   52.28  850.36  49.476150  -44.023616  260.42  7756.07  7461.24   69.73    0.00  1802.62  6354.7  264.65 259.722 x 252.435 km, e=0.001
  40.000 86.600   52.22  852.88  49.440746  -43.980536  270.06  7750.38  7454.71   69.84    0.00  1788.41  6294.2  262.13 269.308 x 262.057 km, e=0.001
  40.000 86.800   52.15  855.68  49.402969  -43.933806  280.82  7744.12  7447.52   69.95    0.00  1772.57  6227.0  259.33 280.118 x 272.904 km, e=0.001
  40.000 87.000   52.08  858.79  49.361864  -43.884596  292.88  7737.09  7439.47   70.08    0.00  1754.91  6152.3  256.22 292.202 x 285.028 km, e=0.001
  40.000 87.200   52.00  862.27  49.317422  -43.832797  306.53  7729.16  7430.40   70.21    0.00  1735.06  6068.7  252.74 305.843 x 298.714 km, e=0.001
  40.000 87.400   51.92  866.20  49.268728  -43.777251  322.08  7720.18  7420.17   70.35    0.00  1712.55  5974.4  248.81 321.457 x 314.373 km, e=0.001
  40.000 87.600   51.83  870.66  49.214838  -43.719204  339.97  7709.85  7408.41   70.50    0.00  1686.86  5867.3  244.35 339.346 x 332.314 km, e=0.001
  40.000 87.800   51.73  875.78  49.154748  -43.657845  360.78  7697.91  7394.85   70.67    0.00  1657.20  5744.3  239.23 360.184 x 353.207 km, e=0.001
  40.000 88.000   51.62  881.71  49.086309  -43.594214  385.29  7683.87  7378.94   70.86    0.00  1622.60  5601.9  233.30 384.653 x 377.739 km, e=0.001
  40.000 88.200   51.49  888.69  49.008129  -43.527589  414.61  7667.25  7360.13   71.06    0.00  1581.54  5434.3  226.32 414.057 x 407.210 km, e=0.001
  40.000 88.400   51.34  897.01  48.916061  -43.460869  450.35  7647.09  7337.37   71.29    0.00  1532.11  5234.6  218.00 449.818 x 443.046 km, e=0.001
  40.000 88.600   51.17  907.13  48.804992  -43.395977  494.94  7622.21  7309.29   71.54    0.00  1471.25  4991.6  207.88 494.486 x 487.799 km, e=0.001
  40.000 88.800   50.97  919.73  48.667091  -43.339901  552.32  7590.48  7273.54   71.84    0.00  1394.34  4689.0  195.28 551.876 x 545.286 km, e=0.001
  40.000 89.000   50.72  935.96  48.489088  -43.301299  629.58  7548.40  7226.18   72.18    0.00  1293.32  4299.3  179.05 629.178 x 622.702 km, e=0.001
  50.000 81.000    0.00    0.00   0.000000    0.000000    0.00     0.00     0.00    0.00    0.00     0.00     0.0    0.00 0.000 x 0.000 km, e=0.000
  50.000 81.200    0.00    0.00   0.000000    0.000000    0.00     0.00     0.00    0.00    0.00     0.00     0.0    0.00 0.000 x 0.000 km, e=0.000
  50.000 81.400    0.00    0.00   0.000000    0.000000    0.00     0.00     0.00    0.00    0.00     0.00     0.0    0.00 0.000 x 0.000 km, e=0.000
  50.000 81.600    0.00    0.00   0.000000    0.000000    0.00     0.00     0.00    0.00    0.00     0.00     0.0    0.00 0.000 x 0.000 km, e=0.000
  50.000 81.800    0.00    0.00   0.000000    0.000000    0.00     0.00     0.00    0.00    0.00     0.00     0.0    0.00 0.000 x 0.000 km, e=0.000
  50.000 82.000    0.00    0.00   0.000000    0.000000    0.00     0.00     0.00    0.00    0.00     0.00     0.0    0.00 0.000 x 0.000 km, e=0.000
  50.000 82.200    0.00    0.00   0.000000    0.000000    0.00     0.00     0.00    0.00    0.00     0.00     0.0    0.00 0.000 x 0.000 km, e=0.000
  50.000 82.400    0.00    0.00   0.000000    0.000000    0.00     0.00     0.00    0.00    0.00     0.00     0.0    0.00 0.000 x 0.000 km, e=0.000
  50.000 82.600    0.00    0.00   0.000000    0.000000    0.00     0.00     0.00    0.00    0.00     0.00     0.0    0.00 0.000 x 0.000 km, e=0.000
  50.000 82.800    0.00    0.00   0.000000    0.000000    0.00     0.00     0.00    0.00    0.00     0.00     0.0    0.00 0.000 x 0.000 km, e=0.000
  50.000 83.000    0.00    0.00   0.000000    0.000000    0.00     0.00     0.00    0.00    0.00     0.00     0.0    0.00 0.000 x 0.000 km, e=0.000
  50.000 83.200    0.00    0.00   0.000000    0.000000    0.00     0.00     0.00    0.00    0.00     0.00     0.0    0.00 0.000 x 0.000 km, e=0.000
  50.000 83.400    0.00    0.00   0.000000    0.000000    0.00     0.00     0.00    0.00    0.00     0.00     0.0    0.00 0.000 x 0.000 km, e=0.000
  50.000 83.600    0.00    0.00   0.000000    0.000000    0.00     0.00     0.00    0.00    0.00     0.00     0.0    0.00 0.000 x 0.000 km, e=0.000
  50.000 83.800   45.53  821.92  44.385470  -42.546010  189.29  7796.87  7462.25   77.73    0.00  1960.03  7037.6  293.09 190.417 x 185.897 km, e=0.001
  50.000 84.000   45.50  822.90  44.368238  -42.528213  192.80  7794.78  7459.83   77.78    0.00  1954.70  7014.1  292.11 193.947 x 189.443 km, e=0.001
  50.000 84.200   45.48  823.94  44.350615  -42.509626  196.53  7792.57  7457.27   77.83    0.00  1949.03  6989.1  291.07 197.704 x 193.217 km, e=0.001
  50.000 84.400   45.45  825.04  44.332070  -42.490554  200.51  7790.20  7454.52   77.88    0.00  1943.03  6962.7  289.97 201.663 x 197.194 km, e=0.001
  50.000 84.600   45.42  826.21  44.312837  -42.470717  204.75  7787.66  7451.59   77.93    0.00  1936.63  6934.6  288.80 205.877 x 201.428 km, e=0.001
  50.000 84.800   45.39  827.47  44.293063  -42.448950  209.28  7785.01  7448.53   77.98    0.00  1929.74  6904.3  287.54 210.496 x 206.064 km, e=0.001
  50.000 85.000   45.36  828.81  44.272447  -42.426861  214.15  7782.13  7445.21   78.04    0.00  1922.39  6872.2  286.20 215.375 x 210.964 km, e=0.001
  50.000 85.200   45.32  830.24  44.250730  -42.404279  219.39  7778.99  7441.60   78.10    0.00  1914.54  6837.8  284.77 220.562 x 216.174 km, e=0.001
  50.000 85.400   45.29  831.79  44.228116  -42.379514  225.06  7775.67  7437.78   78.16    0.00  1906.02  6800.6  283.22 226.274 x 221.908 km, e=0.001
  50.000 85.600   45.25  833.46  44.204585  -42.353780  231.21  7772.04  7433.63   78.22    0.00  1896.81  6760.5  281.55 232.437 x 228.094 km, e=0.001
  50.000 85.800   45.22  835.27  44.179670  -42.326422  237.90  7768.11  7429.12   78.29    0.00  1886.82  6717.1  279.74 239.161 x 234.841 km, e=0.001
  50.000 86.000   45.18  837.23  44.153410  -42.298146  245.21  7763.79  7424.18   78.36    0.00  1875.97  6670.0  277.78 246.446 x 242.153 km, e=0.001
  50.000 86.200   45.13  839.37  44.125582  -42.268031  253.24  7759.06  7418.79   78.44    0.00  1864.09  6618.6  275.64 254.460 x 250.196 km, e=0.001
  50.000 86.400   45.09  841.72  44.096122  -42.235596  262.10  7753.89  7412.89   78.52    0.00  1851.02  6562.2  273.29 263.358 x 259.122 km, e=0.001
  50.000 86.600   45.04  844.30  44.064731  -42.201713  271.91  7748.14  7406.35   78.60    0.00  1836.62  6500.2  270.71 273.165 x 268.961 km, e=0.001
  50.000 86.800   44.99  847.16  44.031137  -42.165112  282.85  7741.78  7399.12   78.69    0.00  1820.61  6431.6  267.85 284.169 x 279.997 km, e=0.001
  50.000 87.000   44.94  850.33  43.994628  -42.127029  295.13  7734.61  7391.00   78.79    0.00  1802.79  6355.4  264.68 296.418 x 292.283 km, e=0.001
  50.000 87.200   44.88  853.88  43.955317  -42.086461  309.00  7726.55  7381.86   78.90    0.00  1782.76  6270.2  261.13 310.287 x 306.191 km, e=0.001
  50.000 87.400   44.82  857.89  43.912373  -42.042567  324.81  7717.45  7371.56   79.01    0.00  1760.02  6173.9  257.12 326.187 x 322.130 km, e=0.001
  50.000 87.600   44.75  862.43  43.864967  -41.997463  343.00  7706.94  7359.69   79.13    0.00  1734.15  6064.9  252.58 344.317 x 340.307 km, e=0.001
  50.000 87.800   44.67  867.65  43.812465  -41.948885  364.15  7694.84  7346.03   79.27    0.00  1704.21  5939.6  247.36 365.536 x 361.575 km, e=0.001
  50.000 88.000   44.59  873.69  43.753036  -41.898966  389.06  7680.61  7329.99   79.42    0.00  1669.33  5794.5  241.32 390.432 x 386.526 km, e=0.001
  50.000 88.200   44.49  880.79  43.685479  -41.847225  418.86  7663.73  7310.98   79.58    0.00  1627.99  5624.0  234.22 420.290 x 416.443 km, e=0.001
  50.000 88.400   44.38  889.25  43.606676  -41.796083  455.19  7643.26  7287.95   79.77    0.00  1578.23  5420.9  225.76 456.621 x 452.843 km, e=0.001
  50.000 88.600   44.25  899.54  43.512641  -41.747201  500.57  7617.97  7259.50   79.97    0.00  1516.97  5173.8  215.47 502.067 x 498.363 km, e=0.001
  50.000 88.800   44.10  912.36  43.397562  -41.706311  559.15  7585.65  7223.17   80.21    0.00  1439.48  4866.0  202.65 560.654 x 557.039 km, e=0.001
  50.000 89.000   43.91  928.95  43.251908  -41.676083  639.01  7542.28  7174.44   80.49    0.00  1337.22  4467.6  186.06 640.595 x 637.083 km, e=0.001
  60.000 81.000    0.00    0.00   0.000000    0.000000    0.00     0.00     0.00    0.00    0.00     0.00     0.0    0.00 0.000 x 0.000 km, e=0.000
  60.000 81.200    0.00    0.00   0.000000    0.000000    0.00     0.00     0.00    0.00    0.00     0.00     0.0    0.00 0.000 x 0.000 km, e=0.000
  60.000 81.400    0.00    0.00   0.000000    0.000000    0.00     0.00     0.00    0.00    0.00     0.00     0.0    0.00 0.000 x 0.000 km, e=0.000
  60.000 81.600    0.00    0.00   0.000000    0.000000    0.00     0.00     0.00    0.00    0.00     0.00     0.0    0.00 0.000 x 0.000 km, e=0.000
  60.000 81.800    0.00    0.00   0.000000    0.000000    0.00     0.00     0.00    0.00    0.00     0.00     0.0    0.00 0.000 x 0.000 km, e=0.000
  60.000 82.000    0.00    0.00   0.000000    0.000000    0.00     0.00     0.00    0.00    0.00     0.00     0.0    0.00 0.000 x 0.000 km, e=0.000
  60.000 82.200    0.00    0.00   0.000000    0.000000    0.00     0.00     0.00    0.00    0.00     0.00     0.0    0.00 0.000 x 0.000 km, e=0.000
  60.000 82.400    0.00    0.00   0.000000    0.000000    0.00     0.00     0.00    0.00    0.00     0.00     0.0    0.00 0.000 x 0.000 km, e=0.000
  60.000 82.600    0.00    0.00   0.000000    0.000000    0.00     0.00     0.00    0.00    0.00     0.00     0.0    0.00 0.000 x 0.000 km, e=0.000
  60.000 82.800   39.00  810.19  38.978351  -41.919798  174.34  7804.58  7433.78   85.65    0.00  2023.41  7319.3  304.82 177.480 x 175.903 km, e=0.000
  60.000 83.000   39.00  810.98  38.976778  -41.908897  177.13  7802.93  7431.96   85.66    0.00  2019.17  7300.3  304.03 180.291 x 178.716 km, e=0.000
  60.000 83.200   38.99  811.81  38.975147  -41.897613  180.06  7801.19  7430.04   85.68    0.00  2014.71  7280.4  303.20 183.244 x 181.673 km, e=0.000
  60.000 83.400   38.98  812.66  38.965396  -41.885771  183.08  7799.38  7427.99   85.70    0.00  2010.14  7260.0  302.35 186.244 x 184.684 km, e=0.000
  60.000 83.600   38.97  813.55  38.951835  -41.873039  186.24  7797.50  7425.84   85.74    0.00  2005.35  7238.6  301.46 189.400 x 187.853 km, e=0.000
  60.000 83.800   38.95  814.49  38.937777  -41.859761  189.58  7795.50  7423.57   85.77    0.00  2000.28  7216.0  300.52 192.738 x 191.204 km, e=0.000
  60.000 84.000   38.93  815.49  38.923231  -41.845448  193.12  7793.42  7421.19   85.81    0.00  1994.89  7192.0  299.52 196.325 x 194.800 km, e=0.000
  60.000 84.200   38.91  816.54  38.908269  -41.831349  196.89  7791.15  7418.61   85.84    0.00  1989.21  7166.8  298.47 200.042 x 198.535 km, e=0.000
  60.000 84.400   38.89  817.66  38.892602  -41.816201  200.90  7788.75  7415.88   85.88    0.00  1983.15  7139.9  297.35 204.041 x 202.550 km, e=0.000
  60.000 84.600   38.88  818.86  38.876387  -41.799711  205.19  7786.23  7413.02   85.92    0.00  1976.65  7111.1  296.15 208.379 x 206.898 km, e=0.000
  60.000 84.800   38.86  820.14  38.859559  -41.782463  209.79  7783.53  7409.94   85.96    0.00  1969.71  7080.3  294.87 213.017 x 211.548 km, e=0.000
  60.000 85.000   38.83  821.50  38.842044  -41.765143  214.73  7780.56  7406.59   86.00    0.00  1962.32  7047.7  293.51 217.903 x 216.456 km, e=0.000
  60.000 85.200   38.81  822.97  38.823724  -41.745996  220.06  7777.43  7403.04   86.05    0.00  1954.32  7012.4  292.04 223.269 x 221.836 km, e=0.000
  60.000 85.400   38.79  824.55  38.804496  -41.725900  225.82  7774.04  7399.20   86.10    0.00  1945.70  6974.5  290.46 229.055 x 227.637 km, e=0.000
  60.000 85.600   38.77  826.25  38.784477  -41.705095  232.07  7770.34  7395.01   86.15    0.00  1936.41  6933.6  288.76 235.280 x 233.884 km, e=0.000
  60.000 85.800   38.74  828.10  38.763305  -41.682247  238.88  7766.36  7390.52   86.20    0.00  1926.29  6889.2  286.91 242.145 x 240.762 km, e=0.000
  60.000 86.000   38.71  830.10  38.741010  -41.658800  246.31  7761.97  7385.56   86.26    0.00  1915.31  6841.2  284.91 249.559 x 248.199 km, e=0.000
  60.000 86.200   38.69  832.28  38.717355  -41.633956  254.47  7757.16  7380.14   86.31    0.00  1903.32  6788.8  282.73 257.685 x 256.351 km, e=0.000
  60.000 86.400   38.66  834.68  38.692294  -41.606466  263.47  7751.94  7374.25   86.38    0.00  1890.08  6731.2  280.33 266.771 x 265.452 km, e=0.000
  60.000 86.600   38.62  837.31  38.665610  -41.577980  273.44  7746.11  7367.68   86.44    0.00  1875.53  6668.1  277.70 276.749 x 275.454 km, e=0.000
  60.000 86.800   38.59  840.21  38.636961  -41.548193  284.56  7739.59  7360.35   86.51    0.00  1859.42  6598.4  274.80 287.804 x 286.542 km, e=0.000
  60.000 87.000   38.55  843.44  38.605999  -41.515900  297.02  7732.34  7352.19   86.59    0.00  1841.43  6520.9  271.57 300.269 x 299.036 km, e=0.000
  60.000 87.200   38.52  847.06  38.572688  -41.480964  311.11  7724.20  7343.05   86.67    0.00  1821.17  6434.0  267.95 314.423 x 313.215 km, e=0.000
  60.000 87.400   38.47  851.13  38.536242  -41.444349  327.16  7714.93  7332.63   86.76    0.00  1798.29  6336.2  263.88 330.476 x 329.302 km, e=0.000
  60.000 87.600   38.43  855.75  38.496268  -41.405665  345.62  7704.29  7320.69   86.86    0.00  1772.17  6225.3  259.26 348.917 x 347.782 km, e=0.000
  60.000 87.800   38.38  861.05  38.452025  -41.364501  367.09  7692.00  7306.90   86.97    0.00  1742.03  6098.0  253.96 370.407 x 369.310 km, e=0.000
  60.000 88.000   38.32  867.19  38.402296  -41.321465  392.38  7677.59  7290.74   87.08    0.00  1706.86  5950.6  247.82 395.714 x 394.660 km, e=0.000
  60.000 88.200   38.26  874.40  38.346045  -41.276994  422.65  7660.47  7271.54   87.21    0.00  1665.21  5777.5  240.61 426.023 x 425.013 km, e=0.000
  60.000 88.400   38.18  883.00  38.281050  -41.232091  459.58  7639.75  7248.32   87.36    0.00  1615.04  5571.0  232.01 463.042 x 462.072 km, e=0.000
  60.000 88.600   38.10  893.44  38.204216  -41.190241  505.77  7613.99  7219.44   87.52    0.00  1553.38  5320.3  221.57 509.189 x 508.292 km, e=0.000
  60.000 88.800   38.00  906.49  38.111518  -41.151927  565.70  7581.05  7182.52   87.71    0.00  1475.12  5006.9  208.52 569.239 x 568.391 km, e=0.000
  60.000 89.000    0.00    0.00   0.000000    0.000000    0.00     0.00     0.00    0.00    0.00     0.00     0.0    0.00 0.000 x 0.000 km, e=0.000
  70.000 81.000    0.00    0.00   0.000000    0.000000    0.00     0.00     0.00    0.00    0.00     0.00     0.0    0.00 0.000 x 0.000 km, e=0.000
  70.000 81.200    0.00    0.00   0.000000    0.000000    0.00     0.00     0.00    0.00    0.00     0.00     0.0    0.00 0.000 x 0.000 km, e=0.000
  70.000 81.400    0.00    0.00   0.000000    0.000000    0.00     0.00     0.00    0.00    0.00     0.00     0.0    0.00 0.000 x 0.000 km, e=0.000
  70.000 81.600    0.00    0.00   0.000000    0.000000    0.00     0.00     0.00    0.00    0.00     0.00     0.0    0.00 0.000 x 0.000 km, e=0.000
  70.000 81.800    0.00    0.00   0.000000    0.000000    0.00     0.00     0.00    0.00    0.00     0.00     0.0    0.00 0.000 x 0.000 km, e=0.000
  70.000 82.000   33.54  801.74  33.586329  -42.149081  164.26  7809.46  7412.24   93.09    0.00  2068.53  7522.2  313.27 169.326 x 168.249 km, e=0.000
  70.000 82.200   33.54  802.40  33.583912  -42.140133  166.56  7808.10  7410.74   93.10    0.00  2065.03  7506.3  312.61 171.659 x 170.575 km, e=0.000
  70.000 82.400   33.54  803.08  33.581469  -42.131678  168.98  7806.62  7409.10   93.11    0.00  2061.41  7490.0  311.93 174.008 x 172.930 km, e=0.000
  70.000 82.600   33.53  803.80  33.578911  -42.122333  171.52  7805.10  7407.42   93.12    0.00  2057.58  7472.7  311.21 176.539 x 175.459 km, e=0.000
  70.000 82.800   33.53  804.56  33.576264  -42.112262  174.18  7803.53  7405.68   93.13    0.00  2053.53  7454.5  310.45 179.237 x 178.149 km, e=0.000
  70.000 83.000   33.53  805.36  33.573513  -42.101681  176.99  7801.88  7403.85   93.14    0.00  2049.26  7435.2  309.65 182.088 x 180.992 km, e=0.000
  70.000 83.200   33.53  806.19  33.570709  -42.091559  179.96  7800.07  7401.85   93.15    0.00  2044.83  7415.3  308.82 184.989 x 183.897 km, e=0.000
  70.000 83.400   33.52  807.06  33.562512  -42.080477  183.00  7798.29  7399.86   93.17    0.00  2040.18  7394.4  307.95 188.089 x 186.984 km, e=0.000
  70.000 83.600   33.51  807.96  33.551782  -42.069882  186.19  7796.38  7397.71   93.19    0.00  2035.36  7372.8  307.05 191.242 x 190.133 km, e=0.000
  70.000 83.800   33.51  808.92  33.540612  -42.058096  189.56  7794.40  7395.48   93.22    0.00  2030.22  7349.8  306.09 194.661 x 193.539 km, e=0.000
  70.000 84.000   33.50  809.93  33.529040  -42.046222  193.14  7792.26  7393.09   93.25    0.00  2024.81  7325.5  305.08 198.233 x 197.104 km, e=0.000
  70.000 84.200   33.49  811.00  33.517148  -42.033858  196.95  7789.98  7390.53   93.27    0.00  2019.07  7299.8  304.01 202.019 x 200.885 km, e=0.000
  70.000 84.400   33.48  812.14  33.504662  -42.020658  201.02  7787.56  7387.82   93.30    0.00  2012.94  7272.4  302.87 206.080 x 204.938 km, e=0.000
  70.000 84.600   33.47  813.36  33.491664  -42.006329  205.36  7785.01  7384.96   93.33    0.00  2006.37  7243.1  301.65 210.471 x 209.314 km, e=0.000
  70.000 84.800   33.46  814.66  33.478158  -41.991402  210.03  7782.26  7381.87   93.36    0.00  1999.36  7211.9  300.35 215.154 x 213.986 km, e=0.000
  70.000 85.000   33.45  816.05  33.464109  -41.975734  215.04  7779.29  7378.56   93.39    0.00  1991.86  7178.6  298.96 220.172 x 218.993 km, e=0.000
  70.000 85.200   33.43  817.54  33.449358  -41.959251  220.44  7776.10  7374.98   93.42    0.00  1983.80  7142.8  297.47 225.569 x 224.381 km, e=0.000
  70.000 85.400   33.42  819.14  33.433871  -41.942004  226.28  7772.63  7371.10   93.46    0.00  1975.13  7104.4  295.87 231.378 x 230.182 km, e=0.000
  70.000 85.600   33.41  820.87  33.417701  -41.923432  232.62  7768.89  7366.92   93.49    0.00  1965.74  7062.8  294.14 237.710 x 236.503 km, e=0.000
  70.000 85.800   33.40  822.75  33.400521  -41.903115  239.51  7764.87  7362.42   93.53    0.00  1955.52  7017.7  292.26 244.671 x 243.444 km, e=0.000
  70.000 86.000   33.38  824.78  33.382473  -41.882377  247.05  7760.42  7357.44   93.57    0.00  1944.45  6968.9  290.23 252.170 x 250.935 km, e=0.000
  70.000 86.200   33.37  827.00  33.363273  -41.859748  255.32  7755.58  7352.04   93.62    0.00  1932.31  6915.6  288.01 260.463 x 259.211 km, e=0.000
  70.000 86.400   33.35  829.43  33.342859  -41.835593  264.43  7750.26  7346.09   93.66    0.00  1918.99  6857.3  285.58 269.608 x 268.338 km, e=0.000
  70.000 86.600   33.34  832.10  33.321130  -41.809937  274.53  7744.37  7339.51   93.71    0.00  1904.31  6793.2  282.91 279.723 x 278.436 km, e=0.000
  70.000 86.800   33.32  835.05  33.297812  -41.782526  285.79  7737.82  7332.19   93.77    0.00  1888.03  6722.3  279.96 290.998 x 289.693 km, e=0.000
  70.000 87.000   33.30  838.32  33.272635  -41.753810  298.42  7730.45  7323.96   93.82    0.00  1869.92  6643.8  276.69 303.564 x 302.248 km, e=0.000
  70.000 87.200   33.28  841.99  33.245452  -41.722130  312.69  7722.22  7314.77   93.89    0.00  1849.51  6555.7  273.02 317.892 x 316.550 km, e=0.000
  70.000 87.400   33.26  846.11  33.215832  -41.689203  328.94  7712.80  7304.26   93.95    0.00  1826.49  6456.8  268.90 334.092 x 332.735 km, e=0.000
  70.000 87.600   33.23  850.80  33.183348  -41.653200  347.63  7702.09  7292.30   94.02    0.00  1800.15  6344.1  264.21 352.847 x 351.460 km, e=0.000
  70.000 87.800   33.21  856.17  33.147502  -41.615284  369.37  7689.66  7278.43   94.10    0.00  1769.79  6215.2  258.84 374.615 x 373.201 km, e=0.000
  70.000 88.000   33.18  862.39  33.107413  -41.575366  394.98  7675.10  7262.16   94.19    0.00  1734.38  6065.9  252.62 400.261 x 398.816 km, e=0.000
  70.000 88.200   33.14  869.68  33.062379  -41.534629  425.65  7657.71  7242.75   94.29    0.00  1692.52  5890.8  245.33 430.858 x 429.391 km, e=0.000
  70.000 88.400   33.11  878.39  33.010707  -41.491964  463.11  7636.74  7219.31   94.40    0.00  1642.00  5681.7  236.62 468.414 x 466.903 km, e=0.000
  70.000 88.600   33.06  888.97  32.950417  -41.450825  510.06  7610.61  7190.11   94.52    0.00  1579.88  5427.6  226.04 515.347 x 513.800 km, e=0.000
  70.000 88.800   33.01  902.22  32.878370  -41.409825  571.40  7576.92  7152.43   94.66    0.00  1500.88  5109.5  212.79 576.753 x 575.156 km, e=0.000
  70.000 89.000    0.00    0.00   0.000000    0.000000    0.00     0.00     0.00    0.00    0.00     0.00     0.0    0.00 0.000 x 0.000 km, e=0.000
  80.000 81.000    0.00    0.00   0.000000    0.000000    0.00     0.00     0.00    0.00    0.00     0.00     0.0    0.00 0.000 x 0.000 km, e=0.000
  80.000 81.200    0.00    0.00   0.000000    0.000000    0.00     0.00     0.00    0.00    0.00     0.00     0.0    0.00 0.000 x 0.000 km, e=0.000
  80.000 81.400   29.79  796.33  28.299808  -43.054905  157.44  7812.50  7399.59  100.21    0.00  2097.19  7652.1  318.68 164.233 x 161.069 km, e=0.000
  80.000 81.600   29.79  796.91  28.296716  -43.047654  159.46  7811.29  7398.26  100.21    0.00  2094.13  7638.1  318.10 166.258 x 163.092 km, e=0.000
  80.000 81.800   29.79  797.51  28.293578  -43.040520  161.58  7810.00  7396.83  100.22    0.00  2090.96  7623.7  317.50 168.327 x 165.161 km, e=0.000
  80.000 82.000   29.79  798.15  28.290185  -43.032158  163.79  7808.72  7395.41  100.23    0.00  2087.57  7608.4  316.86 170.610 x 167.439 km, e=0.000
  80.000 82.200   29.79  798.81  28.286801  -43.024137  166.10  7807.33  7393.87  100.24    0.00  2084.08  7592.5  316.20 172.915 x 169.742 km, e=0.000
  80.000 82.400   29.79  799.50  28.283323  -43.015865  168.53  7805.87  7392.25  100.24    0.00  2080.42  7576.0  315.51 175.324 x 172.150 km, e=0.000
  80.000 82.600   29.79  800.23  28.279634  -43.006789  171.09  7804.37  7390.58  100.25    0.00  2076.55  7558.4  314.78 177.913 x 174.735 km, e=0.000
  80.000 82.800   29.79  800.99  28.275900  -42.997786  173.77  7802.75  7388.79  100.26    0.00  2072.52  7540.2  314.02 180.576 x 177.397 km, e=0.000
  80.000 83.000   29.79  801.79  28.272008  -42.988336  176.61  7801.05  7386.91  100.27    0.00  2068.27  7521.0  313.22 183.391 x 180.211 km, e=0.000
  80.000 83.200   29.79  802.64  28.267879  -42.977896  179.60  7799.30  7384.97  100.28    0.00  2063.75  7500.6  312.37 186.431 x 183.246 km, e=0.000
  80.000 83.400   29.79  803.51  28.261349  -42.968205  182.67  7797.45  7382.92  100.29    0.00  2059.12  7479.7  311.50 189.475 x 186.288 km, e=0.000
  80.000 83.600   29.78  804.42  28.253546  -42.958351  185.87  7795.53  7380.78  100.31    0.00  2054.27  7457.8  310.59 192.652 x 189.462 km, e=0.000
  80.000 83.800   29.78  805.39  28.245326  -42.947430  189.28  7793.52  7378.56  100.32    0.00  2049.10  7434.5  309.62 196.092 x 192.896 km, e=0.000
  80.000 84.000   29.78  806.41  28.236852  -42.936473  192.89  7791.36  7376.16  100.34    0.00  2043.65  7410.0  308.60 199.679 x 196.480 km, e=0.000
  80.000 84.200   29.78  807.50  28.227994  -42.924380  196.74  7789.10  7373.64  100.36    0.00  2037.83  7383.9  307.51 203.568 x 200.362 km, e=0.000
  80.000 84.400   29.77  808.65  28.218795  -42.912272  200.85  7786.64  7370.91  100.37    0.00  2031.67  7356.2  306.36 207.636 x 204.428 km, e=0.000
  80.000 84.600   29.77  809.88  28.209135  -42.899141  205.24  7784.04  7368.02  100.39    0.00  2025.08  7326.7  305.13 212.030 x 208.817 km, e=0.000
  80.000 84.800   29.77  811.20  28.198960  -42.884768  209.95  7781.29  7364.97  100.41    0.00  2017.99  7295.0  303.81 216.804 x 213.583 km, e=0.000
  80.000 85.000   29.76  812.60  28.188475  -42.870452  215.01  7778.26  7361.61  100.43    0.00  2010.46  7261.4  302.41 221.816 x 218.592 km, e=0.000
  80.000 85.200   29.76  814.11  28.177331  -42.854703  220.46  7775.06  7358.05  100.46    0.00  2002.33  7225.1  300.90 227.295 x 224.064 km, e=0.000
  80.000 85.400   29.76  815.73  28.165633  -42.838284  226.36  7771.57  7354.18  100.48    0.00  1993.59  7186.2  299.28 233.179 x 229.943 km, e=0.000
  80.000 85.600   29.75  817.48  28.153334  -42.820668  232.76  7767.81  7350.00  100.50    0.00  1984.13  7144.2  297.53 239.581 x 236.338 km, e=0.000
  80.000 85.800   29.75  819.38  28.140188  -42.801481  239.72  7763.75  7345.49  100.53    0.00  1973.83  7098.6  295.63 246.605 x 243.353 km, e=0.000
  80.000 86.000   29.75  821.43  28.126441  -42.781947  247.32  7759.25  7340.49  100.55    0.00  1962.70  7049.4  293.58 254.160 x 250.903 km, e=0.000
  80.000 86.200   29.74  823.67  28.111732  -42.760708  255.67  7754.36  7335.06  100.58    0.00  1950.50  6995.6  291.34 262.501 x 259.237 km, e=0.000
  80.000 86.400   29.74  826.12  28.096064  -42.738105  264.87  7748.97  7329.07  100.61    0.00  1937.13  6936.8  288.89 271.684 x 268.413 km, e=0.000
  80.000 86.600   29.73  828.82  28.079247  -42.713460  275.06  7743.05  7322.49  100.65    0.00  1922.34  6871.9  286.19 281.922 x 278.640 km, e=0.000
  80.000 86.800   29.73  831.80  28.061203  -42.687263  286.42  7736.45  7315.15  100.68    0.00  1905.96  6800.4  283.21 293.303 x 290.012 km, e=0.000
  80.000 87.000   29.72  835.11  28.041692  -42.659219  299.16  7729.06  7306.95  100.72    0.00  1887.70  6720.9  279.90 306.062 x 302.760 km, e=0.000
  80.000 87.200   29.72  838.81  28.020638  -42.629192  313.55  7720.74  7297.70  100.76    0.00  1867.20  6632.0  276.20 320.474 x 317.160 km, e=0.000
  80.000 87.400   29.71  842.97  27.997744  -42.597397  329.95  7711.27  7287.16  100.80    0.00  1844.05  6532.2  272.04 336.837 x 333.514 km, e=0.000
  80.000 87.600   29.70  847.70  27.972610  -42.562835  348.81  7700.46  7275.14  100.85    0.00  1817.58  6418.6  267.31 355.735 x 352.398 km, e=0.000
  80.000 87.800   29.70  853.11  27.945057  -42.526591  370.74  7687.89  7261.16  100.90    0.00  1787.11  6288.7  261.90 377.623 x 374.274 km, e=0.000
  80.000 88.000   29.69  859.38  27.914378  -42.487910  396.58  7673.19  7244.79  100.96    0.00  1751.55  6138.1  255.63 403.459 x 400.096 km, e=0.000
  80.000 88.200   29.68  866.75  27.879982  -42.446550  427.54  7655.75  7225.37  101.03    0.00  1709.39  5961.2  248.26 434.520 x 431.136 km, e=0.000
  80.000 88.400   29.67  875.52  27.841241  -42.404887  465.37  7634.50  7201.69  101.10    0.00  1658.71  5750.6  239.49 472.298 x 468.899 km, e=0.000
  80.000 88.600   29.66  886.20  27.796540  -42.362120  512.90  7608.10  7172.24  101.18    0.00  1596.23  5494.1  228.81 519.824 x 516.405 km, e=0.000
  80.000 88.800   29.64  899.62  27.743211  -42.315129  575.56  7573.72  7133.85  101.27    0.00  1516.49  5171.9  215.39 582.532 x 579.087 km, e=0.000
  80.000 89.000    0.00    0.00   0.000000    0.000000    0.00     0.00     0.00    0.00    0.00     0.00     0.0    0.00 0.000 x 0.000 km, e=0.000
  90.000 81.000    0.00    0.00   0.000000    0.000000    0.00     0.00     0.00    0.00    0.00     0.00     0.0    0.00 0.000 x 0.000 km, e=0.000
  90.000 81.200   28.43  794.36  23.147050  -44.519948  154.81  7813.18  7395.56  107.16   -0.00  2107.58  7699.4  320.65 163.096 x 158.537 km, e=0.001
  90.000 81.400   28.43  794.92  23.143175  -44.513509  156.76  7812.03  7394.29  107.17   -0.00  2104.63  7685.9  320.09 165.060 x 160.500 km, e=0.001
  90.000 81.600   28.43  795.50  23.139276  -44.507078  158.79  7810.80  7392.94  107.17   -0.00  2101.57  7672.0  319.51 167.072 x 162.512 km, e=0.001
  90.000 81.800   28.43  796.11  23.135141  -44.500098  160.91  7809.55  7391.55  107.18   -0.00  2098.35  7657.4  318.90 169.216 x 164.654 km, e=0.001
  90.000 82.000   28.43  796.74  23.131019  -44.493330  163.13  7808.20  7390.06  107.19   -0.00  2095.02  7642.2  318.27 171.395 x 166.834 km, e=0.001
  90.000 82.200   28.43  797.41  23.126537  -44.485549  165.45  7806.84  7388.56  107.19   -0.00  2091.48  7626.1  317.60 173.774 x 169.210 km, e=0.001
  90.000 82.400   28.43  798.10  23.122136  -44.478219  167.89  7805.36  7386.92  107.20   -0.00  2087.83  7609.6  316.91 176.167 x 171.603 km, e=0.001
  90.000 82.600   28.43  798.83  23.117434  -44.470161  170.45  7803.83  7385.23  107.21   -0.00  2083.97  7592.0  316.18 178.738 x 174.173 km, e=0.001
  90.000 82.800   28.43  799.60  23.112493  -44.461517  173.15  7802.24  7383.47  107.21   -0.00  2079.89  7573.6  315.41 181.472 x 176.905 km, e=0.001
  90.000 83.000   28.43  800.40  23.107548  -44.453144  176.00  7800.52  7381.57  107.22   -0.00  2075.65  7554.3  314.61 184.268 x 179.701 km, e=0.001
  90.000 83.200   28.43  801.25  23.102263  -44.443873  179.00  7798.73  7379.60  107.23   -0.00  2071.14  7533.9  313.76 187.287 x 182.719 km, e=0.001
  90.000 83.400   28.43  802.13  23.097231  -44.434037  182.09  7796.91  7377.58  107.23   -0.00  2066.46  7512.8  312.88 190.394 x 185.824 km, e=0.001
  90.000 83.600   28.43  803.05  23.092198  -44.423789  185.31  7795.00  7375.46  107.24   -0.00  2061.57  7490.7  311.96 193.630 x 189.059 km, e=0.001
  90.000 83.800   28.43  804.02  23.086979  -44.413211  188.73  7792.96  7373.21  107.25   -0.00  2056.40  7467.4  310.99 197.038 x 192.466 km, e=0.001
  90.000 84.000   28.43  805.05  23.081453  -44.401921  192.36  7790.81  7370.83  107.26   -0.00  2050.91  7442.7  309.96 200.682 x 196.109 km, e=0.001
  90.000 84.200   28.43  806.14  23.075722  -44.390237  196.23  7788.51  7368.28  107.26   -0.00  2045.10  7416.5  308.87 204.535 x 199.961 km, e=0.001
  90.000 84.400   28.43  807.30  23.069658  -44.377849  200.36  7786.06  7365.57  107.27   -0.00  2038.90  7388.7  307.71 208.657 x 204.082 km, e=0.001
  90.000 84.600   28.43  808.54  23.063189  -44.364497  204.77  7783.46  7362.69  107.28   -0.00  2032.26  7358.9  306.47 213.103 x 208.526 km, e=0.001
  90.000 84.800   28.43  809.86  23.056443  -44.350638  209.51  7780.66  7359.59  107.29   -0.00  2025.18  7327.2  305.15 217.836 x 213.258 km, e=0.001
  90.000 85.000   28.43  811.27  23.049374  -44.336151  214.59  7777.64  7356.25  107.30   -0.00  2017.62  7293.3  303.74 222.897 x 218.318 km, e=0.001
  90.000 85.200   28.43  812.79  23.041734  -44.320309  220.07  7774.43  7352.69  107.31   -0.00  2009.44  7256.8  302.22 228.421 x 223.840 km, e=0.001
  90.000 85.400   28.43  814.42  23.033725  -44.303819  226.00  7770.94  7348.83  107.32   -0.00  2000.66  7217.7  300.59 234.350 x 229.767 km, e=0.001
  90.000 85.600   28.43  816.17  23.025397  -44.286855  232.43  7767.11  7344.59  107.33   -0.00  1991.21  7175.7  298.84 240.701 x 236.118 km, e=0.001
  90.000 85.800   28.43  818.08  23.016190  -44.267738  239.42  7763.04  7340.08  107.35   -0.00  1980.88  7129.8  296.93 247.763 x 243.177 km, e=0.001
  90.000 86.000   28.43  820.14  23.006645  -44.248265  247.06  7758.53  7335.08  107.36   -0.00  1969.71  7080.3  294.87 255.353 x 250.767 km, e=0.001
  90.000 86.200   28.43  822.40  22.996133  -44.226515  255.44  7753.67  7329.69  107.37   -0.00  1957.42  7026.1  292.61 263.819 x 259.228 km, e=0.001
  90.000 86.400   28.43  824.86  22.985116  -44.204108  264.69  7748.25  7323.69  107.39   -0.00  1944.01  6967.0  290.15 273.030 x 268.439 km, e=0.001
  90.000 86.600   28.43  827.57  22.973163  -44.179759  274.92  7742.29  7317.08  107.40   -0.00  1929.19  6901.9  287.44 283.291 x 278.697 km, e=0.001
  90.000 86.800   28.43  830.56  22.960343  -44.153907  286.33  7735.65  7309.71  107.42   -0.00  1912.78  6830.1  284.45 294.692 x 290.095 km, e=0.001
  90.000 87.000   28.43  833.88  22.946494  -44.126261  299.13  7728.21  7301.47  107.44   -0.00  1894.50  6750.4  281.13 307.463 x 302.865 km, e=0.001
  90.000 87.200   28.43  837.60  22.931319  -44.096057  313.58  7719.88  7292.22  107.46   -0.00  1873.92  6661.1  277.41 321.976 x 317.373 km, e=0.001
  90.000 87.400   28.43  841.78  22.914943  -44.064109  330.05  7710.39  7281.69  107.48   -0.00  1850.68  6560.7  273.23 338.434 x 333.828 km, e=0.001
  90.000 87.600   28.43  846.52  22.897149  -44.030119  348.98  7699.49  7269.59  107.50   -0.00  1824.20  6446.9  268.49 357.320 x 352.713 km, e=0.001
  90.000 87.800   28.43  851.96  22.877469  -43.993150  371.00  7686.93  7255.63  107.53   -0.00  1793.61  6316.3  263.05 379.383 x 374.772 km, e=0.001
  90.000 88.000   28.43  858.25  22.856013  -43.954366  396.96  7672.15  7239.21  107.56   -0.00  1757.98  6165.3  256.76 405.284 x 400.671 km, e=0.001
  90.000 88.200   28.43  865.64  22.832194  -43.912871  428.05  7654.61  7219.69  107.59   -0.00  1715.76  5987.8  249.37 436.395 x 431.777 km, e=0.001
  90.000 88.400   28.43  874.45  22.805799  -43.869536  466.05  7633.31  7195.98  107.62   -0.00  1664.92  5776.3  240.56 474.411 x 469.788 km, e=0.001
  90.000 88.600   28.43  885.18  22.776061  -43.824145  513.84  7606.82  7166.46  107.66   -0.00  1602.23  5518.6  229.83 522.265 x 517.634 km, e=0.001
  90.000 88.800   28.43  898.69  22.740370  -43.771845  577.26  7572.04  7127.66  107.71    0.05  1522.06  5194.2  216.32 585.720 x 575.355 km, e=0.001
  90.000 89.000    0.00    0.00   0.000000    0.000000    0.00     0.00     0.00    0.00    0.00     0.00     0.0    0.00 0.000 x 0.000 km, e=0.000
