# ****************************************************************************
# CUI
#
# The Advanced Framework for Simulation, Integration, and Modeling (AFSIM)
#
# The use, dissemination or disclosure of data in this file is subject to
# limitation or restriction. See accompanying README and LICENSE for details.
# ****************************************************************************

# ##################################################################################################
# 
# This file was auto-generated by AFSIM Mover Creator 2.5.0.200324
# 
# Creation Date:  24 Mar 2020
# 
# ##################################################################################################

regular_table

independent_variable mach precision double
0.10000000000000001 0.5 0.70000000000000007 0.75 0.80000000000000004 0.84999999999999998 0.90000000000000002 0.92000000000000004 0.94000000000000006 0.95999999999999996 0.97999999999999998 1 1.02 1.04 1.0600000000000001 1.0800000000000001 1.1000000000000001 1.2 1.3 1.4000000000000001 1.5 
end_independent_variable

independent_variable surface_angle units deg
-20 -16 -14 -12 -10 -9 -8 -7 -6 -5 -4 -3 -2 -1 0 1 2 3 4 5 6 7 8 9 10 12 14 16 18 20 
end_independent_variable

dependent_variable precision double
-7.5091340821999992 -5.2531704758174618 -5.8812826698140332 -4.2471980078896623 -4.6085195384333471 -3.8659366728092572 -3.1859387795757019 -2.4731478620445007 -1.8367046195581 -2.0371154958177939 -1.5152215841599395 -1.0661022136494251 -0.66391119176783364 -0.30921933691313908 0 0.26438144526433727 0.48732817040112597 0.66293955505545832 0.78434386120689426 1.5665007344796136 1.5546831468083522 1.4690005067000553 1.3072755024762142 1.1824501155912097 2.395194081472436 2.209482209280369 1.5921323004214369 2.8288482047342614 1.4212738219779253 2.9917477090375879 -7.5095280231499322 -5.2534590330170694 -5.881531611060419 -4.2473932695263779 -4.6086768593161516 -3.866071329977919 -3.186052288370151 -2.473242022495274 -1.8367807147079123 -2.0371784103581128 -1.51526885520444 -1.0661356063493315 -0.66393195448500786 -0.30922896810602291 0 0.26438932279185867 0.48734270730981405 0.66295928196123433 0.78436707480357426 1.5665264498607423 1.5547092044830495 1.4690252743859444 1.3072978225571845 1.1824685353414033 2.3952044626077553 2.209475631825895 1.5921035749506536 2.828782379185351 1.4211812515872024 2.9915974523319564 -7.5095862840060095 -5.2534990030226041 -5.8815642360681393 -4.2474181424951993 -4.6086956918627635 -3.8660871056479751 -3.1860652662529421 -2.473252477060726 -1.8367888903592895 -2.0371848082064519 -1.5152734510872592 -1.0661386774157644 -0.663933741987769 -0.30922973195304976 0 0.26438980916725435 0.48734344081729641 0.66296000559534085 0.78436751449129805 1.5665263834263186 1.5547083244626074 1.4690233158852437 1.307294549557888 1.1824636928226469 2.3951976064164691 2.2094642367593718 1.5920866689527116 2.8287583206956164 1.4211501963966315 2.9915566027525133 -7.5095975982001582 -5.2535067020727322 -5.8815704699886702 -4.2474228737772286 -4.6086992386373771 -3.8660900633442381 -3.186067690092298 -2.4732544185434975 -1.8367904002911897 -2.0371859762665108 -1.5152742822121639 -1.0661392261323501 -0.66393405617446621 -0.30922986412108577 0 0.26438988620067255 0.4873435469808946 0.66296009018883773 0.78436752220642336 1.5665262703786456 1.5547080325778322 1.46902278966904 1.3072937424714288 1.1824625537625291 2.3951960570902955 2.2094617517943926 1.5920830631363028 2.8287532755493872 1.4211437079513856 2.9915481747594792 -7.5096080217066499 -5.2535137696237237 -5.8815761807691258 -4.2474271970258757 -4.6087024708531823 -3.8660927599666124 -3.186069890168211 -2.4732561812139746 -1.836791767332022 -2.0371870300137149 -1.515275029785486 -1.0661397168986693 -0.66393433657337975 -0.30922998015185799 0 0.26438995230639717 0.4873436348861897 0.66296015091754168 0.78436750833904378 1.5665261382788302 1.554707728785468 1.4690222667274231 1.307292955528641 1.1824614569743526 2.3951945732558615 2.2094593927521671 1.5920796496274563 2.8287485257113656 1.4211376154334741 2.9915403026523921 -7.5096176610984031 -5.2535202873417921 -5.881581433405092 -4.2474311713821633 -4.6087054338086295 -3.8660952254825292 -3.1860719089014653 -2.473257788738489 -1.8367930147511995 -2.0371879885498214 -1.5152757084188289 -1.0661401621680753 -0.66393458862975063 -0.30923008359283555 0 0.26439000951864117 0.48734370700152552 0.66296019509965831 0.78436747936391049 1.5665259934527789 1.554707420130838 1.4690217492930659 1.3072921866953111 1.1824603952143333 2.3951931485128375 2.2094571480227954 1.592076420686239 2.8287440532209369 1.4211318820286005 2.9915329006966096 -7.5096266217575867 -5.2535263311378193 -5.8815862966629 -4.2474348510256243 -4.6087081645660914 -3.8660974997824136 -3.1860737613253942 -2.4732592734163776 -1.8367941596658819 -2.0371888667593181 -1.5152763259265485 -1.0661405650663107 -0.6639348163996015 -0.30923017701159239 0 0.26439005943748695 0.48734376723407996 0.66296022697726642 0.78436743490891159 1.5665258413333294 1.5547071121212026 1.4690212404917111 1.3072914426694584 1.1824593720547485 2.3951917842008279 2.2094550125455537 1.5920733519020942 2.8287398286068197 1.4211264550456841 2.9915259290017104 -7.5274040764418393 -5.2660256209759897 -5.8959581473138494 -4.257698507937886 -4.6196769137024889 -3.8752258005118918 -3.1935050908670184 -2.479018239477579 -1.8410385769173354 -2.0420576281153084 -1.5188857018511952 -1.0686558732517324 -0.66548284705740524 -0.30994073815072259 0 0.26497509937165431 0.48839312178311289 0.66434596186081052 0.78595538713813251 1.570095538343377 1.5581820717776353 1.472250346271665 1.3101142061821471 1.1848662041782885 2.4008790943010876 2.2142035291427655 1.5951454135316108 2.8355632444527443 1.4242773951644041 2.9998529002735284 -7.5452022783931687 -5.2785396195443965 -5.9103474473060267 -4.2679744756301101 -4.630658597358206 -3.8843647644079349 -3.2009449626748387 -2.4847838113333154 -1.845287817417097 -2.0469321552747375 -1.5224993320894706 -1.0711741106842019 -0.66703265273484769 -0.31065209836597779 0 0.26556076404244 0.48944355211335094 0.66573305039907205 0.78754480626324208 1.573669209461638 1.5616608015255899 1.4754828693708937 1.3129398882250534 1.1872752967194482 2.406573092020865 2.2189569616690195 1.5982201709995849 2.8423949222602203 1.4274318882695296 3.0081914889860935 -7.5630212246346771 -5.291068332796832 -5.9247542089042478 -4.2782627662480381 -4.6416532174979954 -3.8935143889699488 -3.2083933821072703 -2.4905559896385046 -1.8495418755685997 -2.0518124447546349 -1.5261172158376124 -1.0736952748631257 -0.66858423308958559 -0.31136425790295208 0 0.26614705304796293 0.49049505718288011 0.66712149247297514 0.78913569198655076 1.5772468540629641 1.5651432985370144 1.4787188196726961 1.3157684873097288 1.1896866568227809 2.412273785814548 2.2237153126249098 1.6012976251395477 2.8492348832247556 1.4305899415056142 3.0165417022839596 -7.5808609343375863 -5.3036117613286793 -5.9391784367524751 -4.2885633739569515 -4.6526607718395718 -3.9026746712805762 -3.215850348787241 -2.4963347737779213 -1.853800752919831 -2.0566984957909313 -1.5297393542566109 -1.0762193681997905 -0.67013759080578816 -0.31207721715112291 0 0.26673396639318464 0.4915476372050448 0.66851128941220062 0.79072804724526413 1.5808284722862775 1.5686295659574967 1.4819581910446646 1.3185999974426872 1.1921002755972872 2.4179811660965287 2.2284785854437916 1.604377770990004 2.856083103689941 1.4337515465373458 3.0249035371902302 -7.6840232285157208 -5.3161698970030837 -5.9536201211261757 -4.2988762922076775 -4.6636812701273103 -3.9118456158448538 -3.2233158616629121 -2.5021201654384742 -1.8580644524079954 -2.0615903091476961 -1.5333657455107126 -1.0787463928077934 -0.67169272325882423 -0.31279097599885652 0 0.26732150481240635 0.49260129347479525 0.66990243982752984 0.7923218711661586 1.5844140628018972 1.5721196011971366 1.4852009808869748 1.3214344268798566 1.1945161620530425 2.4236952422539555 2.2332467770495374 1.6074606188311722 2.862939604851285 1.40885033390642 2.9980585101231703 -7.7489134453989976 -5.4136950093911329 -6.0341573835992 -4.3585776414775301 -4.7106319986976457 -3.9508004504579293 -3.2549566879220451 -2.5278279151523417 -1.8778415416660965 -2.0780720571581823 -1.5451197265428134 -1.0872993593226106 -0.67685320021805961 -0.31510054932440723 0 0.26820926421235114 0.49467347515866184 0.67269636319935322 0.79455940736140163 1.5882377692655902 1.5751148444297307 1.4861857375247933 1.3205048687242231 1.191323868981401 2.4216058857235949 2.2239859261595787 1.5887947623102219 2.839072646105826 1.3981459012739397 2.9869487931333234 -7.8228982219850973 -5.4677364431401321 -6.0834406875162363 -4.3966765023696439 -4.7435908479010873 -3.9787001687428374 -3.2780175277195509 -2.547371499309059 -1.8931234873795375 -2.0913831733112525 -1.5547178677799653 -1.094913667683975 -0.68157443154257025 -0.31726971528176012 0 0.2686305184054163 0.49642093850795532 0.67540567306957533 0.79663181199006483 1.5923591503911747 1.5789441104375748 1.4883016691145941 1.3214720202497037 1.1908904500872013 2.4232558680172698 2.2207557633826416 1.5793372340109075 2.8287359149395432 1.3784861767654499 2.9668547503901292 -7.8972129740170063 -5.5220193309610899 -6.13292994791074 -4.4349346085300221 -4.7766752862274018 -4.0067046000831201 -3.3011631750329742 -2.566986988910553 -1.9084605311743421 -2.1047366644456074 -1.564344739201321 -1.1025500421374366 -0.68630825471079782 -0.31944406501448563 0 0.26905133581819396 0.49816871958149217 0.67811401353305389 0.79869821345734859 1.5964716481179837 1.5827571884552474 1.4903921898300851 1.322402838387021 1.1904082493731469 2.4248484878030725 2.2174378275841296 1.5697583771439094 2.8182482110246108 1.3586358681990474 2.9465409963561857 -7.9106374081454138 -5.5355422733185504 -6.149871359935422 -4.448278711363983 -4.7910338592220079 -4.0189945966198515 -3.3114140299176889 -2.5756406811253396 -1.9151502152498836 -2.1115659464064853 -1.5693727750190147 -1.106527860319239 -0.68880739092175547 -0.32060907164212338 0 0.26945065755207964 0.49936375266587602 0.67992400656442842 0.80040575486311305 1.6003277632681976 1.58660240120551 1.4935836563761289 1.3251544854914719 1.1926580271652614 2.4302871152699339 2.2212847768776345 1.5713463934161134 2.8233808816449741 1.3599019423612846 2.9533794344194733 -7.9274713439388451 -5.5473682243246367 -6.1637348717618545 -4.4581269028112072 -4.8017077269192026 -4.0278676719720785 -3.3186293488884568 -2.5812018868216571 -1.9192310347711419 -2.1163274347739249 -1.5729065559423554 -1.1089721750522019 -0.69030996820867341 -0.3212981137287565 0 0.2700446417402444 0.50040761857548877 0.68129189648702282 0.80199293552025852 1.603914307671003 1.5900915692849036 1.4968520592836092 1.3280211801882522 1.1951166003429821 2.4360845067239167 2.2262000466764338 1.574652524785038 2.8305768681290058 1.3635009261956292 2.9623467762992459 -8.0123453663214033 -5.6069972752786583 -6.2335435343963752 -4.5077328645636925 -4.8554110542244731 -4.0725119953177416 -3.354933033967491 -2.6091932807412039 -1.9397764635512713 -2.1402741233615088 -1.5906768507024949 -1.121269270814109 -0.69786923633971032 -0.32476444294081519 0 0.27302314902022884 0.50564786082673363 0.68816067925473656 0.80995482652359863 1.6219114283078584 1.6075980967092087 1.5132404419725771 1.3423894238320333 1.2074290042036175 2.4651503225973626 2.250804015918495 1.5911480625774248 2.8665748072052506 1.381404100966388 3.0071724973749832 -8.0983566529588114 -5.667432356687403 -6.3041490909910394 -4.5579301214631354 -4.9096576869099753 -4.1176097882307277 -3.391605655548009 -2.6374852325270135 -1.9605507016155255 -2.1644476774681576 -1.6086124139168734 -1.1336890738837384 -0.70550379565984278 -0.32826504357083003 0 0.27601608088064533 0.5109224668913831 0.69507736823759447 0.81795955363953166 1.6400152242219119 1.6252050987818152 1.5297063501112567 1.3568162089540741 1.2197749341787716 2.4943492095486168 2.2754579849283072 1.6075917954115704 2.9026123933929107 1.3991678598990007 3.0519972769573509 -8.1854582270232363 -5.728639983021381 -6.3755239103824897 -4.6086968143514868 -4.9644305447300434 -4.1631464819743513 -3.4286350709653566 -2.6660670598809921 -1.9815451673629703 -2.1888414967669028 -1.6267085312221599 -1.1462275438176819 -0.71321109417428785 -0.33179872221790441 0 0.27902357708681952 0.51623080670913379 0.70204071432950976 0.82600654555185971 1.6582249103557425 1.6429117636036115 1.5462501434080647 1.3713022476281951 1.2321556892871735 2.523683235727427 2.3001670324910366 1.6239924620685799 2.9387019998677122 1.4168094977741896 3.0968433818408574 -8.2736067032141651 -5.7905892963590837 -6.4476424990180599 -4.6600127890389871 -5.0197139004388198 -4.2091086552073635 -3.4660100623776282 -2.694928950949806 -2.0027519553452704 -2.2134495036243198 -1.6449608472688337 -1.1588809691692936 -0.72098879219065237 -0.33536438490951048 0 0.28204576378477253 0.52157230358056628 0.70904958035573351 0.83409527311709719 1.6765397762728222 1.6607173537971498 1.5628721546801145 1.3858482581797038 1.2445725097042182 2.5531543444523201 2.3249358841333789 1.6403581108878598 2.974855086493311 1.4343449433737603 3.1417313460673539 
end_dependent_variable

end_regular_table
