# ****************************************************************************
# CUI
#
# The Advanced Framework for Simulation, Integration, and Modeling (AFSIM)
#
# The use, dissemination or disclosure of data in this file is subject to
# limitation or restriction. See accompanying README and LICENSE for details.
# ****************************************************************************

# ##################################################################################################
# 
# This file was auto-generated by AFSIM Mover Creator 2.5.0.200401
# 
# Creation Date:  01 Apr 2020
# 
# ##################################################################################################

regular_table

independent_variable mach precision double
0.10000000000000001 0.5 0.70000000000000007 0.75 0.80000000000000004 0.84999999999999998 0.90000000000000002 0.92000000000000004 0.94000000000000006 0.95999999999999996 0.97999999999999998 1 1.02 1.04 1.0600000000000001 1.0800000000000001 1.1000000000000001 1.2 1.3 
end_independent_variable

independent_variable surface_angle units deg
-20 -16 -14 -12 -10 -9 -8 -7 -6 -5 -4 -3 -2 -1 0 1 2 3 4 5 6 7 8 9 10 12 14 16 18 20 
end_independent_variable

dependent_variable precision double
-0.0009738630080632669 -0.0017012113877613087 -0.0016554211680534 -0.0016115314715611259 -0.0020013139791902768 -0.001862391148586237 -0.0015118249313463364 -0.00033978482803175372 -0.00024934238161841509 -0.00017307492925454815 -0.00011077495109994103 -6.2339013872218194e-05 -2.7731476426284873e-05 -6.9492880220351989e-06 0 -6.9329612449680892e-06 -2.7674772287628206e-05 -6.2219150063380283e-05 -0.00011057095133505273 -0.00017276812659729895 -0.0002489167921144963 -0.00033919375545822181 -0.0015110824892924071 -0.0018614991206481195 -0.0020002685928184483 -0.0016101698795508803 -0.0016536893791093063 -0.0016990359315242447 -0.0016710324361770609 -0.00096980888384442512 -0.00097377999924603133 -0.0017011614079051906 -0.0016553844088869544 -0.001611505864093169 -0.0020012978210862905 -0.001862378855552614 -0.0015118164461082708 -0.00033977829221759479 -0.00024933824449272196 -0.00017307273408745575 -0.00011077420407981883 -6.2339220514334237e-05 -2.7732133495589608e-05 -6.9498912738270338e-06 0 -6.931895756118333e-06 -2.767213599438404e-05 -6.2214439455332514e-05 -0.00011056366287119663 -0.00017275775141300999 -0.0002489028268523429 -0.00033917569088643318 -0.0015110588436089455 -0.0018614708100051201 -0.0020002347113438693 -0.0016101237300086193 -0.0016536289703431727 -0.0016989597496680996 -0.0016709388462065216 -0.00096969769827016873 -0.0009737633763349634 -0.001701150891369617 -0.0016553764315344567 -0.0016115000830092022 -0.0020012939080421574 -0.0018623757348099671 -0.0015118140684695202 -0.00033977646480860645 -0.00024933694797712975 -0.00017307188096208357 -0.00011077370439384915 -6.2338984684095789e-05 -2.7732068327140219e-05 -6.9499059902702993e-06 0 -6.9317918231499875e-06 -2.767183811643885e-05 -6.2213851960231484e-05 -0.00011056269519621199 -0.00017275631464757182 -0.00024890083043372334 -0.00033917304045806053 -0.0015110553804412819 -0.0018614665496406878 -0.0020002295345825376 -0.0016101164766684157 -0.0016536193031391274 -0.0016989473601974096 -0.0016709234245977996 -0.00096967905752362007 -0.00097376002649309163 -0.0017011487548235333 -0.0016553748104616291 -0.0016114989017775147 -0.0020012931087648933 -0.001862375100258962 -0.0015118135811441388 -0.00033977608658683581 -0.0002493366792261159 -0.00017307170240665133 -0.00011077359645286817 -6.2338932151594559e-05 -2.7732051805561497e-05 -6.9499069540290572e-06 0 -6.9317733740537515e-06 -2.767178108639675e-05 -6.2213741265654065e-05 -0.00011056251125596891 -0.00017275604020579197 -0.00024890044162590417 -0.00033917252761601891 -0.0015110547119904449 -0.0018614657231946054 -0.0020002285188114011 -0.001610115056179792 -0.0016536174064618902 -0.0016989449157380516 -0.0016709203787529762 -0.00096967537822923041 -0.00097375691505148184 -0.0017011467739474363 -0.0016553733010012447 -0.0016114978113533195 -0.002001292366762436 -0.0018623745016882844 -0.0015118131160922936 -0.00033977573479959124 -0.00024933642883241181 -0.00017307153009270442 -0.00011077349622195729 -6.2338881577206375e-05 -2.7732037242095812e-05 -6.9499075812371392e-06 0 -6.9317561181826463e-06 -2.7671729318783436e-05 -6.2213639688540469e-05 -0.00011056234114489916 -0.00017275578338702948 -0.0002489000878193555 -0.00033917205442576625 -0.0015110540966534244 -0.0018614649562262069 -0.0020002275879734185 -0.0016101137426530929 -0.0016536156595803007 -0.0016989426710062232 -0.0016709175776722823 -0.00096967198579840034 -0.00097375402683475758 -0.0017011449367478825 -0.0016553719058457082 -0.0016114967878721133 -0.0020012916647789134 -0.001862373940444136 -0.0015118126864088646 -0.00033977540363372443 -0.0002493361912276334 -0.00017307137423914516 -0.00011077340247729581 -6.2338833205695341e-05 -2.7732018181089251e-05 -6.9499071376021541e-06 0 -6.9317412946550734e-06 -2.767168330312715e-05 -6.2213544750653869e-05 -0.00011056218645396951 -0.00017275555092229779 -0.00024889975640872457 -0.0003391716169098853 -0.0015110535262306212 -0.001861464246043086 -0.0020002267259141551 -0.0016101125304587433 -0.0016536140331226622 -0.0016989405897768328 -0.0016709149684866651 -0.00096966881243146566 -0.00097375130016235886 -0.0017011432028387916 -0.0016553705787346001 -0.0016114958258267036 -0.0020012909965728409 -0.001862373416893664 -0.001511812279243736 -0.0003397750932728087 -0.00024933596475962294 -0.00017307122731947665 -0.00011077330824310609 -6.2338787954926972e-05 -2.7732004076556311e-05 -6.9499069999223323e-06 0 -6.931727205419889e-06 -2.7671640285831452e-05 -6.2213458012365605e-05 -0.00011056204461315668 -0.00017275533363294212 -0.00024889945363549681 -0.00033917120974475648 -0.0015110529915433812 -0.0018614635933795357 -0.0020002259274935659 -0.0016101113990365562 -0.0016536125153402974 -0.0016989386206494137 -0.0016709125467903713 -0.0009696658617998887 -0.00096990786577291852 -0.0016971236556652313 -0.001652207911614974 -0.0016091182620717574 -0.0019995893696186668 -0.0018609730814631304 -0.0015107058222635686 -0.0003389266132790234 -0.00024870439664626085 -0.0001726291938270684 -0.00011048934743944212 -6.2178843579363427e-05 -2.7660908737208637e-05 -6.9321378645566931e-06 0 -6.9139523670500401e-06 -2.7600536049307681e-05 -6.205349602602296e-05 -0.00011027805710572621 -0.00017231327108703176 -0.00024826784224783667 -0.00033832266346884503 -0.0015099464331329588 -0.0018600631372313338 -0.0019985241391908782 -0.0016077335802863403 -0.001650449439562481 -0.0016949184971052822 -0.0016659792616389182 -0.00096582087541005829 -0.0009807124892160261 -0.0017002980700923783 -0.001653912024589455 -0.0016098879972352483 -0.0019998011798803461 -0.0018610206363431155 -0.0015106679807990967 -0.00033884313331531557 -0.00024859961757727389 -0.0001725319564059528 -0.0001104147869743179 -6.2131705202258803e-05 -2.7638414118255267e-05 -6.926356248228045e-06 0 -6.9080506449632129e-06 -2.757759177417263e-05 -6.2005238648510838e-05 -0.00011020115123728712 -0.00017221163221943994 -0.00024815546871087942 -0.00033822622902093157 -0.0015098887217654343 -0.0018600820204901817 -0.0019986959988555842 -0.0016084322321284024 -0.0016520344891802561 -0.0016979018784165237 -0.0016710665738217776 -0.00097608591868016462 -0.0010034852784901486 -0.001713864993800986 -0.0016648329568137589 -0.001618397401206034 -0.0020060555393755369 -0.0018662200833444765 -0.0015148927140848025 -0.00034215785841235807 -0.00025107862504937181 -0.00017428990228899707 -0.0001115640524419067 -6.2793421782322373e-05 -2.794197358960202e-05 -7.007849810288342e-06 0 -6.9835209411892439e-06 -2.7861257233200154e-05 -6.2625733485811182e-05 -0.00011128099388777562 -0.00017386583257450908 -0.00025049115706821725 -0.00034134272102044518 -0.0015138640914613218 -0.0018649826679115011 -0.0020046004796789108 -0.0016164865609375912 -0.001662376980226583 -0.0017107426556836765 -0.0016867988072173335 -0.00099750952480005058 -0.001026301733978631 -0.0017274524240441468 -0.0016757672264312727 -0.0016269150454059926 -0.0020123146191469593 -0.0018714229914574831 -0.0015191199166979022 -0.00034547429414142304 -0.00025355877331812305 -0.000176048570079364 -0.00011271374734816015 -6.3455362823330619e-05 -2.824562589998298e-05 -7.0893648381627701e-06 0 -7.0590145328412717e-06 -2.8145013511957811e-05 -6.3246452049763803e-05 -0.00011236126247680174 -0.00017552075427394338 -0.00025282797089997398 -0.00034446091422856237 -0.0015178418978820214 -0.0018698867322400644 -0.0020105096180698997 -0.0016245489671099017 -0.0016727325688951791 -0.0017236035700873586 -0.0017025607732865271 -0.0010189757796008586 -0.0010491626809282105 -0.0017410607806412944 -0.0016867151059134242 -0.0016354410863862606 -0.0020185785381989321 -0.0018766294465943441 -0.0015233496474307395 -0.0003487924906546803 -0.00025604008950339295 -0.00017780797519719357 -0.00011386387147279049 -6.4117531960030844e-05 -2.8549375528581688e-05 -7.170903032962023e-06 0 -7.1345316952789368e-06 -2.8428867133409635e-05 -6.3867397093965135e-05 -0.00011344196420043082 -0.00017717640174797346 -0.00025516595235453243 -0.00034758083356227113 -0.001521822216463837 -0.0018747942834784119 -0.0020164235124237291 -0.0016326196560024371 -0.001683101545378395 -0.0017364850180475531 -0.001718353008846046 -0.0010404854400890868 -0.0010720689361657389 -0.0017546904609914682 -0.0016976768845714139 -0.0016439757143285659 -0.0020248473997729649 -0.001881839522771731 -0.0015275819675232985 -0.00035211247908612707 -0.00025852260672176817 -0.00017956814481130416 -0.00011501444721171553 -6.4779932092877936e-05 -2.8853222475398147e-05 -7.25246547776737e-06 0 -7.2100723734303091e-06 -2.8712820887866693e-05 -6.4488575814480566e-05 -0.00011452311249621352 -0.00017883281545610983 -0.00025750511105112283 -0.00035070253379978361 -0.0015258050765784637 -0.0018797054141473837 -0.0020223422673036353 -0.0016406987722707978 -0.0016934841693220187 -0.0017493874204606559 -0.0017341761318763627 -0.0010620393037062679 -0.0010709946856902622 -0.0017533179543612696 -0.0016969173398687237 -0.0016436471957327259 -0.0020247617646366235 -0.0018818220565992856 -0.0015276230981281383 -0.00035218112759190478 -0.00025858973370028975 -0.00017962857940005336 -0.00011506236833226702 -6.4812413822593477e-05 -2.8870710125896149e-05 -7.2584282379089084e-06 0 -7.2144106401657046e-06 -2.872496356288516e-05 -6.4510039756162464e-05 -0.00011455263019351597 -0.00017886600481116101 -0.00025753505250856209 -0.00035072048766475667 -0.0015257835128097319 -0.0018796142986442846 -0.0020221723095541185 -0.0016402664497462613 -0.00169260162467218 -0.0017478736505630473 -0.0017318495140125998 -0.0010607630430311268 -0.0010663570632707241 -0.0017487488596319356 -0.0016933054840669018 -0.0016409165274615522 -0.0020227986886679431 -0.0018802036867021274 -0.0015263397153063673 -0.00035119398854761467 -0.00025785426225951853 -0.00017911288069179978 -0.00011473032611202339 -6.4624861399463244e-05 -2.8787015332712172e-05 -7.2373181884431766e-06 0 -7.1934980602802773e-06 -2.8641927013873737e-05 -6.4323857914249868e-05 -0.00011422290033342976 -0.00017835377546310339 -0.00025680436809119974 -0.00034973996860900952 -0.0015245084291563354 -0.0018780058807587126 -0.0020202208819103448 -0.0016375508930655635 -0.001689008883480261 -0.0017433284359033049 -0.0017262882595637287 -0.0010561692877283455 -0.0010617542549260497 -0.0017441989048700667 -0.0016897075026707875 -0.0016381956601335429 -0.0020208422169249942 -0.0018785905994023091 -0.0015250604543125303 -0.00035020998977814864 -0.00025712108685313717 -0.00017859877481059302 -0.00011439929956501006 -6.4437885591668432e-05 -2.8703579744740956e-05 -7.2162773093203415e-06 0 -7.1726510894196674e-06 -2.8559140834090015e-05 -6.4138233057589559e-05 -0.00011389414370447386 -0.00017784306458275016 -0.00025607588023608517 -0.00034876245364132494 -0.0015232373232137539 -0.0018764025343858952 -0.0020182758130428339 -0.0016348447984765699 -0.0016854296086232933 -0.0017388018258629246 -0.0017207522205196315 -0.0010516093870250411 -0.0010571858904749709 -0.0017396678123173315 -0.0016861232133800596 -0.0016354844199172156 -0.0020188922298649786 -0.0018769826965494172 -0.0015237852531723517 -0.00034922908279573316 -0.0002563901594829002 -0.00017808623933603904 -0.00011406927777474701 -6.4251478823759348e-05 -2.862040087762663e-05 -7.1953030488743646e-06 0 -7.1518678184236757e-06 -2.8476596811697494e-05 -6.3953145494907411e-05 -0.00011356634721176749 -0.00017733384933360825 -0.0002553495501725806 -0.00034778790279172116 -0.0015219701007477993 -0.0018748041959361147 -0.0020163369944231737 -0.0016321480315058697 -0.0016818636233815779 -0.0017342935987835133 -0.0017152411418360875 -0.001047082951452533 -0.0010348477898602213 -0.0017172872157544766 -0.0016684003489596893 -0.0016220677358577845 -0.0020092359594332627 -0.001869018014022165 -0.0015174677353287053 -0.00034436892704697007 -0.00025276792548619011 -0.00017554596669259591 -0.00011243353451970036 -6.3327575436674261e-05 -2.8208179839723363e-05 -7.09139605612234e-06 0 -7.0488603338463193e-06 -2.8067369728622132e-05 -6.3035465113424197e-05 -0.00011194109601588149 -0.00017480925701457163 -0.0002517489567515862 -0.00034295764938708953 -0.0015156901280082172 -0.0018668844481867504 -0.0020067332325057943 -0.001618799303514495 -0.0016642266545265824 -0.0017120200953386752 -0.0016880500778665101 -0.0010249406112301737 -0.0010133181603394685 -0.0016953444782318078 -0.0016509924656227983 -0.0016088711858027263 -0.0019997268030127954 -0.001861170620997023 -0.0015112416393349426 -0.00033957808935626012 -0.00024919619232604732 -0.00017304064281771728 -0.00011082016344035152 -6.2416315463063109e-05 -2.780166345818744e-05 -6.9889884578300451e-06 0 -6.9472665456879708e-06 -2.7663562763613964e-05 -6.2129830859748719e-05 -0.00011033720636460396 -0.00017231810204560187 -0.00024819678673161286 -0.00033819383842913952 -0.0015094979237691272 -0.0018590775832061149 -0.0019972713970687101 -0.0016056639112038056 -0.0016468958723799057 -0.0016901732377997381 -0.0016614422285628626 -0.0010035851279606217 
end_dependent_variable

end_regular_table
