# ****************************************************************************
# CUI
#
# The Advanced Framework for Simulation, Integration, and Modeling (AFSIM)
#
# The use, dissemination or disclosure of data in this file is subject to
# limitation or restriction. See accompanying README and LICENSE for details.
# ****************************************************************************

# ##################################################################################################
# 
# This file was auto-generated by AFSIM Mover Creator 2.5.0.200324
# 
# Creation Date:  24 Mar 2020
# 
# ##################################################################################################

regular_table

independent_variable mach precision double
0.10000000000000001 0.5 0.70000000000000007 0.75 0.80000000000000004 0.84999999999999998 0.90000000000000002 0.92000000000000004 0.94000000000000006 0.95999999999999996 0.97999999999999998 1 1.02 1.04 1.0600000000000001 1.0800000000000001 1.1000000000000001 1.2 1.3 1.4000000000000001 1.5 1.75 2 2.5 3 3.5 4 5 
end_independent_variable

independent_variable surface_angle units deg
-20 -16 -14 -12 -10 -9 -8 -7 -6 -5 -4 -3 -2 -1 0 1 2 3 4 5 6 7 8 9 10 12 14 16 18 20 
end_independent_variable

dependent_variable precision double
1.4996524956555011 1.963658407974588 0.95061391780962068 1.104426024415774 0.41284561212991838 0.46729052319400938 0.51056610552902548 0.54147722182025049 0.55843189356852208 0.14734864869153155 0.14000130037799732 0.12130710645840591 0.091667033789083849 0.051235174103379889 0 -0.062242491547002884 -0.13549195887426529 -0.21976452134011731 -0.31500543821580884 -0.0052482140061515369 -0.11733103451346258 -0.23762364848029599 -0.36472758583301002 -0.500174077732637 0.17424189688519226 -0.13023419143951456 -0.48267876806818294 0.35128957925261389 -0.024152446202972046 1.1188859967020484 1.4988224163096302 1.9629848053397929 0.95001692711400099 1.1039114944037052 0.41240884399808375 0.46689660460706206 0.51021502555259279 0.5411702771507011 0.55816888297905132 0.14712906092866088 0.13982561506567204 0.12117508158060439 0.091578876605121137 0.051191020670341113 0 -0.062198237096247687 -0.13540322091625473 -0.21963121755577081 -0.31482763987891632 -0.005026946700751698 -0.11706581540972061 -0.23731489860880467 -0.3643756785940061 -0.49977782972359169 0.17467937638097342 -0.12970496316901864 -0.48206179580849379 0.35198753937593941 -0.023368489700883042 1.1197467638512038 1.4989008495946898 1.9630482880743834 0.95007249170264296 1.1039593631977238 0.41244850388343979 0.46693238233216405 0.51024688138731211 0.54119827011775046 0.55819296464660251 0.14714916385854152 0.13984174503993255 0.12118719408890608 0.091586962888516324 0.05119506842408264 0 -0.062202294736007364 -0.13541133475026149 -0.21964339423910742 -0.31484389564139764 -0.005047361804107418 -0.11709036124425069 -0.23734360863597914 -0.36440858103710089 -0.49981483911130681 0.1746380426206425 -0.12975426333538237 -0.48211930631472077 0.35192139718439214 -0.023442825802110649 1.1196636730386522 1.4989165825825279 1.9630610236415549 0.95008364925665578 1.1039689754272 0.41245648337064617 0.4669395792675059 0.5102532908474593 0.54120390063265855 0.55819780697071575 0.14715320606995874 0.13984498722452585 0.12118962916223251 0.091588588267258783 0.051195881859467184 0 -0.062203110495303887 -0.13541296640839659 -0.21964584295893158 -0.31484716374503385 -0.0050514639542057942 -0.11709529213105704 -0.23734937508632034 -0.36441518559851399 -0.49982226800133006 0.17462975207629758 -0.12976416149011433 -0.48213085209620854 0.35190813350419914 -0.02345773278683367 1.1196470327841295 1.498931186524836 1.9630728475911918 0.95009401094863855 1.1039779026840684 0.41246389633140679 0.46694626718204207 0.51025924650252008 0.54120913078351074 0.55820230448998021 0.14715696083904728 0.1398479993579346 0.12119189111753427 0.09159009836279286 0.051196637914441644 0 -0.062203868319600092 -0.13541448223946706 -0.2196481180884349 -0.31485020078133308 -0.0050552743969976919 -0.11709987277445234 -0.23735472995199275 -0.36442131929492944 -0.4998291680913553 0.17462205347652118 -0.12977335515066252 -0.48214157654029555 0.35189581939698089 -0.023471571695172239 1.1196315898720297 1.4989448118980446 1.963083876537518 0.95010367802172124 1.1039862317849574 0.41247081524171975 0.46695250967832702 0.51026480571501409 0.54121401182160001 0.55820650194372645 0.14716046457555038 0.13985080997114266 0.12119400203108055 0.091591507487124482 0.051197343310281807 0 -0.062204575450770981 -0.1354158966163049 -0.21965024096681818 -0.31485303484476296 -0.0050588297425944789 -0.11710414583852646 -0.237359725042458 -0.36442704077694765 -0.499835605302482 0.17461487488917107 -0.1297819316202635 -0.4821515802031357 0.35188433524299095 -0.023484475915022347 1.1196171923947205 1.4989575645823752 1.9630942025353579 0.9501127314532346 1.1039940322003445 0.412477298666314 0.46695835767847843 0.51027001382537684 0.54121858638239273 0.55821043479710586 0.14716374793578496 0.13985344312978826 0.12119597931342677 0.091592827683806805 0.051198004256609322 0 -0.06220523787839112 -0.13541722187228133 -0.2196522303571215 -0.31485568942132558 -0.0050621603896969236 -0.11710814829119098 -0.23736440458181482 -0.36443239864814131 -0.49984163210252452 0.17460815251132455 -0.12978996406189211 -0.48216094835566115 0.35187358374921274 -0.023496560858400472 1.1196037166105983 1.4976236642802538 1.9631119926221681 0.9498953737012682 1.104174221294868 0.41243842989140206 0.46703620723978601 0.51044031208719065 0.54145837418496723 0.55849783015951571 0.14721581658224231 0.13991810536831728 0.12125920418001787 0.091643182652169419 0.051226502745894624 0 -0.062238135674377561 -0.13548503461841796 -0.2197546029109976 -0.31498981957517413 -0.0049584481118374922 -0.11702142481099906 -0.23728358422589663 -0.36434321904452449 -0.49972856635625779 0.17527709983985085 -0.12898637148755848 -0.48114327448262162 0.35394220742449523 -0.021014952800117549 1.1235456139640312 1.4962867008539091 1.9631281076432447 0.94967687330164141 1.1043536906328846 0.41239914658354815 0.4671137629069127 0.51061041511034333 0.54169803780512793 0.55878515680712237 0.14726785453230917 0.13998276057392656 0.12132243345184446 0.09169354608035879 0.051255006718825033 0 -0.062271039106431982 -0.13555285581436297 -0.21985698080038957 -0.31512394166277624 -0.0048547061108039826 -0.11693463344037544 -0.23720264208625697 -0.36425384282829398 -0.49961520941791687 0.17594645871297238 -0.1281820618702742 -0.48012446478588611 0.35601249376558952 -0.018531056652809928 1.1274905592709612 1.4881717711314106 1.9597944452415761 0.94727848818434923 1.1032303543223219 0.41169214817653638 0.46676564650611485 0.51055437137863924 0.54187353573322083 0.55907241166570687 0.14731985958766136 0.14004740769039001 0.1213856670000984 0.091743917036663306 0.051283516164666525 0 -0.062303948050039894 -0.13562068485901202 -0.21995936332114663 -0.31525805750461877 -0.0047509326348068549 -0.11684777244470496 -0.23718281899044255 -0.36437887167124433 -0.49990241877004699 0.17599226093347059 -0.12857850287958286 -0.4810876427076986 0.35507506056642635 -0.020363398405959621 1.125490202982723 1.4747447652683408 1.9514423960698033 0.94037223586739471 1.0982541347063828 0.40785525526328797 0.46365082830708187 0.50809162882274783 0.53998047073190958 0.55772569104643965 0.14621955388810318 0.13936325866145055 0.12100519639190804 0.091571714386412331 0.051236984220064695 0 -0.062363582643299172 -0.1358067173638266 -0.22033633201332106 -0.3159097162762366 -0.0054851782903820876 -0.11798572754771269 -0.23872829932777775 -0.36631628556609169 -0.50225295410538906 0.17372495740683846 -0.13179629470812038 -0.48529629152273279 0.35060054111933836 -0.025826008523425977 1.1200220347233005 1.4616035220082368 1.9434025831627357 0.93378934583122197 1.0936109988413807 0.404359770101067 0.46088108056475491 0.50597731928930068 0.5384388864775479 0.55666776164525322 0.14530907425514031 0.13879413820170428 0.12068532444872933 0.091423725801217742 0.051194836090133096 0 -0.062413851653038095 -0.13595848964553625 -0.22063780283576728 -0.31642750289081323 -0.0060074948638159358 -0.11881117541966754 -0.23989650483626757 -0.36787449978178144 -0.50422218847285127 0.17184124891380453 -0.13462521186129089 -0.48910975633477161 0.34652865146774792 -0.030877330883231521 1.1149750855171521 1.4483816539171159 1.9353086510307882 0.9271634811689542 1.0889346247621732 0.40083938439555888 0.45809010082411805 0.50384514513211598 0.53688248879318412 0.55559776791570215 0.14438903353236143 0.13821774030730724 0.12036022171924556 0.091272373695674106 0.051151058220590816 0 -0.062462599998542138 -0.13610724624445972 -0.22093476280874672 -0.31693926776607273 -0.0065222201717936275 -0.11962736874207587 -0.2410536758510971 -0.36941975180254716 -0.50617635745030798 0.16997491062767348 -0.13743147263951505 -0.49289423926594417 0.34249320944618716 -0.035883538307966589 1.1099832069636939 1.4350790384956562 1.9271605188740997 0.92049457737351781 1.0842249579113934 0.39729405634425663 0.4552778528929704 0.50169507563190374 0.53531125260418355 0.55451568860159506 0.14345941453963451 0.13763405335977291 0.12002987899224965 0.091117652014371664 0.051105647767642259 0 -0.062509824390196714 -0.13625298171630987 -0.22122720209418642 -0.31744499831603695 -0.0070293373547720842 -0.12043428810213271 -0.24219978660493074 -0.37095201234602448 -0.5081154237578458 0.16812598187783775 -0.14021501955432708 -0.49664967388564335 0.33849429315241053 -0.040844527052762016 1.1050465102843876 1.4216955546299381 1.91895810093513 0.91378256857533657 1.0794819473382999 0.39372374546135763 0.45244430352738457 0.49952707789967449 0.53372515380912822 0.55342150113003608 0.1425202013162104 0.13704306163593152 0.11969428606614373 0.090959554412798183 0.051058601372975215 0 -0.062555521421028784 -0.13639568843564995 -0.22151511031588209 -0.31794467894634421 -0.0075288279559883563 -0.12123191048613242 -0.24333481303069918 -0.37247124783624735 -0.51003935420306057 0.16629450329894488 -0.14297579946811109 -0.50037599442733915 0.33453198888208946 -0.045760199853224971 1.100165117337377 1.422294826189882 1.9196606550177417 0.91389486315064605 1.0797705948180423 0.39367342759687068 0.45247913046585392 0.49963796333204663 0.53389967771361557 0.55364458910006931 0.1425154475662401 0.13706295240177271 0.11972398338701602 0.090987402715522123 0.051075939516691024 0 -0.062582613442290769 -0.13645076471439016 -0.22159610346064884 -0.31804950060503751 -0.0073855512767521626 -0.12108951842626288 -0.24317573296573006 -0.37227411720802511 -0.50977598887620912 0.16717110150752834 -0.14179803534291993 -0.49872278602355297 0.33761631558703686 -0.041737805457814581 1.1063433948614376 1.4212323339036372 1.9198665390291336 0.91382594730378375 1.0800619841918955 0.39371188299525056 0.45261907009479613 0.49985615944697614 0.53417473838241769 0.55395653655994315 0.14258284660953102 0.1371353271570728 0.11978983365371426 0.091037501405949128 0.051103275686463494 0 -0.062611027834228755 -0.13650761969066832 -0.22167898836350744 -0.31815265522130753 -0.0072367496823130123 -0.12094141773083161 -0.2430147005427731 -0.37208279804999 -0.50953667073069897 0.16799264813846274 -0.1407808574553111 -0.49742156763368839 0.34004751587853577 -0.038806310963136359 1.1108305178961022 1.4157699632546552 1.9208003137818708 0.91340886459199055 1.0814666693400188 0.39386890505100364 0.45329082032665285 0.50092571804002128 0.5355342386956331 0.55550514432820741 0.14291261191578206 0.13749311144960022 0.12011716171121398 0.091287402899203632 0.051239996551694686 0 -0.06275411870856254 -0.13679446291878561 -0.22209801579067709 -0.31867575979948026 -0.0065033407237834852 -0.12021515029155659 -0.24222783037387674 -0.37114907479185022 -0.50836774179037902 0.17206776091105447 -0.13573861299482431 -0.49097055366480341 0.35213651963001197 -0.024228064717186099 1.1331748552169567 1.4100668667827756 1.921580838493911 0.91287570109232241 1.0827877513630235 0.39396951078201314 0.45391784823038805 0.50196096517298006 0.53686839536585551 0.55703585204193196 0.14323068434174763 0.13784422003573271 0.12044127610794839 0.091536245983833753 0.051376711602673444 0 -0.062898725660848878 -0.13708515170420155 -0.22252396584928141 -0.31920992452415281 -0.0057859380551585444 -0.11951038377890921 -0.24146856932402866 -0.37024983908871878 -0.50724046751418872 0.17609383119063868 -0.13076176117750601 -0.48460164693016894 0.36412614264369708 -0.0097667347367736551 1.1553853207815066 1.4041347969921003 1.9222160496305698 0.91223263077517935 1.0840297561179457 0.39401677406368157 0.45450257087482437 0.50296372594148264 0.53817850488908503 0.55854952406040759 0.14353755859622735 0.13818885301162626 0.1207621879357221 0.091783951364170183 0.051513337096274592 0 -0.063044624980121838 -0.13737915516452121 -0.22295591627365305 -0.31975371106734524 -0.0050824839248381961 -0.11882434985019109 -0.24073333670106939 -0.36938057318415474 -0.50614930477632847 0.18007750713299869 -0.12584109508989053 -0.47830275555939583 0.37603172681755265 0.0045965985340767623 1.1774846909451062 1.3979847042846678 1.9227133476439151 0.91148540517779275 1.0851969207027889 0.39401356800259146 0.45504726747554297 0.5039357237972929 0.53946580897496343 0.56004699256953605 0.14383372269000222 0.13852721814467217 0.12107992978297286 0.092030462794029308 0.05164980549414179 0 -0.063191620534651091 -0.13767600622027251 -0.22339305140825766 -0.32030584405757817 -0.0043911468540374574 -0.11815458466494379 -0.24001894132839516 -0.36853724512844932 -0.50508930640292937 0.18402473073954145 -0.1209683871604593 -0.47206304456246301 0.38786701253606798 0.018878866656458236 1.1994933692470113 1.3817206366893691 1.9233971539661459 0.90919584888623328 1.0878126310093712 0.39380199690951878 0.4562475829312812 0.50624155233876456 0.54259183725593363 0.56372491155278937 0.14453037153302523 0.13934714849643753 0.12186077558486776 0.092641302877953649 0.051989946847317448 0 -0.063562834701963333 -0.13842801551263978 -0.22450404660055287 -0.32171559257159138 -0.002705579757475856 -0.11653751304014148 -0.23830616689372994 -0.36651970174970033 -0.50254776019588654 0.19376684539109781 -0.10894992934753127 -0.45666150031395331 0.41722536256256265 0.054325683438206693 1.2542336931104336 1.3726381324826844 1.9242948792660353 0.90822087210086833 1.089697373928401 0.39391267780615058 0.45716974412087047 0.50779299532973132 0.54460392818975334 0.56603974663964274 0.14503041234213812 0.13989767358288735 0.12236835753306696 0.093030788539297596 0.05220394264466819 0 -0.063790435993146641 -0.13888597820114529 -0.22517617729562142 -0.32256134600423919 -0.0016846118417205166 -0.1155448948468094 -0.23723961459479503 -0.36524930548129714 -0.50093869857148743 0.19972386409964027 -0.1015607574309485 -0.44716319254532455 0.43518884776979833 0.07604339187405372 1.2876392925233733 1.3772975345607947 1.9274546507488934 0.91071817116701315 1.0915976596859571 0.39528788239731982 0.45831165099200466 0.50871947359281322 0.54533720396075491 0.56660419941896045 0.14544544119519692 0.14018267185031003 0.12255041032842576 0.093132655172348505 0.052245199184570643 0 -0.063802459169484835 -0.13889367874019853 -0.22516357836517151 -0.32250587610382897 -0.0015676283670024887 -0.1153523740355754 -0.23695541293362687 -0.36485392329136745 -0.50042066835798138 0.20037556787679214 -0.10059814850869646 -0.4458530526233942 0.4368806084585205 0.078142426455378541 1.2901652319172232 1.380148000408344 1.9293909323465228 0.91225026053317371 1.0927652388609901 0.39613454117168767 0.45901558128276493 0.5092915012875513 0.54579080653240974 0.56695415787797798 0.14570351285451386 0.14036061831646465 0.12266465012003178 0.093196990072400884 0.052271499284613297 0 -0.063811030934013871 -0.13890091091885512 -0.22515978160465733 -0.3224773638685775 -0.0015030938144662686 -0.11524331397362417 -0.23679203551710934 -0.3646243977867562 -0.50011804843315977 0.20075797809383528 -0.10002972772571275 -0.44507639787777892 0.43788616742456604 0.079392479137520039 1.2916717007889464 1.3818995303240813 1.9305836909199681 0.91319567472516616 1.0934873256488138 0.39665971765603431 0.45945304348964278 0.50964781527907732 0.54607413788049242 0.56717346518277878 0.14586592650054669 0.14047326196160051 0.12273748263053207 0.093238376601097905 0.052288635299868221 0 -0.063817417380455349 -0.13890767441509488 -0.22516104678598853 -0.32246483020087491 -0.0014699062762117666 -0.1151843131582114 -0.23670128566316603 -0.36449472829303164 -0.49994523625604087 0.20097798654381052 -0.099699275529045284 -0.44462202231467951 0.43847701569344633 0.080129270652797804 1.2925616871578263 1.3829825412868069 1.9313238889789162 0.91378382747083475 1.0939379961197975 0.39698887976848013 0.45972796939659638 0.50987247198236441 0.54625347905163268 0.56731291807757112 0.14596980833560375 0.14054588837921428 0.12278489215227799 0.093265638110144239 0.052300109235085802 0 -0.063822373950156483 -0.13891394529208786 -0.22516507203767863 -0.32246157414794785 -0.0014552138570828384 -0.11515505641240734 -0.23665386597989588 -0.36442478852518601 -0.49985021956374609 0.2011005382475865 -0.099511909043655436 -0.44436166545736316 0.43881798435212938 0.080556621141190096 1.2930798092544111 1.3840852538707646 1.9320835742652467 0.91439076071702885 1.0944062820940175 0.39733401837323401 0.46001786823799667 0.51011098700107005 0.5464454248064653 0.56746357026018579 0.14608335950504064 0.14062654154227827 0.12283850993599058 0.093297156296017841 0.052313772120062461 0 -0.06382969142836889 -0.13892503330406342 -0.22517646739998326 -0.32246837220768215 -0.0014533727606298146 -0.11514152956304781 -0.2366251426425558 -0.36437662719376446 -0.49978012451063525 0.20119494882642686 -0.099359335617354216 -0.44414293106216285 0.43911029734270335 0.080928194021042982 1.293534940777668 
end_dependent_variable

end_regular_table
