# ****************************************************************************
# CUI
#
# The Advanced Framework for Simulation, Integration, and Modeling (AFSIM)
#
# The use, dissemination or disclosure of data in this file is subject to
# limitation or restriction. See accompanying README and LICENSE for details.
# ****************************************************************************

# ##################################################################################################
# 
# This file was auto-generated by AFSIM Mover Creator 2.5.0.200324
# 
# Creation Date:  24 Mar 2020
# 
# ##################################################################################################

regular_table

independent_variable mach precision double
0.10000000000000001 0.5 0.70000000000000007 0.75 0.80000000000000004 
end_independent_variable

independent_variable surface_angle units deg
-20 -16 -14 -12 -10 -9 -8 -7 -6 -5 -4 -3 -2 -1 0 1 2 3 4 5 6 7 8 9 10 12 14 16 18 20 
end_independent_variable

dependent_variable precision double
-1.0309038736179407e-06 -8.7729402283852394e-07 -7.8558018797756926e-07 -6.8566949246989262e-07 -5.7934320354915181e-07 -5.2431421060152785e-07 -4.68296371955923e-07 -4.1145415994230546e-07 -3.5392979441377908e-07 -2.9584427159673414e-07 -2.3729918613273475e-07 -1.7837891091885171e-07 -1.1915290052496983e-07 -5.9677902646835283e-08 0 6.0558197469202101e-08 1.2097086796431988e-07 1.8119192517744749e-07 2.4116462356825112e-07 3.0081950928531678e-07 3.6007220799463197e-07 4.188211264915743e-07 4.7694526854975343e-07 5.3430240856829925e-07 5.9072807996500983e-07 7.0001985988624391e-07 8.0312554895123009e-07 8.9826389142184308e-07 9.8394779073881871e-07 1.059411253595493e-06 -1.0274834469222882e-06 -8.7509185818117558e-07 -7.8388725241495652e-07 -6.8441916939169465e-07 -5.7846869816429539e-07 -5.2360250494667381e-07 -4.6773078313966006e-07 -4.1101794759556041e-07 -3.5360619805029684e-07 -2.9561653935190909e-07 -2.3715053452924697e-07 -1.782925895290371e-07 -1.1911212658997934e-07 -5.9665903107175296e-08 0 6.0562937220909244e-08 1.2099714603294027e-07 1.8125654731289505e-07 2.4128439983126434e-07 3.0101123464874793e-07 3.6035271048098899e-07 4.1920723556030661e-07 4.7745379066924578e-07 5.3495017607188415e-07 5.9153196254650023e-07 7.0118658170498391e-07 8.0472258878247145e-07 9.0035892346488848e-07 9.8660852367956808e-07 1.0627054708408066e-06 -1.0213865728930809e-06 -8.7118891800811039e-07 -7.8089858067335683e-07 -6.8222295942013519e-07 -5.769431088147535e-07 -5.2236652254515831e-07 -4.6675398188576269e-07 -4.1026986432839226e-07 -3.5305633799625513e-07 -2.9523446808893606e-07 -2.3690581619834336e-07 -1.7815474372601557e-07 -1.190506851246557e-07 -5.9650418625017885e-08 0 6.0577906200285101e-08 1.2105754499716841e-07 1.8139285558845665e-07 2.4152704465550936e-07 3.0139070792139614e-07 3.6089948398457843e-07 4.1995174084301193e-07 4.7842653400020207e-07 5.3618155451266897e-07 5.9305254559167708e-07 7.0337677951309259e-07 8.0770440343898816e-07 9.0425416163123841e-07 9.9153915295463037e-07 1.0687932748949418e-06 -1.0185983774889602e-06 -8.6940427108792384e-07 -7.7953215559169241e-07 -6.8121892812383948e-07 -5.7624582143142572e-07 -5.218017010556839e-07 -4.6630765778132074e-07 -4.0992808490651917e-07 -3.5280523964486348e-07 -2.9506004062790011e-07 -2.3679413710097201e-07 -1.7809188112549762e-07 -1.1902273086371562e-07 -5.9643403296746472e-08 0 6.0584833515886488e-08 1.2108533652447777e-07 1.8145543439301817e-07 2.416383724206714e-07 3.0156473016491458e-07 3.6115011245608273e-07 4.2029288082589458e-07 4.7887218130517334e-07 5.3674569201796496e-07 5.9374901966608667e-07 7.043797819592374e-07 8.0906966747187897e-07 9.0603752967344409e-07 9.9379630649126583e-07 1.0715801368173029e-06 -1.0148572369345777e-06 -8.6700979192110848e-07 -7.7769879347903202e-07 -6.7987190462700162e-07 -5.7531024315675373e-07 -5.2104392705469341e-07 -4.6570891728652657e-07 -4.0946957697466337e-07 -3.5246833576567424e-07 -2.9482608067839151e-07 -2.3664436324613269e-07 -1.7800760665892296e-07 -1.1898524968029007e-07 -5.9634017014915322e-08 0 6.0594143999050806e-08 1.2112267149910052e-07 1.815394710457661e-07 2.4178785529484661e-07 3.0179832800515233e-07 3.6148651196878751e-07 4.2075085565243489e-07 4.7947035708193791e-07 5.3750281652137428e-07 5.9468370991088016e-07 7.0572600076880665e-07 8.109020754553494e-07 9.0843086216090174e-07 9.9682562068770426e-07 1.0753199668809908e-06 
end_dependent_variable

end_regular_table
