# ****************************************************************************
# CUI
#
# The Advanced Framework for Simulation, Integration, and Modeling (AFSIM)
#
# The use, dissemination or disclosure of data in this file is subject to
# limitation or restriction. See accompanying README and LICENSE for details.
# ****************************************************************************

# ##################################################################################################
# 
# This file was auto-generated by AFSIM Mover Creator 2.5.0.200324
# 
# Creation Date:  24 Mar 2020
# 
# ##################################################################################################

regular_table

independent_variable mach precision double
0.10000000000000001 0.5 0.70000000000000007 0.75 0.80000000000000004 
end_independent_variable

independent_variable surface_angle units deg
-20 -16 -14 -12 -10 -9 -8 -7 -6 -5 -4 -3 -2 -1 0 1 2 3 4 5 6 7 8 9 10 12 14 16 18 20 
end_independent_variable

dependent_variable precision double
-8.5235823580782682e-09 -6.2698990352892009e-09 -5.2459890895721477e-09 -4.2906995691693064e-09 -3.4040297556098998e-09 -2.9864286758380365e-09 -2.5859825227770321e-09 -2.2026912964268862e-09 -1.8365549967875996e-09 -1.4875747015653354e-09 -1.1557486145831543e-09 -8.4107907087107738e-10 -5.4356400482562452e-10 -2.6320440434411237e-10 0 -2.6320440434411237e-10 -5.4356400482562452e-10 -8.4107907087107738e-10 -1.1557486145831543e-09 -1.4875747015653354e-09 -1.8365549967875996e-09 -2.2026912964268862e-09 -2.5859825227770321e-09 -2.9864286758380365e-09 -3.4040297556098998e-09 -4.2906995691693064e-09 -5.2459890895721477e-09 -6.2698990352892009e-09 -7.3624301247912413e-09 -8.5235823580782682e-09 -1.0530927916835341e-08 -7.5545262191426634e-09 -6.229486491098876e-09 -5.0132304232004638e-09 -3.9057472383857936e-09 -3.3927986204445043e-09 -2.9070477137164986e-09 -2.448483741140141e-09 -2.0171174797770667e-09 -1.612945337273397e-09 -1.2359673136291321e-09 -8.861861031096811e-10 -5.6359541909575641e-10 -2.6820109916241062e-10 0 -2.6820109916241062e-10 -5.6359541909575641e-10 -8.861861031096811e-10 -1.2359673136291321e-09 -1.612945337273397e-09 -2.0171174797770667e-09 -2.448483741140141e-09 -2.9070477137164986e-09 -3.3927986204445043e-09 -3.9057472383857936e-09 -5.0132304232004638e-09 -6.229486491098876e-09 -7.5545262191426634e-09 -8.9883280532085578e-09 -1.0530927916835341e-08 -1.4173962723740667e-08 -9.8860659090672804e-09 -8.0145644937507128e-09 -6.32472122935652e-09 -4.8165059401121252e-09 -4.1305050141995289e-09 -3.4899186260175271e-09 -2.8947518048615488e-09 -2.344984433549875e-09 -1.8406315999687954e-09 -1.381685760175165e-09 -9.6815068614055619e-10 -6.0002260589339672e-10 -2.7730686306008066e-10 0 -2.7730686306008066e-10 -6.0002260589339672e-10 -9.6815068614055619e-10 -1.381685760175165e-09 -1.8406315999687954e-09 -2.344984433549875e-09 -2.8947518048615488e-09 -3.4899186260175271e-09 -4.1305050141995289e-09 -4.8165059401121252e-09 -6.32472122935652e-09 -8.0145644937507128e-09 -9.8860659090672804e-09 -1.1939185240942786e-08 -1.4173962723740667e-08 -1.5840793369189898e-08 -1.0952835510436617e-08 -8.831306265184173e-09 -6.9247686224916768e-09 -5.2332118052974931e-09 -4.4680404292006332e-09 -3.7566142594783512e-09 -3.0989386846614651e-09 -2.4949975391575219e-09 -1.9448069885589741e-09 -1.4483535615387778e-09 -1.0056534236893861e-09 -6.1669040941834607e-10 -2.8147394865458839e-10 0 -2.8147394865458839e-10 -6.1669040941834607e-10 -1.0056534236893861e-09 -1.4483535615387778e-09 -1.9448069885589741e-09 -2.4949975391575219e-09 -3.0989386846614651e-09 -3.7566142594783512e-09 -4.4680404292006332e-09 -5.2332118052974931e-09 -6.9247686224916768e-09 -8.831306265184173e-09 -1.0952835510436617e-08 -1.32893240270641e-08 -1.5840793369189898e-08 -1.8077552394387101e-08 -1.2384343985786548e-08 -9.9273118793573921e-09 -7.7299983366864543e-09 -5.7923918622413225e-09 -4.9209845233696397e-09 -4.1144982037882031e-09 -3.3729386512632187e-09 -2.6963001180284804e-09 -2.0846055951488096e-09 -1.5378263437931801e-09 -1.0559781703186563e-09 -6.3905820084213532e-10 -2.8706499842206611e-10 0 -2.8706499842206611e-10 -6.3905820084213532e-10 -1.0559781703186563e-09 -1.5378263437931801e-09 -2.0846055951488096e-09 -2.6963001180284804e-09 -3.3729386512632187e-09 -4.1144982037882031e-09 -4.9209845233696397e-09 -5.7923918622413225e-09 -7.7299983366864543e-09 -9.9273118793573921e-09 -1.2384343985786548e-08 -1.5101106151506333e-08 -1.8077552394387101e-08 
end_dependent_variable

end_regular_table
