# ****************************************************************************
# CUI
#
# The Advanced Framework for Simulation, Integration, and Modeling (AFSIM)
#
# The use, dissemination or disclosure of data in this file is subject to
# limitation or restriction. See accompanying README and LICENSE for details.
# ****************************************************************************

# ##################################################################################################
# 
# This file was auto-generated by AFSIM Mover Creator 2.5.0.200324
# 
# Creation Date:  24 Mar 2020
# 
# ##################################################################################################

regular_table

independent_variable mach precision double
0.10000000000000001 0.5 0.70000000000000007 0.75 0.80000000000000004 
end_independent_variable

independent_variable surface_angle units deg
-25 -22 -20 -18 -16 -14 -12 -10 -9 -8 -7 -6 -5 -4 -3 -2 -1 0 1 2 3 4 5 6 7 8 9 10 12 14 16 18 20 22 24 25 
end_independent_variable

dependent_variable precision double
-2.0692277231337565e-05 -1.8664129552553878e-05 -1.6903041010335262e-05 -1.4910633229205204e-05 -1.2773931418697904e-05 -1.0580827025570743e-05 -8.4171811901332868e-06 -6.3641770478033619e-06 -5.4026666050810677e-06 -4.4959486196391574e-06 -3.6518487462949211e-06 -2.8775108125364715e-06 -2.1793500572115455e-06 -1.5630118137878407e-06 -1.0333357549363966e-06 -5.9432576938699671e-07 -2.4912555704757618e-07 0 -2.4912555704757618e-07 -5.9432576938699671e-07 -1.0333357551160142e-06 -1.5630118134286053e-06 -2.1793500572115455e-06 -2.8775108125364715e-06 -3.6518487455764504e-06 -4.4959486196391574e-06 -5.4026666050810677e-06 -6.3641770478033619e-06 -8.4171811886963445e-06 -1.0580827025570743e-05 -1.2773931418697904e-05 -1.4910633229205204e-05 -1.6903041010335262e-05 -1.8664129552553878e-05 -2.0110854704390409e-05 -2.0692277231337565e-05 -2.9342326131589099e-05 -2.6318889600872521e-05 -2.3728032455054331e-05 -2.0819172987952222e-05 -1.772077115902376e-05 -1.4562068767624601e-05 -1.1468828490226269e-05 -8.5594467595326114e-06 -7.2078238067758551e-06 -5.941480964138493e-06 -4.7716733780792452e-06 -3.7086271006259959e-06 -2.7614713914669564e-06 -1.9381792357551478e-06 -1.2455160264351578e-06 -6.8899672677027606e-07 -2.7285150678338035e-07 0 -2.7285150678338035e-07 -6.8899672677027606e-07 -1.2455160264351578e-06 -1.9381792357551478e-06 -2.7614713914669564e-06 -3.7086270970336423e-06 -4.7716733780792452e-06 -5.941480971323201e-06 -7.2078238067758551e-06 -8.5594467595326114e-06 -1.1468828490226269e-05 -1.4562068767624601e-05 -1.772077115902376e-05 -2.0819172987952222e-05 -2.3728032455054331e-05 -2.6318889600872521e-05 -2.8468655552296369e-05 -2.9342326131589099e-05 -4.4871733117047e-05 -4.0061436143900619e-05 -3.59808843047993e-05 -3.1426709673286093e-05 -2.6601760793412696e-05 -2.1709516118424788e-05 -1.6947374065619943e-05 -1.2500540511268226e-05 -1.0448551402896056e-05 -8.5365779396395212e-06 -6.7820322262605755e-06 -5.2006737762480288e-06 -3.8065043894844694e-06 -2.6116758445579511e-06 -1.6264107653130521e-06 -8.5893691310608517e-07 -3.1543497140262297e-07 0 -3.1543497140262297e-07 -8.5893691310608517e-07 -1.6264107653130521e-06 -2.6116758445579511e-06 -3.8065043894844694e-06 -5.2006737762480288e-06 -6.7820322262605755e-06 -8.5365779396395212e-06 -1.0448551402896056e-05 -1.2500540511268226e-05 -1.6947374065619943e-05 -2.1709516118424788e-05 -2.6601760793412696e-05 -3.1426709673286093e-05 -3.59808843047993e-05 -4.0061436143900619e-05 -4.3473383309512096e-05 -4.4871733117047e-05 -5.2104698429153807e-05 -4.6462154510458217e-05 -4.1687763344236985e-05 -3.6367267771890299e-05 -3.0738163452569218e-05 -2.5038505202490668e-05 -1.9499056659930549e-05 -1.4336140631656117e-05 -1.1957949499082916e-05 -9.7452676509789972e-06 -7.7183747799680898e-06 -5.8956076792252747e-06 -4.2932376156811648e-06 -2.9253626375392549e-06 -1.8038156270803125e-06 -9.3808785761706918e-07 -3.3526847052642575e-07 0 -3.3526847086320897e-07 -9.3808785761706918e-07 -1.8038156270803125e-06 -2.9253626375392549e-06 -4.2932376156811648e-06 -5.8956076792252747e-06 -7.7183747799680898e-06 -9.7452676509789972e-06 -1.1957949499082916e-05 -1.4336140631656117e-05 -1.9499056659930549e-05 -2.5038505202490668e-05 -3.0738163452569218e-05 -3.6367267771890299e-05 -4.1687763344236985e-05 -4.6462154510458217e-05 -5.0461974374991414e-05 -5.2104698429153807e-05 -6.2066037417817744e-05 -5.5277311299926083e-05 -4.9547355260814173e-05 -4.3171471968927818e-05 -3.6434873630252766e-05 -2.9623234525195553e-05 -2.3013268672451886e-05 -1.6864154115846024e-05 -1.4036713125012081e-05 -1.1409891487575788e-05 -9.0079183716860819e-06 -6.8526800180401796e-06 -4.9635731201154422e-06 -3.3573762466393636e-06 -2.0481399270564243e-06 -1.0470955393751406e-06 -3.6258339735042557e-07 0 -3.6258339735042557e-07 -1.0470955408120823e-06 -2.048139924182541e-06 -3.3573762523871301e-06 -4.9635731201154422e-06 -6.8526800180401796e-06 -9.0079183716860819e-06 -1.1409891487575788e-05 -1.4036713125012081e-05 -1.6864154115846024e-05 -2.3013268672451886e-05 -2.9623234525195553e-05 -3.6434873630252766e-05 -4.3171471968927818e-05 -4.9547355260814173e-05 -5.5277311299926083e-05 -6.0086757799098117e-05 -6.2066037417817744e-05 
end_dependent_variable

end_regular_table
