# ****************************************************************************
# CUI
#
# The Advanced Framework for Simulation, Integration, and Modeling (AFSIM)
#
# The use, dissemination or disclosure of data in this file is subject to
# limitation or restriction. See accompanying README and LICENSE for details.
# ****************************************************************************

# ##################################################################################################
# 
# This file was auto-generated by AFSIM Mover Creator 2.5.0.200324
# 
# Creation Date:  24 Mar 2020
# 
# ##################################################################################################

regular_table

independent_variable mach precision double
0.10000000000000001 0.5 0.70000000000000007 0.75 0.80000000000000004 
end_independent_variable

independent_variable surface_angle units deg
-20 -16 -14 -12 -10 -9 -8 -7 -6 -5 -4 -3 -2 -1 0 1 2 3 4 5 6 7 8 9 10 12 14 16 18 20 
end_independent_variable

dependent_variable precision double
0 0 0 0 0 0 0 0 0 0 0 0 0 0 0 4.0784983274843976e-08 8.1428722379897458e-08 1.2187742217506694e-07 1.6206290804615453e-07 2.0189958497729987e-07 2.4128113797394278e-07 2.8007712866675899e-07 3.1812990732426617e-07 3.55252277822803e-07 3.9122670732867595e-07 4.5872465138063025e-07 5.1844689085903258e-07 5.6831391843735838e-07 6.0707300272336961e-07 6.3505187559833315e-07 0 0 0 0 0 0 0 0 0 0 0 0 0 0 0 4.0790917843451071e-08 8.1457389363846994e-08 1.2194562804274358e-07 1.6218744920735206e-07 2.0209727939593535e-07 2.4156879930310867e-07 2.804715921136709e-07 3.1864801097002292e-07 3.5591086549626954e-07 3.9204263148036665e-07 4.5990590355233759e-07 5.2006113375452683e-07 5.7042886649030563e-07 6.0975649107052609e-07 6.3837174512422172e-07 0 0 0 0 0 0 0 0 0 0 0 0 0 0 0 4.0805973039320013e-08 8.1517958605648961e-08 1.2208217341366115e-07 1.6243045039310182e-07 2.024772009943476e-07 2.4211607573624104e-07 2.8121669516406155e-07 3.1962144115904085e-07 3.5714304287655703e-07 3.9356405369940958e-07 4.6209717619272669e-07 5.2304418992854389e-07 5.7432554159820691e-07 6.1468873546789224e-07 6.4446139995907506e-07 0 0 0 0 0 0 0 0 0 0 0 0 0 0 0 4.0812912928159978e-08 8.1545773842493928e-08 1.2214481328823861e-07 1.6254183132510125e-07 2.0265126347222948e-07 2.4236680479365396e-07 2.8155797740415781e-07 3.2006719910851152e-07 3.5770727234611227e-07 3.9426065135079257e-07 4.631004257928183e-07 5.2440970686314771e-07 5.7610908207339879e-07 6.1694617064507187e-07 6.4724842281888988e-07 0 0 0 0 0 0 0 0 0 0 0 0 0 0 0 4.0822236343798255e-08 8.1583138274418446e-08 1.2222889233076232e-07 1.6269136161834768e-07 2.0288495040284337e-07 2.4270329052285183e-07 2.8201603413636658e-07 3.2066548552977549e-07 3.5846449743543015e-07 3.9519552839798772e-07 4.6444673081888065e-07 5.2624220681087749e-07 5.7850278241789353e-07 6.1997562853566532e-07 6.5098864373067961e-07 
end_dependent_variable

end_regular_table
