# ****************************************************************************
# CUI
#
# The Advanced Framework for Simulation, Integration, and Modeling (AFSIM)
#
# The use, dissemination or disclosure of data in this file is subject to
# limitation or restriction. See accompanying README and LICENSE for details.
# ****************************************************************************

# ##################################################################################################
# 
# This file was auto-generated by AFSIM Mover Creator 2.5.0.200324
# 
# Creation Date:  24 Mar 2020
# 
# ##################################################################################################

regular_table

independent_variable mach precision double
0.10000000000000001 0.5 0.70000000000000007 0.75 0.80000000000000004 
end_independent_variable

independent_variable surface_angle units deg
-20 -16 -14 -12 -10 -9 -8 -7 -6 -5 -4 -3 -2 -1 0 1 2 3 4 5 6 7 8 9 10 12 14 16 18 20 
end_independent_variable

dependent_variable precision double
0 0 0 0 0 0 0 0 0 0 0 0 0 0 0 -3.2945851446608459e-07 -6.5923519158100493e-07 -9.8893493859727985e-07 -1.3180570319167063e-06 -1.6459728560716763e-06 -1.9719014801094591e-06 -2.2948850039860028e-06 -2.613765525191169e-06 -2.9271680713956258e-06 -3.2334952042563414e-06 -3.8175258848562831e-06 -4.3498698372475473e-06 -4.8152538262854335e-06 -5.2044771343758329e-06 -5.5199469036531521e-06 0 0 0 0 0 0 0 0 0 0 0 0 0 0 0 -3.299169987682349e-07 -6.6106887477027204e-07 -9.9306064510482873e-07 -1.3253915312506027e-06 -1.6574328353553373e-06 -1.9884038255625359e-06 -2.3173463684049757e-06 -2.6431026849494906e-06 -2.9642979813668224e-06 -3.279334407390694e-06 -3.8835340858219557e-06 -4.4397142239230021e-06 -4.932601257010536e-06 -5.3529948794136934e-06 -5.7033018213436369e-06 0 0 0 0 0 0 0 0 0 0 0 0 0 0 0 -3.3074859971276067e-07 -6.6439531974069961e-07 -1.0005450776344166e-06 -1.3386971600937899e-06 -1.6782230683627977e-06 -2.0183416243347614e-06 -2.358095037811829e-06 -2.6963255985147095e-06 -3.0316580869601232e-06 -3.3624946803433437e-06 -4.003285061218461e-06 -4.6027087093195687e-06 -5.1454917304247756e-06 -5.6224349173252014e-06 -6.0359434623852285e-06 0 0 0 0 0 0 0 0 0 0 0 0 0 0 0 -3.3112908291582921e-07 -6.6591733150492897e-07 -1.0039695569043942e-06 -1.3447850149198599e-06 -1.6877353166415025e-06 -2.0320393011261125e-06 -2.3767389378872782e-06 -2.7206768255881417e-06 -3.0624775525145765e-06 -3.4005437833043626e-06 -4.0580758507685151e-06 -4.6772846391599613e-06 -5.2428972703341467e-06 -5.7457132326585847e-06 -6.1881391876905623e-06 0 0 0 0 0 0 0 0 0 0 0 0 0 0 0 -3.3163965147958092e-07 -6.679596297887919e-07 -1.0085647357666466e-06 -1.3529544277477086e-06 -1.7004997813219363e-06 -2.0504201195559328e-06 -2.4017575835979718e-06 -2.753353955130093e-06 -3.1038348385155074e-06 -3.4516019715646933e-06 -4.1315991519493456e-06 -4.7773583706946964e-06 -5.3736059532712492e-06 -5.9111414017772939e-06 -6.3923716661163886e-06 
end_dependent_variable

end_regular_table
