# ****************************************************************************
# CUI
#
# The Advanced Framework for Simulation, Integration, and Modeling (AFSIM)
#
# The use, dissemination or disclosure of data in this file is subject to
# limitation or restriction. See accompanying README and LICENSE for details.
# ****************************************************************************

# ##################################################################################################
# 
# This file was auto-generated by AFSIM Mover Creator 2.5.0.200324
# 
# Creation Date:  24 Mar 2020
# 
# ##################################################################################################

regular_table

independent_variable mach precision double
0.10000000000000001 0.5 0.70000000000000007 0.75 0.80000000000000004 
end_independent_variable

independent_variable beta units rad
-1.0471975511965976 -0.95993108859688125 -0.87266462599716477 -0.78539816339744828 -0.69813170079773179 -0.6108652381980153 -0.52359877559829882 -0.48869219055841229 -0.4537856055185257 -0.41887902047863912 -0.38397243543875248 -0.3490658503988659 -0.31415926535897931 -0.27925268031909273 -0.24434609527920614 -0.20943951023931956 -0.17453292519943295 -0.13962634015954636 -0.10471975511965978 -0.087266462599716474 -0.069813170079773182 -0.05235987755982989 -0.034906585039886591 -0.017453292519943295 0 0.017453292519943295 0.034906585039886591 0.05235987755982989 0.069813170079773182 0.087266462599716474 0.10471975511965978 0.13962634015954636 0.17453292519943295 0.20943951023931956 0.24434609527920614 0.27925268031909273 0.31415926535897931 0.3490658503988659 0.38397243543875248 0.41887902047863912 0.4537856055185257 0.48869219055841229 0.52359877559829882 0.6108652381980153 0.69813170079773179 0.78539816339744828 0.87266462599716477 0.95993108859688125 1.0471975511965976 
end_independent_variable

independent_variable surface_angle units deg
-20 -16 -14 -12 -10 -9 -8 -7 -6 -5 -4 -3 -2 -1 0 1 2 3 4 5 6 7 8 9 10 12 14 16 18 20 
end_independent_variable

dependent_variable precision double
0 0 0 0 0 0 0 0 0 0 0 0 0 0 0 0 0 0 0 -1.3041380530682121e-19 1.3041380530682121e-19 1.3041380530682121e-19 0 0 -2.6082761061364241e-19 2.6082761061364241e-19 0 -5.2165522122728482e-19 5.2165522122728482e-19 5.2165522122728482e-19 0 0 0 0 0 0 0 0 0 0 0 0 0 0 0 3.2603451326705301e-20 0 -6.5206902653410603e-20 -1.3041380530682121e-19 0 0 0 -2.6082761061364241e-19 0 0 0 5.2165522122728482e-19 5.2165522122728482e-19 0 0 0 0 0 0 0 0 0 0 0 0 0 0 0 0 0 0 0 6.5206902653410603e-20 1.3041380530682121e-19 0 1.3041380530682121e-19 0 0 0 0 -5.2165522122728482e-19 0 0 0 -5.2165522122728482e-19 0 0 0 0 0 0 0 0 0 0 0 0 0 0 0 0 0 0 0 0 0 0 0 0 0 0 0 0 0 0 0 0 0 0 0 0 0 0 0 0 0 0 0 0 0 0 0 0 0 1.3041380530682121e-19 0 0 0 0 -2.6082761061364241e-19 0 0 0 -5.2165522122728482e-19 0 0 0 0 0 0 0 0 0 0 0 0 0 0 0 0 -3.2603451326705301e-20 0 6.5206902653410603e-20 1.3041380530682121e-19 0 0 0 2.6082761061364241e-19 0 0 0 -5.2165522122728482e-19 -5.2165522122728482e-19 0 0 0 0 0 0 0 0 0 0 0 0 0 0 0 0 0 0 6.5206902653410603e-20 0 0 0 0 -1.3041380530682121e-19 0 2.6082761061364241e-19 0 -2.6082761061364241e-19 0 0 0 -5.2165522122728482e-19 0 0 0 0 0 0 0 0 0 0 0 0 0 0 0 0 0 -6.5206902653410603e-20 0 1.3041380530682121e-19 -1.3041380530682121e-19 1.3041380530682121e-19 2.6082761061364241e-19 -2.6082761061364241e-19 0 0 5.2165522122728482e-19 0 0 0 0 0 0 0 0 0 0 0 0 0 0 0 0 0 0 0 0 0 0 0 1.3041380530682121e-19 0 0 2.6082761061364241e-19 -2.6082761061364241e-19 0 5.2165522122728482e-19 0 -5.2165522122728482e-19 0 0 0 0 0 0 0 0 0 0 0 0 0 0 0 0 0 3.2603451326705301e-20 0 0 0 1.3041380530682121e-19 1.3041380530682121e-19 0 0 0 0 0 0 0 -5.2165522122728482e-19 0 0 0 0 0 0 0 0 0 0 0 0 0 0 0 -1.6301725663352651e-20 -3.2603451326705301e-20 -6.5206902653410603e-20 6.5206902653410603e-20 0 0 0 0 0 0 0 0 0 -5.2165522122728482e-19 5.2165522122728482e-19 0 0 0 0 0 0 0 0 0 0 0 0 0 0 0 1.6301725663352651e-20 -3.2603451326705301e-20 -6.5206902653410603e-20 -6.5206902653410603e-20 0 0 1.3041380530682121e-19 -1.3041380530682121e-19 1.3041380530682121e-19 0 -2.6082761061364241e-19 0 2.6082761061364241e-19 0 0 0 0 0 0 0 0 0 0 0 0 0 0 0 0 0 -1.6301725663352651e-20 3.2603451326705301e-20 0 0 0 -1.3041380530682121e-19 -1.3041380530682121e-19 0 0 1.3041380530682121e-19 2.6082761061364241e-19 0 0 5.2165522122728482e-19 0 0 0 0 0 0 0 0 0 0 0 0 0 0 0 0 0 0 0 0 0 0 -1.3041380530682121e-19 0 0 0 0 0 0 0 0 0 0 0 0 0 0 0 0 0 0 0 0 0 0 0 0 0 0 0 0 0 0 0 0 0 0 0 -2.6082761061364241e-19 0 0 0 0 0 0 0 0 0 0 0 0 0 0 0 0 0 -8.1508628316763253e-21 0 -3.2603451326705301e-20 0 0 6.5206902653410603e-20 0 1.3041380530682121e-19 0 1.3041380530682121e-19 0 -2.6082761061364241e-19 0 0 0 0 0 0 0 0 0 0 0 0 0 0 0 0 0 0 0 -1.6301725663352651e-20 0 0 0 0 0 0 0 0 1.3041380530682121e-19 0 -2.6082761061364241e-19 -2.6082761061364241e-19 0 0 0 0 0 0 0 0 0 0 0 0 0 0 0 0 0 0 -1.6301725663352651e-20 0 0 0 -6.5206902653410603e-20 0 6.5206902653410603e-20 0 0 0 -1.3041380530682121e-19 0 0 0 0 0 0 0 0 0 0 0 0 0 0 0 0 0 0 0 1.6301725663352651e-20 0 -3.2603451326705301e-20 0 0 0 -6.5206902653410603e-20 0 -6.5206902653410603e-20 0 0 1.3041380530682121e-19 0 0 0 0 0 0 0 0 0 0 0 0 0 0 0 0 0 -8.1508628316763253e-21 -1.6301725663352651e-20 1.6301725663352651e-20 -3.2603451326705301e-20 0 0 3.2603451326705301e-20 0 -6.5206902653410603e-20 -6.5206902653410603e-20 0 0 -1.3041380530682121e-19 1.3041380530682121e-19 0 0 0 0 0 0 0 0 0 0 0 0 0 0 0 -4.0754314158381627e-21 0 0 0 0 0 0 0 0 0 -6.5206902653410603e-20 6.5206902653410603e-20 0 0 -1.3041380530682121e-19 0 0 0 0 0 0 0 0 0 0 0 0 0 0 0 2.037715707919081e-21 0 0 1.6301725663352651e-20 0 0 1.6301725663352651e-20 0 0 -3.2603451326705301e-20 0 0 0 0 6.520690265341059e-20 0 0 0 0 0 0 0 0 0 0 0 0 0 0 0 -2.0377157079190813e-21 0 0 0 -8.1508628316763253e-21 0 -1.6301725663352651e-20 0 0 1.6301725663352648e-20 0 -3.2603451326705301e-20 0 0 0 0 0 0 0 0 0 0 0 0 0 0 0 0 0 0 -1.0188578539595407e-21 0 0 0 4.0754314158381619e-21 0 0 0 0 0 0 1.6301725663352648e-20 0 0 0 0 0 0 0 0 0 0 0 0 0 0 0 0 0 0 0 0 0 0 0 0 0 0 0 0 0 0 0 0 0 0 0 0 0 0 0 0 0 0 0 0 0 0 0 0 1.0188578539595407e-21 0 0 0 -4.0754314158381627e-21 0 0 0 0 0 0 -1.6301725663352651e-20 0 0 0 0 0 0 0 0 0 0 0 0 0 0 0 0 0 0 2.0377157079190813e-21 0 0 0 8.1508628316763238e-21 0 1.6301725663352651e-20 0 0 -1.6301725663352651e-20 0 3.2603451326705295e-20 0 0 0 0 0 0 0 0 0 0 0 0 0 0 0 0 0 0 -2.0377157079190813e-21 0 0 -1.6301725663352651e-20 0 0 -1.6301725663352651e-20 0 0 3.2603451326705295e-20 0 0 0 0 -6.5206902653410603e-20 0 0 0 0 0 0 0 0 0 0 0 0 0 0 0 4.0754314158381619e-21 0 0 0 0 0 0 0 0 0 6.5206902653410603e-20 -6.5206902653410603e-20 0 0 1.3041380530682118e-19 0 0 0 0 0 0 0 0 0 0 0 0 0 0 0 0 8.1508628316763253e-21 1.6301725663352651e-20 -1.6301725663352651e-20 3.2603451326705301e-20 0 0 -3.2603451326705301e-20 0 6.5206902653410603e-20 6.5206902653410603e-20 0 0 1.3041380530682121e-19 -1.3041380530682121e-19 0 0 0 0 0 0 0 0 0 0 0 0 0 0 0 0 0 -1.6301725663352651e-20 0 3.2603451326705301e-20 0 0 0 6.5206902653410603e-20 0 6.5206902653410603e-20 0 0 -1.3041380530682121e-19 0 0 0 0 0 0 0 0 0 0 0 0 0 0 0 0 0 0 1.6301725663352651e-20 0 0 0 6.5206902653410603e-20 0 -6.5206902653410603e-20 0 0 0 1.3041380530682121e-19 0 0 0 0 0 0 0 0 0 0 0 0 0 0 0 0 0 0 1.6301725663352651e-20 0 0 0 0 0 0 0 0 -1.3041380530682121e-19 0 2.6082761061364241e-19 2.6082761061364241e-19 0 0 0 0 0 0 0 0 0 0 0 0 0 0 0 0 8.1508628316763253e-21 0 3.2603451326705301e-20 0 0 -6.5206902653410603e-20 0 -1.3041380530682121e-19 0 -1.3041380530682121e-19 0 2.6082761061364241e-19 0 0 0 0 0 0 0 0 0 0 0 0 0 0 0 0 0 0 0 0 0 0 0 0 0 0 0 0 0 0 2.6082761061364241e-19 0 0 0 0 0 0 0 0 0 0 0 0 0 0 0 0 0 0 0 0 0 0 0 1.3041380530682121e-19 0 0 0 0 0 0 0 0 0 0 0 0 0 0 0 0 0 0 0 0 0 0 0 1.6301725663352651e-20 -3.2603451326705301e-20 0 0 0 1.3041380530682121e-19 1.3041380530682121e-19 0 0 -1.3041380530682121e-19 -2.6082761061364241e-19 0 0 -5.2165522122728482e-19 0 0 0 0 0 0 0 0 0 0 0 0 0 0 0 0 -1.6301725663352651e-20 3.2603451326705301e-20 6.5206902653410603e-20 6.5206902653410603e-20 0 0 -1.3041380530682121e-19 1.3041380530682121e-19 -1.3041380530682121e-19 0 2.6082761061364241e-19 0 -2.6082761061364241e-19 0 0 0 0 0 0 0 0 0 0 0 0 0 0 0 0 0 1.6301725663352651e-20 3.2603451326705301e-20 6.5206902653410603e-20 -6.5206902653410603e-20 0 0 0 0 0 0 0 0 0 5.2165522122728482e-19 -5.2165522122728482e-19 0 0 0 0 0 0 0 0 0 0 0 0 0 0 0 0 -3.2603451326705301e-20 0 0 0 -1.3041380530682121e-19 -1.3041380530682121e-19 0 0 0 0 0 0 0 5.2165522122728482e-19 0 0 0 0 0 0 0 0 0 0 0 0 0 0 0 0 0 0 0 0 -1.3041380530682121e-19 0 0 -2.6082761061364241e-19 2.6082761061364241e-19 0 -5.2165522122728482e-19 0 5.2165522122728482e-19 0 0 0 0 0 0 0 0 0 0 0 0 0 0 0 0 0 0 6.5206902653410603e-20 0 -1.3041380530682121e-19 1.3041380530682121e-19 -1.3041380530682121e-19 -2.6082761061364241e-19 2.6082761061364241e-19 0 0 -5.2165522122728482e-19 0 0 0 0 0 0 0 0 0 0 0 0 0 0 0 0 0 0 0 -6.5206902653410603e-20 0 0 0 0 1.3041380530682121e-19 0 -2.6082761061364241e-19 0 2.6082761061364241e-19 0 0 0 5.2165522122728482e-19 0 0 0 0 0 0 0 0 0 0 0 0 0 0 0 3.2603451326705301e-20 0 -6.5206902653410603e-20 -1.3041380530682121e-19 0 0 0 -2.6082761061364241e-19 0 0 0 5.2165522122728482e-19 5.2165522122728482e-19 0 0 0 0 0 0 0 0 0 0 0 0 0 0 0 0 0 0 0 0 0 -1.3041380530682121e-19 0 0 0 0 2.6082761061364241e-19 0 0 0 5.2165522122728482e-19 0 0 0 0 0 0 0 0 0 0 0 0 0 0 0 0 0 0 0 0 0 0 0 0 0 0 0 0 0 0 0 0 0 0 0 0 0 0 0 0 0 0 0 0 0 0 0 0 -6.5206902653410603e-20 -1.3041380530682121e-19 0 -1.3041380530682121e-19 0 0 0 0 5.2165522122728482e-19 0 0 0 5.2165522122728482e-19 0 0 0 0 0 0 0 0 0 0 0 0 0 0 0 -3.2603451326705301e-20 0 6.5206902653410603e-20 1.3041380530682121e-19 0 0 0 2.6082761061364241e-19 0 0 0 -5.2165522122728482e-19 -5.2165522122728482e-19 0 0 0 0 0 0 0 0 0 0 0 0 0 0 0 0 0 0 0 0 0 1.3041380530682121e-19 -1.3041380530682121e-19 -1.3041380530682121e-19 0 0 2.6082761061364241e-19 -2.6082761061364241e-19 0 5.2165522122728482e-19 -5.2165522122728482e-19 -5.2165522122728482e-19 0 0 0 0 0 0 0 0 0 0 0 0 0 0 0 0 0 0 8.3464835396365595e-20 0 0 0 0 0 0 0 0 0 -6.6771868317092476e-19 0 0 0 0 0 0 0 0 0 0 0 0 0 0 0 0 2.0866208849091399e-20 -4.1732417698182797e-20 0 -8.3464835396365595e-20 0 -1.6692967079273119e-19 0 0 0 0 3.3385934158546238e-19 6.6771868317092476e-19 0 0 -1.3354373663418495e-18 0 0 0 0 0 0 0 0 0 0 0 0 0 0 0 2.0866208849091399e-20 0 8.3464835396365595e-20 8.3464835396365595e-20 0 1.6692967079273119e-19 0 0 0 -3.3385934158546238e-19 0 0 0 0 0 0 0 0 0 0 0 0 0 0 0 0 0 0 0 0 0 0 0 0 0 0 0 0 0 0 0 0 0 0 0 0 0 0 0 0 0 0 0 0 0 0 0 0 0 0 0 0 0 -8.3464835396365595e-20 0 1.6692967079273119e-19 0 0 0 0 0 0 6.6771868317092476e-19 -6.6771868317092476e-19 0 0 0 0 0 0 0 0 0 0 0 0 0 0 0 0 -2.0866208849091399e-20 4.1732417698182797e-20 0 8.3464835396365595e-20 0 1.6692967079273119e-19 0 0 0 0 -3.3385934158546238e-19 -6.6771868317092476e-19 0 0 1.3354373663418495e-18 0 0 0 0 0 0 0 0 0 0 0 0 0 0 0 0 0 0 0 0 1.6692967079273119e-19 0 0 3.3385934158546238e-19 3.3385934158546238e-19 0 -3.3385934158546238e-19 0 0 6.6771868317092476e-19 0 0 0 0 0 0 0 0 0 0 0 0 0 0 0 0 0 -8.3464835396365595e-20 0 1.6692967079273119e-19 1.6692967079273119e-19 0 -1.6692967079273121e-19 0 3.3385934158546238e-19 0 3.3385934158546238e-19 0 0 6.6771868317092476e-19 0 0 0 0 0 0 0 0 0 0 0 0 0 0 0 0 0 0 8.3464835396365595e-20 0 -1.6692967079273119e-19 0 -1.6692967079273119e-19 0 0 3.3385934158546238e-19 3.3385934158546238e-19 6.6771868317092476e-19 0 0 0 0 0 0 0 0 0 0 0 0 0 0 0 0 0 0 0 0 0 8.3464835396365595e-20 -1.6692967079273119e-19 0 1.6692967079273119e-19 3.3385934158546238e-19 -3.3385934158546238e-19 -3.3385934158546238e-19 -3.3385934158546238e-19 0 -6.6771868317092476e-19 0 0 0 0 0 0 0 0 0 0 0 0 0 0 0 0 2.0866208849091399e-20 0 0 8.3464835396365595e-20 -8.3464835396365595e-20 1.6692967079273119e-19 1.6692967079273119e-19 0 0 0 0 -3.3385934158546238e-19 3.3385934158546238e-19 0 0 0 0 0 0 0 0 0 0 0 0 0 0 0 0 0 0 -4.1732417698182797e-20 0 0 0 0 0 1.6692967079273119e-19 -1.6692967079273119e-19 0 0 3.3385934158546238e-19 0 0 0 0 0 0 0 0 0 0 0 0 0 0 0 0 0 0 0 0 0 0 -8.3464835396365595e-20 -8.3464835396365595e-20 0 0 0 0 0 0 0 0 0 0 0 0 0 0 0 0 0 0 0 0 0 0 0 0 0 0 0 0 -8.3464835396365595e-20 0 1.6692967079273119e-19 1.6692967079273119e-19 1.6692967079273119e-19 1.6692967079273119e-19 -1.6692967079273119e-19 -3.3385934158546238e-19 0 0 3.3385934158546238e-19 0 0 0 0 0 0 0 0 0 0 0 0 0 0 0 0 0 0 -4.1732417698182797e-20 0 0 0 0 0 0 1.6692967079273119e-19 0 3.3385934158546238e-19 0 3.3385934158546238e-19 0 0 0 0 0 0 0 0 0 0 0 0 0 0 0 0 0 0 0 0 0 -8.3464835396365595e-20 0 0 0 0 1.6692967079273121e-19 0 0 3.3385934158546238e-19 0 0 0 0 0 0 0 0 0 0 0 0 0 0 0 0 2.0866208849091399e-20 0 0 -4.1732417698182797e-20 -8.3464835396365595e-20 0 0 0 0 0 0 0 0 0 0 0 0 0 0 0 0 0 0 0 0 0 0 0 0 0 -2.0866208849091399e-20 2.0866208849091399e-20 4.1732417698182797e-20 4.1732417698182797e-20 0 0 8.3464835396365595e-20 8.3464835396365595e-20 8.3464835396365595e-20 1.6692967079273119e-19 0 0 1.6692967079273119e-19 0 0 0 0 0 0 0 0 0 0 0 0 0 0 0 0 -5.2165522122728497e-21 0 0 0 0 -4.1732417698182797e-20 0 4.1732417698182797e-20 0 0 0 -8.3464835396365595e-20 0 0 0 0 0 0 0 0 0 0 0 0 0 0 0 0 0 0 0 0 0 0 -2.0866208849091399e-20 4.1732417698182797e-20 0 -4.1732417698182797e-20 0 8.3464835396365595e-20 8.3464835396365595e-20 0 -8.3464835396365595e-20 1.6692967079273119e-19 1.6692967079273119e-19 0 0 0 0 0 0 0 0 0 0 0 0 0 0 0 0 0 1.0433104424545699e-20 0 2.0866208849091399e-20 0 0 0 -4.1732417698182797e-20 0 0 0 8.3464835396365595e-20 8.3464835396365595e-20 -1.6692967079273119e-19 0 0 0 0 0 0 0 0 0 0 0 0 0 0 0 0 0 1.0433104424545699e-20 0 -2.0866208849091399e-20 0 0 0 0 0 4.1732417698182797e-20 0 0 8.3464835396365595e-20 0 0 0 0 0 0 0 0 0 0 0 0 0 0 0 0 -1.3041380530682124e-21 0 0 0 0 -1.0433104424545699e-20 -2.0866208849091399e-20 0 0 0 0 0 0 0 8.3464835396365595e-20 0 0 0 0 0 0 0 0 0 0 0 0 0 0 0 0 0 0 0 0 0 -1.0433104424545699e-20 0 0 0 0 -2.0866208849091402e-20 2.0866208849091399e-20 -2.0866208849091399e-20 0 0 0 0 0 0 0 0 0 0 0 0 0 0 0 0 0 0 0 0 0 0 0 0 0 0 0 0 0 0 0 0 0 0 0 0 0 0 0 0 0 0 0 0 0 0 0 0 0 0 0 0 1.0433104424545699e-20 0 0 0 0 2.0866208849091399e-20 -2.0866208849091399e-20 2.0866208849091399e-20 0 0 0 0 0 0 0 0 0 0 0 0 0 0 0 0 1.3041380530682124e-21 0 0 0 0 1.0433104424545699e-20 2.0866208849091399e-20 0 0 0 0 0 0 0 -8.3464835396365595e-20 0 0 0 0 0 0 0 0 0 0 0 0 0 0 0 0 0 -1.0433104424545699e-20 0 2.0866208849091399e-20 0 0 0 0 0 -4.1732417698182797e-20 0 0 -8.3464835396365595e-20 0 0 0 0 0 0 0 0 0 0 0 0 0 0 0 0 0 0 -1.0433104424545699e-20 0 -2.0866208849091399e-20 0 0 0 4.1732417698182797e-20 0 0 0 -8.3464835396365595e-20 -8.3464835396365595e-20 1.6692967079273119e-19 0 0 0 0 0 0 0 0 0 0 0 0 0 0 0 0 0 0 0 2.0866208849091399e-20 -4.1732417698182797e-20 0 4.1732417698182797e-20 0 -8.3464835396365595e-20 -8.3464835396365595e-20 0 8.3464835396365595e-20 -1.6692967079273119e-19 -1.6692967079273119e-19 0 0 0 0 0 0 0 0 0 0 0 0 0 0 0 5.2165522122728497e-21 0 0 0 0 4.1732417698182797e-20 0 -4.1732417698182797e-20 0 0 0 8.3464835396365595e-20 0 0 0 0 0 0 0 0 0 0 0 0 0 0 0 0 0 0 0 2.0866208849091399e-20 -2.0866208849091399e-20 -4.1732417698182797e-20 -4.1732417698182797e-20 0 0 -8.3464835396365595e-20 -8.3464835396365595e-20 -8.3464835396365595e-20 -1.6692967079273119e-19 0 0 -1.6692967079273119e-19 0 0 0 0 0 0 0 0 0 0 0 0 0 0 0 0 0 -2.0866208849091399e-20 0 0 4.1732417698182797e-20 8.3464835396365595e-20 0 0 0 0 0 0 0 0 0 0 0 0 0 0 0 0 0 0 0 0 0 0 0 0 0 0 0 0 0 0 8.3464835396365595e-20 0 0 0 0 -1.6692967079273121e-19 0 0 -3.3385934158546238e-19 0 0 0 0 0 0 0 0 0 0 0 0 0 0 0 0 0 0 4.1732417698182797e-20 0 0 0 0 0 0 -1.6692967079273119e-19 0 -3.3385934158546238e-19 0 -3.3385934158546238e-19 0 0 0 0 0 0 0 0 0 0 0 0 0 0 0 0 0 0 0 8.3464835396365595e-20 0 -1.6692967079273119e-19 -1.6692967079273119e-19 -1.6692967079273119e-19 -1.6692967079273119e-19 1.6692967079273119e-19 3.3385934158546238e-19 0 0 -3.3385934158546238e-19 0 0 0 0 0 0 0 0 0 0 0 0 0 0 0 0 0 0 0 8.3464835396365595e-20 8.3464835396365595e-20 0 0 0 0 0 0 0 0 0 0 0 0 0 0 0 0 0 0 0 0 0 0 0 0 0 4.1732417698182797e-20 0 0 0 0 0 -1.6692967079273119e-19 1.6692967079273119e-19 0 0 -3.3385934158546238e-19 0 0 0 0 0 0 0 0 0 0 0 0 0 0 0 0 0 0 -2.0866208849091399e-20 0 0 -8.3464835396365595e-20 8.3464835396365595e-20 -1.6692967079273119e-19 -1.6692967079273119e-19 0 0 0 0 3.3385934158546238e-19 -3.3385934158546238e-19 0 0 0 0 0 0 0 0 0 0 0 0 0 0 0 0 0 0 0 0 0 -8.3464835396365595e-20 1.6692967079273119e-19 0 -1.6692967079273119e-19 -3.3385934158546238e-19 3.3385934158546238e-19 3.3385934158546238e-19 3.3385934158546238e-19 0 6.6771868317092476e-19 0 0 0 0 0 0 0 0 0 0 0 0 0 0 0 0 0 0 0 -8.3464835396365595e-20 0 1.6692967079273119e-19 0 1.6692967079273119e-19 0 0 -3.3385934158546238e-19 -3.3385934158546238e-19 -6.6771868317092476e-19 0 0 0 0 0 0 0 0 0 0 0 0 0 0 0 0 0 0 0 8.3464835396365595e-20 0 -1.6692967079273119e-19 -1.6692967079273119e-19 0 1.6692967079273121e-19 0 -3.3385934158546238e-19 0 -3.3385934158546238e-19 0 0 -6.6771868317092476e-19 0 0 0 0 0 0 0 0 0 0 0 0 0 0 0 0 0 0 0 0 -1.6692967079273119e-19 0 0 -3.3385934158546238e-19 -3.3385934158546238e-19 0 3.3385934158546238e-19 0 0 -6.6771868317092476e-19 0 0 0 0 0 0 0 0 0 0 0 0 0 0 0 2.0866208849091399e-20 -4.1732417698182797e-20 0 -8.3464835396365595e-20 0 -1.6692967079273119e-19 0 0 0 0 3.3385934158546238e-19 6.6771868317092476e-19 0 0 -1.3354373663418495e-18 0 0 0 0 0 0 0 0 0 0 0 0 0 0 0 0 0 0 8.3464835396365595e-20 0 -1.6692967079273119e-19 0 0 0 0 0 0 -6.6771868317092476e-19 6.6771868317092476e-19 0 0 0 0 0 0 0 0 0 0 0 0 0 0 0 0 0 0 0 0 0 0 0 0 0 0 0 0 0 0 0 0 0 0 0 0 0 0 0 0 0 0 0 0 0 0 -2.0866208849091399e-20 0 -8.3464835396365595e-20 -8.3464835396365595e-20 0 -1.6692967079273119e-19 0 0 0 3.3385934158546238e-19 0 0 0 0 0 0 0 0 0 0 0 0 0 0 0 0 0 0 0 0 -2.0866208849091399e-20 4.1732417698182797e-20 0 8.3464835396365595e-20 0 1.6692967079273119e-19 0 0 0 0 -3.3385934158546238e-19 -6.6771868317092476e-19 0 0 1.3354373663418495e-18 0 0 0 0 0 0 0 0 0 0 0 0 0 0 0 0 0 0 -8.3464835396365595e-20 0 0 0 0 0 0 0 0 0 6.6771868317092476e-19 0 0 0 0 0 0 0 0 0 0 0 0 0 0 0 0 2.1292049846011626e-20 0 -8.5168199384046503e-20 0 0 1.7033639876809301e-19 0 0 0 -3.4067279753618601e-19 3.4067279753618601e-19 0 -6.8134559507237203e-19 0 0 0 0 0 0 0 0 0 0 0 0 0 0 0 0 0 0 -4.2584099692023252e-20 0 8.5168199384046491e-20 0 1.7033639876809298e-19 -1.7033639876809301e-19 0 0 3.4067279753618601e-19 0 0 0 6.8134559507237203e-19 0 0 0 0 0 0 0 0 0 0 0 0 0 0 0 0 -2.1292049846011623e-20 -4.2584099692023252e-20 0 0 0 0 0 3.4067279753618601e-19 3.4067279753618601e-19 0 0 0 -6.8134559507237203e-19 0 1.3626911901447441e-18 0 0 0 0 0 0 0 0 0 0 0 0 0 0 0 0 0 0 0 0 0 0 0 0 0 0 0 0 0 0 0 0 0 0 0 0 0 0 0 0 0 0 0 0 0 2.1292049846011626e-20 0 0 0 -1.7033639876809301e-19 -1.7033639876809298e-19 3.4067279753618601e-19 0 -3.4067279753618601e-19 0 0 -6.8134559507237203e-19 0 6.8134559507237193e-19 0 0 0 0 0 0 0 0 0 0 0 0 0 0 0 0 0 4.2584099692023252e-20 0 -8.5168199384046491e-20 0 -1.7033639876809298e-19 1.7033639876809301e-19 0 0 -3.4067279753618601e-19 0 0 0 -6.8134559507237203e-19 0 0 0 0 0 0 0 0 0 0 0 0 0 0 0 0 0 0 0 -8.5168199384046503e-20 1.7033639876809301e-19 1.7033639876809301e-19 0 0 0 0 -3.4067279753618601e-19 0 0 0 0 0 0 0 0 0 0 0 0 0 0 0 0 0 0 0 0 0 0 0 1.7033639876809301e-19 0 0 0 3.4067279753618601e-19 0 0 -6.8134559507237203e-19 0 0 0 0 0 0 0 0 0 0 0 0 0 0 0 0 0 0 0 0 0 0 0 -1.7033639876809301e-19 0 0 3.4067279753618601e-19 3.4067279753618601e-19 0 6.8134559507237203e-19 0 0 -6.8134559507237203e-19 0 0 0 0 0 0 0 0 0 0 0 0 0 0 0 2.1292049846011626e-20 4.2584099692023252e-20 0 8.5168199384046503e-20 0 1.7033639876809298e-19 1.7033639876809301e-19 1.7033639876809301e-19 0 0 0 0 0 0 0 0 0 0 0 0 0 0 0 0 0 0 0 0 0 0 0 0 8.5168199384046503e-20 0 8.5168199384046491e-20 0 0 0 -3.4067279753618601e-19 -3.4067279753618601e-19 3.4067279753618601e-19 3.4067279753618596e-19 0 0 -6.8134559507237203e-19 0 0 0 0 0 0 0 0 0 0 0 0 0 0 0 0 0 4.2584099692023252e-20 0 8.5168199384046503e-20 0 0 0 -1.7033639876809301e-19 0 3.4067279753618601e-19 0 0 -6.8134559507237203e-19 0 0 0 0 0 0 0 0 0 0 0 0 0 0 0 0 -2.1292049846011626e-20 0 0 0 0 0 0 0 1.7033639876809301e-19 0 0 0 0 0 6.8134559507237203e-19 0 0 0 0 0 0 0 0 0 0 0 0 0 0 0 0 0 0 0 0 0 0 0 0 0 0 0 0 -6.8134559507237203e-19 0 0 0 0 0 0 0 0 0 0 0 0 0 0 0 0 0 0 4.2584099692023252e-20 -4.2584099692023252e-20 -8.5168199384046503e-20 0 0 1.7033639876809301e-19 0 1.7033639876809301e-19 -3.4067279753618601e-19 0 0 3.4067279753618601e-19 6.8134559507237203e-19 0 0 0 0 0 0 0 0 0 0 0 0 0 0 0 0 -2.1292049846011626e-20 4.2584099692023252e-20 0 0 0 8.5168199384046491e-20 0 -1.7033639876809301e-19 1.7033639876809301e-19 0 0 0 -3.4067279753618601e-19 0 0 0 0 0 0 0 0 0 0 0 0 0 0 0 0 0 0 4.2584099692023252e-20 0 0 0 -8.5168199384046503e-20 0 0 -1.7033639876809301e-19 1.7033639876809301e-19 1.7033639876809301e-19 0 0 0 0 0 0 0 0 0 0 0 0 0 0 0 0 0 0 -5.3230124615029065e-21 -2.1292049846011626e-20 2.1292049846011626e-20 0 0 4.2584099692023252e-20 0 -8.5168199384046491e-20 0 0 0 0 0 0 3.4067279753618601e-19 0 0 0 0 0 0 0 0 0 0 0 0 0 0 0 0 -1.0646024923005813e-20 0 0 0 0 0 0 0 0 -8.5168199384046503e-20 0 -1.7033639876809301e-19 0 -1.7033639876809301e-19 0 0 0 0 0 0 0 0 0 0 0 0 0 0 0 5.3230124615029065e-21 1.0646024923005813e-20 2.1292049846011626e-20 0 2.1292049846011623e-20 4.2584099692023252e-20 0 4.2584099692023246e-20 0 -8.5168199384046491e-20 0 0 0 -1.7033639876809298e-19 0 0 0 0 0 0 0 0 0 0 0 0 0 0 0 0 0 1.0646024923005813e-20 0 0 0 0 0 4.2584099692023252e-20 -4.2584099692023252e-20 0 0 0 0 0 1.7033639876809298e-19 0 0 0 0 0 0 0 0 0 0 0 0 0 0 0 0 -5.3230124615029065e-21 0 0 0 0 -2.1292049846011626e-20 4.2584099692023252e-20 0 4.2584099692023252e-20 4.2584099692023252e-20 0 -8.5168199384046503e-20 8.5168199384046503e-20 8.5168199384046503e-20 0 0 0 0 0 0 0 0 0 0 0 0 0 0 0 0 0 0 0 -1.0646024923005813e-20 1.0646024923005811e-20 2.1292049846011623e-20 0 0 0 0 0 0 8.5168199384046503e-20 0 0 0 0 0 0 0 0 0 0 0 0 0 0 0 0 0 0 2.6615062307514532e-21 0 -5.3230124615029065e-21 0 -1.0646024923005813e-20 0 0 1.0646024923005813e-20 -2.1292049846011626e-20 2.1292049846011623e-20 0 0 0 0 0 0 0 0 0 0 0 0 0 0 0 0 0 0 0 0 0 0 0 0 0 0 0 0 0 0 0 0 0 0 0 0 0 0 0 0 0 0 0 0 0 0 0 0 0 0 -2.6615062307514532e-21 0 5.3230124615029065e-21 0 1.0646024923005813e-20 0 0 -1.0646024923005813e-20 2.1292049846011626e-20 -2.1292049846011623e-20 0 0 0 0 0 0 0 0 0 0 0 0 0 0 0 0 0 0 0 0 0 0 1.0646024923005813e-20 -1.0646024923005811e-20 -2.1292049846011623e-20 0 0 0 0 0 0 -8.5168199384046503e-20 0 0 0 0 0 0 0 0 0 0 0 0 0 0 0 0 0 5.3230124615029065e-21 0 0 0 0 2.1292049846011626e-20 -4.2584099692023252e-20 0 -4.2584099692023252e-20 -4.2584099692023252e-20 0 8.5168199384046503e-20 -8.5168199384046503e-20 -8.5168199384046503e-20 0 0 0 0 0 0 0 0 0 0 0 0 0 0 0 0 -1.0646024923005813e-20 0 0 0 0 0 -4.2584099692023252e-20 4.2584099692023252e-20 0 0 0 0 0 -1.7033639876809298e-19 0 0 0 0 0 0 0 0 0 0 0 0 0 0 0 -5.3230124615029065e-21 -1.0646024923005813e-20 -2.1292049846011626e-20 0 -2.1292049846011623e-20 -4.2584099692023252e-20 0 -4.2584099692023246e-20 0 8.5168199384046491e-20 0 0 0 1.7033639876809298e-19 0 0 0 0 0 0 0 0 0 0 0 0 0 0 0 0 0 1.0646024923005813e-20 0 0 0 0 0 0 0 0 8.5168199384046503e-20 0 1.7033639876809301e-19 0 1.7033639876809301e-19 0 0 0 0 0 0 0 0 0 0 0 0 0 0 0 5.3230124615029065e-21 2.1292049846011626e-20 -2.1292049846011626e-20 0 0 -4.2584099692023252e-20 0 8.5168199384046491e-20 0 0 0 0 0 0 -3.4067279753618601e-19 0 0 0 0 0 0 0 0 0 0 0 0 0 0 0 0 0 -4.2584099692023252e-20 0 0 0 8.5168199384046503e-20 0 0 1.7033639876809301e-19 -1.7033639876809301e-19 -1.7033639876809301e-19 0 0 0 0 0 0 0 0 0 0 0 0 0 0 0 0 0 0 0 2.1292049846011626e-20 -4.2584099692023252e-20 0 0 0 -8.5168199384046491e-20 0 1.7033639876809301e-19 -1.7033639876809301e-19 0 0 0 3.4067279753618601e-19 0 0 0 0 0 0 0 0 0 0 0 0 0 0 0 0 0 0 -4.2584099692023252e-20 4.2584099692023252e-20 8.5168199384046503e-20 0 0 -1.7033639876809301e-19 0 -1.7033639876809301e-19 3.4067279753618601e-19 0 0 -3.4067279753618601e-19 -6.8134559507237203e-19 0 0 0 0 0 0 0 0 0 0 0 0 0 0 0 0 0 0 0 0 0 0 0 0 0 0 0 0 6.8134559507237203e-19 0 0 0 0 0 0 0 0 0 0 0 0 0 0 0 0 2.1292049846011626e-20 0 0 0 0 0 0 0 -1.7033639876809301e-19 0 0 0 0 0 -6.8134559507237203e-19 0 0 0 0 0 0 0 0 0 0 0 0 0 0 0 0 0 -4.2584099692023252e-20 0 -8.5168199384046503e-20 0 0 0 1.7033639876809301e-19 0 -3.4067279753618601e-19 0 0 6.8134559507237203e-19 0 0 0 0 0 0 0 0 0 0 0 0 0 0 0 0 0 0 -8.5168199384046503e-20 0 -8.5168199384046491e-20 0 0 0 3.4067279753618601e-19 3.4067279753618601e-19 -3.4067279753618601e-19 -3.4067279753618596e-19 0 0 6.8134559507237203e-19 0 0 0 0 0 0 0 0 0 0 0 0 0 0 0 -2.1292049846011626e-20 -4.2584099692023252e-20 0 -8.5168199384046503e-20 0 -1.7033639876809298e-19 -1.7033639876809301e-19 -1.7033639876809301e-19 0 0 0 0 0 0 0 0 0 0 0 0 0 0 0 0 0 0 0 0 0 0 0 0 0 0 0 1.7033639876809301e-19 0 0 -3.4067279753618601e-19 -3.4067279753618601e-19 0 -6.8134559507237203e-19 0 0 6.8134559507237203e-19 0 0 0 0 0 0 0 0 0 0 0 0 0 0 0 0 0 0 0 -1.7033639876809301e-19 0 0 0 -3.4067279753618601e-19 0 0 6.8134559507237203e-19 0 0 0 0 0 0 0 0 0 0 0 0 0 0 0 0 0 0 0 0 0 8.5168199384046503e-20 -1.7033639876809301e-19 -1.7033639876809301e-19 0 0 0 0 3.4067279753618601e-19 0 0 0 0 0 0 0 0 0 0 0 0 0 0 0 0 0 0 0 0 -4.2584099692023252e-20 0 8.5168199384046491e-20 0 1.7033639876809298e-19 -1.7033639876809301e-19 0 0 3.4067279753618601e-19 0 0 0 6.8134559507237203e-19 0 0 0 0 0 0 0 0 0 0 0 0 0 0 0 0 -2.1292049846011626e-20 0 0 0 1.7033639876809301e-19 1.7033639876809298e-19 -3.4067279753618601e-19 0 3.4067279753618601e-19 0 0 6.8134559507237203e-19 0 -6.8134559507237193e-19 0 0 0 0 0 0 0 0 0 0 0 0 0 0 0 0 0 0 0 0 0 0 0 0 0 0 0 0 0 0 0 0 0 0 0 0 0 0 0 0 0 0 0 0 0 0 2.1292049846011623e-20 4.2584099692023252e-20 0 0 0 0 0 -3.4067279753618601e-19 -3.4067279753618601e-19 0 0 0 6.8134559507237203e-19 0 -1.3626911901447441e-18 0 0 0 0 0 0 0 0 0 0 0 0 0 0 0 0 4.2584099692023252e-20 0 -8.5168199384046491e-20 0 -1.7033639876809298e-19 1.7033639876809301e-19 0 0 -3.4067279753618601e-19 0 0 0 -6.8134559507237203e-19 0 0 0 0 0 0 0 0 0 0 0 0 0 0 0 0 -2.1292049846011626e-20 0 8.5168199384046503e-20 0 0 -1.7033639876809301e-19 0 0 0 3.4067279753618601e-19 -3.4067279753618601e-19 0 6.8134559507237203e-19 0 0 0 0 0 0 0 0 0 0 0 0 0 0 0 0 0 0 0 0 0 -1.4838192959353883e-19 0 0 -2.9676385918707765e-19 0 0 0 -5.9352771837415531e-19 5.9352771837415521e-19 0 0 0 0 0 0 0 0 0 0 0 0 0 0 0 0 0 1.8547741199192353e-20 0 7.4190964796769414e-20 0 0 0 2.9676385918707761e-19 0 0 -2.9676385918707761e-19 0 -5.9352771837415531e-19 -5.9352771837415531e-19 0 0 0 0 0 0 0 0 0 0 0 0 0 0 0 0 0 0 0 7.4190964796769414e-20 0 -1.4838192959353883e-19 0 -2.9676385918707765e-19 2.9676385918707765e-19 2.9676385918707765e-19 0 0 0 0 0 0 0 0 0 0 0 0 0 0 0 0 0 0 0 0 0 0 0 0 0 0 0 0 0 0 0 0 0 0 0 0 0 0 0 0 0 0 0 0 0 0 0 0 0 0 0 0 0 0 0 1.483819295935388e-19 0 0 0 0 0 0 0 0 1.1870554367483106e-18 -1.1870554367483106e-18 0 0 0 0 0 0 0 0 0 0 0 0 0 0 0 -1.8547741199192353e-20 0 -7.4190964796769414e-20 0 0 0 -2.9676385918707761e-19 0 0 2.9676385918707761e-19 0 5.9352771837415531e-19 5.9352771837415531e-19 0 0 0 0 0 0 0 0 0 0 0 0 0 0 0 0 0 0 -3.7095482398384707e-20 0 0 0 -1.483819295935388e-19 0 0 0 -2.9676385918707765e-19 0 0 -5.9352771837415531e-19 0 0 0 0 0 0 0 0 0 0 0 0 0 0 0 0 0 -1.8547741199192353e-20 -3.7095482398384707e-20 0 0 0 0 0 0 2.9676385918707765e-19 0 0 0 0 0 0 0 0 0 0 0 0 0 0 0 0 0 0 0 0 0 1.8547741199192353e-20 0 0 7.4190964796769414e-20 0 -1.4838192959353883e-19 -2.9676385918707765e-19 0 0 2.9676385918707765e-19 0 0 0 0 0 0 0 0 0 0 0 0 0 0 0 0 0 0 0 0 -1.854774119919235e-20 3.7095482398384707e-20 0 7.4190964796769414e-20 0 0 -1.483819295935388e-19 0 0 -2.9676385918707765e-19 0 5.9352771837415531e-19 5.9352771837415531e-19 5.9352771837415531e-19 0 0 0 0 0 0 0 0 0 0 0 0 0 0 0 0 0 3.7095482398384707e-20 0 0 1.4838192959353883e-19 -1.4838192959353883e-19 -1.4838192959353883e-19 0 0 0 0 0 0 0 1.1870554367483104e-18 0 0 0 0 0 0 0 0 0 0 0 0 0 0 0 0 -3.7095482398384707e-20 0 0 0 0 0 -1.4838192959353883e-19 0 0 0 0 0 -5.9352771837415531e-19 0 0 0 0 0 0 0 0 0 0 0 0 0 0 0 0 0 -3.7095482398384707e-20 0 0 -7.4190964796769414e-20 0 1.4838192959353883e-19 0 0 0 0 -5.9352771837415531e-19 0 5.9352771837415531e-19 -5.9352771837415521e-19 0 0 0 0 0 0 0 0 0 0 0 0 0 0 0 0 0 3.7095482398384707e-20 0 7.4190964796769414e-20 0 -1.4838192959353883e-19 0 -1.4838192959353883e-19 0 0 0 0 5.9352771837415521e-19 0 0 0 0 0 0 0 0 0 0 0 0 0 0 0 0 0 -3.7095482398384707e-20 0 7.4190964796769402e-20 0 0 0 0 1.4838192959353883e-19 0 0 0 0 0 -5.9352771837415521e-19 0 0 0 0 0 0 0 0 0 0 0 0 0 0 0 9.2738705995961767e-21 1.8547741199192356e-20 -3.7095482398384701e-20 0 0 7.4190964796769414e-20 -1.483819295935388e-19 0 0 0 0 -2.9676385918707765e-19 -2.9676385918707765e-19 0 0 0 0 0 0 0 0 0 0 0 0 0 0 0 0 0 0 0 3.7095482398384707e-20 0 0 0 0 0 1.4838192959353883e-19 -1.4838192959353883e-19 1.4838192959353883e-19 0 0 0 0 0 0 0 0 0 0 0 0 0 0 0 0 0 0 0 0 1.854774119919235e-20 0 0 -3.7095482398384707e-20 0 0 -7.4190964796769414e-20 7.4190964796769414e-20 0 0 1.4838192959353883e-19 -2.9676385918707765e-19 0 0 0 0 0 0 0 0 0 0 0 0 0 0 0 0 0 4.6369352997980883e-21 0 -1.8547741199192353e-20 3.7095482398384707e-20 0 -3.7095482398384707e-20 0 0 0 0 0 0 -1.4838192959353883e-19 0 0 0 0 0 0 0 0 0 0 0 0 0 0 0 0 0 4.6369352997980883e-21 9.2738705995961767e-21 0 0 0 0 3.7095482398384707e-20 7.4190964796769414e-20 -7.4190964796769414e-20 0 0 -1.4838192959353883e-19 0 0 0 0 0 0 0 0 0 0 0 0 0 0 0 0 0 0 0 0 -9.2738705995961767e-21 0 0 3.7095482398384707e-20 0 3.7095482398384707e-20 0 0 -7.4190964796769414e-20 0 0 0 0 0 0 0 0 0 0 0 0 0 0 0 0 0 0 0 0 -4.6369352997980883e-21 0 0 0 0 0 0 0 3.7095482398384707e-20 -7.4190964796769402e-20 0 7.4190964796769402e-20 0 -1.483819295935388e-19 0 0 0 0 0 0 0 0 0 0 0 0 0 0 0 0 0 0 9.2738705995961767e-21 9.2738705995961752e-21 0 1.8547741199192353e-20 0 0 0 3.7095482398384713e-20 0 -7.4190964796769414e-20 0 0 0 0 0 0 0 0 0 0 0 0 0 0 0 0 0 1.1592338249495221e-21 0 -2.3184676498990438e-21 4.6369352997980883e-21 0 0 0 0 0 0 -1.8547741199192356e-20 -1.854774119919235e-20 3.7095482398384713e-20 -3.7095482398384707e-20 0 0 0 0 0 0 0 0 0 0 0 0 0 0 0 0 0 0 0 0 0 0 0 0 0 0 0 0 0 0 0 0 0 0 0 0 0 0 0 0 0 0 0 0 0 0 -1.1592338249495221e-21 0 2.3184676498990438e-21 -4.6369352997980883e-21 0 0 0 0 0 0 1.8547741199192353e-20 1.854774119919235e-20 -3.7095482398384707e-20 3.7095482398384707e-20 0 0 0 0 0 0 0 0 0 0 0 0 0 0 0 0 0 0 0 -9.2738705995961767e-21 -9.2738705995961752e-21 0 -1.8547741199192353e-20 0 0 0 -3.7095482398384713e-20 0 7.4190964796769426e-20 0 0 0 0 0 0 0 0 0 0 0 0 0 0 0 0 0 0 4.6369352997980883e-21 0 0 0 0 0 0 0 -3.7095482398384707e-20 7.4190964796769426e-20 0 -7.4190964796769402e-20 0 1.483819295935388e-19 0 0 0 0 0 0 0 0 0 0 0 0 0 0 0 0 0 9.2738705995961767e-21 0 0 -3.7095482398384707e-20 0 -3.7095482398384707e-20 0 0 7.4190964796769414e-20 0 0 0 0 0 0 0 0 0 0 0 0 0 0 0 0 0 0 0 -4.6369352997980883e-21 -9.2738705995961767e-21 0 0 0 0 -3.7095482398384707e-20 -7.4190964796769414e-20 7.4190964796769414e-20 0 0 1.4838192959353883e-19 0 0 0 0 0 0 0 0 0 0 0 0 0 0 0 0 0 0 -4.6369352997980883e-21 0 1.8547741199192353e-20 -3.7095482398384707e-20 0 3.7095482398384707e-20 0 0 0 0 0 0 1.4838192959353883e-19 0 0 0 0 0 0 0 0 0 0 0 0 0 0 0 0 0 0 -1.854774119919235e-20 0 0 3.7095482398384707e-20 0 0 7.4190964796769414e-20 -7.4190964796769414e-20 0 0 -1.4838192959353883e-19 2.9676385918707765e-19 0 0 0 0 0 0 0 0 0 0 0 0 0 0 0 0 0 0 0 -3.7095482398384707e-20 0 0 0 0 0 -1.4838192959353883e-19 1.4838192959353883e-19 -1.4838192959353883e-19 0 0 0 0 0 0 0 0 0 0 0 0 0 0 0 0 0 0 0 -9.2738705995961767e-21 -1.854774119919235e-20 3.7095482398384701e-20 0 0 -7.4190964796769414e-20 1.483819295935388e-19 0 0 0 0 2.9676385918707765e-19 2.9676385918707765e-19 0 0 0 0 0 0 0 0 0 0 0 0 0 0 0 0 0 0 3.7095482398384713e-20 0 -7.4190964796769402e-20 0 0 0 0 -1.4838192959353883e-19 0 0 0 0 0 5.9352771837415521e-19 0 0 0 0 0 0 0 0 0 0 0 0 0 0 0 0 0 -3.7095482398384707e-20 0 -7.4190964796769414e-20 0 1.4838192959353883e-19 0 1.4838192959353883e-19 0 0 0 0 -5.9352771837415521e-19 0 0 0 0 0 0 0 0 0 0 0 0 0 0 0 0 0 3.7095482398384707e-20 0 0 7.4190964796769414e-20 0 -1.4838192959353883e-19 0 0 0 0 5.9352771837415531e-19 0 -5.9352771837415531e-19 5.9352771837415521e-19 0 0 0 0 0 0 0 0 0 0 0 0 0 0 0 0 3.7095482398384707e-20 0 0 0 0 0 1.4838192959353883e-19 0 0 0 0 0 5.9352771837415531e-19 0 0 0 0 0 0 0 0 0 0 0 0 0 0 0 0 0 -3.7095482398384707e-20 0 0 -1.4838192959353883e-19 1.4838192959353883e-19 1.4838192959353883e-19 0 0 0 0 0 0 0 -1.1870554367483104e-18 0 0 0 0 0 0 0 0 0 0 0 0 0 0 0 1.854774119919235e-20 -3.7095482398384707e-20 0 -7.4190964796769414e-20 0 0 1.483819295935388e-19 0 0 2.9676385918707765e-19 0 -5.9352771837415531e-19 -5.9352771837415531e-19 -5.9352771837415531e-19 0 0 0 0 0 0 0 0 0 0 0 0 0 0 0 0 -1.8547741199192353e-20 0 0 -7.4190964796769414e-20 0 1.4838192959353883e-19 2.9676385918707765e-19 0 0 -2.9676385918707765e-19 0 0 0 0 0 0 0 0 0 0 0 0 0 0 0 0 0 0 0 0 1.8547741199192353e-20 3.7095482398384707e-20 0 0 0 0 0 0 -2.9676385918707765e-19 0 0 0 0 0 0 0 0 0 0 0 0 0 0 0 0 0 0 0 0 0 0 3.7095482398384707e-20 0 0 0 1.483819295935388e-19 0 0 0 2.9676385918707765e-19 0 0 5.9352771837415531e-19 0 0 0 0 0 0 0 0 0 0 0 0 0 0 0 0 0 1.8547741199192353e-20 0 7.4190964796769414e-20 0 0 0 2.9676385918707761e-19 0 0 -2.9676385918707761e-19 0 -5.9352771837415531e-19 -5.9352771837415531e-19 0 0 0 0 0 0 0 0 0 0 0 0 0 0 0 0 0 0 0 0 0 -1.483819295935388e-19 0 0 0 0 0 0 0 0 -1.1870554367483106e-18 1.1870554367483106e-18 0 0 0 0 0 0 0 0 0 0 0 0 0 0 0 0 0 0 0 0 0 0 0 0 0 0 0 0 0 0 0 0 0 0 0 0 0 0 0 0 0 0 0 0 0 0 0 -7.4190964796769414e-20 0 1.4838192959353883e-19 0 2.9676385918707765e-19 -2.9676385918707765e-19 -2.9676385918707765e-19 0 0 0 0 0 0 0 0 0 0 0 0 0 0 0 0 0 0 0 0 0 -1.8547741199192353e-20 0 -7.4190964796769414e-20 0 0 0 -2.9676385918707761e-19 0 0 2.9676385918707761e-19 0 5.9352771837415531e-19 5.9352771837415531e-19 0 0 0 0 0 0 0 0 0 0 0 0 0 0 0 0 0 0 0 0 0 1.4838192959353883e-19 0 0 2.9676385918707765e-19 0 0 0 5.9352771837415531e-19 -5.9352771837415521e-19 0 0 0 0 0 0 0 0 0 0 0 0 0 0 0 0 0 0 0 0 0 0 0 0 2.6082761061364241e-19 0 0 -5.2165522122728482e-19 0 0 -1.0433104424545696e-18 0 0 0 0 0 0 0 0 0 0 0 0 0 0 0 0 0 6.5206902653410603e-20 0 1.3041380530682121e-19 0 0 -2.6082761061364241e-19 2.6082761061364241e-19 0 0 0 0 1.0433104424545698e-18 0 -1.0433104424545696e-18 0 0 0 0 0 0 0 0 0 0 0 0 0 0 0 0 6.5206902653410603e-20 0 1.3041380530682121e-19 0 0 -2.6082761061364241e-19 -2.6082761061364241e-19 0 0 -5.2165522122728482e-19 0 0 1.0433104424545696e-18 0 0 0 0 0 0 0 0 0 0 0 0 0 0 0 0 0 0 0 0 0 0 0 0 0 0 0 0 0 0 0 0 0 0 0 0 0 0 0 0 0 0 0 0 0 0 0 0 0 0 -1.3041380530682121e-19 0 2.6082761061364241e-19 2.6082761061364241e-19 0 0 0 0 0 0 1.0433104424545696e-18 0 0 0 0 0 0 0 0 0 0 0 0 0 0 0 0 -6.5206902653410603e-20 0 -1.3041380530682121e-19 0 0 2.6082761061364241e-19 -2.6082761061364241e-19 0 0 0 0 -1.0433104424545698e-18 0 1.0433104424545696e-18 0 0 0 0 0 0 0 0 0 0 0 0 0 0 0 0 0 0 0 0 0 0 2.6082761061364241e-19 0 0 0 -5.2165522122728482e-19 0 0 0 0 0 0 0 0 0 0 0 0 0 0 0 0 0 0 0 0 0 1.3041380530682121e-19 0 0 0 0 0 0 -5.2165522122728482e-19 5.2165522122728482e-19 0 0 0 0 0 0 0 0 0 0 0 0 0 0 0 0 0 0 0 0 0 0 0 0 0 0 -2.6082761061364241e-19 -5.2165522122728492e-19 0 0 0 0 0 0 0 0 0 0 0 0 0 0 0 0 0 0 0 0 0 -3.2603451326705301e-20 -6.5206902653410603e-20 0 -1.3041380530682121e-19 1.3041380530682121e-19 0 0 0 0 0 0 5.2165522122728482e-19 0 0 0 0 0 0 0 0 0 0 0 0 0 0 0 0 0 1.6301725663352651e-20 3.2603451326705301e-20 0 0 -1.3041380530682121e-19 0 0 -2.6082761061364241e-19 0 2.6082761061364241e-19 0 -5.2165522122728482e-19 -5.2165522122728482e-19 1.0433104424545696e-18 -1.0433104424545696e-18 0 0 0 0 0 0 0 0 0 0 0 0 0 0 0 0 -3.2603451326705301e-20 -6.5206902653410603e-20 0 0 0 0 -2.6082761061364241e-19 0 0 0 0 0 0 0 0 0 0 0 0 0 0 0 0 0 0 0 0 0 0 0 0 0 -6.5206902653410603e-20 -1.3041380530682121e-19 0 0 -2.6082761061364241e-19 0 0 0 -5.2165522122728482e-19 0 -5.2165522122728482e-19 0 0 0 0 0 0 0 0 0 0 0 0 0 0 0 0 0 0 -6.5206902653410615e-20 0 0 0 0 0 0 -2.6082761061364241e-19 -2.6082761061364241e-19 0 0 0 0 0 0 0 0 0 0 0 0 0 0 0 0 0 0 0 0 0 0 0 0 -1.3041380530682121e-19 0 0 0 0 2.6082761061364241e-19 5.2165522122728482e-19 0 0 0 0 0 0 0 0 0 0 0 0 0 0 0 0 0 0 -8.1508628316763253e-21 0 0 -6.5206902653410603e-20 0 0 0 0 0 0 0 0 0 -5.2165522122728482e-19 -5.2165522122728482e-19 0 0 0 0 0 0 0 0 0 0 0 0 0 0 0 0 0 0 0 0 0 0 0 -1.3041380530682121e-19 -1.3041380530682121e-19 0 0 2.6082761061364241e-19 0 0 0 0 0 0 0 0 0 0 0 0 0 0 0 0 0 0 -1.6301725663352651e-20 -3.2603451326705301e-20 0 0 6.5206902653410603e-20 0 0 -1.3041380530682123e-19 0 0 2.6082761061364241e-19 0 0 5.2165522122728482e-19 0 0 0 0 0 0 0 0 0 0 0 0 0 0 0 -4.0754314158381627e-21 -1.6301725663352651e-20 0 -3.2603451326705301e-20 -3.2603451326705301e-20 0 0 6.5206902653410603e-20 0 0 -1.3041380530682121e-19 0 0 0 -2.6082761061364236e-19 0 0 0 0 0 0 0 0 0 0 0 0 0 0 0 4.0754314158381627e-21 -8.1508628316763253e-21 0 0 0 3.2603451326705301e-20 0 6.5206902653410603e-20 0 0 0 -1.3041380530682121e-19 0 -2.6082761061364241e-19 0 0 0 0 0 0 0 0 0 0 0 0 0 0 0 0 0 0 0 1.6301725663352651e-20 0 0 0 0 6.5206902653410603e-20 -6.5206902653410603e-20 -6.5206902653410603e-20 0 0 -1.3041380530682121e-19 2.6082761061364241e-19 0 0 0 0 0 0 0 0 0 0 0 0 0 0 0 0 8.1508628316763268e-21 0 -1.6301725663352651e-20 0 0 0 0 0 6.5206902653410603e-20 6.5206902653410603e-20 0 0 -1.3041380530682121e-19 1.3041380530682121e-19 0 0 0 0 0 0 0 0 0 0 0 0 0 0 0 0 0 0 0 0 -1.6301725663352651e-20 -1.6301725663352651e-20 0 3.2603451326705301e-20 -3.2603451326705295e-20 -3.2603451326705295e-20 0 6.5206902653410603e-20 -6.5206902653410603e-20 0 0 0 0 0 0 0 0 0 0 0 0 0 0 0 0 -1.0188578539595407e-21 2.0377157079190813e-21 4.0754314158381634e-21 0 0 0 0 0 0 1.6301725663352648e-20 1.6301725663352648e-20 0 0 -3.2603451326705301e-20 0 0 0 0 0 0 0 0 0 0 0 0 0 0 0 0 0 0 0 0 0 0 0 0 0 0 0 0 0 0 0 0 0 0 0 0 0 0 0 0 0 0 0 0 0 0 1.0188578539595407e-21 -2.0377157079190813e-21 -4.0754314158381634e-21 0 0 0 0 0 0 -1.6301725663352651e-20 -1.6301725663352651e-20 0 0 3.2603451326705301e-20 0 0 0 0 0 0 0 0 0 0 0 0 0 0 0 0 0 0 0 0 0 1.6301725663352651e-20 1.6301725663352651e-20 0 -3.2603451326705301e-20 3.2603451326705295e-20 3.2603451326705295e-20 0 -6.520690265341059e-20 6.5206902653410603e-20 0 0 0 0 0 0 0 0 0 0 0 0 0 0 0 0 0 -8.1508628316763268e-21 0 1.6301725663352651e-20 0 0 0 0 0 -6.520690265341059e-20 -6.520690265341059e-20 0 0 1.3041380530682121e-19 -1.3041380530682121e-19 0 0 0 0 0 0 0 0 0 0 0 0 0 0 0 0 0 0 -1.6301725663352651e-20 0 0 0 0 -6.5206902653410603e-20 6.5206902653410603e-20 6.5206902653410603e-20 0 0 1.3041380530682121e-19 -2.6082761061364241e-19 0 0 0 0 0 0 0 0 0 0 0 0 0 0 0 -4.0754314158381627e-21 8.1508628316763253e-21 0 0 0 -3.2603451326705301e-20 0 -6.5206902653410603e-20 0 0 0 1.3041380530682121e-19 0 2.6082761061364241e-19 0 0 0 0 0 0 0 0 0 0 0 0 0 0 0 0 4.0754314158381627e-21 1.6301725663352651e-20 0 3.2603451326705301e-20 3.2603451326705301e-20 0 0 -6.5206902653410603e-20 0 0 1.3041380530682121e-19 0 0 0 2.6082761061364241e-19 0 0 0 0 0 0 0 0 0 0 0 0 0 0 0 0 1.6301725663352651e-20 3.2603451326705301e-20 0 0 -6.5206902653410603e-20 0 0 1.3041380530682123e-19 0 0 -2.6082761061364241e-19 0 0 -5.2165522122728472e-19 0 0 0 0 0 0 0 0 0 0 0 0 0 0 0 0 0 0 0 0 0 0 0 1.3041380530682121e-19 1.3041380530682121e-19 0 0 -2.6082761061364241e-19 0 0 0 0 0 0 0 0 0 0 0 0 0 0 0 0 0 8.1508628316763253e-21 0 0 6.5206902653410603e-20 0 0 0 0 0 0 0 0 0 5.2165522122728482e-19 5.2165522122728482e-19 0 0 0 0 0 0 0 0 0 0 0 0 0 0 0 0 0 0 0 0 1.3041380530682121e-19 0 0 0 0 -2.6082761061364241e-19 -5.2165522122728482e-19 0 0 0 0 0 0 0 0 0 0 0 0 0 0 0 0 0 0 0 0 6.5206902653410615e-20 0 0 0 0 0 0 2.6082761061364241e-19 2.6082761061364241e-19 0 0 0 0 0 0 0 0 0 0 0 0 0 0 0 0 0 0 0 0 0 0 6.5206902653410603e-20 1.3041380530682121e-19 0 0 2.6082761061364241e-19 0 0 0 5.2165522122728482e-19 0 5.2165522122728482e-19 0 0 0 0 0 0 0 0 0 0 0 0 0 0 0 0 0 3.2603451326705301e-20 6.5206902653410603e-20 0 0 0 0 2.6082761061364241e-19 0 0 0 0 0 0 0 0 0 0 0 0 0 0 0 0 0 0 0 0 0 0 -1.6301725663352651e-20 -3.2603451326705301e-20 0 0 1.3041380530682121e-19 0 0 2.6082761061364241e-19 0 -2.6082761061364241e-19 0 5.2165522122728482e-19 5.2165522122728482e-19 -1.0433104424545696e-18 1.0433104424545696e-18 0 0 0 0 0 0 0 0 0 0 0 0 0 0 0 0 3.2603451326705301e-20 6.5206902653410603e-20 0 1.3041380530682121e-19 -1.3041380530682121e-19 0 0 0 0 0 0 -5.2165522122728482e-19 0 0 0 0 0 0 0 0 0 0 0 0 0 0 0 0 0 0 0 0 0 0 0 0 0 2.6082761061364241e-19 5.2165522122728492e-19 0 0 0 0 0 0 0 0 0 0 0 0 0 0 0 0 0 0 0 0 0 0 0 -1.3041380530682121e-19 0 0 0 0 0 0 5.2165522122728482e-19 -5.2165522122728482e-19 0 0 0 0 0 0 0 0 0 0 0 0 0 0 0 0 0 0 0 0 0 0 0 0 0 -2.6082761061364241e-19 0 0 0 5.2165522122728482e-19 0 0 0 0 0 0 0 0 0 0 0 0 0 0 0 0 0 0 0 6.5206902653410603e-20 0 1.3041380530682121e-19 0 0 -2.6082761061364241e-19 2.6082761061364241e-19 0 0 0 0 1.0433104424545698e-18 0 -1.0433104424545696e-18 0 0 0 0 0 0 0 0 0 0 0 0 0 0 0 0 0 0 0 1.3041380530682121e-19 0 -2.6082761061364241e-19 -2.6082761061364241e-19 0 0 0 0 0 0 -1.0433104424545696e-18 0 0 0 0 0 0 0 0 0 0 0 0 0 0 0 0 0 0 0 0 0 0 0 0 0 0 0 0 0 0 0 0 0 0 0 0 0 0 0 0 0 0 0 0 0 0 -6.5206902653410603e-20 0 -1.3041380530682121e-19 0 0 2.6082761061364241e-19 2.6082761061364241e-19 0 0 5.2165522122728482e-19 0 0 -1.0433104424545696e-18 0 0 0 0 0 0 0 0 0 0 0 0 0 0 0 0 0 -6.5206902653410603e-20 0 -1.3041380530682121e-19 0 0 2.6082761061364241e-19 -2.6082761061364241e-19 0 0 0 0 -1.0433104424545698e-18 0 1.0433104424545696e-18 0 0 0 0 0 0 0 0 0 0 0 0 0 0 0 0 0 0 0 0 0 0 -2.6082761061364241e-19 0 0 5.2165522122728482e-19 0 0 1.0433104424545696e-18 0 
end_dependent_variable

end_regular_table
