# ****************************************************************************
# CUI
#
# The Advanced Framework for Simulation, Integration, and Modeling (AFSIM)
#
# The use, dissemination or disclosure of data in this file is subject to
# limitation or restriction. See accompanying README and LICENSE for details.
# ****************************************************************************

irregular_table
   independent_variable alt units ft
   independent_variable mach precision float
   dependent_variable precision float
   alt       0.0
      mach       0.00     0.20     0.40     0.60     0.80     0.90     1.00     1.10     1.20     1.30     1.50
      values       1200.0000       1052.4000        980.4000        973.2000       1016.4000       1054.8000       1020.0000        936.0000        780.0000        600.0000          0.0000
   alt    5000.0
      mach       0.00     0.20     0.40     0.60     0.80     0.90     1.00     1.10     1.20     1.30     1.50
      values       1032.0000        905.0640        843.1440        836.9520        874.1040        907.1280        877.2000        804.9600        670.8000        516.0000          0.0000
   alt   10000.0
      mach       0.00     0.20     0.40     0.60     0.80     0.90     1.00     1.10     1.20     1.30     1.50
      values        883.2000        774.5664        721.5744        716.2752        748.0704        776.3328        750.7200        688.8960        574.0800        441.6000          0.0000
   alt   15000.0
      mach       0.00     0.20     0.40     0.60     0.80     0.90     1.00     1.10     1.20     1.30     1.50
      values        750.0000        657.7500        612.7500        608.2500        635.2500        659.2500        637.5000        585.0000        487.5000        375.0000          0.0000
   alt   20000.0
      mach       0.00     0.20     0.40     0.60     0.80     0.90     1.00     1.10     1.20     1.30     1.50
      values        634.8000        556.7196        518.6316        514.8228        537.6756        557.9892        539.5800        495.1440        412.6200        317.4000          0.0000
   alt   25000.0
      mach       0.00     0.20     0.40     0.60     0.80     0.90     1.00     1.10     1.20     1.30     1.50
      values        532.8000        467.2656        435.2976        432.1008        451.2816        468.3312        452.8800        415.5840        346.3200        266.4000          0.0000
   alt   30000.0
      mach       0.00     0.20     0.40     0.60     0.80     0.90     1.00     1.10     1.20     1.30     1.50
      values        444.0000        389.3880        362.7480        360.0840        376.0680        390.2760        377.4000        346.3200        288.6000        222.0000          0.0000
   alt   35000.0
      mach       0.00     0.20     0.40     0.60     0.80     0.90     1.00     1.10     1.20     1.30     1.50
      values        367.2000        322.0344        300.0024        297.7992        311.0184        322.7688        312.1200        286.4160        238.6800        183.6000          0.0000
   alt   40000.0
      mach       0.00     0.20     0.40     0.60     0.80     0.90     1.00     1.10     1.20     1.30     1.50
      values        290.4000        254.6808        237.2568        235.5144        245.9688        255.2616        246.8400        226.5120        188.7600        145.2000          0.0000
   alt   45000.0
      mach       0.00     0.20     0.40     0.60     0.80     0.90     1.00     1.10     1.20     1.30     1.50
      values        228.0000        199.9560        186.2760        184.9080        193.1160        200.4120        193.8000        177.8400        148.2000        114.0000          0.0000
   alt   50000.0
      mach       0.00     0.20     0.40     0.60     0.80     0.90     1.00     1.10     1.20     1.30     1.50
      values        178.8000        156.8076        146.0796        145.0068        151.4436        157.1652        151.9800        139.4640        116.2200         89.4000          0.0000
   alt   55000.0
      mach       0.00     0.20     0.40     0.60     0.80     0.90     1.00     1.10     1.20     1.30     1.50
      values          0.0000          0.0000          0.0000          0.0000          0.0000          0.0000          0.0000          0.0000          0.0000          0.0000          0.0000
end_irregular_table
