# ****************************************************************************
# CUI
#
# The Advanced Framework for Simulation, Integration, and Modeling (AFSIM)
#
# The use, dissemination or disclosure of data in this file is subject to
# limitation or restriction. See accompanying README and LICENSE for details.
# ****************************************************************************

# ##################################################################################################
# 
# This file was auto-generated by AFSIM Mover Creator 2.5.0.200324
# 
# Creation Date:  24 Mar 2020
# 
# ##################################################################################################

regular_table

independent_variable mach precision double
0.10000000000000001 0.5 0.70000000000000007 0.75 0.80000000000000004 0.84999999999999998 0.90000000000000002 0.92000000000000004 0.94000000000000006 0.95999999999999996 0.97999999999999998 1 1.02 1.04 1.0600000000000001 1.0800000000000001 1.1000000000000001 1.2 1.3 1.4000000000000001 1.5 1.75 2 2.5 3 3.5 4 
end_independent_variable

independent_variable beta units rad
-1.0471975511965976 -0.95993108859688125 -0.87266462599716477 -0.78539816339744828 -0.69813170079773179 -0.6108652381980153 -0.52359877559829882 -0.48869219055841229 -0.4537856055185257 -0.41887902047863912 -0.38397243543875248 -0.3490658503988659 -0.31415926535897931 -0.27925268031909273 -0.24434609527920614 -0.20943951023931956 -0.17453292519943295 -0.13962634015954636 -0.10471975511965978 -0.087266462599716474 -0.069813170079773182 -0.05235987755982989 -0.034906585039886591 -0.017453292519943295 0 0.017453292519943295 0.034906585039886591 0.05235987755982989 0.069813170079773182 0.087266462599716474 0.10471975511965978 0.13962634015954636 0.17453292519943295 0.20943951023931956 0.24434609527920614 0.27925268031909273 0.31415926535897931 0.3490658503988659 0.38397243543875248 0.41887902047863912 0.4537856055185257 0.48869219055841229 0.52359877559829882 0.6108652381980153 0.69813170079773179 0.78539816339744828 0.87266462599716477 0.95993108859688125 1.0471975511965976 
end_independent_variable

dependent_variable precision double
-28.751837058883496 -55.408931528226951 -89.681622965139681 -126.86958325562792 -165.84874153118369 -204.31682289828643 -240.44882653159735 -253.56320358606217 -267.80449575838958 -279.30210776010057 -290.16279822405562 -301.9552444738701 -311.29891890474426 -320.08915227913968 -328.8203097203438 -335.49085192186385 -341.387448061258 -346.08592675005087 -350.35501255009996 -351.81851919249527 -353.0998367307526 -354.00904461435664 -354.65914239466338 -355.04980533832486 -355.17993094624774 -355.04980533832486 -354.65914239466338 -354.00904461435664 -353.0998367307526 -351.81851919249527 -350.35501255009996 -346.08592675005087 -341.387448061258 -335.49085192186385 -328.8203097203438 -320.08915227913968 -311.29891890474426 -301.9552444738701 -290.16279822405562 -279.30210776010057 -267.80449575838958 -253.56320358606217 -240.44882653159735 -204.31682289828643 -165.84874153118369 -126.86958325562792 -89.681622965139681 -55.408931528226951 -28.751837058883496 -28.768729916139577 -55.42856188991756 -89.703771572859367 -126.89403526471756 -165.87523711011292 -204.34508391223753 -240.47856424270611 -253.59344975915963 -267.83519973329982 -279.33323060959214 -290.19429360379206 -301.9870626709905 -311.33101974701248 -320.12148739792917 -328.85283754096918 -335.5235320220296 -341.42023442871715 -346.11878056077109 -350.38789201836676 -351.85139643073529 -353.13269707510074 -354.04188245236924 -354.69194760819749 -355.0825678623255 -355.2126406958522 -355.0825678623255 -354.69194760819749 -354.04188245236924 -353.13269707510074 -351.85139643073529 -350.38789201836676 -346.11878056077109 -341.42023442871715 -335.5235320220296 -328.85283754096918 -320.12148739792917 -311.33101974701248 -301.9870626709905 -290.19429360379206 -279.33323060959214 -267.83519973329982 -253.59344975915963 -240.47856424270611 -204.34508391223753 -165.87523711011292 -126.89403526471756 -89.703771572859367 -55.42856188991756 -28.768729916139577 -28.768350521831131 -55.428144690337106 -89.703314638977488 -126.89353888231639 -165.87469979206688 -204.34450416612884 -240.47794132232585 -253.59280949339137 -267.83454188928403 -279.33255590972266 -290.19360225711313 -301.98635468014828 -311.3302958833541 -320.120747890345 -328.85208318594459 -335.52276360281928 -341.41945249042413 -346.11798610694052 -350.38708589708358 -351.85058486040708 -353.13187994227462 -354.04106033191715 -354.69112074769811 -355.08173650489204 -355.21180508499236 -355.08173650489204 -354.69112074769811 -354.04106033191715 -353.13187994227462 -351.85058486040708 -350.38708589708358 -346.11798610694052 -341.41945249042413 -335.52276360281928 -328.85208318594459 -320.120747890345 -311.3302958833541 -301.98635468014828 -290.19360225711313 -279.33255590972266 -267.83454188928403 -253.59280949339137 -240.47794132232585 -204.34450416612884 -165.87469979206688 -126.89353888231639 -89.703314638977488 -55.428144690337106 -28.768350521831131 -28.79471269871777 -55.458389090526914 -89.737210312135687 -126.93082727367076 -165.91509633537859 -204.38770036619738 -240.52360763530262 -253.63936722832662 -267.88193426814735 -279.38072506030835 -290.24248939165437 -302.03590017205465 -311.38043936379552 -320.1714280941145 -328.90323832985513 -335.57433145384158 -341.47137006799687 -346.17019017382773 -350.43951287205226 -351.90309930951685 -353.18446584502215 -354.09370172783326 -354.74380157278364 -355.13444072628135 -355.26451665189529 -355.13444072628135 -354.74380157278364 -354.09370172783326 -353.18446584502215 -351.90309930951685 -350.43951287205226 -346.17019017382773 -341.47137006799687 -335.57433145384158 -328.90323832985513 -320.1714280941145 -311.38043936379552 -302.03590017205465 -290.24248939165437 -279.38072506030835 -267.88193426814735 -253.63936722832662 -240.52360763530262 -204.38770036619738 -165.91509633537859 -126.93082727367076 -89.737210312135687 -55.458389090526914 -28.79471269871777 -29.070750579433522 -55.775049412102213 -90.092082344808659 -127.32120977690762 -166.33801738533245 -204.83994067605971 -241.00172451998768 -254.12682584017998 -268.37814049256957 -279.88507436885192 -290.7543672905428 -302.5546828637153 -311.90549469682054 -320.7021163405617 -329.43891291293409 -336.11433967361506 -342.0150539838653 -346.71688740763005 -350.98855733178289 -352.45306670166332 -353.73518856811938 -354.64501207010545 -355.29553161936462 -355.68642241060701 -355.8165818255909 -355.68642241060701 -355.29553161936462 -354.64501207010545 -353.73518856811938 -352.45306670166332 -350.98855733178289 -346.71688740763005 -342.0150539838653 -336.11433967361506 -329.43891291293409 -320.7021163405617 -311.90549469682054 -302.5546828637153 -290.7543672905428 -279.88507436885192 -268.37814049256957 -254.12682584017998 -241.00172451998768 -204.83994067605971 -166.33801738533245 -127.32120977690762 -90.092082344808659 -55.775049412102213 -29.070750579433522 -31.981399191893374 -58.636797439737542 -93.29914769881178 -130.84918431045452 -170.16005043386676 -208.92694362305662 -245.32259221592503 -258.53212309986827 -272.86249994248277 -284.44303257958973 -295.38037089203914 -307.2430956911146 -316.6506047742788 -325.49814232854453 -334.28001158485932 -340.99461289502301 -346.92855582588021 -351.65763157167254 -355.95052422830082 -357.42337927769114 -358.71233278694632 -359.62747186709237 -360.28178930192291 -360.67495910833048 -360.8058779817481 -360.67495910833048 -360.28178930192291 -359.62747186709237 -358.71233278694632 -357.42337927769114 -355.95052422830082 -351.65763157167254 -346.92855582588021 -340.99461289502301 -334.28001158485932 -325.49814232854453 -316.6506047742788 -307.2430956911146 -295.38037089203914 -284.44303257958973 -272.86249994248277 -258.53212309986827 -245.32259221592503 -208.92694362305662 -170.16005043386676 -130.84918431045452 -93.29914769881178 -58.636797439737542 -31.981399191893374 -43.403856854460294 -70.433563641119122 -106.38228180913461 -145.17608617063271 -185.68054338891605 -225.52342720337992 -262.86875674000788 -276.42114067477542 -291.07257549813505 -302.95198004434627 -314.16563991068108 -326.28179919091366 -335.91954702390763 -344.97384704924815 -353.93875065965238 -360.81243520225479 -366.88131631161338 -371.72102091777174 -376.10009828104671 -377.60684514917483 -378.92354237496147 -379.86026867094387 -380.53001020451359 -380.93243632052958 -381.06644087480106 -380.93243632052958 -380.53001020451359 -379.86026867094387 -378.92354237496147 -377.60684514917483 -376.10009828104671 -371.72102091777174 -366.88131631161338 -360.81243520225479 -353.93875065965238 -344.97384704924815 -335.91954702390763 -326.28179919091366 -314.16563991068108 -302.95198004434627 -291.07257549813505 -276.42114067477542 -262.86875674000788 -225.52342720337992 -185.68054338891605 -145.17608617063271 -106.38228180913461 -70.433563641119122 -43.403856854460294 -47.886851218370637 -75.061384841080212 -111.53741295307083 -150.83220586118057 -191.76112240151195 -232.02555601973401 -269.74167310869638 -283.42710946022737 -298.20543659231743 -310.20014623485224 -321.52044540463191 -333.73673537954608 -343.46334874958376 -352.59787428234881 -361.63500066578007 -368.57009690882899 -374.69134164451816 -379.57375550987126 -383.98692965794118 -385.50678011529266 -386.83431809630224 -387.77935521953844 -388.45503478129859 -388.86102481063665 -388.99621716610966 -388.86102481063665 -388.45503478129859 -387.77935521953844 -386.83431809630224 -385.50678011529266 -383.98692965794118 -379.57375550987126 -374.69134164451816 -368.57009690882899 -361.63500066578007 -352.59787428234881 -343.46334874958376 -333.73673537954608 -321.52044540463191 -310.20014623485224 -298.20543659231743 -283.42710946022737 -269.74167310869638 -232.02555601973401 -191.76112240151195 -150.83220586118057 -111.53741295307083 -75.061384841080212 -47.886851218370637 -50.715636707884386 -77.789889026609814 -114.56392912370062 -154.14666045911301 -195.34230810229479 -235.81526539955175 -273.74648070678029 -287.50892633811924 -302.36166534551182 -314.42282629663509 -325.80459686780796 -338.07959072303044 -347.8574344781228 -357.03838788959587 -366.11781794955289 -373.08832198746575 -379.23987297638968 -384.14691257620518 -388.58009545794147 -390.10750945732229 -391.44135313734637 -392.39117233774033 -393.07026859012092 -393.47830943898612 -393.61418513449814 -393.47830943898612 -393.07026859012092 -392.39117233774033 -391.44135313734637 -390.10750945732229 -388.58009545794147 -384.14691257620518 -379.23987297638968 -373.08832198746575 -366.11781794955289 -357.03838788959587 -347.8574344781228 -338.07959072303044 -325.80459686780796 -314.42282629663509 -302.36166534551182 -287.50892633811924 -273.74648070678029 -235.81526539955175 -195.34230810229479 -154.14666045911301 -114.56392912370062 -77.789889026609814 -50.715636707884386 -52.32434549130825 -79.117092265049763 -116.01993989542412 -155.73340588197306 -197.05218887524305 -237.63650166867728 -275.63789781122688 -289.43322398714639 -304.32165316649764 -316.41321973809818 -327.82313563437975 -340.12626761035494 -349.92757357842885 -359.13001792375212 -368.22967665940888 -375.21640193374628 -381.38198486232858 -386.30030753355891 -390.74310472159709 -392.27399462294471 -393.6107978919427 -394.56279558786099 -395.2434482563923 -395.652423490839 -395.78861032679089 -395.652423490839 -395.2434482563923 -394.56279558786099 -393.6107978919427 -392.27399462294471 -390.74310472159709 -386.30030753355891 -381.38198486232858 -375.21640193374628 -368.22967665940888 -359.13001792375212 -349.92757357842885 -340.12626761035494 -327.82313563437975 -316.41321973809818 -304.32165316649764 -289.43322398714639 -275.63789781122688 -237.63650166867728 -197.05218887524305 -155.73340588197306 -116.01993989542412 -79.117092265049763 -52.32434549130825 -52.9904590730549 -79.715786689374056 -116.65942083183681 -156.42186248479271 -197.78887524991939 -238.41705198978892 -276.45608951358423 -290.25677491850348 -305.150469836404 -317.24463528375867 -328.66362791704603 -340.97900486953068 -350.78933434689367 -360.00030336323078 -369.10871236684881 -376.10168256274176 -382.27283518378397 -387.19550322253622 -391.64250994015794 -393.17475036664405 -394.51277333812016 -395.46559573321122 -396.14683753308208 -396.55616666363727 -396.69247111206539 -396.55616666363727 -396.14683753308208 -395.46559573321122 -394.51277333812016 -393.17475036664405 -391.64250994015794 -387.19550322253622 -382.27283518378397 -376.10168256274176 -369.10871236684881 -360.00030336323078 -350.78933434689367 -340.97900486953068 -328.66362791704603 -317.24463528375867 -305.150469836404 -290.25677491850348 -276.45608951358423 -238.41705198978892 -197.78887524991939 -156.42186248479271 -116.65942083183681 -79.715786689374056 -52.9904590730549 -53.115920363197539 -79.921816936207676 -116.91053235327672 -156.68303374858078 -198.06262889519118 -238.7025532442791 -276.75088679629761 -290.55404621187591 -305.45229128361706 -317.54780400057541 -328.96184383786613 -341.2737736772296 -351.07918617159606 -360.28954045626955 -369.40123899009279 -376.39570794737665 -382.56840441882161 -387.49211730683203 -391.94076219936744 -393.47334199637379 -394.81175695807212 -395.76476000207128 -396.44613074604808 -396.85553760995617 -396.9918675999017 -396.85553760995617 -396.44613074604808 -395.76476000207128 -394.81175695807212 -393.47334199637379 -391.94076219936744 -387.49211730683203 -382.56840441882161 -376.39570794737665 -369.40123899009279 -360.28954045626955 -351.07918617159606 -341.2737736772296 -328.96184383786613 -317.54780400057541 -305.45229128361706 -290.55404621187591 -276.75088679629761 -238.7025532442791 -198.06262889519118 -156.68303374858078 -116.91053235327672 -79.921816936207676 -53.115920363197539 -53.058128083448032 -79.877759783054756 -116.88710343576629 -156.68453527173847 -198.05503662491265 -238.68718117613051 -276.72757633177798 -290.52698759980063 -305.42395615577357 -317.51539184391885 -328.92562453763657 -341.23631872807726 -351.03844650316898 -360.24308639594869 -369.3484180157609 -376.33601418416714 -382.50305583288775 -387.42488733122997 -391.873607529872 -393.4059120476328 -394.74421586991537 -395.6970080971297 -396.37822807197762 -396.78754480615379 -396.92384437935027 -396.78754480615379 -396.37822807197762 -395.6970080971297 -394.74421586991537 -393.4059120476328 -391.873607529872 -387.42488733122997 -382.50305583288775 -376.33601418416714 -369.3484180157609 -360.24308639594869 -351.03844650316898 -341.23631872807726 -328.92562453763657 -317.51539184391885 -305.42395615577357 -290.52698759980063 -276.72757633177798 -238.68718117613051 -198.05503662491265 -156.68453527173847 -116.88710343576629 -79.877759783054756 -53.058128083448032 -52.979713187908821 -79.593710475401593 -116.5742615001157 -156.34773304532908 -197.71573260823294 -238.32906271210913 -276.34188917267289 -290.13046528250243 -305.01952067613774 -317.10070092573727 -328.50141410166304 -340.80563326485827 -350.59971640168845 -359.79749938422822 -368.89792049242158 -375.87985349670498 -382.04233868876577 -386.9569765920383 -391.39975842616667 -392.92918061926321 -394.26498912483623 -395.21542790460552 -395.89455598021624 -396.30204806207047 -396.43728417150061 -396.30204806207047 -395.89455598021624 -395.21542790460552 -394.26498912483623 -392.92918061926321 -391.39975842616667 -386.9569765920383 -382.04233868876577 -375.87985349670498 -368.89792049242158 -359.79749938422822 -350.59971640168845 -340.80563326485827 -328.50141410166304 -317.10070092573727 -305.01952067613774 -290.13046528250243 -276.34188917267289 -238.32906271210913 -197.71573260823294 -156.34773304532908 -116.5742615001157 -79.593710475401593 -52.979713187908821 -52.907988102354679 -78.993573247151701 -115.85211253246013 -155.53274694531433 -196.82771045215472 -237.38785407560849 -275.35714591289826 -289.12807773098183 -304.00236737819887 -316.06605951440207 -327.44799265380146 -339.73724302237093 -349.51556496453924 -358.69956135799964 -367.78893728326818 -374.76146304191792 -380.91683483109631 -385.82583381317107 -390.26558636962397 -391.79381746286657 -393.12895427788243 -394.07911303958269 -394.75838020992353 -395.16659929308582 -395.3024683726868 -395.16659929308582 -394.75838020992353 -394.07911303958269 -393.12895427788243 -391.79381746286657 -390.26558636962397 -385.82583381317107 -380.91683483109631 -374.76146304191792 -367.78893728326818 -358.69956135799964 -349.51556496453924 -339.73724302237093 -327.44799265380146 -316.06605951440207 -304.00236737819887 -289.12807773098183 -275.35714591289826 -237.38785407560849 -196.82771045215472 -155.53274694531433 -115.85211253246013 -78.993573247151701 -52.907988102354679 -52.279477800744331 -77.888550924951332 -114.59032664548677 -154.12949387549327 -195.29358600878942 -235.73514851368333 -273.60211515908446 -287.33606189565597 -302.17838449665635 -314.21027664641184 -325.56536822473902 -337.83230857954294 -347.58828381060869 -356.75270107994015 -365.8260748909139 -372.78194593667837 -378.92314719244695 -383.82031802673743 -388.25176320291899 -389.77651743087085 -391.10883780697083 -392.05650368712963 -392.73391915097403 -393.14109266033444 -393.27655336837336 -393.14109266033444 -392.73391915097403 -392.05650368712963 -391.10883780697083 -389.77651743087085 -388.25176320291899 -383.82031802673743 -378.92314719244695 -372.78194593667837 -365.8260748909139 -356.75270107994015 -347.58828381060869 -337.83230857954294 -325.56536822473902 -314.21027664641184 -302.17838449665635 -287.33606189565597 -273.60211515908446 -235.73514851368333 -195.29358600878942 -154.12949387549327 -114.59032664548677 -77.888550924951332 -52.279477800744331 -50.986511440016194 -76.433627181680038 -112.96837755400414 -152.35238138962563 -193.37182218197617 -233.68070440872418 -271.42818712280729 -285.11790950832881 -299.92097062439143 -311.91335832570485 -323.2318301478798 -335.4673855634536 -345.19263259110539 -354.32976681068413 -363.38008737799589 -370.31445643675681 -376.43758022068528 -381.31958137217896 -385.739873917571 -387.25985810640839 -388.58840248918818 -389.53324296626579 -390.20864046502692 -390.61460237876122 -390.74965961246062 -390.61460237876122 -390.20864046502692 -389.53324296626579 -388.58840248918818 -387.25985810640839 -385.739873917571 -381.31958137217896 -376.43758022068528 -370.31445643675681 -363.38008737799589 -354.32976681068413 -345.19263259110539 -335.4673855634536 -323.2318301478798 -311.91335832570485 -299.92097062439143 -285.11790950832881 -271.42818712280729 -233.68070440872418 -193.37182218197617 -152.35238138962563 -112.96837755400414 -76.433627181680038 -50.986511440016194 -48.806619330079137 -74.066106331882835 -110.34428036996948 -149.48027865754884 -190.26916743720281 -230.36490755454764 -267.91779375808318 -281.53321508773462 -296.27818846818639 -308.20241179811205 -319.45803289670664 -331.64756394604092 -341.32049580701556 -350.41275409042191 -359.42936762063118 -366.32763781780994 -372.42150373206653 -377.27841251608771 -381.68327784121573 -383.19566864257808 -384.51857213054342 -385.45839747380836 -386.13021536741007 -386.53402660419556 -386.66836890258099 -386.53402660419556 -386.13021536741007 -385.45839747380836 -384.51857213054342 -383.19566864257808 -381.68327784121573 -377.27841251608771 -372.42150373206653 -366.32763781780994 -359.42936762063118 -350.41275409042191 -341.32049580701556 -331.64756394604092 -319.45803289670664 -308.20241179811205 -296.27818846818639 -281.53321508773462 -267.91779375808318 -230.36490755454764 -190.26916743720281 -149.48027865754884 -110.34428036996948 -74.066106331882835 -48.806619330079137 -48.714118850134618 -74.080070197442623 -110.38811573236971 -149.54261844236197 -190.34526100859833 -230.4480338379748 -268.00066188233473 -281.61194236378833 -296.36452836908671 -308.28174752550228 -319.53106345252252 -331.72643188776652 -341.39416395071521 -350.48385775621665 -359.50422009842498 -366.39894622665912 -372.49116818447067 -377.34562386491302 -381.75269907714539 -383.26443254122609 -384.58737262154318 -385.52660083097334 -386.1979954365782 -386.60155065275791 -386.73580935934262 -386.60155065275791 -386.1979954365782 -385.52660083097334 -384.58737262154318 -383.26443254122609 -381.75269907714539 -377.34562386491302 -372.49116818447067 -366.39894622665912 -359.50422009842498 -350.48385775621665 -341.39416395071521 -331.72643188776652 -319.53106345252252 -308.28174752550228 -296.36452836908671 -281.61194236378833 -268.00066188233473 -230.4480338379748 -190.34526100859833 -149.54261844236197 -110.38811573236971 -74.080070197442623 -48.714118850134618 -48.664847840062301 -74.131692501207837 -110.47331686290356 -149.65005163164537 -190.46994948245498 -230.58294257430083 -268.13813450515539 -281.74629349682891 -296.50744652817059 -308.41854997598341 -319.66238196344278 -331.86434142913504 -341.52755801790522 -350.61530207081466 -359.63995755266887 -366.53161278514551 -372.62259229189021 -377.47492411755871 -381.88446583469982 -383.39564310852899 -384.71870218237524 -385.65739785267175 -386.32841491758285 -386.73174199361881 -386.86592609757497 -386.73174199361881 -386.32841491758285 -385.65739785267175 -384.71870218237524 -383.39564310852899 -381.88446583469982 -377.47492411755871 -372.62259229189021 -366.53161278514551 -359.63995755266887 -350.61530207081466 -341.52755801790522 -331.86434142913504 -319.66238196344278 -308.41854997598341 -296.50744652817059 -281.74629349682891 -268.13813450515539 -230.58294257430083 -190.46994948245498 -149.65005163164537 -110.47331686290356 -74.131692501207837 -48.664847840062301 -48.626833573990105 -74.185337338072102 -110.56002121805726 -149.75876252904362 -190.59578772135191 -230.71891512668972 -268.27660328776437 -281.88161659872924 -296.65131412695581 -308.55628075797978 -319.79460943355411 -332.00314190689704 -341.66182689332106 -350.74760669416429 -359.77654258248248 -366.66511596157363 -372.75484376637786 -377.6050443962439 -382.01704695160447 -383.52766595929245 -384.85084204670045 -385.78900400099661 -386.45964231593217 -386.86274091378112 -386.99685003483387 -386.86274091378112 -386.45964231593217 -385.78900400099661 -384.85084204670045 -383.52766595929245 -382.01704695160447 -377.6050443962439 -372.75484376637786 -366.66511596157363 -359.77654258248248 -350.74760669416429 -341.66182689332106 -332.00314190689704 -319.79460943355411 -308.55628075797978 -296.65131412695581 -281.88161659872924 -268.27660328776437 -230.71891512668972 -190.59578772135191 -149.75876252904362 -110.56002121805726 -74.185337338072102 -48.626833573990105 -48.573705358459115 -74.325919438561698 -110.78111619049363 -150.03387260085501 -190.91309808350294 -231.06111741719067 -268.6246845864909 -282.22170477618721 -297.01264263829046 -308.9021543764751 -320.12662030308934 -332.35148948577495 -341.99875861701003 -351.07955017666876 -360.11911866212512 -366.99992845857167 -373.08647759864573 -377.93130974328005 -382.34943314834499 -383.85864513381694 -385.18210309287559 -386.11892383423094 -386.7886091008869 -387.19113419658646 -387.32505398682207 -387.19113419658646 -386.7886091008869 -386.11892383423094 -385.18210309287559 -383.85864513381694 -382.34943314834499 -377.93130974328005 -373.08647759864573 -366.99992845857167 -360.11911866212512 -351.07955017666876 -341.99875861701003 -332.35148948577495 -320.12662030308934 -308.9021543764751 -297.01264263829046 -282.22170477618721 -268.6246845864909 -231.06111741719067 -190.91309808350294 -150.03387260085501 -110.78111619049363 -74.325919438561698 -48.573705358459115 -48.489456685538833 -74.402035982342525 -110.90818198670974 -150.19457442525115 -191.09986979449081 -231.26335862104503 -268.83088598321814 -282.42326466749097 -297.22709097316107 -309.10746419909134 -320.323736738636 -332.5585219925224 -342.19904494205531 -351.27693566088124 -360.32296495274636 -367.1991865765375 -373.28388726187916 -378.12554625069708 -382.54737909631035 -384.05576039018155 -385.37940018391265 -386.31542433898676 -386.98454526489451 -387.38672904981485 -387.52053757556433 -387.38672904981485 -386.98454526489451 -386.31542433898676 -385.37940018391265 -384.05576039018155 -382.54737909631035 -378.12554625069708 -373.28388726187916 -367.1991865765375 -360.32296495274636 -351.27693566088124 -342.19904494205531 -332.5585219925224 -320.323736738636 -309.10746419909134 -297.22709097316107 -282.42326466749097 -268.83088598321814 -231.26335862104503 -191.09986979449081 -150.19457442525115 -110.90818198670974 -74.402035982342525 -48.489456685538833 -48.200970441930473 -74.356749516162608 -110.87745781388236 -150.17062189982806 -191.08006105711701 -231.24650628663738 -268.81643095078118 -282.40966407071801 -297.21429061929155 -309.0954091809092 -320.31237171231379 -332.54778920625347 -342.18888480497208 -351.26728768243152 -360.31376737223519 -367.19037765973133 -373.27540523485231 -378.11732990182679 -382.5393680243514 -384.0478246899533 -385.37153475665167 -386.30760421183277 -386.97676659765006 -387.37896577891763 -387.51278707881136 -387.37896577891763 -386.97676659765006 -386.30760421183277 -385.37153475665167 -384.0478246899533 -382.5393680243514 -378.11732990182679 -373.27540523485231 -367.19037765973133 -360.31376737223519 -351.26728768243152 -342.18888480497208 -332.54778920625347 -320.31237171231379 -309.0954091809092 -297.21429061929155 -282.40966407071801 -268.81643095078118 -231.24650628663738 -191.08006105711701 -150.17062189982806 -110.87745781388236 -74.356749516162608 -48.200970441930473 -48.02563301974083 -74.328866890990156 -110.85835851743046 -150.15558273399739 -191.06749292769422 -231.23569289922153 -268.80703759627619 -282.40077668290024 -297.20587654490583 -309.08743690453673 -320.30480790593595 -332.54059935109279 -342.18203444840447 -351.26074042692653 -360.30748663503334 -367.18432683161177 -373.26954785213138 -378.11162956035878 -382.53378911052221 -384.04229029396868 -385.36604188011449 -386.30213795702616 -386.97132488570747 -387.37353302908957 -387.50736193285616 -387.37353302908957 -386.97132488570747 -386.30213795702616 -385.36604188011449 -384.04229029396868 -382.53378911052221 -378.11162956035878 -373.26954785213138 -367.18432683161177 -360.30748663503334 -351.26074042692653 -342.18203444840447 -332.54059935109279 -320.30480790593595 -309.08743690453673 -297.20587654490583 -282.40077668290024 -268.80703759627619 -231.23569289922153 -191.06749292769422 -150.15558273399739 -110.85835851743046 -74.328866890990156 -48.02563301974083 -47.918950138224808 -74.311570800432449 -110.84634264875483 -150.14598704309395 -191.0593565118227 -231.2285854181155 -268.80075958458917 -282.39479420434157 -297.2001706796396 -309.08198869303516 -320.29959799175157 -332.53560806024245 -342.17724092276137 -351.25612392743994 -360.30302577435032 -367.18000016945672 -373.26533388207559 -378.10750705050953 -382.52973720606042 -384.03826420251363 -385.36203998587263 -386.29815146161224 -386.96735274472672 -387.36956595503597 -387.50339929416862 -387.36956595503597 -386.96735274472672 -386.29815146161224 -385.36203998587263 -384.03826420251363 -382.52973720606042 -378.10750705050953 -373.26533388207559 -367.18000016945672 -360.30302577435032 -351.25612392743994 -342.17724092276137 -332.53560806024245 -320.29959799175157 -309.08198869303516 -297.2001706796396 -282.39479420434157 -268.80075958458917 -231.2285854181155 -191.0593565118227 -150.14598704309395 -110.84634264875483 -74.311570800432449 -47.918950138224808 -47.85393733518692 -74.300728914186948 -110.83866172462388 -150.13973468564595 -191.05395264947484 -231.22377303217456 -268.79642123976635 -282.39062485466792 -297.19615944951727 -309.0781246936354 -320.29587012255541 -332.53200527365345 -342.17375118549927 -351.2527348622275 -360.29972559928973 -367.17677622942705 -373.262174090874 -378.1043994443167 -382.52666961598197 -384.03521123892369 -385.35900084997041 -386.29512092067387 -386.96433039273654 -387.36654632649334 -387.50038222188982 -387.36654632649334 -386.96433039273654 -386.29512092067387 -385.35900084997041 -384.03521123892369 -382.52666961598197 -378.1043994443167 -373.262174090874 -367.17677622942705 -360.29972559928973 -351.2527348622275 -342.17375118549927 -332.53200527365345 -320.29587012255541 -309.0781246936354 -297.19615944951727 -282.39062485466792 -268.79642123976635 -231.22377303217456 -191.05395264947484 -150.13973468564595 -110.83866172462388 -74.300728914186948 -47.85393733518692 
end_dependent_variable

end_regular_table
