# ****************************************************************************
# CUI
#
# The Advanced Framework for Simulation, Integration, and Modeling (AFSIM)
#
# The use, dissemination or disclosure of data in this file is subject to
# limitation or restriction. See accompanying README and LICENSE for details.
# ****************************************************************************

# ##################################################################################################
# 
# This file was auto-generated by AFSIM Mover Creator 2.8.0.201104
# 
# Creation Date:  05 Nov 2020
# 
# ##################################################################################################

regular_table

independent_variable mach precision double
0.10000000000000001 0.5 0.70000000000000007 0.75 0.80000000000000004 0.84999999999999998 0.90000000000000002 0.92000000000000004 0.94000000000000006 0.95999999999999996 0.97999999999999998 1 1.02 1.04 1.0600000000000001 1.0800000000000001 1.1000000000000001 1.2 1.3 1.4000000000000001 1.5 1.75 2 2.5 3 3.5 4 
end_independent_variable

independent_variable surface_angle units deg
-40 -30 -28 -26 -24 -22 -20 -18 -16 -14 -12 -10 -9 -8 -7 -6 -5 -4 -3 -2 -1 0 1 2 3 4 5 6 7 8 9 10 12 14 16 18 20 22 24 26 28 30 35 40 
end_independent_variable

dependent_variable precision double
-1.3969910939970724 -0.1077521988401518 0.36462127760889657 0.23095237732535043 0.60447104813513963 0.44334608269175507 0.53418969893155399 0.76030633728183206 0.56856365925361396 0.70208441658159104 0.51412045398218598 0.3441470360010182 0.47816767424710194 0.3984554690151319 0.32221898056987136 0.24898387618943563 0.17935986966808415 0.22107803534842058 0.1583537202530334 0.1005181541821359 0.047704232189337524 0 -0.04251615967680699 -0.079839304175999423 -0.11189776015259194 -0.13855469546035748 -0.15962681081855382 -0.28327822632298139 -0.29170344095160256 -0.29343667526101508 -0.28904350296427705 -0.27891958836403252 -0.46177438920978503 -0.41088494039922602 -0.66387268404652411 -0.574398562834463 -0.46583924328101328 -0.70067076198942091 -0.58256103918616342 -0.97685985961408295 -0.84007706461814469 -0.68856684687144021 -0.94298980789338782 -1.3116955788616624 -1.3980817769388501 -0.10861339249209444 0.36380890877382582 0.23019187620165202 0.60376196148637751 0.44269143037083641 0.53358909765657514 0.75976105165967989 0.5680761092260197 0.70165439426359866 0.51374993341921038 0.34383720957955111 0.47788758399099013 0.39820596063382147 0.3220000684244661 0.24879578078670597 0.17920278178731572 0.22095186327003041 0.15825890069020968 0.10045482939756853 0.047672521436036792 0 -0.042484344785557737 -0.079775581277699556 -0.1118020404676956 -0.13842690364094007 -0.15946682777117288 -0.28308581378096809 -0.29147867413522721 -0.2931794395527127 -0.28875389579615846 -0.27859755053643648 -0.46138783626157637 -0.41043359401221308 -0.66335649146758568 -0.57381782500850764 -0.46519416624201004 -0.69996190339498709 -0.58178837069705436 -0.97602418104803945 -0.83917830034002017 -0.68760576733849677 -0.94187772231139455 -1.3104374310246458 -1.3979332358934837 -0.10849670782162125 0.363918602841932 0.23029454788148138 0.60385733670424246 0.4427795000632847 0.53366961608916397 0.75983390324148059 0.56814127589395502 0.70171167987690419 0.51379930788339523 0.34387860182310825 0.47792488619218504 0.39823919873838165 0.32202920940185287 0.24882080898331618 0.1792236803847011 0.22096859761006049 0.15827147429933325 0.10046322694929649 0.04767672808258349 0 -0.042488564939520398 -0.079784033896282192 -0.11181473702382448 -0.13844385435493406 -0.15948803856299806 -0.28311128074121295 -0.29150841435360525 -0.29321345373132224 -0.28879219851949833 -0.2786401435597527 -0.46143904853217127 -0.41049340998818101 -0.66342489991535203 -0.57389482573659101 -0.46527974003844502 -0.70005603826027363 -0.58189100529332238 -0.97613529584418779 -0.83929779793585146 -0.68773360018280072 -0.94202619352988304 -1.3106059400040442 -1.3979036628702675 -0.10847346970468617 0.36394045201673464 0.23031499968897071 0.60387633954018538 0.4427970475130551 0.53368566155895825 0.75984842381735984 0.5681542647464165 0.70172309985855941 0.51380915071267441 0.34388685080921733 0.47793232186111562 0.39824582378682988 0.32203501848429672 0.24882579804673305 0.17922784686004908 0.22097193410934954 0.15827398144487786 0.10046490173723244 0.047677566581558618 0 -0.042489406336646059 -0.079785719419143239 -0.11181726872286739 -0.13844723445612991 -0.15949226846655451 -0.28311635980885869 -0.2915143452022525 -0.29322023657638763 -0.28879983688743061 -0.27864863753033586 -0.46144926037799094 -0.41050533825717006 -0.66343854124062951 -0.57391017887352791 -0.46529680233821546 -0.70007480799954525 -0.58191146929179305 -0.97615744730426857 -0.83932162383680819 -0.68775908680180098 -0.94205578850963112 -1.3106395223921328 -1.3978762595864407 -0.10845193602737724 0.36396069925827884 0.23033394945265689 0.60389394902992444 0.44281330610162989 0.53370053120540073 0.75986188224600226 0.56816630104281984 0.70173368242829548 0.51381827283793791 0.34389449672470768 0.47793921464840911 0.39825196598305485 0.3220404028929445 0.24883042296042795 0.17923170852894738 0.22097502656561474 0.15827630519114858 0.10046645376964448 0.047678344137594107 0 -0.042490186100701259 -0.07978728122109506 -0.11181961480464371 -0.13845036666871746 -0.15949618847344779 -0.2831210667324347 -0.29151984272852788 -0.29322652421868051 -0.28880691788496776 -0.27865651167567912 -0.46145872646764724 -0.41051639432845516 -0.66345118156505878 -0.57392441075930734 -0.46531261637084376 -0.70009220290247987 -0.58193043328892891 -0.97617798151258039 -0.83934370406581449 -0.68778270622199877 -0.94208321119690519 -1.3106706424572776 -1.3978507531810305 -0.10843189399004961 0.36397954788788056 0.23035159264311925 0.60391034487873774 0.44282844573682356 0.53371437588390791 0.7598744124686353 0.56817751007581696 0.70174353925167232 0.51382676810102035 0.34390161603447822 0.47794563147680891 0.39825768240446552 0.32204541702446582 0.24883472911346716 0.17923530450944689 0.22097790702007419 0.15827846917013946 0.10046789902724974 0.047679068198517922 0 -0.042490912373633977 -0.079788736132553439 -0.1118218000699818 -0.13845328441417645 -0.1594998392575151 -0.28312545061095901 -0.29152496247798931 -0.29323238002258201 -0.28881351015818568 -0.27866384412018685 -0.46146754144081381 -0.41052668993142355 -0.66346295910628494 -0.57393766257953616 -0.46532734438488893 -0.70010840197225754 -0.58194809470203623 -0.97619709942883504 -0.83936426626232152 -0.68780470232684998 -0.94210875296254382 -1.3106996193351181 -1.3978269125360072 -0.10841315019650555 0.36399717454711689 0.23036809000897984 0.60392567251673712 0.44284259968967965 0.53372732302534132 0.75988612870390537 0.56818799160720945 0.7017527562080913 0.51383471036586592 0.34390827403368135 0.47795163333313617 0.39826303102205129 0.32205010506319032 0.2488387557834697 0.17923866689861478 0.22098060036530798 0.15828049308049802 0.10046925077013412 0.04767974523879439 0 -0.042491591665811304 -0.079790096468164914 -0.11182384348750633 -0.13845601308772559 -0.15950325360994355 -0.28312955031515274 -0.29152974882644772 -0.2932378559274178 -0.28881967842779244 -0.27867070102067759 -0.46147578519309851 -0.41053631726436191 -0.66347396874333442 -0.57395005649933761 -0.46534111677917389 -0.70012355331972942 -0.58196461169473868 -0.97621497941794244 -0.83938349453568073 -0.68782527444847574 -0.94213263228680688 -1.3107267134403371 -1.3993566847839762 -0.10966639868870763 0.36257120134477366 0.22925598919783402 0.60265955836481311 0.44188030353508412 0.53281185698774447 0.75887541320065111 0.56744519249067193 0.70094978559848298 0.5132611239738748 0.34353178459385564 0.4774563367793499 0.3978540370300821 0.32172175157319233 0.2485862722856863 0.17905711536899199 0.22075932938626414 0.15812170385571922 0.10036795932322558 0.047631268681880876 0 -0.042447088228737759 -0.079704616981098597 -0.11170052811828841 -0.13829765370354896 -0.15931233219729463 -0.28280193354339694 -0.29117495021270284 -0.2928580070743641 -0.28841580743089418 -0.27824286656897895 -0.46078774963111335 -0.4097879659791448 -0.66234882530537165 -0.57274486227738752 -0.46403501213592985 -0.69837905899220964 -0.58006879204210959 -0.97368533039386795 -0.83666875776761096 -0.68489407760092513 -0.93807515707836531 -1.3054492107385833 -1.4008812701842155 -0.11091647647896836 0.36114794906736619 0.2281462007286468 0.60139535822250745 0.4409195539373309 0.53189762031169452 0.75786563039045296 0.56670308220926524 0.70014730071331877 0.51268786184922477 0.3431555035878992 0.47696119923170499 0.39744516511387795 0.32139348836028414 0.24833385394901789 0.1788756087928155 0.22053808930593297 0.15796293415406321 0.10026667935722171 0.047582797154545053 0 -0.042402589577900975 -0.07961914882175182 -0.11157723157488192 -0.1381393249914987 -0.15912145581149317 -0.28247438184978091 -0.29082024113565313 -0.29247827715678071 -0.28801209653158111 -0.2778152396639525 -0.46010003901941959 -0.40904010053326062 -0.6612243645623701 -0.57154059366368215 -0.46273013324161738 -0.69663611620004828 -0.57817488865857891 -0.97115798657587915 -0.83395673540134452 -0.68196605359990758 -0.93402192777813253 -1.3001768842381944 -1.4024006785405716 -0.11216337935469727 0.359727416259636 0.22703871537201545 0.60013307634070656 0.4399603520453082 0.53098460878460108 0.75685677299701815 0.56596165413773336 0.69934530193556133 0.51211492506421141 0.34277942745425816 0.47646622091997892 0.3970364128990696 0.32106531259054133 0.24808149895439127 0.17869414657649293 0.22031687872650033 0.15780418352076167 0.10016541073329845 0.047534330637638768 0 -0.042358096529490338 -0.079533692109800436 -0.11145395499660103 -0.13798102698029699 -0.15893062484507597 -0.28214689301312046 -0.29046562021663258 -0.29209866751503732 -0.28760854425544646 -0.2773878188311914 -0.4594126538750169 -0.40829271774811837 -0.66010058873551347 -0.57033726050036471 -0.46142648381097517 -0.69489471759035992 -0.57628289901659246 -0.9686329557764165 -0.83124743222391584 -0.67904120175608984 -0.92997295625795429 -1.2949097170122157 -1.4039148947643119 -0.11340711124764544 0.35830961008298684 0.22593354152759007 0.59887270521334046 0.43900269571442463 0.53007282464041372 0.75584884627970217 0.56522091058661861 0.69854378546111395 0.51154231253377391 0.34240355978639991 0.47597140339517102 0.39662778127923692 0.32073722732766602 0.24782920851452195 0.17851273016251745 0.22009569835963877 0.15764545234675581 0.10006415320891276 0.04748586925163574 0 -0.042313608489115744 -0.079448246961728988 -0.11133069726008835 -0.13782275851786419 -0.15873983848424722 -0.28181946905035293 -0.29011108927471446 -0.29171918038308348 -0.28720515139394681 -0.276960604000486 -0.45872559305539973 -0.40754581927045797 -0.65897749770991332 -0.56913485146450282 -0.46012405995054867 -0.69315486487371192 -0.57439282365229827 -0.96611022978731143 -0.82854085696687618 -0.67611952380556994 -0.92592823347990949 -1.2896477179709149 -1.4036144943011943 -0.11464766725588944 0.35689452046549797 0.22483067605507592 0.59761425091675158 0.43804658920833234 0.52916226666641686 0.75484184863006143 0.56448085476004262 0.69774275287288945 0.51097002439833172 0.3420278955994257 0.47547674368931986 0.39621926930973839 0.32040922927817844 0.24757698167200298 0.17833135734885308 0.21987454887234173 0.15748674048045616 0.099962906780873301 0.047437413212750364 0 -0.042269125334707801 -0.079362812278115175 -0.11120745869724491 -0.13766452059032944 -0.15854909707048198 -0.28149211047209532 -0.28975664646529464 -0.29133981263338982 -0.28680191924915543 -0.27653359663347743 -0.4580388570137407 -0.40679940914691931 -0.65785509216213711 -0.56793337389621612 -0.45882286062633831 -0.69141656282437314 -0.57250466322949833 -0.96358981367643781 -0.82583699671161503 -0.67320101535704135 -0.92188776919678306 -1.2816847236315856 -1.3925738374463115 -0.1151684270743298 0.35548215506642467 0.22373011998847253 0.59635771080849687 0.43709202796977437 0.52825293551364749 0.75383577966513315 0.56374148279008141 0.69694220734947876 0.51039806180677327 0.34165243981440718 0.47498224346831347 0.39581087835009188 0.32008132196533601 0.2473248190970192 0.17815003079709113 0.21965342888594327 0.15732804705062245 0.09986167156406886 0.04738896220743187 0 -0.042224647760386522 -0.079277389456773095 -0.11108423928413556 -0.13750631300621133 -0.15835840101546528 -0.28116481480823785 -0.28940229370318704 -0.29096056698499201 -0.28639884653814707 -0.27610679671101757 -0.45735244682233556 -0.40605347998632108 -0.65673337377722085 -0.56673282522965418 -0.4575228911615265 -0.68967980631064263 -0.57061841801626656 -0.96107170633320371 -0.82313585770042519 -0.66927193513118544 -0.90970324751371523 -1.2575122768065492 -1.3816625754387395 -0.10870596023543798 0.36065988602284804 0.22768728738030108 0.59887555646050628 0.43883530475653115 0.52915040855620687 0.75391128043017763 0.56350863095948878 0.69620632125981685 0.50982642355914831 0.34127719038249343 0.47448790281512698 0.39540260817690237 0.31975350286158444 0.24707272153634796 0.17796874854773867 0.21943233866851727 0.1571693738667537 0.09976044820953614 0.047340516196586135 0 -0.042180174851828296 -0.079191977265839181 -0.1109610395393557 -0.13734813552296679 -0.15816775019473414 -0.28083758399274233 -0.28904803024799686 -0.29058144038695333 -0.28599593243755178 -0.27568020204383592 -0.45666636158760443 -0.40523226083062025 -0.65500058955756679 -0.56419397811645988 -0.45393162492087696 -0.68443542739906282 -0.56370659866048256 -0.95165766050019951 -0.81125433932522384 -0.65540478730468144 -0.89166096430000297 -1.2332688323607679 -1.3729924593432528 -0.10441705526481569 0.36427373342056957 0.23115819114200409 0.6017715452430179 0.44162761010987672 0.53159301795555558 0.75586766801893501 0.56535229321494251 0.69762348121232587 0.51086791816302934 0.34197568002382311 0.47484299846117739 0.39564635674712029 0.31990864907644007 0.24716290970542762 0.17801283411419008 0.21934248965764766 0.15707501395499229 0.099680472357001296 0.047291871744805938 0 -0.042106538913610596 -0.079027125513856655 -0.11068613997177121 -0.13693768603312748 -0.15759670868607706 -0.27997556343801694 -0.2879741370705356 -0.28926155819219251 -0.28439832429030276 -0.27376930589380805 -0.45378489651488402 -0.40147411719791448 -0.65029679917872774 -0.55879502887028676 -0.44777700434978124 -0.67714658225771396 -0.5555324299959199 -0.94206459667882603 -0.80062684112496751 -0.64362237024742341 -0.87568715582642975 -1.2110666407935275 -1.3740069189586011 -0.1041021956849604 0.36446881916078372 0.23167959644418995 0.60211600363224926 0.44221001305794744 0.53211730749076702 0.75615304214639401 0.56573126687679987 0.69774488658824785 0.51101069362733109 0.34211051998257219 0.47476223490050357 0.39555927904951277 0.31981844984931057 0.24707679368158356 0.17793496325321018 0.21917236500620144 0.156932812977926 0.099576575414922305 0.047235065421372256 0 -0.04202970027372091 -0.078864257863252948 -0.11042762904372612 -0.13656690412040234 -0.15710018871304948 -0.27923765585704485 -0.28709080758339306 -0.28821821271010561 -0.28318753574185507 -0.27238350065411443 -0.45180582251812068 -0.39908642324253474 -0.64717811498077404 -0.55525266244338478 -0.44381519728742591 -0.67246128812528583 -0.55045690808753678 -0.93616509458083907 -0.79440690321561847 -0.63710920388678693 -0.86813264425568804 -1.2031049795475939 -1.37600676873659 -0.10552956259093976 0.36289624122389069 0.23044422792194696 0.60074635621086059 0.44116136447978238 0.5311306626782708 0.75508445982000671 0.56494246665553305 0.69690638114423609 0.51041067252179761 0.34171538278988189 0.47425166861268853 0.3951380987482413 0.31948064094474349 0.24681720720420017 0.17774835653207455 0.21894778494161998 0.15677204367447312 0.099474280292808678 0.047186246239637797 0 -0.041985324193309373 -0.078779330388294488 -0.11030559464667088 -0.13641097087557083 -0.15691321310941028 -0.27891582699946593 -0.28674401537437466 -0.28784903366570641 -0.28279734820890418 -0.27197272283433732 -0.45114288094894056 -0.39837278792796493 -0.64609895893747349 -0.55410637952445563 -0.44258267634867149 -0.67080664513513455 -0.54866907880378224 -0.93376356328707155 -0.79184266961542227 -0.63435390712346462 -0.86433280668773915 -1.1982136039330678 -1.3857891304925065 -0.11256371025015083 0.355120747472711 0.22434129444421669 0.59395980291695882 0.43596873816096671 0.52623833520978491 0.74977362323470431 0.56102303490854277 0.69273205040009955 0.50742347245644925 0.33974839486829878 0.47170578239489258 0.39303761884579086 0.31779571863314299 0.24552231908406683 0.176817470390118 0.21782628702836923 0.15596905465871677 0.09896325820589856 0.046942323765229062 0 -0.041763484313499591 -0.078354707566087367 -0.10969535674392825 -0.13563109172411422 -0.15597793728863912 -0.27730609074687268 -0.28500924627784213 -0.28600210865682724 -0.28084518027625782 -0.26991745066541517 -0.44782653919239052 -0.39480294967966578 -0.64070175295058562 -0.54837402973473037 -0.43642004982602184 -0.66253423517211651 -0.53973180851961045 -0.92175872197754172 -0.77902482649719351 -0.62058106298500049 -0.84533138464320656 -1.1737310589298011 -1.3952292422522905 -0.11943423336476085 0.34748454749259328 0.2183561901211919 0.58727159771706305 0.43085675346109714 0.52141112009234858 0.74451378752454922 0.55714261717440716 0.6885865553481969 0.50445668890218875 0.33779514021497126 0.46917084201893178 0.3909456685773316 0.31611727311552928 0.244232202233233 0.17588993916157702 0.21670699052872008 0.15516740187984193 0.098452944352779168 0.046698672225011131 0 -0.041541709996117879 -0.077930113809158721 -0.10908503280221712 -0.13485091339895194 -0.15504209356599666 -0.27569550284891065 -0.28327333978188884 -0.28415374635676638 -0.27889133381779946 -0.26786033928588626 -0.44450812889436292 -0.3912312984856231 -0.63530341632995269 -0.54264170445462245 -0.43025933237277092 -0.65426551748079942 -0.53080048009426573 -0.90976185918666663 -0.76621640905009247 -0.60681880061843363 -0.82633297447319043 -1.149216020939867 -1.4043509697450254 -0.12615051413962292 0.33997973514484608 0.21248225133688203 0.58067615899265634 0.42582078623240394 0.51664522280320169 0.73930188892356952 0.55329879714954078 0.68446804857613464 0.50150895512872373 0.33585465583810525 0.46664606643224044 0.38886162234126798 0.31444481330597929 0.24294648501824564 0.17496549790004315 0.21558971683841141 0.15436697510839845 0.097943278488619973 0.046455268956364315 0 -0.04131999959362645 -0.077505557502797376 -0.10847465483084211 -0.13407050440254903 -0.15410580541506183 -0.274084254244433 -0.28153655847131909 -0.28230430659095762 -0.27693627700551271 -0.26580196987366439 -0.44118852100793249 -0.38765901719017259 -0.62990551156366748 -0.53691139177151448 -0.42410298899260163 -0.64600348823422504 -0.52187866676185457 -0.89777718469649981 -0.75342236279147734 -0.5930728825921876 -0.80734612160889518 -1.1246816673291484 -1.4131755134065853 -0.13272086171791436 0.33259928459452798 0.20671356629503759 0.57416852220589598 0.42085670794476693 0.51193726484480517 0.7341352001624134 0.54948942775318532 0.6803748839184548 0.49857905388889634 0.33392608591165518 0.46413075299388018 0.38678491641640578 0.31277790387156662 0.24166483971871619 0.17404390892924856 0.21447430798530151 0.15356767587508466 0.097434209368215619 0.046212093638326755 0 -0.041098352064845294 -0.077081047981720871 -0.10786425121691842 -0.13328993146616785 -0.15316918528327753 -0.27247251535187167 -0.27979915222933904 -0.28045412339867554 -0.27498043464084809 -0.26374288240625249 -0.4378685005110331 -0.38408720508794009 -0.62450947112396415 -0.53118491707744031 -0.41795328337843579 -0.63775087987174361 -0.51296963576923238 -0.88580857715395589 -0.7406472244897796 -0.57934862021689215 -0.78837870436038437 -1.100140169037376 -1.4340550954139719 -0.14855491500135204 0.31465286883987448 0.19271917918460654 0.55825576081870099 0.40873792981836526 0.5004018720936283 0.72140097964531691 0.54010464428399996 0.67024357341358054 0.49132548112160912 0.32915200016047336 0.45787994166655699 0.38162214324211435 0.30863248445481045 0.2384767025595988 0.17175109703462049 0.21169306322220161 0.15157382364588948 0.096163857919958171 0.045605049202268565 0 -0.040544502433804766 -0.076020032200194557 -0.10633831311000522 -0.13133817017615404 -0.15082686424124619 -0.26844205030799734 -0.2754543286469685 -0.27582733677651705 -0.27008990610805139 -0.25859513134545542 -0.42957125287538217 -0.37516602645248981 -0.6110358722095145 -0.51689611856287976 -0.40262116391693625 -0.61717657152869743 -0.49077211228835621 -0.8559799470339492 -0.70881866131014715 -0.54516372223068066 -0.74109143704635005 -1.0388268667293312 -1.4462878351221713 -0.15785794485536747 0.30405427769696353 0.18446618138090362 0.54882700524535821 0.40156258924381222 0.49355691605211338 0.71381860693322796 0.53451758099438451 0.66419713048653573 0.48699684170538199 0.32630470684596746 0.45414405385766909 0.37853696941290932 0.30615592949739751 0.2365729374747029 0.17038313025172191 0.2100307323470321 0.15038255007986631 0.095405195232962772 0.045242721485453948 0 -0.040214587169779312 -0.075388615195795802 -0.10543123469822002 -0.13017959546721095 -0.14943869796747364 -0.26604650111127393 -0.27287656963475071 -0.27308788721359012 -0.26720074546871786 -0.25556131784982533 -0.42467083137709721 -0.36991989736276393 -0.60309283585356788 -0.50850472647191636 -0.39365179627854952 -0.60511527882642535 -0.47779784751692128 -0.83849478360466045 -0.69020840720239973 -0.52522480688329609 -0.7135493496406754 -1.0032421073847917 -1.4479163976967853 -0.15851297458609392 0.30349934039182397 0.18399828034318289 0.54843513667818922 0.40123923048188881 0.49329527652728766 0.71361296071384717 0.53436215012968624 0.66408615393994685 0.48692414595751449 0.32626363983354112 0.45411613651015331 0.37852056663885247 0.30614901191326493 0.23657327527977787 0.17038889017132047 0.21004005493734781 0.15039282752401686 0.095414138051866854 0.045248258768051629 0 -0.040223323607654189 -0.075408163251044658 -0.10546374568413806 -0.13022803826276513 -0.1495058095596965 -0.26613469113381533 -0.27298865836904518 -0.27322727369355543 -0.26737013261365694 -0.25576355474316431 -0.42494947109789805 -0.37028813648887626 -0.60356541478149983 -0.50909714051353239 -0.39438056995815324 -0.60599908094068544 -0.47885702168634509 -0.83975384040380696 -0.691696601476252 -0.52697875402123806 -0.71621914840865997 -1.0074779104826947 -1.4488785808007714 -0.15889021844342438 0.30318158597087447 0.18373210749659086 0.54821382760073256 0.40105822600181462 0.49315041447757901 0.71350075166541627 0.53427907242074579 0.66402868878093024 0.48688853377101465 0.32624583940494878 0.45410561014020351 0.37851632612403591 0.30614982794309636 0.23657778035803989 0.17039597673777443 0.21004858942220045 0.15040122494011215 0.095421006409326992 0.045252341191050448 0 -0.040229348868591391 -0.075421474757616611 -0.10548565139381932 -0.13026033885851246 -0.14955016773819427 -0.26619256933413388 -0.27306177011021948 -0.2733176840225281 -0.26747947789842208 -0.25589356932635743 -0.4251273115076693 -0.37052180313658478 -0.60386387075116288 -0.50946976392506693 -0.39483739603175905 -0.60655141729035889 -0.47951719460704567 -0.84053673597746237 -0.69261994034754448 -0.52806476047700157 -0.71786426391064906 -1.0100764022215489 -1.4494384200293415 -0.15910044330183248 0.3030063575267487 0.18358702939205404 0.54809481138910077 0.40096246871476154 0.49307538345466573 0.71344431508056749 0.53423906813000066 0.66400297634155114 0.48687480535362099 0.32624163367591708 0.45410517244567328 0.37851905058499463 0.30615496634603601 0.23658450239180912 0.17040360551568082 0.21005643497299029 0.15040832431188372 0.095426512735767591 0.045255489304571218 0 -0.040233676706897384 -0.075430897277279557 -0.1055009647584771 -0.13028263630719186 -0.14958045865703265 -0.26623174746249101 -0.27311087040497595 -0.27337795805388004 -0.26755193174147462 -0.25597923682101631 -0.42524337172543569 -0.3706731117262213 -0.60405584679540447 -0.50970811580310638 -0.39512819242692648 -0.60690152536335595 -0.47993410415220733 -0.84102945683217711 -0.69319920600079254 -0.52874403494229871 -0.71888602389418188 -1.0116796937213737 -1.4497562982749193 -0.15921097529247497 0.30291603320483096 0.18351395850024158 0.54803649222311157 0.40091718081436051 0.49304158858606795 0.71342067925679786 0.53422428129925692 0.66399572143104701 0.48687366556068273 0.32624510507384119 0.45411033909211701 0.37852554691008244 0.3061623243373518 0.23659222475624189 0.170411276100356 0.21006363427410912 0.15041446348429841 0.095431077771638007 0.045258010476127215 0 -0.040236916691590519 -0.075437845538325568 -0.1055121031906924 -0.13029863369920203 -0.1496019269115354 -0.26625922831223525 -0.27314499270674036 -0.27341948892995915 -0.26760146749681185 -0.25603742546052871 -0.42532124959782563 -0.37077363498492211 -0.60418229854831274 -0.50986395579969523 -0.3953171111517369 -0.60712768051550581 -0.48020202905346293 -0.84134459976618448 -0.69356809616361037 -0.52917483295137757 -0.71952761035520896 -1.0126770053617973 
end_dependent_variable

end_regular_table
