# ****************************************************************************
# CUI
#
# The Advanced Framework for Simulation, Integration, and Modeling (AFSIM)
#
# The use, dissemination or disclosure of data in this file is subject to
# limitation or restriction. See accompanying README and LICENSE for details.
# ****************************************************************************

# ##################################################################################################
# 
# This file was auto-generated by AFSIM Mover Creator 2.8.0.201104
# 
# Creation Date:  05 Nov 2020
# 
# ##################################################################################################

regular_table

independent_variable mach precision double
0.10000000000000001 0.5 0.70000000000000007 0.75 0.80000000000000004 0.84999999999999998 0.90000000000000002 0.92000000000000004 0.94000000000000006 0.95999999999999996 0.97999999999999998 1 1.02 1.04 1.0600000000000001 1.0800000000000001 1.1000000000000001 1.2 1.3 1.4000000000000001 1.5 1.75 2 2.5 3 3.5 4 
end_independent_variable

independent_variable surface_angle units deg
-40 -30 -28 -26 -24 -22 -20 -18 -16 -14 -12 -10 -9 -8 -7 -6 -5 -4 -3 -2 -1 0 1 2 3 4 5 6 7 8 9 10 12 14 16 18 20 22 24 26 28 30 35 40 
end_independent_variable

dependent_variable precision double
1.305470106999896 0.68691352243486459 0.83871779565371929 0.9757322358283953 0.58158566684444712 0.69983691711293794 0.46511504626179573 0.57378777979219864 0.66336276854648901 0.41047450598854568 0.46146301750163554 0.27868546299075503 0.28885634440017544 0.29329298536459869 0.29158652720556694 0.28318914806617002 0.15956838340175558 0.13852105901069145 0.11187268825035587 0.079829246337061163 0.042514486073662101 0 -0.047702579365911983 -0.10050834334620461 -0.15832956798003595 -0.22104603499548334 -0.1793049730722662 -0.24890121691518971 -0.32211181006683853 -0.39832540614671635 -0.47800035127148244 -0.34394029607188537 -0.51385219494591539 -0.70173935704293744 -0.56814528768425843 -0.75981715736469735 -0.53362341737564645 -0.44270933266752499 -0.60374348787306631 -0.23013050616277167 -0.36365296046260082 0.10890373686354141 0.51606566099207984 1.4008889422815938 1.3042116065818241 0.68595243664686267 0.83781901388696178 0.97489654302890227 0.58081298846213314 0.69912804983801469 0.464469964499585 0.5732070341793335 0.6628465723932313 0.41002315015511787 0.46107646215990955 0.27836342257816027 0.28856673503002095 0.29303574761382822 0.29136174874074078 0.28299673424761418 0.15940839898209141 0.13839326626578069 0.11177696769581491 0.079765522999949781 0.042482671198369626 0 -0.047670868572719301 -0.10044501896853518 -0.15823474926292166 -0.22091986369897548 -0.17914788646804033 -0.24871312306026794 -0.32189290874013143 -0.39807589977596047 -0.4777202634088879 -0.34363047223541693 -0.51348167677645706 -0.70130934321395311 -0.56765774186925455 -0.75927187863587497 -0.53302282018560376 -0.44205468711228191 -0.60303440945800368 -0.22937001480462385 -0.36284060496739989 0.10976492515400528 0.51704685845280574 1.4019794009348436 1.304380090796297 0.68608026846993253 0.83793850982328777 0.97500765622937235 0.58091562139889585 0.6992221835544129 0.46455553784923009 0.57328403312025744 0.66291497905383812 0.4100829651098517 0.46112767395180099 0.2784060151546866 0.28860503800866932 0.29306976163286996 0.29139148809745258 0.28302220111211834 0.15942960983774374 0.13841021721912639 0.11178966406844079 0.079773975594597257 0.042486891292494354 0 -0.047675075239211981 -0.10045341661600382 -0.15824732301565628 -0.22093659795922166 -0.17916878509733927 -0.24873815117709422 -0.32192205041961663 -0.39810913775286644 -0.47775756516329299 -0.34367186431940627 -0.51353105165551816 -0.70136662984849263 -0.56772290853718987 -0.75934473040915706 -0.53310333983090807 -0.44214275878337123 -0.60312978582475696 -0.22947268903753834 -0.36295030056735711 0.10964823997291508 0.51691372119120238 1.4018308441880039 1.3044136669931541 0.68610575515275984 0.83796233530936814 0.97502980912556358 0.58093608609946501 0.69924095396386932 0.46457260059579047 0.57329938724651475 0.66292862057059698 0.41009489312353226 0.46113788531891725 0.27841450893378838 0.2886126760415092 0.29307654439815145 0.29139741877057523 0.2830272801558289 0.15943383959768914 0.13841359704107856 0.11179219579141887 0.079775660961879671 0.042487732669674039 0 -0.047675913947619872 -0.10045509136803701 -0.15824983019710365 -0.22093993481753829 -0.17917295178012543 -0.24874314055964672 -0.32192785975736898 -0.39811576292896889 -0.47776500135879735 -0.34368011362465101 -0.51354089462840835 -0.70137804944718518 -0.56773589707051564 -0.75935925159139406 -0.53311938313058005 -0.44216030537147538 -0.60314878783094739 -0.22949314004718857 -0.36297214932728339 0.10962500045178319 0.51688720701926838 1.4018012673989868 1.3044447861008921 0.68612937425382214 0.83798441601707785 0.97505034202541929 0.58095505009660087 0.69925834794131059 0.46458841488372726 0.57331361935568914 0.66294126255453156 0.41010595015222429 0.46114735144048707 0.27842238330252655 0.28861975683160818 0.29308283199257401 0.29140291628089388 0.28303198703951293 0.15943775958862563 0.13841672938929875 0.11179454204074142 0.079777222959302077 0.042488512489577974 0 -0.04767669139794168 -0.10045664328476239 -0.1582521538356661 -0.2209430270903005 -0.17917681324158555 -0.24874776529781706 -0.32193324403836254 -0.39812190569963801 -0.47777189361951705 -0.34368776014649904 -0.51355001635475239 -0.7013886314424771 -0.56774793311161054 -0.75937270909454313 -0.53313425386208368 -0.44217656360900098 -0.60316639738451339 -0.22951209041723247 -0.36299239679222256 0.10960346932755938 0.51686263919177577 1.4017738636683703 1.3044737574895995 0.68615137182669717 0.83800497757531356 0.97506945990976035 0.58097271096717751 0.69927454710682901 0.46460314308925382 0.5733268702504245 0.66295303840433883 0.41011624492543997 0.46115616631791295 0.27842971612999712 0.28862634985479485 0.29308868781243225 0.29140803574313318 0.28303637102175633 0.15944141020514671 0.13841964670392465 0.11179672722230639 0.07977867788671722 0.042489238802402643 0 -0.047677415379081579 -0.1004580885822596 -0.15825431781066779 -0.22094590775219811 -0.1791804093656961 -0.24875207118756934 -0.32193825828158135 -0.39812762154660453 -0.47777830988942943 -0.34369487905735008 -0.51355851195292723 -0.70139848817011319 -0.56775914249565684 -0.75938524030649668 -0.53314809818954167 -0.44219170362715737 -0.60318279399925234 -0.22952973421405254 -0.36301124526225648 0.10958342601368919 0.51683977248489843 1.4017483536886408 1.3045008486587706 0.68617194375684154 0.83802420572101854 0.97508734037757117 0.58098922792796648 0.69928969823090592 0.46461691503674885 0.57333926439362104 0.66296404960515298 0.41012587289664959 0.46116441003828412 0.27843657280709289 0.28863251762974135 0.29309416389279264 0.29141282215541869 0.28304047068605814 0.15944482459746714 0.13842237564873908 0.11179877065179852 0.07978003816647998 0.042489917950968938 0 -0.047678092419358054 -0.10045944034110077 -0.15825634179682105 -0.22094860095382088 -0.17918377172295041 -0.24875609772193924 -0.32194294624052194 -0.398132970259931 -0.47778431239998476 -0.34370153675337428 -0.51356645442521098 -0.70140770483931003 -0.56776962393130859 -0.75939695561627329 -0.53316104574585144 -0.44220585821828479 -0.60319812061601763 -0.2295462304629384 -0.36302887195340633 0.10956468209249086 0.51681839397133778 1.4017245115117667 1.2992104977093355 0.68323837912708907 0.83530770872841276 0.97255638944603606 0.5790924234099869 0.69754448444399941 0.46331029510433502 0.57213372919438765 0.66183869931623374 0.40937742310064312 0.46047635121769348 0.27800876020342014 0.28822868018038156 0.29271435300411464 0.2910580652654674 0.28271289275310973 0.15925393420480244 0.13826403712965057 0.11167547298663023 0.079694566815776788 0.042445416112764943 0 -0.047629617595351059 -0.10035816041020179 -0.15809758341490618 -0.22072737388145838 -0.1790023005293423 -0.24850374394321942 -0.32161477138350703 -0.39772420616689413 -0.47728932850338501 -0.34332545412213161 -0.5129934512408364 -0.70060555688478909 -0.56702791138226727 -0.75838761233244389 -0.53224728962424817 -0.44124562334802253 -0.6019345213039986 -0.22843715304072251 -0.36160667438099281 0.11081318611002192 0.51835457104182381 1.4032338875201438 1.2939253498963135 0.68030799627966743 0.83259393297987849 0.97002774946502812 0.57719753777801808 0.69580082440086988 0.4620049020569757 0.57092912193947198 0.66071403722417421 0.40862946144174622 0.45978861839415924 0.27758115581660442 0.28782500272648359 0.2923346614402525 0.29070339690374269 0.28238537975788136 0.15906308919322573 0.13810572954118833 0.11155219446800467 0.079609106890129525 0.042400919172495194 0 -0.047581147748264385 -0.10025689188999765 -0.15793884418272541 -0.22050617738548159 -0.17882087457321119 -0.24825145548199107 -0.32128668650997722 -0.39731556361347448 -0.4767945027767912 -0.34294957986731378 -0.51242077037707567 -0.69980389122081277 -0.56628688074949618 -0.75737919885668448 -0.53133475916221851 -0.44028693069435793 -0.60067283292513018 -0.22733038111819712 -0.36018719229544377 0.11205852409775738 0.51988650473165543 1.4047381026967287 1.2886453885225271 0.67738079161472642 0.82988288134763621 0.96750142457054522 0.57530456884917214 0.69405871170603883 0.46070073995407601 0.56972545021153687 0.65959006015038302 0.40788198129470293 0.45910121170171808 0.27715375719568386 0.28742148532549167 0.29195509079050164 0.29034881779787369 0.28205793183440997 0.1588722890457373 0.13794745217487117 0.11142893550281976 0.079523658102316097 0.042356427309673463 0 -0.047532683093514556 -0.10015563499590484 -0.15778012449760254 -0.22028501055635383 -0.17863949304076113 -0.24799922936071861 -0.32095868932215582 -0.39690704041678404 -0.47629983554572158 -0.34257390971888579 -0.51184841514655643 -0.69900271140893477 -0.56554653413929035 -0.75637171112958945 -0.53042345435976235 -0.43932978515921428 -0.59941305854311455 -0.22622590967854994 -0.35877042477764853 0.11330069421747592 0.52141418845387277 1.4062371664624052 1.2833706178516295 0.67445676536204402 0.82717456265259537 0.96497740866071413 0.57341351855102851 0.69231814695948168 0.45939780699571114 0.56852270578964814 0.65846676842676166 0.40713498890180638 0.45841412867026038 0.2767265659810158 0.28701812608174032 0.29157564242714529 0.2899943282861443 0.28173054776359746 0.15868153383254699 0.13778920450731666 0.11130569540014686 0.079438220884765293 0.04231194081231969 0 -0.047484223545732819 -0.10005438898433737 -0.1576214243212414 -0.22006387434190805 -0.17845815727874456 -0.24774706818035755 -0.32063078186889371 -0.39649863777677308 -0.47580532908880474 -0.3421984470341547 -0.51127638372382311 -0.69820201469182319 -0.56480687074742808 -0.75536515073407173 -0.52951337408075694 -0.43837418242787785 -0.59815519182630061 -0.22512374601083901 -0.35735637669123432 0.11453969718404144 0.52293762619128881 1.4077310646986125 1.2751028280663337 0.67153591621954656 0.82446896179325724 0.96245570709701345 0.57152438385818138 0.69057913622477529 0.45809610069262302 0.56732089324382828 0.65734416430002474 0.40638848179932946 0.45772737233157462 0.27629958180878555 0.28661492938015315 0.29119631329286405 0.28963992707286385 0.28140322816456692 0.15849082354088936 0.13763098789165995 0.11118247508388365 0.079352794291239953 0.042267459287099185 0 -0.047435769145608951 -0.099953154075498818 -0.15746274267708685 -0.21984276838790368 -0.17827686430005191 -0.24749497019523592 -0.32030296189709323 -0.39609035446796065 -0.47531098112741216 -0.34182318827709762 -0.51070467651736906 -0.69740180048226841 -0.56406789324188333 -0.75435951787437816 -0.52860451713801759 -0.43742012530874225 -0.59689923836594472 -0.22402388647691801 -0.3559450427896112 0.11577553345700922 0.52445682228414825 1.4075866300864148 1.2488757085048476 0.66755438571935577 0.82176608753946945 0.95993631915181399 0.56963717028529448 0.68884167207244207 0.45679562521910588 0.56612001284215119 0.65622224616172875 0.40564246033193868 0.45704094236014253 0.27587280565554823 0.28621189028051042 0.29081710648965636 0.28928561620688303 0.28107597173524501 0.15830015878350487 0.13747280089179065 0.11105927349130844 0.079267379767424512 0.04222298305953031 0 -0.047387320130101176 -0.099851930427361332 -0.15730408019224046 -0.2196216923113779 -0.17809561845131058 -0.24724293690848262 -0.31997523260449351 -0.39568219280727146 -0.47481679192961779 -0.34144813733478657 -0.51013329364208337 -0.69660207126952856 -0.56332960051206415 -0.7533548113250278 -0.52769688441235885 -0.43646761215506752 -0.59564519670678839 -0.22292633119167582 -0.35453642724707329 0.11632533883127996 0.52080302092975472 1.3977476652079071 1.2225693974512328 0.65314332894525817 0.80947492743545579 0.95024345727556792 0.5625332029349861 0.68347168627488186 0.45312599217111776 0.5635385445387292 0.65447142442123274 0.40481917477296886 0.45635483692412537 0.27544623568946508 0.28580901239542755 0.29043801963038762 0.28893139523502925 0.28074878187123486 0.15810953922849241 0.13731464471404142 0.11093609161493305 0.079181975759128415 0.042178511861539113 0 -0.047338875941519941 -0.0997507182808723 -0.15714543741082848 -0.21940064543576318 -0.17791441601139898 -0.24699096783182004 -0.31964759057634318 -0.39527415051607701 -0.47432276178902627 -0.34107329194135844 -0.50956223429374403 -0.69586537257116932 -0.56308348892753057 -0.75339859484555272 -0.52853674406377971 -0.43812026241122087 -0.59802733350220727 -0.22669096684752096 -0.35943773535841922 0.11022073943997808 0.51351762740630302 1.3880250139855426 1.1982961710632802 0.64081550389647834 0.79839955907782434 0.94027931215713412 0.5540384964377798 0.67590923897519239 0.44673416747416372 0.55793993813854581 0.649601322235284 0.4009274918826421 0.45337896105506142 0.27346971027800915 0.28416079732044836 0.28908056385424907 0.28782784828026947 0.2798647812514154 0.15752442268603167 0.13689625438908423 0.11065536866443666 0.079014815705444483 0.042104494537881308 0 -0.047289856165483285 -0.099668502100931686 -0.15704550715242141 -0.2193033119984199 -0.17794542802679 -0.24706103639127208 -0.31977598500363275 -0.39548448897400751 -0.47463350236176871 -0.34171507736430895 -0.51052443800751002 -0.69717349680686658 -0.56479520816524198 -0.75520106359597772 -0.5308016429734761 -0.44071334610305057 -0.60069645571540031 -0.2299065438681967 -0.36275195910746716 0.10628665904797632 0.5084245072864344 1.3805304476024065 1.1897180061921426 0.63397980585860847 0.79189375301904585 0.9341267507385459 0.54873138148465705 0.67101598227308101 0.44258385349962781 0.5542325826707003 0.64634043754056314 0.39842219783535399 0.45130863524523523 0.27201402334554609 0.28289371824276882 0.28799371281239694 0.28690891639132599 0.27909962106331743 0.15700995967865114 0.13651511332710203 0.11038912117999687 0.078848841361934721 0.042027139143191429 0 -0.047232540351574419 -0.099561589402051592 -0.15689590807188067 -0.21912342822378147 -0.17785090443833729 -0.24695000259813202 -0.31965371477650939 -0.39535880516357264 -0.47450352719820987 -0.3417897333645491 -0.51059094740035438 -0.69719952700321997 -0.56506228851870544 -0.75536049602587374 -0.53118637915269618 -0.44114648255938343 -0.60087982348424673 -0.23025747423884915 -0.36276070028370855 0.10617497722438834 0.50896221900286209 1.3818504336375221 1.184855458559533 0.63123167971568506 0.78933537439618984 0.93173005811552478 0.54694773500961258 0.66936492537182013 0.44135446611542628 0.55308896942352315 0.64526354467956726 0.39771041775838289 0.45064713523088917 0.27160435918149833 0.28250443450833318 0.28762524014920604 0.28656270758778829 0.27877824519963129 0.15682328659006781 0.13635935751530362 0.11026722207251781 0.07876396952827508 0.041982772372764349 0 -0.047183730972091137 -0.099459353943941523 -0.15673528917386359 -0.21889905264216999 -0.17766465850323401 -0.24669097464960624 -0.31931664971329204 -0.39493855360445801 -0.47399419122296599 -0.34139616216406155 -0.50999308439852464 -0.69636397361493996 -0.5642772972195983 -0.75429665696144199 -0.53020558413477747 -0.44010484258283555 -0.59951871046473537 -0.22903237963749926 -0.36120101549049866 0.10758601725314874 0.51075136542322985 1.3837754609413557 1.1605049602675606 0.61749198725984977 0.77654466540278932 0.91974768950801111 0.53802993499935581 0.66110924603090193 0.43520649825864738 0.5473691400270535 0.6398769675689967 0.39414931418872334 0.44733758764871978 0.26955434719767601 0.28055653970616568 0.28578165154387525 0.28483070405688493 0.2771706563469325 0.15588944799665136 0.13558032311588608 0.10965762753924703 0.078339610695069381 0.041760977343479576 0 -0.046939855091485849 -0.098948616103167561 -0.1559330183409515 -0.2177785319541625 -0.17673549529481392 -0.24539875518956494 -0.31763528748740999 -0.39284252114437301 -0.47145419730223204 -0.33943667466403044 -0.50701622563636839 -0.69220379002607035 -0.56037612730750863 -0.74900856625826351 -0.52534131615682145 -0.43494584537356618 -0.5927731108262807 -0.22297874585047334 -0.35348739671460888 0.11454181251718676 0.51955464073685187 1.3931988886728426 1.1361030944135917 0.60375868606965 0.76376004826196675 0.90777062455187196 0.52911583077129176 0.65285539182670926 0.42905886198379861 0.54164803415185114 0.63448819429460623 0.39058555592115624 0.44402534270020777 0.26750202511861015 0.27860659215973477 0.2839363391273852 0.28309732808316185 0.27556203692546832 0.15495492348500395 0.13480092183813688 0.10904789628826812 0.077915260303001402 0.041539244645374521 0 -0.046696246546817012 -0.098438564842831158 -0.15513203087212377 -0.21666014186355806 -0.17580956434002615 -0.24411111808648103 -0.31596015281057988 -0.39075471012899166 -0.46892474443168752 -0.33749040940035452 -0.50405908677602496 -0.6880715038068258 -0.5565127693519718 -0.74376998976876696 -0.52054033781862075 -0.42986531436323933 -0.5861232183705839 -0.21703976594618912 -0.34590909196069614 0.12133902685627826 0.52813136740408018 1.4023033168437677 1.11166467246564 0.59003792282516576 0.75098677613783738 0.89580331876360353 0.52020920593374087 0.64460653618021846 0.42291416686300792 0.53592776773103612 0.62909889316986689 0.38702040877528371 0.44071132795309037 0.26544802157768416 0.2766550946991545 0.28208968927725486 0.2813628671120898 0.27395259486806484 0.15401984840055036 0.1340212279449193 0.10843806474891431 0.077490928819720042 0.041317572910155066 0 -0.046452883154168415 -0.097929143508377725 -0.1543322226733129 -0.21554371199979511 -0.17488661267600553 -0.24282771150926796 -0.31429077980859421 -0.38867452639157896 -0.46640509253578277 -0.33555645485781854 -0.50112037525432485 -0.6839653616898268 -0.5526849319590923 -0.73857801780566756 -0.51579904295126988 -0.42485885026705716 -0.57956372453158167 -0.2112091074437962 -0.33845860945578388 0.1279865114335714 0.53649499520498067 1.4111101055854776 1.0872033650456356 0.57633534852500201 0.73822967053165067 0.88384987673815374 0.5113135218956818 0.63636557524736292 0.41677482364689999 0.53021027491806838 0.62371058876955843 0.38345504174495521 0.43739638879767817 0.26339291571034401 0.27470250707122795 0.28024206111682015 0.2796275892176065 0.27234251840092261 0.153084346344524 0.13324131506082554 0.10782816619107609 0.077066627279340119 0.041095960701710871 0 -0.046209745298665797 -0.097420301716268129 -0.15353349979896494 -0.21442908941711827 -0.17396641473768179 -0.24154822468363965 -0.31262675756240305 -0.38660143464592617 -0.46389457602522732 -0.33363400403812982 -0.49819893318333908 -0.67988380022957329 -0.54889057259694718 -0.73343005656213789 -0.51111421753973885 -0.41992252388702023 -0.57308990756982603 -0.20548115285393223 -0.33112929349844578 0.13449209898656012 0.54465750321493644 1.4196382207460954 1.0260305516716242 0.54219157978266663 0.70643579564084014 0.85405085123579161 0.48914240928253289 0.61581461742082422 0.40146373905370408 0.51593993010275507 0.61025306503643129 0.37454740004551462 0.42910991103247031 0.25825368166172336 0.26981896489629437 0.27562078469062196 0.27528737331560627 0.26831566349919184 0.15074446026753391 0.13129099726120338 0.10630333532526587 0.076006069178213523 0.040542189528172831 0 -0.045602783419008482 -0.096150454362700047 -0.15154092887941839 -0.21164959726716931 -0.17167670651693662 -0.23836491405215771 -0.30848779936581427 -0.3814467636872631 -0.4576545344885633 -0.32887366569291226 -0.49096441177656897 -0.66977866507032391 -0.53953969298118065 -0.72073818023829894 -0.49963117627765086 -0.40786658787646557 -0.55725377527726161 -0.19157909088631389 -0.31329882291316047 0.15017928892069082 0.56425074519817742 1.4398452735390719 0.99062119150877781 0.52229528468086839 0.68786023907684823 0.83659428235984679 0.47619280715378925 0.60377443426459554 0.39251280245593423 0.50756423374083814 0.60232331685026297 0.36931216736351308 0.42421794918173045 0.25522640669686952 0.26693511419530697 0.27288547734873436 0.27271304453281497 0.26592277541500259 0.14935807345419802 0.13013346728266981 0.10539705319679442 0.075374978689466451 0.040212329923397593 0 -0.045240513465744696 -0.095392142106583339 -0.15035053933906398 -0.20998846857595571 -0.17031085751814509 -0.23646442593179723 -0.30601561193920257 -0.37836703925867882 -0.45392585826751641 -0.3260355427410217 -0.48664838452105075 -0.66374943424531896 -0.53397478488553307 -0.71318331893319198 -0.49282005356057829 -0.40073166343720118 -0.54787407388357545 -0.18338494472641542 -0.30277384040561539 0.15938943849544776 0.57573972014921992 1.4516597636515571 0.99532954640808347 0.52414489974788425 0.68942293397018006 0.83791191554830824 0.47730004346973265 0.60469726443367811 0.39327382351541734 0.50818257436184777 0.6028165821503797 0.36969636008026896 0.4245082285771612 0.25543708855751412 0.26711114366988914 0.27302988750237667 0.27282916315240358 0.26601399762504352 0.14942714980498856 0.13018302976561694 0.10543039102326375 0.07539485629215556 0.040221120873628981 0 -0.04524610390437242 -0.095401399553336513 -0.15036159172433239 -0.20999881702778619 -0.17031837914626036 -0.23646742078042693 -0.30601215218972938 -0.37835485306426553 -0.45390339430981691 -0.32600126166927651 -0.48658464148529212 -0.66365020827299492 -0.53383393915785404 -0.71299518113329274 -0.49257927018809783 -0.40043248749753435 -0.54751074114879261 -0.18295036336432449 -0.30225952236559933 0.15999445328867351 0.57665182385030644 1.4530871833298062 0.99821465897139128 0.52528893144571243 0.69039145702279059 0.83873033889708659 0.4779893703885541 0.60527327139290599 0.39375020685931356 0.50857091967155121 0.60312757504452441 0.36993970547366739 0.42469312555463629 0.2555722262251362 0.26722451660599889 0.27312334477887223 0.27290471899387686 0.26607371492427145 0.149472700593373 0.13021600948200618 0.10545279797535959 0.07540836642077145 0.04022717878613135 0 -0.045250218380557081 -0.095408459591640418 -0.15037045866873799 -0.21000797430584028 -0.17032653457775659 -0.23647353837129395 -0.30601506525985128 -0.37835317058117135 -0.45389617833386081 -0.32598757793087235 -0.48655446194479202 -0.66359987196590453 -0.53375971363329588 -0.7128935948337749 -0.49244706505787156 -0.40026615559764478 -0.54730674198844953 -0.18270440584571257 -0.30196641638580518 0.16034136011206562 0.57718214430871895 1.4539273704526898 0.99999178620740892 0.5260033989128462 0.69099812908739489 0.83924460938589229 0.47842396100557866 0.60563773769748219 0.39405286520708416 0.5088188095564633 0.60332716151637311 0.37009688456340173 0.42481346713658108 0.25566100066481828 0.2672994127941043 0.27318546644601199 0.27295530151411329 0.26611400715514782 0.14950371411508426 0.1302387179773899 0.10546841611455357 0.075417910491221277 0.040231527089010254 0 -0.045253385482648435 -0.095414081365398792 -0.15037784262971654 -0.21001619707495661 -0.17033481159993172 -0.23648124031104578 -0.30602147669485885 -0.37835744444566227 -0.45389775023645562 -0.32598586991692713 -0.48654402557109278 -0.66357848126136232 -0.53372507879969378 -0.71284360159749771 -0.49237970924710023 -0.40017929294001414 -0.54719822693505182 -0.18257158988987146 -0.30180613465937878 0.16053318680082776 0.57748253519776738 1.454413206594243 1.0010945364336608 0.52645554199007072 0.69138364079175085 0.83957281996695077 0.47870260726866004 0.60587259918902692 0.39424897948316967 0.5089804326099846 0.60345822573668628 0.37020096522708162 0.42489394101783462 0.25572107268331007 0.26735043284930321 0.27322811732861968 0.27299032425708591 0.26614216297677068 0.14952562094174027 0.13025496509303833 0.10547973868803315 0.075424932033788639 0.040234778801938161 0 -0.045255919020710481 -0.095418716690893912 -0.1503841545342964 -0.21002362615373624 -0.17034287448209237 -0.23648955435295513 -0.3060296073135591 -0.37836488254002371 -0.45390413278968778 -0.32599085736870903 -0.48654488691818509 -0.66357385219890419 -0.53371354172717211 -0.7128238726322329 -0.49235056546131983 -0.40013940385723495 -0.5471462748442163 -0.18250595453933535 -0.30172486836433116 0.16063255861813946 0.57764532756427356 1.4546862035182251 
end_dependent_variable

end_regular_table
