# ****************************************************************************
# CUI
#
# The Advanced Framework for Simulation, Integration, and Modeling (AFSIM)
#
# The use, dissemination or disclosure of data in this file is subject to
# limitation or restriction. See accompanying README and LICENSE for details.
# ****************************************************************************

# ##################################################################################################
# 
# This file was auto-generated by AFSIM Mover Creator 2.8.0.201104
# 
# Creation Date:  05 Nov 2020
# 
# ##################################################################################################

regular_table

independent_variable mach precision double
0.10000000000000001 0.5 0.70000000000000007 0.75 0.80000000000000004 0.84999999999999998 0.90000000000000002 0.92000000000000004 0.94000000000000006 0.95999999999999996 0.97999999999999998 1 1.02 1.04 1.0600000000000001 1.0800000000000001 1.1000000000000001 1.2 1.3 1.4000000000000001 1.5 1.75 2 2.5 3 3.5 4 
end_independent_variable

independent_variable surface_angle units deg
-40 -30 -28 -26 -24 -22 -20 -18 -16 -14 -12 -10 -9 -8 -7 -6 -5 -4 -3 -2 -1 0 1 2 3 4 5 6 7 8 9 10 12 14 16 18 20 22 24 26 28 30 35 40 
end_independent_variable

dependent_variable precision double
0.021400253591205152 -2.1454438967718517 -3.3219660011202574 -2.6499464899849303 -3.6792823257142278 -2.9052725511256341 -2.9435589714851473 -3.4777119747327903 -2.6132988178607715 -2.938232782369266 -2.1420974907465951 -1.2762080693377373 -1.7321520806291841 -1.4056098319352586 -1.1392490422799126 -0.87922118971112961 -0.62716914671796653 -0.79270761426002334 -0.55787304132780013 -0.34850734811362094 -0.16321025200011294 0 0.1308901868245588 0.23522980704002455 0.3135096332259002 0.36976952007475211 0.40639192680473624 0.85523760351545153 0.86302244506866244 0.85789200813756927 0.7822694265937854 0.6869247049476902 1.1445074723890551 0.75476243861937764 1.6175225755102212 1.0563169528896941 0.37907789972715511 1.1391092955915505 0.48790371362444063 2.0762938349672737 1.4650395044232341 0.6990591981108446 1.2646220656632519 2.5674224749973344 0.020194065887242256 -2.1461125931672251 -3.3225396451353792 -2.6504422212461365 -3.6796969686942465 -2.9056211897066628 -2.9438402956792102 -3.477932638645636 -2.6134716555959905 -2.9383590357474594 -2.1421880315701305 -1.276268762043135 -1.7321975768613305 -1.4056443073925218 -1.139273906265279 -0.87923802079712865 -0.62717946647950285 -0.7927119810568124 -0.55787397135288208 -0.34850645711882755 -0.16320907890537062 0 0.13088738342539954 0.23522265160409939 0.31349657419551136 0.36974908256453937 0.40636246905331314 0.85519721804909776 0.86297009622839904 0.85782606437435049 0.78218835312049129 0.68682695063745614 1.1443720010970346 0.75458328046663503 1.6172944874811537 1.0560335772917362 0.37873318804634909 1.1386999535821656 0.48742229802211851 2.07573911110005 1.4644019000090684 0.69833298785635556 1.2636585410406889 2.5661935142847176 0.02035556894576291 -2.1460189927264817 -3.3224571822731632 -2.650370957747108 -3.6796355029146741 -2.90556941135327 -2.9437969156993198 -3.4778968990282757 -2.6134432599279775 -2.9383368205879052 -2.1421715276619895 -1.2762571277618977 -1.7321878884139172 -1.4056365469073371 -1.1392678490708319 -0.87923346762512578 -0.62717620567918764 -0.79270973453338822 -0.55787259827179103 -0.34850575323326 -0.16320883511765522 0 0.13088734386853698 0.23522278094977428 0.313497082131796 0.36975018141237503 0.40636436229358391 0.85520008912096945 0.86297418997273478 0.85783158108067792 0.78219549984401349 0.68683593315683389 1.1443852983302654 0.75460171654959507 1.6173189424622842 1.0560648296066901 0.37877204983150314 1.138747385308142 0.48747898927720801 2.0758061625192479 1.4644797931042284 0.69842246940487518 1.2637808317754688 2.5663533884749317 0.020387758242955807 -2.1460003882675576 -3.3224408088276713 -2.6503568122513461 -3.6796233198477899 -2.9055591510147893 -2.9437883289081355 -3.4778898444711261 -2.6134376523318195 -2.9383324555782755 -2.1421682885628974 -1.2762548474100954 -1.7321859941524125 -1.4056350310768739 -1.1392666736942696 -0.87923258559804385 -0.62717557701389026 -0.7927093047853353 -0.5578723386549479 -0.34850562281848069 -0.1632087900078325 0 0.13088734022241227 0.23522281619830571 0.31349719794611974 0.36975041990243879 0.40636476443640379 0.85520069104270002 0.86297503963946265 0.85783271611849499 0.78219696244265147 0.68683777029305904 1.1443880003240747 0.75460545720225858 1.6173238868945818 1.0560711401948355 0.37877987631393845 1.1387569282297034 0.48749038178128468 2.0758196117886971 1.4644954003688755 0.69844039231772603 1.2638052859906734 2.5663853148043572 0.020417585425795692 -2.1459831589002802 -3.322425654480325 -2.650343713009867 -3.6796120523172307 -2.9055496583890053 -2.9437803964726683 -3.4778833301467889 -2.6134324808026013 -2.938328420044281 -2.1421652999214564 -1.2762527501144967 -1.732184259458728 -1.4056336453260982 -1.1392655913776604 -0.87923177684450515 -0.62717500068683818 -0.79270891186553549 -0.55787210124994535 -0.34850550427554727 -0.16320875107328445 0 0.13088733798048444 0.23522284985115899 0.31349730622884248 0.36975064288251053 0.40636514226108811 0.85520125275334014 0.86297583403189793 0.85783377966992902 0.78219833989590104 0.68683948526416139 1.1443905227083464 0.75460894126986766 1.6173284802776757 1.056077003482468 0.37878714418134962 1.1387657810523573 0.48750094402208044 2.0758320901198757 1.4645098939777934 0.69845702643320851 1.2638279550887628 2.5664149122095368 0.020445369374614032 -2.1459671172281993 -3.3224115617057706 -2.6503315290494025 -3.679601572030466 -2.9055408321184362 -2.9437730190779048 -3.4778772867390004 -2.6134276804919581 -2.9383246860296381 -2.1421625314197792 -1.2762507987277121 -1.7321826445047348 -1.4056323529544101 -1.1392645921639712 -0.87923102789698504 -0.62717446827284984 -0.79270855191244693 -0.55787188412601263 -0.34850539524285579 -0.16320871534604953 0 0.13088733742997541 0.23522288527521498 0.31349741250101049 0.36975085861820306 0.40636549713991965 0.85520178392269919 0.86297658253262777 0.85783477926658047 0.78219961669376936 0.68684109204828148 1.144392883163194 0.75461219670870405 1.6173327861833844 1.0560824775522735 0.37879393857912508 1.1387740522822203 0.48751080978125527 2.0758437214650649 1.4645233972449927 0.69847252902136547 1.2638490844212156 2.566442465614768 0.020471337569295044 -2.1459521353417528 -3.322398393403339 -2.6503201623314858 -3.6795917813319945 -2.905532585653499 -2.9437661431090598 -3.4778716273152153 -2.6134232008488065 -2.9383211983877104 -2.1421599457189968 -1.2762489867393756 -1.7321811454608069 -1.4056311568340316 -1.1392636588198788 -0.87923033530881922 -0.62717397479340975 -0.79270821717107431 -0.55787168407583676 -0.34850529610336928 -0.16320868277825748 0 0.13088733756560808 0.23522291945464205 0.31349751542225446 0.36975106222674142 0.40636583606196941 0.85520228943355303 0.86297728418424602 0.85783572065289149 0.78220083170697807 0.68684260041097045 1.1443951017941634 0.75461524917727363 1.6173368115050391 1.0560876072108967 0.37880030507983464 1.1387818024274108 0.48752005565136314 2.0758546295212406 1.4645360365481879 0.69848704867175149 1.2638688662353423 2.5664682507532461 0.012018117773412626 -2.1447310423183654 -3.3178170156818592 -2.6468052348677751 -3.6733968757201478 -2.9006820449504311 -2.9384514706793152 -3.4711362878109941 -2.6083336521120581 -2.9324281261580052 -2.1378396916459637 -1.2735014700178702 -1.7285054466527709 -1.40262081370949 -1.1368376635453559 -0.87736413607743147 -0.62583937986481808 -0.79106453170312241 -0.55670770540480519 -0.34777485618467557 -0.16286563791098566 0 0.1305987853386438 0.23469474427068052 0.31277824200854265 0.36888423925188685 0.40539478277435059 0.85332660866953547 0.86106887240943475 0.85593084027988731 0.78039002989096817 0.68516654401935018 1.1415494590332307 0.75234878426899165 1.613192307956508 1.0527737281028091 0.37647900592845612 1.1345968706228193 0.48423454948883105 2.0691036443539721 1.4585599952816108 0.69342356213427803 1.2557132759116425 2.5538394077521818 0.0035791724806829121 -2.1435083676587467 -3.3132381635232422 -2.6432920691349211 -3.6672069256975814 -2.8958353378067945 -2.9331414907178979 -3.4644073973487246 -2.6032490222512252 -2.9265409269176561 -2.1335237696477622 -1.2707568879655871 -1.7248336189345175 -1.399613672996207 -1.1344142328193052 -0.8754999129849883 -0.62450620275375157 -0.78942255223217861 -0.55554494089169892 -0.34704518203195012 -0.1625229528946788 0 0.13031054711242712 0.23416715507719846 0.31205978073120755 0.36801841162279714 0.40442485881840373 0.85145296585465335 0.85916254624985811 0.85402804896878282 0.77858128711257668 0.6834924632049959 1.1387072087607437 0.75008531714219606 1.6090528043188141 1.0494642712955813 0.37416148008369987 1.1304178809195979 0.48095441956188295 2.0623616860787006 1.4525925397339221 0.68836825006474189 1.2475701279972133 2.5412282526269521 -0.0048454875859365934 -2.1422841066141576 -3.3086618190048296 -2.6397806341895307 -3.6610219329493305 -2.8909924845962078 -2.9278361866808158 -3.4576849334101949 -2.5981692944159458 -2.9206596114662124 -2.1292121902941648 -1.2680152234257938 -1.7211656673611546 -1.3966097275710749 -1.1319933690160957 -0.87363765883178968 -0.62317443691154673 -0.78778227079261709 -0.55438338697496381 -0.34631627182611963 -0.16218062658044854 0 0.13002262607512299 0.23364015250608436 0.3113421305562496 0.3671535778076212 0.40345606404094375 0.84958136665675532 0.85725831428388188 0.85212735460861055 0.77677459670825144 0.68182035459783497 1.1358683468407047 0.74782483814622469 1.6049183166763936 1.0461592902508154 0.37184774485548294 1.1262448000765781 0.47767965897718895 2.0556287669502349 1.4466336870618535 0.68332110174018534 1.2394394914253528 2.5286347752673395 -0.013255880195918328 -2.141058248053147 -3.3040880097510033 -2.6362709577581098 -3.6548418862928829 -2.8861534683661865 -2.9225355535129611 -3.4509689166753961 -2.59309446288731 -2.9147841573620568 -2.1249049434238927 -1.265276486151276 -1.7175015899923383 -1.3936089827445111 -1.1295750720974314 -0.87177737600497018 -0.62184408558062176 -0.78614369422670638 -0.55322304682680834 -0.34558812612248024 -0.16183866079055947 0 0.12973501958109701 0.23311373605310404 0.31062529092837288 0.36628973558517508 0.40248839364217065 0.84771180700367099 0.85535616846928819 0.85022875811848153 0.77496996038855948 0.68015021972971867 1.1330328665840306 0.74556736464205675 1.6007888429357173 1.0428587403916458 0.36953776730900734 1.1220776532161179 0.47441026150522153 2.048904852450864 1.4406834637153672 0.67828213023240447 1.2313212949139247 2.5160589933406938 0.18158751535752365 -2.1398308242467117 -3.2995167047673095 -2.6327630259008132 -3.6486667989532191 -2.8813183111753862 -2.9172396086263741 -3.4442593466847722 -2.5880245519706877 -2.9089145788769346 -2.1206020364408924 -1.2625406701678139 -1.7138413863174511 -1.3906114339209623 -1.1271593456759277 -0.86991906288332088 -0.62051514615683001 -0.78450681929202803 -0.55206391921536901 -0.34486074427637792 -0.161497055260129 0 0.12944772728887405 0.23258790318432043 0.30990926141993558 0.36542688625753211 0.40152185221763759 0.8458442852741912 0.8534561113336312 0.84833224693721676 0.77316738491917647 0.67848206171541081 1.1302007638547233 0.74331288406851326 1.5966643750800973 1.0395626384152488 0.36723158681284568 1.1179164326789615 0.47114622847358478 2.0421899756685713 1.4347418140372077 0.67325131368699043 1.2232155817632526 2.4876257382978424 0.12421483470086638 -2.0421794953562773 -3.2949479463328379 -2.6292568576125945 -3.6424966729217458 -2.8764869788635274 -2.9119483414512821 -3.4375562163918079 -2.5829595411392745 -2.9030508793043261 -2.1163034643666485 -1.2598077801475538 -1.7101850512813845 -1.3876170874576104 -1.1247461882580299 -0.86806272237735871 -0.61918761952098567 -0.78287164434184242 -0.55090599954509256 -0.34413412402833232 -0.16115580906047236 0 0.12916075225258217 0.2320626587059163 0.30919404262453004 0.36456502921195194 0.40055643789082707 0.84397880368949996 0.8515581450215024 0.84643783638332715 0.77136686287062461 0.67681588285268801 1.1273720640815108 0.7410613867749325 1.5925449268961935 1.036270980951552 0.36492916706212741 1.1137611248316346 0.46788756738834908 2.0354841271058799 1.4288087891912005 0.67139543066835083 1.161821948699906 2.3305099909117386 0.067571743255792613 -2.0960696236088898 -3.24715151567041 -2.5813654471796559 -3.5919715036575863 -2.8275997597403135 -2.8638894558341721 -3.3899702780489855 -2.5395405015991619 -2.8616788938393563 -2.1120092253884701 -1.2570778203541475 -1.706532595760281 -1.3846259448097136 -1.1223355942652464 -0.86620835111701111 -0.61786150818787744 -0.78123817079311142 -0.54974929690496177 -0.34340827269293223 -0.16081492273092882 0 0.12887409028835312 0.23153799657346258 0.30847963648888355 0.36370416756319829 0.39959215384032998 0.84211536533883014 0.84966226983927184 0.8445455144062507 0.76956839457480497 0.67515166736348409 1.1245467350955205 0.75221793845234508 1.5973906595783016 1.0360147266236388 0.35793690396425987 1.0953357147376115 0.43861757367468518 1.9882147267410704 1.3650288317877519 0.58336591326114817 1.0483653122475476 2.1740529413248146 0.012138715302140717 -2.149171529773596 -3.292738524699022 -2.6239867818609852 -3.6287421621811582 -2.8617022732057258 -2.8940447327833665 -3.4149759986508945 -2.5631408396302207 -2.8813579409285444 -2.0986614032103712 -1.2460241733511122 -1.6954036123981175 -1.3750861301230091 -1.1135817806100485 -0.8590271831065236 -0.61227289331184209 -0.77644686331156743 -0.5457561948975137 -0.34101491823508845 -0.16001903788674407 0 0.12727374897093383 0.22832734554542722 0.30362243696962543 0.35787213712221982 0.39194984296161944 0.83173060563810841 0.83792854427678087 0.83058738440438606 0.75327760638843111 0.6563516329540563 1.0990413912073242 0.70705419698059657 1.546041373279176 0.98147402224198277 0.29995307350189521 1.0311914376022036 0.37086802698417648 1.9117604532353616 1.2839847782042486 0.49617162662162434 0.93585119914804826 2.0187356185512439 -0.047466195280622313 -2.1819487332810237 -3.3188407582891735 -2.6478616470586549 -3.6471807369522331 -2.8779598633199148 -2.9065455370338129 -3.4223927697475625 -2.5689464598098297 -2.8829412067946141 -2.0992739584128448 -1.2455379328519383 -1.6932585302964853 -1.3730415701567202 -1.1108240710791648 -0.8566380808821572 -0.61041101900664774 -0.7744545736398778 -0.54356071822100593 -0.33981480091864019 -0.15992094306835633 0 0.12594000106981837 0.22563748428352071 0.29955282360306712 0.35330953080590005 0.38586472436294333 0.82330921376298583 0.82883442855280398 0.81992338386535502 0.74116788060190253 0.64288370216302992 1.0820178714722013 0.68828922197006115 1.5229007213897983 0.95730733007080693 0.27502927644850167 1.0032607565482361 0.3430625043412569 1.879813560445279 1.2527367571310666 0.46554182377455094 0.90407202985519597 1.9898991029988258 -0.05439047962771467 -2.1798943437583063 -3.3136098740281308 -2.6438184624888637 -3.6405874403300684 -2.872803345169062 -2.9010164395121438 -3.4155378866281501 -2.5637845911584911 -2.877040721095053 -2.0949682001699133 -1.2428264196091408 -1.6896344294919095 -1.3700807380162072 -1.1084569362374417 -0.85482368133518871 -0.60911867401141107 -0.77284854230952182 -0.54243600289712146 -0.33910690360543316 -0.15958166396014886 0 0.12567455960232932 0.22515687962400799 0.29890714327005008 0.35252881320533325 0.38501030779885909 0.82158959201196413 0.82710140011779265 0.81823068582665126 0.73960755346524176 0.64149792271587847 1.0795532480708745 0.68649025487800142 1.5193533286914549 0.95470148514043673 0.27354705459390533 1.0000818347961338 0.34094452507639428 1.8744657980409729 1.2483832897949914 0.46239187882369692 0.89886660935027629 1.982075210617273 -0.089138377115084835 -2.1698163698504138 -3.2876718864290293 -2.6237731893811804 -3.6078127434416118 -2.8471683651159485 -2.8735085442989381 -3.3814061629584473 -2.5380785513425415 -2.8476409442353616 -2.0735095853506413 -1.2293086838208025 -1.6715662266942564 -1.3553178936348316 -1.0966490099791453 -0.84577113159859363 -0.60266945698219354 -0.76483733427254008 -0.53682244113704547 -0.33557436034586341 -0.15789047613831217 0 0.12434633262651426 0.22275067275695415 0.29567217130423573 0.34861832536230825 0.38072511195029907 0.81298331159731219 0.81842354894031766 0.8097442232285319 0.73177156066017024 0.63452211177511664 1.067182635255828 0.67741682013919935 1.5015369616994212 0.9415519243957744 0.26596732681417362 0.98400954509793104 0.33012207690899054 1.8474928242008746 1.2263132225783637 0.44625086415900017 0.87223521608739318 1.9419287743049276 -0.1240384180509258 -2.1600304724545691 -3.2620688495557046 -2.6039913114273068 -3.5753407265383239 -2.8217661013246089 -2.846219821741562 -3.3475050495106036 -2.5125398261727723 -2.8184095078514519 -2.0521665757574548 -1.2158573373090371 -1.6535855007626878 -1.3406243545361987 -1.0848883528791307 -0.83675198534264794 -0.59624195087821963 -0.75685843361293836 -0.53122648009047857 -0.33205389649792211 -0.15620797509285567 0 0.12301710370840072 0.22034060875272823 0.29242853486962272 0.34469900888711141 0.37642175262444294 0.80436817516865089 0.80972993565358364 0.8012262304121438 0.72388641675394882 0.62747767709768598 1.0547450458269783 0.66822792570016498 1.4836075908197328 0.92822530719804097 0.25813485560706256 0.96767470940203115 0.31895150741560324 1.8201760583012316 1.2037929542887087 0.42952241575583128 0.84469690112029205 1.9002349565038015 -0.15901910073336686 -2.1504979202482657 -3.2367689011611644 -2.5844469030690811 -3.5431502076941945 -2.7965801400108043 -2.8191377326177545 -3.3138257036743024 -2.4871624064527342 -2.789343073018602 -2.0309375481388323 -1.2024723758612528 -1.6356926532974911 -1.3260007587362783 -1.0731762866057364 -0.82776754470458891 -0.58983732041692072 -0.74891271846434304 -0.52564928664497423 -0.32854615563054046 -0.15453417036593484 0 0.12168774499782233 0.21792851159916696 0.28917910069783775 0.34077419370483719 0.37210485084153039 0.79575017060416531 0.80102737584597172 0.79268514008998314 0.71596226298363608 0.62037655090985711 1.0422558817809273 0.65894287390563899 1.4655894690844853 0.91475101342956222 0.2500850576246651 0.95111925702535871 0.30748211105311191 1.7925737625104059 1.1808905616642074 0.41228768648843095 0.81637694995259757 1.8571991830382004 -0.19401840510805618 -2.1411845874192483 -3.2117439080345482 -2.5651171106203616 -3.5112225044535519 -2.7715960021182036 -2.7922513249582774 -3.2803603811764512 -2.4619411390354222 -2.7604387744093821 -2.0098211602102736 -1.1891539151322059 -1.6178880887073506 -1.3114477212732769 -1.0615140492775919 -0.81881902750601943 -0.58345662257553665 -0.7410010035800435 -0.52009192467110221 -0.32505172654897452 -0.15286907148374856 0 0.12035904185567563 0.21551602631284031 0.28592644785164195 0.33684689603024659 0.36777855849241087 0.78713469289185012 0.79232201070843 0.78412854335003779 0.70800819816163718 0.61322944161654891 1.0297289236499199 0.64957905739269295 1.4475043840114767 0.90115539552433033 0.24184975017967214 0.93438083550578543 0.29575807100198631 1.7647381453766342 1.1576671471804199 0.39461946532418751 0.78738774990190941 1.8130055931299369 -0.2812630323566187 -2.1186709045573515 -3.1502285979725539 -2.5176052420256085 -3.4324500527387771 -2.7099389588123155 -2.7258309492563813 -3.197591204275394 -2.3995428527822042 -2.6888721405632126 -1.9575162039698459 -1.1561498253967051 -1.573765824529566 -1.2753777420381052 -1.0325838916180803 -0.79661203367502631 -0.56761586616711646 -0.72137521438898933 -0.50629145091781536 -0.31637728962818751 -0.14874450778052611 0 0.11704462587527492 0.20949246269853058 0.2777954317477217 0.32703488121189506 0.35694542738711249 0.76563764724819272 0.77058115516945014 0.76271224125724979 0.68804394535925062 0.59522130040165278 0.99832452939385208 0.62592333040973369 1.4021221592424133 0.86678505579610621 0.220629948517094 0.89194744511326862 0.26558452259276033 1.6944244003950966 1.0985499244407857 0.34896434575454677 0.71262240485578643 1.6984974889955895 -0.33424229571610709 -2.1050497575880796 -3.113532661944324 -2.4892739283525875 -3.3856047461602374 -2.6733046134095204 -2.6864135157630296 -3.1485152282929665 -2.3625786213362407 -2.6464881817282464 -1.9265651750805037 -1.1366725678365159 -1.5476789027738174 -1.2540601537049392 -1.0155070185185882 -0.78351025953517217 -0.55827663069387867 -0.70977004582148284 -0.49814494660279857 -0.31125362540960327 -0.14630025776708364 0 0.1151023678861329 0.20596827319730066 0.27304775080068994 0.32130275992328816 0.35063807176666201 0.75302861885563332 0.75784618963020189 0.75020428376014936 0.67643740562546695 0.58481659644676365 0.98005343094307251 0.61234736347301622 1.3757536095392986 0.84707820088675412 0.2088766915981265 0.86775089364144187 0.24884195077801596 1.654038233219612 1.0650350928992505 0.32372451434471078 0.67101259504399047 1.6347670361168645 -0.33800953876119277 -2.1030906362323685 -3.1120032146019678 -2.4881376790964769 -3.3847205374671727 -2.6727720590016282 -2.686135883074741 -3.1485066894997833 -2.3627366292212328 -2.6468195753681787 -1.9269471376774077 -1.1371343564693239 -1.5481169496298233 -1.2544603842641477 -1.0159613575681516 -0.78390237638986937 -0.55859402034279171 -0.71000132182411235 -0.49839173307623547 -0.31139007999044388 -0.14631610468663955 0 0.11524613506124452 0.20626230993618888 0.27350020647127388 0.32182535346958513 0.35134562835151162 0.75392947142973166 0.75886207496487368 0.75144261493342746 0.67790715417846281 0.58652713156359648 0.98222626786282241 0.61505206865903261 1.3791121674838014 0.85112191624294153 0.21372547639137221 0.87347294460492875 0.25555002746915351 1.6619295461454093 1.0742372184466111 0.33460011059567446 0.68752327907308375 1.6611975000489532 -0.34026663195780121 -2.1018865106552567 -3.1110616942541283 -2.4874365215003444 -3.3841739589627151 -2.6724404349457638 -2.6859603610258262 -3.1484957227226498 -2.3628278739303359 -2.6470170494812257 -1.927176222813868 -1.1374126561511002 -1.5483811735150614 -1.2547019776028825 -1.0162360577190444 -0.78413955927405932 -0.55878607968143534 -0.71014131226827615 -0.49854125307017749 -0.31147277010914931 -0.14632569782419402 0 0.11533335108181256 0.20644071872653499 0.27377479316944664 0.32214261067720745 0.35177522417663448 0.75447651172345931 0.75947910074704628 0.75219484252948576 0.67880004336093602 0.58756642485919075 0.9835467215720699 0.61669603591098909 1.3811537981678779 0.85358029084078269 0.21667351739671775 0.87695214092752094 0.25962884263957053 1.6667277862359917 1.0798323963981447 0.34121233553560937 0.69755894606276048 1.677256290564892 -0.34160971046911104 -2.1011414246765501 -3.1104777322008021 -2.4870001341496666 -3.3838329855091422 -2.6722313168497553 -2.685847283609319 -3.1484837091806175 -2.3628789611635868 -2.6471335690947462 -1.9273127445727609 -1.1375797606783742 -1.5485400781712013 -1.2548474134584717 -1.0164018429395825 -0.78428280841224329 -0.55890214293099028 -0.71022594448691889 -0.49863178211760834 -0.31152285094815968 -0.14633149971012921 0 0.1153862640900601 0.20654899410906707 0.27394148521390588 0.32233529041553527 0.35203618936785297 0.75480888096104259 0.75985415309993698 0.75265213007322707 0.67934294223146352 0.5881983887424006 0.98434998470140578 0.61769637806345024 1.3823962915081727 0.85507668977280349 0.2184681332658073 0.87907029012572913 0.26211223236541747 1.6696491500549184 1.0832388502194983 0.34523753719504907 0.70366586694883115 1.6870222802795141 -0.34240069964173253 -2.1006760470443346 -3.1101118087228934 -2.4867252907068713 -3.3836174757645354 -2.6720971318020186 -2.6857726301238678 -3.1484714735201802 -2.3629060545028802 -2.6472012584022613 -1.927393370362579 -1.1376796118374171 -1.5486352271857247 -1.254934677269602 -1.0165016443134656 -0.78436914545347491 -0.55897214469535283 -0.71027702980535612 -0.49868655169744158 -0.31155316612130668 -0.14633499600063321 0 0.11541837089069006 0.20661472328548136 0.27404272126205864 0.32245239628122613 0.35219484477905794 0.75501101541184101 0.76008236157079467 0.75293044507351414 0.67967343590889051 0.58858322419833531 0.98483935495103625 0.61830607776787117 1.3831537573966259 0.85598917771320049 0.21956263447403643 0.88036231714697943 0.26362710669790917 1.6714311664489407 1.0853167193937681 0.34769238725888219 0.70738803272303818 1.6929693091037747 
end_dependent_variable

end_regular_table
