# ****************************************************************************
# CUI
#
# The Advanced Framework for Simulation, Integration, and Modeling (AFSIM)
#
# The use, dissemination or disclosure of data in this file is subject to
# limitation or restriction. See accompanying README and LICENSE for details.
# ****************************************************************************

# ##################################################################################################
# 
# This file was auto-generated by AFSIM Mover Creator 2.8.0.201104
# 
# Creation Date:  05 Nov 2020
# 
# ##################################################################################################

regular_table

independent_variable mach precision double
0.10000000000000001 0.5 0.70000000000000007 0.75 0.80000000000000004 0.84999999999999998 0.90000000000000002 0.92000000000000004 0.94000000000000006 0.95999999999999996 0.97999999999999998 1 1.02 1.04 1.0600000000000001 1.0800000000000001 1.1000000000000001 1.2 1.3 1.4000000000000001 1.5 1.75 2 2.5 3 3.5 4 
end_independent_variable

independent_variable surface_angle units deg
-40 -30 -28 -26 -24 -22 -20 -18 -16 -14 -12 -10 -9 -8 -7 -6 -5 -4 -3 -2 -1 0 1 2 3 4 5 6 7 8 9 10 12 14 16 18 20 22 24 26 28 30 35 40 
end_independent_variable

dependent_variable precision double
2.4602302699750562 0.68668147686855296 1.4520938453110634 2.0655119553224268 0.47898609928729924 1.1313186638327688 0.37301189943407925 1.0500583034314848 1.612948863682123 0.74939896795037719 1.1414351946874515 0.68445609898888482 0.78021824264815232 0.85624649218417892 0.85883417837322562 0.85408567218929921 0.40557826087477039 0.3692601501690071 0.3130614044111274 0.23502199497470913 0.13087780450533784 0 -0.16319787103721847 -0.34856724409689377 -0.55795478986871339 -0.79272826833568133 -0.62713893791272834 -0.87909409655941206 -1.142020997898112 -1.4052158720084134 -1.731561813732154 -1.2753907789204808 -2.1408473324064987 -2.9382467640846168 -2.610940826740221 -3.4759935202012238 -2.9399722657693861 -2.9023614601553049 -3.6758328299414531 -2.6468491182649907 -3.31846713761706 -2.136719189461441 -2.0046362253795182 -0.047113469108192765 2.4589990952270235 0.68595522780717011 1.4514561270293014 2.0649571403100642 0.4785046193472321 1.1309092641236604 0.37266715992464539 1.0497748742187394 1.6127207516540554 0.74921974520458101 1.1412997039919841 0.68435832412631548 0.78013715155857088 0.85618053271948669 0.85878174604707891 0.85404527561702515 0.40554879348545098 0.36923970570163739 0.31304833941290211 0.23501483669847675 0.13087500112213538 0 -0.16319669779886511 -0.34856635632537031 -0.55795572656373027 -0.79273264221728157 -0.62714926731216092 -0.87911094066614526 -1.1420459471565214 -1.4052503631671502 -1.731607329112439 -1.275451492688831 -2.1409378974843429 -2.9383730866514175 -2.6111136976655462 -3.476214245132804 -2.9402536246854067 -2.9027101620528444 -3.6762475477268657 -2.6473449473093571 -3.319040902393108 -2.1373879392162936 -2.0055529105918519 -0.048321889740401594 2.4591588131684285 0.68604470578137067 1.451534012975823 2.0650241804956879 0.47856130779392797 1.1309566938071687 0.37270601736955472 1.0498061234699911 1.6127451989759305 0.74923817898976453 1.1413129985444752 0.68436730639038479 0.78014429815443886 0.856186049425814 0.85878583225981353 0.85404814681655117 0.40555068685337597 0.36924080518774433 0.31304884642369341 0.23501496556544821 0.13087496130996429 0 -0.1631964541228472 -0.34856565256745703 -0.55795435412091043 -0.79273039543854895 -0.6271460067033271 -0.87910638672821684 -1.1420398971107126 -1.4052426051073963 -1.7315976405373714 -1.2754398614712956 -2.1409213961292868 -2.9383508765980335 -2.6110853012316078 -3.4761785057707519 -2.9402102454714414 -2.9026583911033983 -3.6761860829685276 -2.6472736940226689 -3.3189584474454557 -2.1372943405627094 -2.0054272748049482 -0.048160540888222192 2.4591907119245344 0.68606262588582778 1.4515496159002252 2.0650376301480997 0.47857269544714293 1.1309662343032991 0.37271384755396347 1.0498124275477694 1.6127501434082281 0.74924191619576308 1.1413157016233459 0.68436914250537584 0.78014576311468065 0.85618718542103811 0.85878668116061585 0.85404874717451706 0.40555108823027036 0.36924104208212988 0.313048961807184 0.23501500073419571 0.13087495771968835 0 -0.16319640953959827 -0.34856552250372691 -0.55795409474341906 -0.79272996706277932 -0.62714538039963352 -0.87910550706273871 -1.1420387219256318 -1.4052410878089092 -1.731595747999199 -1.2754375790131982 -2.1409181544771099 -2.9383465112692679 -2.6110796969544605 -3.4761714541496502 -2.9402016604674168 -2.902648128467141 -3.6761739033483081 -2.6472595510799919 -3.3189420782125545 -2.1372757381462537 -2.0054022772932298 -0.048128382483359239 2.4592202797139269 0.68607925719291663 1.4515641061901325 2.0650501073303902 0.47858325870917273 1.1309750847005222 0.37272111401717783 1.0498182909630562 1.6127547406209497 0.74924540166756903 1.1413182227949021 0.68437085824240373 0.78014713514262435 0.85618824890864498 0.8587874754253968 0.85404930993830475 0.40555146637409029 0.36924126614726277 0.31304907052073982 0.23501503459448717 0.13087495564530671 0 -0.16319637039761206 -0.34856540348209003 -0.55795385665227493 -0.7927295734727946 -0.6271448022854218 -0.87910469703265737 -1.142037641332355 -1.405239703270849 -1.7315940117098363 -1.2754354820367351 -2.1409151674951743 -2.9383424742672495 -2.611074520829689 -3.4761649384211162 -2.9401937265000986 -2.9026386368625912 -3.6761626362007118 -2.6472464510725877 -3.3189269250140967 -2.1372585072471249 -2.0053791098329259 -0.0480985836397642 2.4592478137157112 0.68609476310008422 1.4515776148188106 2.0650617398244675 0.4785931260001986 1.1309833521007575 0.37272791275519801 1.0498237709049574 1.6127590384844404 0.74924865468097446 1.1413205845262921 0.68437246394146267 0.78014841596160167 0.85618924710109956 0.85878822143686873 0.85404984066087386 0.40555182061465056 0.36924148098937554 0.31304917698438928 0.23501507028980845 0.13087495498310023 0 -0.16319633439113343 -0.3485652946887503 -0.55795363995917524 -0.79272921364736038 -0.62714426993526062 -0.87910394715964391 -1.1420366413527403 -1.4052384095587913 -1.731592396181399 -1.2754335317350116 -2.1409123988020151 -2.9383387397419898 -2.6110697210296627 -3.4761588905454288 -2.940186351530766 -2.90262981263449 -3.6761521538714792 -2.6472342696652085 -3.3189128318565793 -2.1372424701705977 -2.0053575485184698 -0.048070814243531025 2.45927358506753 0.68610928453762987 1.4515902528454634 2.0650726505613823 0.47860236625351921 1.1309911081180437 0.37273427363912032 1.0498289003082721 1.6127630710823875 0.74925171008559199 1.1413228044338042 0.68437397492106389 0.78014963180456309 0.85619018976395311 0.85878892340762247 0.85405034680999903 0.40555215947287321 0.36924168536383944 0.31304927952267042 0.23501510422988378 0.13087495484746758 0 -0.16319630207067151 -0.34856519511843065 -0.55795344011643755 -0.79272887877833342 -0.62714377741322747 -0.8791032550501815 -1.1420357091575359 -1.4052372156723623 -1.7315908983501864 -1.2754317181509969 -2.1409098104843207 -2.9383352550361095 -2.6110652385781177 -3.4761532350789257 -2.9401794746683412 -2.9026215692332551 -3.6761423613858479 -2.6472229042238342 -3.3188996677667384 -2.1372274890500762 -2.0053373842521922 -0.048044868260690571 2.4470579109972594 0.68107061276204195 1.4456453071344137 2.0583470336137917 0.47533690334103018 1.1268235029788041 0.37042559392793462 1.0465287354543384 1.6086280195145259 0.74699674008563088 1.1384833712354385 0.68270279818997182 0.77834282939639354 0.85428846324252861 0.85688778401918309 0.85217676893283678 0.4045825521377775 0.36837573807165014 0.31233072900224496 0.23448724818794495 0.1305864342659934 0 -0.16285328801275437 -0.34783480940173406 -0.55678966136473629 -0.79108554617227589 -0.625809855554466 -0.87723815730907251 -1.1396101653450548 -1.4022288066885149 -1.7279177790517015 -1.2726874836246602 -2.1365940157829435 -2.9324485446094375 -2.6059830733124745 -3.4694273717075594 -2.9348751365144219 -2.8977839167081196 -3.6699625992962672 -2.64372658430828 -3.3143412305873574 -2.1360281336572031 -2.0069522716603854 -0.056780291175720143 2.4348594474780301 0.67604008849381236 1.439708926104831 2.0516304347755852 0.47207678623135046 1.1226618264606454 0.36812067256229236 1.0432329861100582 1.6044979812867295 0.744744759646222 1.1356473266448295 0.68103359884883607 0.77653808303873306 0.852388829663693 0.85498872894390476 0.85030523287273396 0.40361407119830595 0.36751078537206566 0.31161298984588792 0.23395997710886884 0.13029822812567393 0 -0.16251063345794436 -0.34710518913187005 -0.55562709456892434 -0.78944391854199247 -0.62447735115579772 -0.87537503238789749 -1.1371871816897396 -1.3992235956480272 -1.724248523311398 -1.2699461741424147 -2.1322825437610446 -2.9265676834028986 -2.600905791077432 -3.4627079321536636 -2.9295754696892851 -2.8929500796155114 -3.663787764150352 -2.6402320022267056 -3.3097852737812326 -2.1348271637443617 -2.0085609603821539 -0.065500941429628409 2.4226781415077938 0.6710177052991666 1.4337811085312344 2.044922833826329 0.46882201814136731 1.1185060404204752 0.36581953343907025 1.0399416930226697 1.6003729370976743 0.7424957660100332 1.1328146679046447 0.6793663585920362 0.77473538798284292 0.85049128374255989 0.85309175779882473 0.84843573629361746 0.40264671726719881 0.36664682492901302 0.31089606042600748 0.23343329195006232 0.13001033695308301 0 -0.16216833914344475 -0.34637633325569095 -0.55446574112681568 -0.78780398937711593 -0.62314625759196662 -0.87351387423584459 -1.1347667547449249 -1.3962215773426054 -1.7205831423883808 -1.2672077785983398 -2.1279754056011364 -2.9206927006748482 -2.5958334151571258 -3.4559949119748694 -2.9242804784821135 -2.8881200824650461 -3.6576178682029088 -2.636739123052906 -3.3052318010248056 -2.1336245819156985 -2.0101635006622125 -0.07420681687782385 2.4105140428206497 0.66600347533078996 1.4278618797402283 2.0382242223919036 0.46557259437340426 1.1143561637511241 0.36352213238989578 1.0366548157002431 1.5962528996617247 0.74024974671800925 1.1299853757901537 0.67770109284020652 0.7729347419820084 0.84859583380218706 0.85119686729046329 0.8465682784678582 0.40168048902961745 0.36578385647441836 0.31017994139364041 0.23290719308172275 0.12972276169924482 0 -0.161826404159719 -0.34564824036261727 -0.55330559890020148 -0.78616576269875538 -0.62181657708415705 -0.87165468553365333 -1.1323488915698918 -1.3932227604016774 -1.7169216309722333 -1.2644723070515915 -2.1236725980608018 -2.9148235717369544 -2.5907659222674204 -3.4492883250599613 -2.9189901412938073 -2.8832938957941234 -3.6514529005777967 -2.6332479755346201 -3.3006808268196011 -2.1324203900094356 -2.01175986033169 -0.082897925588055463 2.3781362029468482 0.66099738337229497 1.4219511996994381 2.0315346085400581 0.46232850818731641 1.110212197065332 0.36122851266403083 1.0333723746185208 1.5921378572857507 0.73800672045873328 1.1271594663091997 0.67603780184865547 0.77113614784462325 0.84670247100889973 0.84930406219308963 0.84470285580837146 0.4007153856047474 0.36492187963808431 0.30946463207221925 0.23238167773375282 0.12943550104293786 0 -0.16148482949289625 -0.34492091091858701 -0.55214666693805758 -0.7845292392090093 -0.62048830557296353 -0.86979746263041191 -1.1299335924327136 -1.3902271346129027 -1.7132639907990534 -1.2617397494940756 -2.1193741173870051 -2.9089603020783485 -2.5857033405943755 -3.4425881660985214 -2.9137044742088025 -2.8784715497802082 -3.6452928586708686 -2.6297585400130923 -3.2961323223668182 -2.1312146010973687 -2.0133500223359766 0.087915491213203148 2.1875076535431637 0.65933399653792857 1.4160490999649957 2.0248539945685695 0.45908977765894654 1.1060741287210309 0.35893865021141358 1.0300943613523226 1.5880278154844163 0.7357666667054007 1.1243369426786702 0.67437647435827774 0.76933960488135433 0.84481120294536094 0.84741333676226227 0.84283946862152759 0.39975141212428977 0.3640608937306779 0.30875013324681749 0.23185674946770624 0.12914855605645784 0 -0.16114361498021731 -0.34419434590015524 -0.55098894585312441 -0.78289441500165735 -0.61916144719438382 -0.86794221353004231 -1.1275208539633186 -1.3872347088610173 -1.7096102132138824 -1.2590101182571936 -2.1150799723878904 -2.9031029010433236 -2.5806456603341439 -3.4358944321800329 -2.9084234776866547 -2.8736530160840559 -3.6391377714341098 -2.6262708439084568 -3.2915863261159193 -2.0381112425032484 -1.918700717546467 0.0074022925509515808 1.9978030511428813 0.56734597814765031 1.3490110739452443 1.9755020423650098 0.4286125142949076 1.086994305466338 0.35178228195067107 1.0298654946833554 1.593134697524538 0.74727478188027929 1.1215177900396096 0.67271711861553796 0.76754511904088984 0.84292202034387131 0.84552470087842035 0.84097812558781571 0.39878856360972847 0.36320090066701288 0.30803644600887908 0.23133240610069516 0.12886192628024942 0 -0.16080275922067672 -0.3434685445988408 -0.5498324391175976 -0.78126128969373676 -0.61783600092718405 -0.86608893244980634 -1.1251106735064975 -1.3842454799801958 -1.7059603133565149 -1.2562834045328013 -2.1107901541021277 -2.8626489384285749 -2.5383326127235217 -3.3896711157044965 -2.8618017503377988 -2.8265057023093401 -3.5905696517992101 -2.5807633335081137 -3.2466535923813811 -2.0892543034028677 -1.9814046638479275 -0.072561729740610259 1.8095182893323609 0.47622458019598424 1.2638760754328573 1.8956339296775593 0.35803236591042625 1.0203747109496155 0.29186639707298834 0.97333522846104059 1.5403292351792846 0.70040751070195872 1.0954057295993007 0.65349079139656496 0.75092090373334786 0.82871034514377617 0.83288952323914855 0.8304278619527089 0.39103114405445849 0.35729695524351007 0.30311266699544209 0.22808967209869671 0.12726143527225819 0 -0.1600069707969429 -0.34110675822151854 -0.54590380028824537 -0.77653750374371922 -0.61235141506591662 -0.85904999967080908 -1.1172930269923824 -1.3748957954316603 -1.6950618903033945 -1.2454992408214134 -2.0977547891529098 -2.8823694906140651 -2.5612072149654304 -3.414164547879702 -2.8908385116069404 -2.8597160819480423 -3.6262793182546291 -2.6224494742333464 -3.2911907843996571 -2.1396076465662559 -2.043229631961808 -0.15148026091820216 1.7717162306822138 0.44318370554624731 1.2299353205897865 1.8612703239921788 0.32808380322547648 0.99046202135731676 0.26530147557685763 0.94742402946499338 1.5158453900429518 0.68005605492950938 1.0774240075815722 0.63923579475882086 0.73815131121761712 0.81751297806047596 0.82250406043155044 0.82162939131550516 0.3846790040785853 0.35256702336657214 0.29889648623320392 0.22533211080631754 0.12592323545768697 0 -0.15990435668280034 -0.33992080240867556 -0.54372245952066456 -0.77453634783291381 -0.61045323169049093 -0.8565799163437684 -1.1153229290301607 -1.3726611148757406 -1.692645120448768 -1.2446488959685407 -2.0978347552255334 -2.8837293377373818 -2.5660624477793936 -3.4207542417923924 -2.901961150093026 -2.8747191242284194 -3.6432606023026128 -2.6448667847699854 -3.3156060274239527 -2.1694822179849735 -2.0836659693534307 -0.21204044669701161 1.7656506578266484 0.44015843305221969 1.2257164358678629 1.8560291038723982 0.32604855530526133 0.98735220932163614 0.26386913355049746 0.94486943383771771 1.5123328388887474 0.67829831949833552 1.0749811902589712 0.63786696884363125 0.73660484988624308 0.81583123362498589 0.82079957122452851 0.81991721185866984 0.38382977285591063 0.35178950919849794 0.29825357741450431 0.22485277658110869 0.12565787581338464 0 -0.15956515938182284 -0.33921261540328268 -0.54259740478964424 -0.77293036556008843 -0.60916134895684604 -0.85476668358223051 -1.1129427194948718 -1.3697032477861626 -1.6890253338474279 -1.2419432584469001 -2.09353786703858 -2.8778334224942106 -2.5609175217583435 -3.4139155029024897 -2.8964588435232486 -2.8695893183944365 -3.6367001489248643 -2.6408594743651408 -3.3104195360537911 -2.1675039413422232 -2.0840509434418872 -0.21884461860154866 1.7339193728707019 0.42461246900014238 1.2042899100095388 1.8295657733096342 0.31562192085980839 0.97161068431084585 0.25652816773810261 0.93196540124657723 1.4946834140477741 0.66942256120457677 1.0627151264072427 0.63097245132444635 0.7288353575446006 0.80739731862480624 0.81225833856787244 0.81134662599942642 0.37956943678012678 0.34789437867308676 0.2950318847464975 0.22245264653534388 0.12433004541147263 0 -0.15787436297984861 -0.33567871463644106 -0.53698228826455729 -0.7649194912751589 -0.60271449034000812 -0.84571991798762913 -1.1010731896542336 -1.3549549046729601 -1.6709781888958446 -1.2284541483595444 -2.072122305787266 -2.8484569398554993 -2.5352934346982026 -3.379862535015409 -2.8690802508377962 -2.8440839737913759 -3.604084686678799 -2.6209887344965046 -3.2846975831135965 -2.1577914277825987 -2.0861934409022673 -0.25311285675385076 1.7000624831973807 0.40843540017799834 1.1823679107516054 1.8027230839138273 0.30481963134189521 0.95558384565518384 0.24891805926667712 0.91886776157276673 1.4769097908068203 0.66041821397035616 1.050375201547685 0.62400397731204837 0.72101236096402421 0.79892843120934476 0.80369199312770523 0.80276482584144804 0.37528928544480128 0.34398939445182797 0.29180062825354491 0.22004824498669207 0.12300119174900138 0 -0.15619223074349448 -0.33215703848794409 -0.53138499935841943 -0.75694104378816607 -0.59628941604961105 -0.83670650410987613 -1.0892567442615093 -1.3402753854583009 -1.6530177225882829 -1.2150302481510902 -2.0508203783973626 -2.8192494847277763 -2.5098324560765075 -3.3460372436000756 -2.8419136642982417 -2.8188053679118976 -3.5717643100109044 -2.6013740757034269 -3.2593015912311629 -2.1483477872762173 -2.0886535319392352 -0.28772413763521604 1.6643464634917635 0.39171278302124335 1.1600231073217577 1.7755628805976884 0.2936937852617888 0.93931593295829985 0.24107585748624816 0.90560757973479133 1.4590373453001262 0.65130590136196376 1.0379775003718612 0.61697400994675844 0.7131464286403677 0.79043334224722206 0.7951082782835408 0.79417803669983633 0.37099410792700188 0.34007798603013589 0.28856276118494523 0.21764143077260176 0.12167218710345878 0 -0.15451877465630354 -0.32864821986759263 -0.525806685363856 -0.74899589733928129 -0.58988729029246911 -0.82772775538361087 -1.0774941427956939 -1.3256653875173838 -1.6351444295849833 -1.2016716872629518 -2.0296306841187159 -2.7902076811665841 -2.48452904825163 -3.3124311222874843 -2.8149473437979662 -2.7937377842193096 -3.5397187004485584 -2.5819904736667927 -3.234200835048302 -2.1391368216716287 -2.0913757073761103 -0.32259296353114586 1.6270098750486974 0.37452139543745711 1.137320725938642 1.7481406385818654 0.2822910512283231 0.92284664797035287 0.23303489317836584 0.8922126864029275 1.4410888615146118 0.64210420626475451 1.0255364291731786 0.60989374399621099 0.7052470461784317 0.78191995877070919 0.78651418693552322 0.78559186610692222 0.36668820604750174 0.33616326440605648 0.28532094302564104 0.21523388998239987 0.12034381884629593 0 -0.15285400860067624 -0.32515283446416782 -0.52024839081181673 -0.74108485136328306 -0.5835091679395269 -0.8187848969067284 -1.0657861148008612 -1.3111255672483944 -1.617358792036071 -1.1883786931750142 -2.0085520618082149 -2.7613286477600574 -2.4593784326141526 -3.2790367431317877 -2.7881710213392354 -2.7688673426110491 -3.5079299705667948 -2.5628158873474538 -3.2093681793551263 -2.130126675359866 -2.0943109824452391 -0.35764403477034518 1.527925688306585 0.32992631553309576 1.0793695871695601 1.6787529677831909 0.25283758452040972 0.88101726645552458 0.21225123951473546 0.85829409530027678 1.3960142420148745 0.61881403192409001 0.99432586482028529 0.59203653734398121 0.68540630333662378 0.7606012416547846 0.76502312572338715 0.76416094855922911 0.35590103813361862 0.32637958117328159 0.27721427705083662 0.20922142151753428 0.11703017194289567 0 -0.14873020603595519 -0.31647645297014243 -0.50644628428081184 -0.72146111756531839 -0.5676750982206038 -0.7965919325976053 -1.0367592571276159 -1.2750872347798277 -1.5732815176859998 -1.1554348118884912 -1.9563357091103337 -2.6898276297971502 -2.3971443997304007 -3.1964365785508604 -2.722004805899306 -2.707477410091399 -3.4294832025170812 -2.5156716291816021 -3.1483089115696061 -2.1083028009924716 -2.1023100885396162 -0.44565307485197264 1.4740734587643571 0.3054035653112851 1.0466290240079241 1.6389817660501871 0.23657430529005594 0.85722230761381768 0.20078912557224043 0.83888673450882467 1.369850177196547 0.60547999852469969 0.97618331643924694 0.581731928367764 0.67388169848705348 0.74815806262902684 0.75245605760391043 0.75159595769363319 0.34962436038396999 0.32066641239292731 0.27248298667092352 0.20570473481541685 0.11508840442534037 0 -0.14628643951300729 -0.31135110985874004 -0.49829784704100744 -0.70985632860965564 -0.55833870512894368 -0.78349717497393223 -1.0196057196690049 -1.2537872646488033 -1.5472201363555202 -1.1359922293729949 -1.9254366808204446 -2.6474700114605025 -2.3602784192973814 -3.1474531193521971 -2.6827410508968534 -2.6709944543386928 -3.3828228586579585 -2.4875398167712142 -3.1118577717253939 -2.09510765606188 -2.1067205628708172 -0.49769748396887031 1.5065126340572055 0.31686657283357217 1.0564041039821161 1.64732606520957 0.24363833438516574 0.86323929224690898 0.20585520216350636 0.84314486561264479 1.3733564987719971 0.60835501682771453 0.97844706361394962 0.5835130518202658 0.6754092763328311 0.74944224721106001 0.75360056704779188 0.75252852341454957 0.35035429412162511 0.32120304535429911 0.27294800527554386 0.20600467013833917 0.11523242818550654 0 -0.14630253144895083 -0.31148466860278329 -0.49853954792845306 -0.71008360297049522 -0.55865118870566299 -0.78388431171696715 -1.019951923755718 -1.254185318064676 -1.5476577613142102 -1.1364560017529413 -1.9258266971243594 -2.6477470728959962 -2.3604616835769225 -3.1474288663201007 -2.6825127361538281 -2.6704648934231039 -3.3819454488305682 -2.4863672358373035 -3.1102719356685351 -2.093338719122928 -2.1041968624840113 -0.49483387731807071 1.5262158667770434 0.32383507824891727 1.0623467759666194 1.6523990810861917 0.24793303715678697 0.86689737686114643 0.20893502704003328 0.84573330713192396 1.3754877491264981 0.6101022902011527 0.97982266140870378 0.58459515460888078 0.67633724426658182 0.75022228939295821 0.75429561351555341 0.75309479354540099 0.35079746470033096 0.32152881518598275 0.27323021053928248 0.20618665643920969 0.11531979946556345 0 -0.14631227210695488 -0.31156560315633308 -0.49868598618908749 -0.71022116574984551 -0.55884026891310723 -0.78411848100330861 -1.0201610392986411 -1.2544255895435896 -1.547921729252665 -1.1367355013847238 -1.9260606637595692 -2.6479115930628567 -2.3605682480732884 -3.1474083458984481 -2.6823671362625192 -2.6701350986527279 -3.3814030088770903 -2.4856440336277021 -3.109296197597375 -2.0922499572500479 -2.1026446390692985 -0.49306914403376806 1.5381923303539828 0.32807635516131756 1.0659640495152141 1.6554871166844645 0.25054736185301291 0.86912402324115656 0.210809582557315 0.84730860405340802 1.3767846372218171 0.61116528825381489 0.98065937059138297 0.58525307826159079 0.67690140522998865 0.75069644580835859 0.75471797932275209 0.75343884219000135 0.35106666199538328 0.32172666428340735 0.27340152510391924 0.20629710178452595 0.11537280901234209 0 -0.14631816303173362 -0.31161462270977269 -0.49877464542080352 -0.71030432260442455 -0.55895452457839723 -0.7842598925584775 -1.0202870407511615 -1.2545702384106907 -1.5480804877446819 -1.1369033475832251 -1.9262001528416428 -2.6480081335087706 -2.3606286323660037 -3.1473905572778746 -2.6822722048985028 -2.6699270694475232 -3.3810645323407647 -2.4851942808764216 -3.1086915019397892 -2.0915748398455976 -2.1016832467834283 -0.49197290034494456 1.5454800326833702 0.33066228827446653 1.0681697401725592 1.6573701931233342 0.25214166521667275 0.87048185730791727 0.21195257195814304 0.84826891383118763 1.3775750519502865 0.61181297977963522 0.98116901935785028 0.58565367135888613 0.67724480858232483 0.75098499421207787 0.75497488925739309 0.75364805092053166 0.35123031475157496 0.32184690150799783 0.27350556236515211 0.20636414819329432 0.11540497038516648 0 -0.14632171676665284 -0.3116442921119521 -0.49882828111170785 -0.71035452104491825 -0.55902343362232843 -0.78434510305089988 -1.0203627157897963 -1.2546570139442916 -1.5481755288913588 -1.1370036417025364 -1.9262825638762311 -2.648063700768136 -2.3606613514283592 -3.1473748315500778 -2.6822085743580568 -2.6697935750093111 -3.38085055444723 -2.4849113645784766 -3.1083130070707496 -2.0911519059769597 -2.1010819365167115 -0.49128434860659259 
end_dependent_variable

end_regular_table
