# ****************************************************************************
# CUI
#
# The Advanced Framework for Simulation, Integration, and Modeling (AFSIM)
#
# The use, dissemination or disclosure of data in this file is subject to
# limitation or restriction. See accompanying README and LICENSE for details.
# ****************************************************************************

# ##################################################################################################
# 
# This file was auto-generated by AFSIM Mover Creator 2.5.0.200402
# 
# Creation Date:  03 Apr 2020
# 
# ##################################################################################################

regular_table

independent_variable mach precision double
0.10000000000000001 0.5 0.70000000000000007 0.75 0.80000000000000004 0.84999999999999998 0.90000000000000002 0.92000000000000004 0.94000000000000006 0.95999999999999996 0.97999999999999998 1 1.02 1.04 1.0600000000000001 1.0800000000000001 1.1000000000000001 1.2 1.3 1.4000000000000001 1.5 1.75 2 2.5 3 
end_independent_variable

independent_variable surface_angle units deg
-20 -16 -14 -12 -10 -9 -8 -7 -6 -5 -4 -3 -2 -1 0 1 2 3 4 5 6 7 8 9 10 12 14 16 18 20 
end_independent_variable

dependent_variable precision double
-0.00022591384777103507 -0.00015344993449568746 -0.00012233319227197704 -9.4626593045871483e-05 -7.0330136796759819e-05 -5.9460712270542077e-05 -4.9443823498878308e-05 -4.027947046631027e-05 -3.1967653167685202e-05 -2.4508371615884986e-05 -1.7901625813485987e-05 -1.214741574374178e-05 -7.2457414201783274e-06 -3.1966028389310675e-06 0 -3.1966028386090209e-06 -7.2457414208224214e-06 -1.214741574374178e-05 -1.7901625810909614e-05 -2.4508371618461359e-05 -3.1967653167685202e-05 -4.0279470461157517e-05 -4.9443823498878308e-05 -5.9460712270542077e-05 -7.0330136796759819e-05 -9.4626593045871483e-05 -0.00012233319226167153 -0.00015344993449568746 -0.00018797681964486431 -0.00022591384777103507 -0.00024108218030773084 -0.0001631578442463693 -0.00012976590755582699 -0.00010008745808186049 -7.4122496288217085e-05 -6.253257318778439e-05 -5.1871021994550595e-05 -4.2137842682751961e-05 -3.3333035226624759e-05 -2.5456599677696458e-05 -1.8508535971557717e-05 -1.2488844166176943e-05 -7.3975242325699309e-06 -3.2345761771776167e-06 0 -3.2345761771776167e-06 -7.3975242325699309e-06 -1.2488844172617876e-05 -1.8508535971557717e-05 -2.5456599677696458e-05 -3.3333035226624759e-05 -4.2137842682751961e-05 -5.1871021994550595e-05 -6.253257318778439e-05 -7.4122496288217085e-05 -0.00010008745808186049 -0.00012976590755582699 -0.0001631578442463693 -0.00020026326846265226 -0.00024108218030773084 -0.0002578354688625113 -0.00017387996153452918 -0.00013797503535628328 -0.00010611866095543158 -7.831083811555874e-05 -6.5925133693300913e-05 -5.4551567089149328e-05 -4.4190138483450146e-05 -3.4840847767995675e-05 -2.650369501492437e-05 -1.9178680152097771e-05 -1.2865803224602422e-05 -7.5650642189123555e-06 -3.2764631462992087e-06 0 -3.2764631462992087e-06 -7.5650642189123555e-06 -1.2865803224602422e-05 -1.9178680152097771e-05 -2.650369501492437e-05 -3.4840847767995675e-05 -4.4190138483450146e-05 -5.4551567089149328e-05 -6.5925133693300913e-05 -7.831083811555874e-05 -0.00010611866095543158 -0.00013797503535628328 -0.00017387996153452918 -0.0002138334392737539 -0.0002578354688625113 -0.00026315901679614619 -0.00017728703435023943 -0.00014058357665386651 -0.00010803514123125604 -7.9641728468864039e-05 -6.7003155334053544e-05 -5.5403337980234489e-05 -4.4842276098242029e-05 -3.5319969881304187e-05 -2.6836419174838549e-05 -1.9391624191395936e-05 -1.298558472808693e-05 -7.6183008815255404e-06 -3.2897726444657137e-06 0 -3.2897726444657137e-06 -7.6183008863562405e-06 -1.298558471842553e-05 -1.9391624172073135e-05 -2.6836419174838549e-05 -3.531996984265858e-05 -4.4842276098242029e-05 -5.5403337941588882e-05 -6.7003155334053544e-05 -7.9641728391572839e-05 -0.00010803514123125604 -0.00014058357665386651 -0.00017728703435023943 -0.00021814551408850117 -0.00026315901679614619 -0.00026891821407709128 -0.00018097292214473845 -0.00014340558564768572 -0.0001101084549687184 -8.1081530520056249e-05 -6.8169395704228069e-05 -5.6324812219255311e-05 -4.554778035369181e-05 -3.5838300025093614e-05 -2.7196371212849734e-05 -1.9621993896349178e-05 -1.3115168127119422e-05 -7.6758938897022232e-06 -3.30417118409758e-06 0 -3.3041711815212065e-06 -7.6758938897022232e-06 -1.3115168137424916e-05 -1.9621993896349178e-05 -2.7196371192238745e-05 -3.5838300025093614e-05 -4.5547780394913787e-05 -5.6324812260477288e-05 -6.8169395704228069e-05 -8.1081530520056249e-05 -0.00011010845505116236 -0.00014340558564768572 -0.00018097292214473845 -0.00022281046511942818 -0.00026891821407709128 -0.00029630841207469106 -0.00019720568779648691 -0.00015512452091039083 -0.0001180234845725511 -8.5902578082194139e-05 -7.1709673869258911e-05 -5.8761802052496841e-05 -4.7058962938496392e-05 -3.6601156264467461e-05 -2.7388382118006744e-05 -1.9420640564811769e-05 -1.269793161583212e-05 -7.2202551834711018e-06 -2.9876113115270616e-06 0 -3.2673703243004013e-06 -7.7797732090177811e-06 -1.353720866236433e-05 -2.0539676648753888e-05 -2.8787177184610839e-05 -3.8279710335632705e-05 -4.9017275948525262e-05 -6.0999874220381087e-05 -7.4227504976006776e-05 -8.8700168346797373e-05 -0.00012138059262728489 -0.00015904114719323865 -0.00020168183186946529 -0.00024930264700635162 -0.00030190359242870414 -0.0003236986139059348 -0.00021343845509711449 -0.00016684345769830909 -0.0001259385144134102 -9.0723625706165014e-05 -7.5249951807568888e-05 -6.1198791576573568e-05 -4.8570145013179027e-05 -3.7364011978261112e-05 -2.7580392587756632e-05 -1.9219286841665583e-05 -1.2280694693613244e-05 -6.7646161609901313e-06 -2.6710512698820305e-06 0 -3.2305693936529509e-06 -7.8836524143288114e-06 -1.3959249064926003e-05 -2.1457359313561904e-05 -3.0377983195017552e-05 -4.072112069769927e-05 -5.2486771867981787e-05 -6.5674936566740918e-05 -8.0285614979475582e-05 -9.6318806874312124e-05 -0.00013265273185228651 -0.00017467671112966627 -0.00022239074507744922 -0.00027579483332463753 -0.00033488897605673016 -0.00035311101212246761 -0.00023206086078873589 -0.00018099102517970186 -0.00013622468351141899 -9.776183540464508e-05 -8.0894221626445089e-05 -6.5602481049001238e-05 -5.1886614098961011e-05 -3.9746620444487469e-05 -2.9182500109283266e-05 -2.0194253330374764e-05 -1.2781879858884276e-05 -6.9453798311019631e-06 -2.6847532114738708e-06 0 -3.3932041284538086e-06 -8.3622816709874974e-06 -1.4907232639452385e-05 -2.3028056998294516e-05 -3.2724754723811252e-05 -4.3997325934515779e-05 -5.6845770488192279e-05 -7.1270088527056562e-05 -8.727027986148755e-05 -0.00010484634477591687 -0.0001447260946810967 -0.00019090933824259603 -0.00024339607517598325 -0.00030218630605012163 -0.00036728003029614791 -0.00038424345842493494 -0.00025173462195633717 -0.00019591648060499005 -0.00014705585724019188 -0.00010515275263691587 -8.6810269241182955e-05 -7.0207165632702216e-05 -5.5343441569294545e-05 -4.2219097050959937e-05 -3.0834132005044655e-05 -2.1188546528420343e-05 -1.3282340608978053e-05 -7.1155142043364357e-06 -2.6880673296316868e-06 0 -3.5589536122891919e-06 -8.8572867635969687e-06 -1.5894999456950568e-05 -2.4672091707486186e-05 -3.5188563515203822e-05 -4.7444414746904967e-05 -6.1439645523679167e-05 -7.7174255990833908e-05 -9.464824595462588e-05 -0.00011386161531818345 -0.00015750649272895361 -0.00020810888861063094 -0.00026566880228511393 -0.00033018623413988917 -0.00040166118436869998 -0.00041714460761512948 -0.00027248857312928311 -0.00021164063993046661 -0.0001584460955007914 -0.00011290494023598852 -9.3004383490947811e-05 -7.5017174037125169e-05 -5.8943311923986973e-05 -4.4782796953667738e-05 -3.2535629274566577e-05 -2.2201808886683488e-05 -1.3781335790018471e-05 -7.2742099165552654e-06 -2.6804313250351894e-06 0 -3.7277524680060708e-06 -9.3688521963137325e-06 -1.6923299231297706e-05 -2.6391093483300198e-05 -3.7772235014154171e-05 -5.106672381149303e-05 -6.6274559949516329e-05 -8.339574327982496e-05 -0.00010243027385188529 -0.0001233781517151637 -0.00017101394911750925 -0.00022630313578365983 -0.00028924571201041367 -0.00035984167621484688 -0.00043809102997988337 -0.00045186311034791331 -0.00029435154842884134 -0.00022818431938036754 -0.00017040945746465118 -0.0001210269623787107 -9.9482852788257553e-05 -8.0036835132484533e-05 -6.2688909158907006e-05 -4.7439075170506529e-05 -3.4287332990543863e-05 -2.3233682694764391e-05 -1.4278124232671191e-05 -7.4206576295127263e-06 -2.6612828884450536e-06 0 -3.899535331268878e-06 -9.8971625088482601e-06 -1.799288155167449e-05 -2.8186692428186997e-05 -4.0478595201506924e-05 -5.4868589833761589e-05 -7.135667614821176e-05 -8.994285454883282e-05 -0.00011062712478314014 -0.00013340948675013989 -0.00018526848658917362 -0.00024551985325798318 -0.00031416358786750094 -0.00039119969001375144 -0.00047662815909077169 -0.00048844762018017548 -0.00031735238253689796 -0.00024556833534381662 -0.0001829600014705208 -0.00012952738235977971 -0.00010625196558272986 -8.527047739326373e-05 -6.658291779138134e-05 -5.0189286777082696e-05 -3.6089584221549122e-05 -2.4283810253599283e-05 -1.4771964847469452e-05 -7.554048003159629e-06 -2.6300597238902784e-06 0 -4.0742368225414385e-06 -1.0442402206902884e-05 -1.9104496153084335e-05 -3.0060518635322057e-05 -4.3310469718025391e-05 -5.8854349311021259e-05 -7.6692157491600873e-05 -9.6823894208236745e-05 -0.00011924955951245637 -0.00014396915340425973 -0.00020029012664145285 -0.00026578681412592602 -0.00034045921657906381 -0.00042430733193976735 -0.00051733116247524539 -0.00052694679070178295 -0.00034151990783103103 -0.00026381350313404414 -0.0001961117881243587 -0.00013841476353778701 -0.00011331801053421448 -9.0722429794793237e-05 -7.0628021845103514e-05 -5.3034786632587282e-05 -3.7942723973291456e-05 -2.5351833946053085e-05 -1.5262116485174632e-05 -7.6735716892023907e-06 -2.5861995334997861e-06 0 -4.2517915853461256e-06 -1.1004755796179946e-05 -2.0258892635786337e-05 -3.2014202146868691e-05 -4.6270684237450468e-05 -6.3028339012647714e-05 -8.2287166367344387e-05 -0.00010404716630154049 -0.00012830833886779403 -0.00015507068422377911 -0.00021609889256913144 -0.00028713179165294566 -0.00036816938126498969 -0.00045921166098479934 -0.00056025863186353502 -0.00056740927362287983 -0.00036688295975573313 -0.00028294063936689463 -0.00020987887610293462 -0.0001476976699638531 -0.00012068727603049606 -9.6397021378358643e-05 -7.4826906061029418e-05 -5.5976929971331253e-05 -3.9847093323618418e-05 -2.6437395983919487e-05 -1.5747838005823039e-05 -7.778419322343357e-06 -2.5291399971168675e-06 0 -4.4321342379568447e-06 -1.1584407817420453e-05 -2.1456820694850114e-05 -3.4049372947279395e-05 -4.9362064561311158e-05 -6.7394895510151112e-05 -8.8147865686622113e-05 -0.0001116209752514899 -0.00013781422420475442 -0.00016672761233206144 -0.0002327148070733972 -0.00030958255893961142 -0.00039733086771634988 -0.00049595973468973822 -0.00060546915835929657 -0.00060988372186553726 -0.00039347037167378749 -0.00030297056058401335 -0.0002242753244787495 -0.00015738466488733122 -0.00012836605060157519 -0.00010229858038966145 -7.9182254142351751e-05 -5.9017071805026979e-05 -4.1803033404996691e-05 -2.7540138833022648e-05 -1.6228388252962211e-05 -7.8677815692319166e-06 -2.4583188279166481e-06 0 -4.6151994154583452e-06 -1.2181542761383784e-05 -2.2699029993398286e-05 -3.6167661190016828e-05 -5.2587436337584631e-05 -7.1958355313208683e-05 -9.428041825343678e-05 -0.0001195536251036498 -0.00014777797602770511 -0.00017895347069788798 -0.00025015789193206584 -0.00033316688858770697 -0.00042798046088328776 -0.00053459860991119062 -0.00065302133304969789 -0.000654418788500225 -0.00042131097728599745 -0.00032392408246962836 -0.00023931519403089398 -0.00016748431152459692 -0.00013636062302478424 -0.00010843143595243124 -8.3696750808384899e-05 -6.2156567091798222e-05 -4.3810885136569233e-05 -2.8659704803573744e-05 -1.6703026106724176e-05 -7.9408490877577778e-06 -2.3731737171106677e-06 0 -4.8009217457215277e-06 -1.2796345141501393e-05 -2.3986270215164433e-05 -3.8370696938885807e-05 -5.5949625243103442e-05 -7.6723055308678743e-05 -0.00010069098702431239 -0.00012785342039000437 -0.00015821035529445536 -0.00019176179196026401 -0.00026844817046465499 -0.00035791255479018401 -0.00046015494616114374 -0.00057517534457753408 -0.0007029737491489605 -0.00070106312678703381 -0.00045043361236250925 -0.00034582202178798333 -0.00025501254238085528 -0.00017800517402776463 -0.00014467728185073468 -0.00011479991695543226 -8.8373080078700157e-05 -6.5396770993817531e-05 -4.5870989672444242e-05 -2.9795736199600646e-05 -1.7171010476096345e-05 -7.9968125231864244e-06 -2.2731423692109944e-06 0 -4.9892358680821543e-06 -1.3428999520928744e-05 -2.5319290969167312e-05 -4.0660110237595447e-05 -5.9451457127832397e-05 -8.1693332064979794e-05 -0.00010738573456725577 -0.00013652866497474166 -0.00016912212323075721 -0.0002051661088818607 -0.00028760566429645895 -0.00038384733110517587 -0.00049389110749424462 -0.00061773699731791979 -0.00075538499672194684 -0.0009676267320431149 -0.00061628639476879845 -0.00047020653735178848 -0.00034385355391665617 -0.00023722744372140585 -0.00019131196618148592 -0.00015032820750803316 -0.00011427616702088501 -8.3155844843707348e-05 -5.6967241347497995e-05 -3.5710356161259151e-05 -1.9385189455031461e-05 -7.9917412056275755e-06 -1.5300113869617089e-06 0 -5.9673952730632445e-06 -1.6866508979762929e-05 -3.2697341151015534e-05 -5.3459891755904577e-05 -7.9154160794430052e-05 -0.00010978014820475901 -0.00014533785429605625 -0.0001858272785736581 -0.00023124842134672932 -0.00028160128249160403 -0.00039710216063875949 -0.00053232991177846502 -0.00068728453739471198 -0.00086196603649817279 -0.0010563744100781749 -0.0012942200321627039 -0.00081851498205293691 -0.00062132390167604905 -0.00045124045260283438 -0.0003082646340294645 -0.00024694208611323562 -0.00019239644608991076 -0.0001446277133566185 -0.0001036358886502017 -6.9420971367788948e-05 -4.1982961777323092e-05 -2.1321859862057697e-05 -7.4376655884999054e-06 -3.3037896999453113e-07 0 -7.0005437947649626e-06 -2.0777995264730389e-05 -4.1332354342910567e-05 -6.8663621129784057e-05 -0.00010277179554161873 -0.00014365687744444318 -0.00019131886730715733 -0.00024575776452688981 -0.00030697356990746919 -0.00037496628224315264 -0.00053128243045926014 -0.00071470620997904095 -0.00092523761865895217 -0.0011628766589104795 -0.0014276233301977373 -0.0013818624424072731 -0.00087275522666204451 -0.0006618393798916894 -0.00048001537443328145 -0.0003272832101425436 -0.00026182656805632414 -0.00020364288629809142 -0.00015273216465143012 -0.00010909440333275556 -7.2729602269929351e-05 -4.3637761336709153e-05 -2.1818880668354577e-05 -7.2729602242877432e-06 -1.4187801866509531e-20 0 -7.2729602242877432e-06 -2.1818880668354577e-05 -4.3637761336709153e-05 -7.2729602269929351e-05 -0.00010909440333275556 -0.00015273216457929164 -0.00020364288629809142 -0.00026182656805632414 -0.0003272832099982667 -0.00040001281212391916 -0.00056729089721490743 -0.00076366082332928896 -0.00098912259075561765 -0.0012436761989167858 -0.0015273216455043625 -0.0014150307157846282 -0.00089370360970888953 -0.00067772523715646472 -0.0004915369850307244 -0.0003351388536408336 -0.00026811108291266688 -0.00020853084236846251 -0.00015639813162176446 -0.00011171295121361119 -7.4475300796192256e-05 -4.4685180466121678e-05 -2.2342590233060839e-05 -7.4475300825176463e-06 -1.3440266575142345e-20 0 -7.4475300825176463e-06 -2.2342590233060839e-05 -4.4685180466121678e-05 -7.4475300796192256e-05 -0.00011171295129090239 -0.00015639813169905566 -0.00020853084236846251 -0.00026811108291266688 -0.00033513885348625114 -0.00040961415470754505 -0.0005809073463107782 -0.00078199065849527836 -0.0010128640907972983 -0.0012735276435260027 -0.0015639813169905567 -0.0015527587290031213 -0.0009806897242263682 -0.00074368970750827155 -0.00053937934814415629 -0.00036775864649471501 -0.00029420691726791043 -0.00022882760228942821 -0.00017162070173961443 -0.00012258621548320948 -8.1724143700559528e-05 -4.9034486188775137e-05 -2.4517243094387569e-05 -8.1724143666744624e-06 -1.2424855344276386e-20 0 -8.1724143666744624e-06 -2.4517243094387569e-05 -4.9034486188775137e-05 -8.1724143700559528e-05 -0.00012258621552829602 -0.00017162070173961443 -0.00022882760228942821 -0.00029420691708756429 -0.00036775864649471501 -0.00044948279006001488 -0.00063744832056679315 -0.0008581035086078991 -0.0011114483532816018 -0.0013974828560306708 -0.0017162070164944134 -0.0015426714321732224 -0.00097431879963612658 -0.00073885842291655421 -0.00053587533957314879 -0.00036536954981202001 -0.00029229563976717205 -0.0002273410532209482 -0.00017050578986418368 -0.00012178984990298836 -8.1193233285834721e-05 -4.8715939961195342e-05 -2.4357969993479538e-05 -8.1193233311598465e-06 -1.1272705768452764e-20 0 -8.1193233311598465e-06 -2.4357969980597671e-05 -4.8715939961195342e-05 -8.1193233311598455e-05 -0.00012178984995451582 -0.00017050578986418368 -0.0002273410532209482 -0.00029229563987022699 -0.00036536954981202001 -0.00044656278314938216 -0.00063330721990775916 -0.00085252894983619317 -0.0011042279723163545 -0.0013884042900276716 -0.0017050578988479469 -0.0011661502810906507 -0.00073651596730293846 -0.00055852460818166326 -0.00040508378168168757 -0.00027619348754537391 -0.00022095479011359032 -0.00017185372564390358 -0.00012889029426513236 -9.2064495912867308e-05 -6.1376330619313085e-05 -3.6825798352265055e-05 -1.8412899176132528e-05 -6.1376330546852583e-06 -8.5109311130533849e-21 0 -6.1376330546852583e-06 -1.8412899176132528e-05 -3.6825798352265055e-05 -6.1376330619313085e-05 -9.2064495912867308e-05 -0.00012889029426513236 -0.00017185372557949424 -0.00022095479011359032 -0.00027619348741655524 -0.00033756981806807299 -0.00047873537851503636 -0.00064445147119684314 -0.00083471809624231189 -0.0010495352531361679 -0.0012889029418784116 -0.00094468985559180495 -0.00059664622445412319 -0.00045245672041715329 -0.00032815542329518537 -0.0002237423341702962 -0.00017899386749081937 -0.00013921745234686501 -0.00010441308927947156 -7.4580778056765399e-05 -4.9720518717392138e-05 -2.983231122270616e-05 -1.491615562101448e-05 -4.9720518664254434e-06 -6.8849711926516194e-21 0 -4.9720518664254434e-06 -1.491615561135308e-05 -2.983231122270616e-05 -4.9720518717392138e-05 -7.4580778056765399e-05 -0.00010441308927947156 -0.00013921745234686501 -0.00017899386733623697 -0.0002237423341702962 -0.00027346285277175152 -0.00038782004589518011 -0.00052206544608819302 -0.00067619905427828472 -0.00085022087015629039 -0.0010441308927947156 
end_dependent_variable

end_regular_table
