# ****************************************************************************
# CUI
#
# The Advanced Framework for Simulation, Integration, and Modeling (AFSIM)
#
# The use, dissemination or disclosure of data in this file is subject to
# limitation or restriction. See accompanying README and LICENSE for details.
# ****************************************************************************

# ##################################################################################################
# 
# This file was auto-generated by AFSIM Mover Creator 2.5.0.200408
# 
# Creation Date:  09 Apr 2020
# 
# ##################################################################################################

regular_table

independent_variable mach precision double
0.10000000000000001 0.5 0.70000000000000007 0.75 0.80000000000000004 0.84999999999999998 0.90000000000000002 0.92000000000000004 0.94000000000000006 0.95999999999999996 0.97999999999999998 1 1.02 1.04 1.0600000000000001 1.0800000000000001 1.1000000000000001 1.2 1.3 1.4000000000000001 1.5 1.75 2 2.5 3 
end_independent_variable

independent_variable beta units rad
-1.0471975511965976 -0.95993108859688125 -0.87266462599716477 -0.78539816339744828 -0.69813170079773179 -0.6108652381980153 -0.52359877559829882 -0.48869219055841229 -0.4537856055185257 -0.41887902047863912 -0.38397243543875248 -0.3490658503988659 -0.31415926535897931 -0.27925268031909273 -0.24434609527920614 -0.20943951023931956 -0.17453292519943295 -0.13962634015954636 -0.10471975511965978 -0.087266462599716474 -0.069813170079773182 -0.05235987755982989 -0.034906585039886591 -0.017453292519943295 0 0.017453292519943295 0.034906585039886591 0.05235987755982989 0.069813170079773182 0.087266462599716474 0.10471975511965978 0.13962634015954636 0.17453292519943295 0.20943951023931956 0.24434609527920614 0.27925268031909273 0.31415926535897931 0.3490658503988659 0.38397243543875248 0.41887902047863912 0.4537856055185257 0.48869219055841229 0.52359877559829882 0.6108652381980153 0.69813170079773179 0.78539816339744828 0.87266462599716477 0.95993108859688125 1.0471975511965976 
end_independent_variable

dependent_variable precision double
-0.031465262334754926 -0.036057027178992736 -0.040364010124714744 -0.044355592659099954 -0.048004012172242386 -0.051284279728633718 -0.054174110275461096 -0.05521623686339476 -0.056191590521407216 -0.057099105718742819 -0.057937787774800451 -0.058706713123746652 -0.059405032291412842 -0.060031969961448599 -0.060586826000697376 -0.06106897906454984 -0.061477887060016792 -0.061813087377265589 -0.062074200379205274 -0.062176878212622196 -0.062260929368409948 -0.062326329965237265 -0.062373061422303804 -0.062401110289822412 -0.062410468612419591 -0.062401110289822412 -0.062373061422303804 -0.062326329965237265 -0.062260929368409948 -0.062176878212622196 -0.062074200379205274 -0.061813087377265589 -0.061477887060016792 -0.06106897906454984 -0.060586826000697376 -0.060031969961448599 -0.059405032291412842 -0.058706713123746652 -0.057937787774800451 -0.057099105718742819 -0.056191590521407216 -0.05521623686339476 -0.054174110275461096 -0.051284279728633718 -0.048004012172242386 -0.044355592659099954 -0.040364010124714744 -0.036057027178992736 -0.031465262334754926 -0.027486203673253377 -0.031492423346803321 -0.035248594566650381 -0.038728290754374332 -0.041907646455488987 -0.044765239255851234 -0.047282003120874459 -0.04818944277117318 -0.049038670188048909 -0.049828771794812286 -0.050558897852681639 -0.051228256837754851 -0.051836120733271138 -0.052381822714246518 -0.05286476376280104 -0.053284409360495159 -0.053640294449825168 -0.053932019795793214 -0.054159259924299985 -0.054248615133686132 -0.054321758574107204 -0.054378669944777781 -0.054419332872762981 -0.054443736070660748 -0.054451872534674123 -0.054443736070660748 -0.054419332872762981 -0.054378669944777781 -0.054321758574107204 -0.054248615133686132 -0.054159259924299985 -0.053932019795793214 -0.053640294449825168 -0.053284409360495159 -0.05286476376280104 -0.052381822714246518 -0.051836120733271138 -0.051228256837754851 -0.050558897852681639 -0.049828771794812286 -0.049038670188048909 -0.04818944277117318 -0.047282003120874459 -0.044765239255851234 -0.041907646455488987 -0.038728290754374332 -0.035248594566650381 -0.031492423346803321 -0.027486203673253377 -0.026763663014189892 -0.03066355929633572 -0.034319714376211959 -0.03770646058573731 -0.040800641964270142 -0.043581487839705252 -0.046030514657017928 -0.046913498368722606 -0.047739823258142577 -0.048508608560611489 -0.049219024912555517 -0.049870307317534709 -0.050461747274003585 -0.050992700647550536 -0.051462586513215558 -0.0518708825247612 -0.052217142279906516 -0.052500976102801494 -0.052722067598883426 -0.052809004906169923 -0.052880168792611391 -0.052935539867029903 -0.052975101806105547 -0.052998844277524111 -0.053006760085778842 -0.052998844277524111 -0.052975101806105547 -0.052935539867029903 -0.052880168792611391 -0.052809004906169923 -0.052722067598883426 -0.052500976102801494 -0.052217142279906516 -0.0518708825247612 -0.051462586513215558 -0.050992700647550536 -0.050461747274003585 -0.049870307317534709 -0.049219024912555517 -0.048508608560611489 -0.047739823258142577 -0.046913498368722606 -0.046030514657017928 -0.043581487839705252 -0.040800641964270142 -0.03770646058573731 -0.034319714376211959 -0.03066355929633572 -0.026763663014189892 -0.026619692060178283 -0.030498403616888093 -0.034134627046610709 -0.037502854309110711 -0.040580067042552667 -0.043345618479910253 -0.04578114811124509 -0.046659257881389034 -0.047481021932685677 -0.04824555761510043 -0.048952048762637264 -0.04959972634350663 -0.050187896244499743 -0.050715910990464762 -0.0511831938075595 -0.051589230436784046 -0.051933572110877971 -0.052215832825497875 -0.052435698642021265 -0.052522154188102819 -0.05259292396642503 -0.052647988068987545 -0.052687330991117186 -0.052710941662477299 -0.05271881352809752 -0.052710941662477299 -0.052687330991117186 -0.052647988068987545 -0.05259292396642503 -0.052522154188102819 -0.052435698642021265 -0.052215832825497875 -0.051933572110877971 -0.051589230436784046 -0.0511831938075595 -0.050715910990464762 -0.050187896244499743 -0.04959972634350663 -0.048952048762637264 -0.04824555761510043 -0.047481021932685677 -0.046659257881389034 -0.04578114811124509 -0.043345618479910253 -0.040580067042552667 -0.037502854309110711 -0.034134627046610709 -0.030498403616888093 -0.026619692060178283 -0.026485747494564203 -0.030344747823823428 -0.033962432129772666 -0.037313428250997621 -0.04037485191834566 -0.043126177094512275 -0.045549149710174062 -0.046422724309664307 -0.047240245389310646 -0.04800082914139623 -0.048703664791416718 -0.049347992370580844 -0.049933115417238674 -0.050458396743072183 -0.050923260814613049 -0.051327193224016493 -0.051669751273584814 -0.05195054836359516 -0.052169274632120441 -0.052255281956706069 -0.05232568491513382 -0.052380463396808942 -0.052419602384938646 -0.052443090600390013 -0.052450921517698763 -0.052443090600390013 -0.052419602384938646 -0.052380463396808942 -0.05232568491513382 -0.052255281956706069 -0.052169274632120441 -0.05195054836359516 -0.051669751273584814 -0.051327193224016493 -0.050923260814613049 -0.050458396743072183 -0.049933115417238674 -0.049347992370580844 -0.048703664791416718 -0.04800082914139623 -0.047240245389310646 -0.046422724309664307 -0.045549149710174062 -0.043126177094512275 -0.04037485191834566 -0.037313428250997621 -0.033962432129772666 -0.030344747823823428 -0.026485747494564203 -0.026356188328595504 -0.030196122193271842 -0.033795870660213709 -0.037130199828345749 -0.040176351053579286 -0.042913914992981986 -0.045324739949419234 -0.046193933581533321 -0.047007345087602792 -0.047764107958991477 -0.048463408543527688 -0.049104496166954913 -0.049686673573783958 -0.050209310422560459 -0.050671832883262859 -0.051073730384936171 -0.051414560957568682 -0.051693943922155407 -0.051911568465815974 -0.051997142238393787 -0.052067190267977757 -0.052121692241378741 -0.052160633609011423 -0.052184003581690563 -0.052191794948730288 -0.052184003581690563 -0.052160633609011423 -0.052121692241378741 -0.052067190267977757 -0.051997142238393787 -0.051911568465815974 -0.051693943922155407 -0.051414560957568682 -0.051073730384936171 -0.050671832883262859 -0.050209310422560459 -0.049686673573783958 -0.049104496166954913 -0.048463408543527688 -0.047764107958991477 -0.047007345087602792 -0.046193933581533321 -0.045324739949419234 -0.042913914992981986 -0.040176351053579286 -0.037130199828345749 -0.033795870660213709 -0.030196122193271842 -0.026356188328595504 -0.028424308606736559 -0.030199287164274686 -0.033618375113209101 -0.036934941697753722 -0.039964820574163139 -0.042687717043125788 -0.04508559884724004 -0.045950118982208216 -0.046759154515473585 -0.047511844528351478 -0.048207378709410463 -0.048845010452820262 -0.049424051499936707 -0.049943870153163344 -0.050403897527435737 -0.050803627550221379 -0.051142618152278677 -0.051420494244554131 -0.051636943103991639 -0.051722054531349905 -0.051791724643828002 -0.05184593230545545 -0.051884663450392755 -0.051907907212964947 -0.05191565646234942 -0.051907907212964947 -0.051884663450392755 -0.05184593230545545 -0.051791724643828002 -0.051722054531349905 -0.051636943103991639 -0.051420494244554131 -0.051142618152278677 -0.050803627550221379 -0.050403897527435737 -0.049943870153163344 -0.049424051499936707 -0.048845010452820262 -0.048207378709410463 -0.047511844528351478 -0.046759154515473585 -0.045950118982208216 -0.04508559884724004 -0.042687717043125788 -0.039964820574163139 -0.036934941697753722 -0.033618375113209101 -0.030199287164274686 -0.028424308606736559 -0.030161697962083941 -0.032191424223939745 -0.033606930822036113 -0.03692235505864537 -0.039951184188469886 -0.042673138105609944 -0.045070181866841051 -0.045934402129026254 -0.046743154883514187 -0.047495580164227315 -0.048190873388607565 -0.048828284140396187 -0.049407120429904451 -0.049926757823165205 -0.050386624835290404 -0.050786214494063057 -0.051125087687292813 -0.051402865555189678 -0.051619238467363014 -0.051704320334131589 -0.051773965566363996 -0.051828154612460646 -0.05186687233324519 -0.051890107659621341 -0.051897854260944107 -0.051890107659621341 -0.05186687233324519 -0.051828154612460646 -0.051773965566363996 -0.051704320334131589 -0.051619238467363014 -0.051402865555189678 -0.051125087687292813 -0.050786214494063057 -0.050386624835290404 -0.049926757823165205 -0.049407120429904451 -0.048828284140396187 -0.048190873388607565 -0.047495580164227315 -0.046743154883514187 -0.045934402129026254 -0.045070181866841051 -0.042673138105609944 -0.039951184188469886 -0.03692235505864537 -0.033606930822036113 -0.032191424223939745 -0.030161697962083941 -0.031911436889673343 -0.034197240192621436 -0.035705786697674657 -0.036916191029046433 -0.03994450453380595 -0.042665993724208658 -0.045062630192973366 -0.045926703422895725 -0.046735318406578935 -0.047487616381935001 -0.04818279019965889 -0.048820090541636177 -0.049398828408306034 -0.049918378227865025 -0.050378164797611202 -0.050777686292052163 -0.051116500893328712 -0.051394230833179851 -0.051610567367668794 -0.051695634717101778 -0.05176526782343939 -0.051819447875998681 -0.051858158862380113 -0.051881390133560676 -0.05188913542229398 -0.051881390133560676 -0.051858158862380113 -0.051819447875998681 -0.05176526782343939 -0.051695634717101778 -0.051610567367668794 -0.051394230833179851 -0.051116500893328712 -0.050777686292052163 -0.050378164797611202 -0.049918378227865025 -0.049398828408306034 -0.048820090541636177 -0.04818279019965889 -0.047487616381935001 -0.046735318406578935 -0.045926703422895725 -0.045062630192973366 -0.042665993724208658 -0.03994450453380595 -0.036916191029046433 -0.035705786697674657 -0.034197240192621436 -0.031911436889673343 -0.033672535471939248 -0.036215613534203835 -0.037959663796377809 -0.039009850274077669 -0.039943274426939665 -0.042664679906991701 -0.045061241913633199 -0.045925287689947587 -0.046733875220022827 -0.047486152238022244 -0.048181302042108326 -0.048818582233798896 -0.049397303125539097 -0.049916833456344088 -0.050376607060048914 -0.05077611587952291 -0.051114921080419484 -0.051392641937426348 -0.051608971075979455 -0.051694035875203791 -0.051763666533870337 -0.051817844476140247 -0.051856554460299596 -0.051879784975679029 -0.051887529976328811 -0.051879784975679029 -0.051856554460299596 -0.051817844476140247 -0.051763666533870337 -0.051694035875203791 -0.051608971075979455 -0.051392641937426348 -0.051114921080419484 -0.05077611587952291 -0.050376607060048914 -0.049916833456344088 -0.049397303125539097 -0.048818582233798896 -0.048181302042108326 -0.047486152238022244 -0.046733875220022827 -0.045925287689947587 -0.045061241913633199 -0.042664679906991701 -0.039943274426939665 -0.039009850274077669 -0.037959663796377809 -0.036215613534203835 -0.033672535471939248 -0.035443687340523174 -0.0382450336387158 -0.04022551671456559 -0.041498987487399989 -0.042142779965975777 -0.042667044992318819 -0.045063741885482372 -0.045927838427817863 -0.046736470783350359 -0.047488787731464893 -0.048183980191180899 -0.048821294835495639 -0.049400048354029696 -0.049919610597173217 -0.050379408141747253 -0.050778942443461712 -0.05111776293237949 -0.051395501048775077 -0.051611842690296637 -0.051696912239325918 -0.051766547012725997 -0.051820728209736898 -0.051859439946957964 -0.051882671973112748 -0.051890417284675673 -0.051882671973112748 -0.051859439946957964 -0.051820728209736898 -0.051766547012725997 -0.051696912239325918 -0.051611842690296637 -0.051395501048775077 -0.05111776293237949 -0.050778942443461712 -0.050379408141747253 -0.049919610597173217 -0.049400048354029696 -0.048821294835495639 -0.048183980191180899 -0.047488787731464893 -0.046736470783350359 -0.045927838427817863 -0.045063741885482372 -0.042667044992318819 -0.042142779965975777 -0.041498987487399989 -0.04022551671456559 -0.0382450336387158 -0.035443687340523174 -0.037224141311788396 -0.040284643067134772 -0.042502382564899514 -0.043999929249385145 -0.044860921364192535 -0.045144500596219377 -0.045068833160388337 -0.045933025770505745 -0.046741756800259084 -0.04749415898024955 -0.048189429209752374 -0.04882681995679148 -0.049405640581204877 -0.049925260642308317 -0.050385113537325221 -0.050784690547592222 -0.051123553738447222 -0.051401322397808591 -0.051617689739876405 -0.051702769132512601 -0.05177241165907618 -0.051826599210108876 -0.051865315578058999 -0.051888550013019806 -0.051896296300033722 -0.051888550013019806 -0.051865315578058999 -0.051826599210108876 -0.05177241165907618 -0.051702769132512601 -0.051617689739876405 -0.051401322397808591 -0.051123553738447222 -0.050784690547592222 -0.050385113537325221 -0.049925260642308317 -0.049405640581204877 -0.04882681995679148 -0.048189429209752374 -0.04749415898024955 -0.046741756800259084 -0.045933025770505745 -0.045068833160388337 -0.045144500596219377 -0.044860921364192535 -0.043999929249385145 -0.042502382564899514 -0.040284643067134772 -0.037224141311788396 -0.037531984082232357 -0.042334134683048495 -0.04478992722043227 -0.04651228840462282 -0.047591212776690345 -0.048089659133492918 -0.048056601800907588 -0.047905329973313926 -0.047680710017151955 -0.04750177491540588 -0.048197160410370227 -0.048834655930961875 -0.049413570519483134 -0.049933275971230352 -0.050393203460677015 -0.05079284624052726 -0.051131764702441199 -0.05140957962940116 -0.051625980798944725 -0.051711074533610332 -0.051780729007454875 -0.051834925327103806 -0.051873647972999461 -0.051896886359791373 -0.051904633845557872 -0.051896886359791373 -0.051873647972999461 -0.051834925327103806 -0.051780729007454875 -0.051711074533610332 -0.051625980798944725 -0.05140957962940116 -0.051131764702441199 -0.05079284624052726 -0.050393203460677015 -0.049933275971230352 -0.049413570519483134 -0.048834655930961875 -0.048197160410370227 -0.04750177491540588 -0.047680710017151955 -0.047905329973313926 -0.048056601800907588 -0.048089659133492918 -0.047591212776690345 -0.04651228840462282 -0.04478992722043227 -0.042334134683048495 -0.037531984082232357 -0.03841070950780421 -0.04237770992284394 -0.046493221417429079 -0.049036189771107012 -0.050333774721500503 -0.051047812078644748 -0.05122769843798404 -0.051159981249485814 -0.051017101401084897 -0.050802841483964217 -0.050521888801457616 -0.050180224085677357 -0.049785582453515005 -0.049943807320785384 -0.050403833153686531 -0.050803563877696863 -0.051142554704675283 -0.05142042861389276 -0.051636877556021858 -0.051721989125609658 -0.051791657981175576 -0.051845866148875562 -0.051884597288851371 -0.051907840608196643 -0.051915589732852013 -0.051907840608196643 -0.051884597288851371 -0.051845866148875562 -0.051791657981175576 -0.051721989125609658 -0.051636877556021858 -0.05142042861389276 -0.051142554704675283 -0.050803563877696863 -0.050403833153686531 -0.049943807320785384 -0.049785582453515005 -0.050180224085677357 -0.050521888801457616 -0.050802841483964217 -0.051017101401084897 -0.051159981249485814 -0.05122769843798404 -0.051047812078644748 -0.050333774721500503 -0.049036189771107012 -0.046493221417429079 -0.04237770992284394 -0.03841070950780421 -0.040853006579195217 -0.044268446228089307 -0.046804402864138062 -0.049768088326521576 -0.052374649172482836 -0.054019529447960311 -0.05441309040026767 -0.05442921716558561 -0.05436834174696023 -0.054233255018639952 -0.054027263255017083 -0.053754463711929198 -0.053420102952473472 -0.053031024929580742 -0.052596155532273176 -0.052127062864188063 -0.051638482460867233 -0.051434561764353084 -0.051651071722952815 -0.051736207061411327 -0.051805895647190688 -0.051860118547224394 -0.051898860685181715 -0.051922110490855322 -0.051929861739518156 -0.051922110490855322 -0.051898860685181715 -0.051860118547224394 -0.051805895647190688 -0.051736207061411327 -0.051651071722952815 -0.051434561764353084 -0.051638482460867233 -0.052127062864188063 -0.052596155532273176 -0.053031024929580742 -0.053420102952473472 -0.053754463711929198 -0.054027263255017083 -0.054233255018639952 -0.05436834174696023 -0.05442921716558561 -0.05441309040026767 -0.054019529447960311 -0.052374649172482836 -0.049768088326521576 -0.046804402864138062 -0.044268446228089307 -0.040853006579195217 -0.042755986823137526 -0.046874881872367567 -0.049651527531012214 -0.051535435521960306 -0.052895979970436553 -0.054239988350068984 -0.055544111545891714 -0.055906656906976902 -0.056185063006038732 -0.056383937365564733 -0.056507899653783202 -0.056561565252190422 -0.056549500244864187 -0.056476211416089099 -0.056328163052221568 -0.055870589058048724 -0.055366245388410146 -0.054826260756909023 -0.054264624734943659 -0.053980835572122757 -0.053698113805579782 -0.053485045629735162 -0.053385279532595024 -0.053324658130958144 -0.053304322686815057 -0.053324658130958144 -0.053385279532595024 -0.053485045629735162 -0.053698113805579782 -0.053980835572122757 -0.054264624734943659 -0.054826260756909023 -0.055366245388410146 -0.055870589058048724 -0.056328163052221568 -0.056476211416089099 -0.056549500244864187 -0.056561565252190422 -0.056507899653783202 -0.056383937365564733 -0.056185063006038732 -0.055906656906976902 -0.055544111545891714 -0.054239988350068984 -0.052895979970436553 -0.051535435521960306 -0.049651527531012214 -0.046874881872367567 -0.042755986823137526 -0.042671016980320137 -0.04678846954421876 -0.050011783036271455 -0.052434498580317401 -0.05416528443664783 -0.055322021370243377 -0.056025522720642221 -0.0562065819113447 -0.056341213280230978 -0.056436305102924259 -0.056498405098002365 -0.056533668033606134 -0.056547809155535769 -0.056546069258323103 -0.056533193946180768 -0.056513395793330486 -0.056490359073962028 -0.056467212110165407 -0.0564465298188319 -0.056437762476049591 -0.056430319339855629 -0.056424362775187524 -0.056420017398271828 -0.056417374579181202 -0.056416487617637116 -0.056417374579181202 -0.056420017398271828 -0.056424362775187524 -0.056430319339855629 -0.056437762476049591 -0.0564465298188319 -0.056467212110165407 -0.056490359073962028 -0.056513395793330486 -0.056533193946180768 -0.056546069258323103 -0.056547809155535769 -0.056533668033606134 -0.056498405098002365 -0.056436305102924259 -0.056341213280230978 -0.0562065819113447 -0.056025522720642221 -0.055322021370243377 -0.05416528443664783 -0.052434498580317401 -0.050011783036271455 -0.04678846954421876 -0.042671016980320137 -0.042273077726613477 -0.046383721134202464 -0.049618682828274446 -0.052068592262545087 -0.053838579952613819 -0.055042552307172844 -0.055797167975651797 -0.05599884045982486 -0.056153806616905666 -0.056268713263073825 -0.056349882534248892 -0.056403258698859489 -0.056434366878201463 -0.056448274942153064 -0.056449564930961357 -0.05644231757537653 -0.056430097213705815 -0.05641593829654596 -0.056402327326939901 -0.05639635765565474 -0.056391212584907806 -0.056387047508735542 -0.056383985869143914 -0.056382113698463437 -0.05638148380376426 -0.056382113698463437 -0.056383985869143914 -0.056387047508735542 -0.056391212584907806 -0.05639635765565474 -0.056402327326939901 -0.05641593829654596 -0.056430097213705815 -0.05644231757537653 -0.056449564930961357 -0.056448274942153064 -0.056434366878201463 -0.056403258698859489 -0.056349882534248892 -0.056268713263073825 -0.056153806616905666 -0.05599884045982486 -0.055797167975651797 -0.055042552307172844 -0.053838579952613819 -0.052068592262545087 -0.049618682828274446 -0.046383721134202464 -0.042273077726613477 -0.041929095330940989 -0.046035260426613746 -0.049282215576632732 -0.051757974997402909 -0.053564480484496163 -0.054812057900745753 -0.055613638026385165 -0.055834208912753043 -0.056007791526782459 -0.056140829792567126 -0.056239430517125516 -0.056309361670415788 -0.056355962946111761 -0.056384150921558109 -0.056398370038195693 -0.056402571101748039 -0.056400216012180364 -0.056394248953949455 -0.056387085646096985 -0.056383665455769921 -0.056380614417240169 -0.056378083029202018 -0.056376190830618386 -0.056375021025767393 -0.056374625497898165 -0.056375021025767393 -0.056376190830618386 -0.056378083029202018 -0.056380614417240169 -0.056383665455769921 -0.056387085646096985 -0.056394248953949455 -0.056400216012180364 -0.056402571101748039 -0.056398370038195693 -0.056384150921558109 -0.056355962946111761 -0.056309361670415788 -0.056239430517125516 -0.056140829792567126 -0.056007791526782459 -0.055834208912753043 -0.055613638026385165 -0.054812057900745753 -0.053564480484496163 -0.051757974997402909 -0.049282215576632732 -0.046035260426613746 -0.041929095330940989 -0.041638672873669312 -0.045743115867359629 -0.049002950927173362 -0.051503859506677178 -0.053344916980157649 -0.054633227479937631 -0.055478359612343292 -0.055716398534854029 -0.055907160492146342 -0.056056907156048968 -0.056171565859752845 -0.056256721262498817 -0.05631756441155801 -0.056358870514732373 -0.056384957726866095 -0.056399664459273212 -0.056406360956560257 -0.056407903915481526 -0.056406649450980416 -0.056405568638818876 -0.056404436888637735 -0.056403402962607881 -0.056402581471273451 -0.056402055825641548 -0.056401875088758387 -0.056402055825641548 -0.056402581471273451 -0.056403402962607881 -0.056404436888637735 -0.056405568638818876 -0.056406649450980416 -0.056407903915481526 -0.056406360956560257 -0.056399664459273212 -0.056384957726866095 -0.056358870514732373 -0.05631756441155801 -0.056256721262498817 -0.056171565859752845 -0.056056907156048968 -0.055907160492146342 -0.055716398534854029 -0.055478359612343292 -0.054633227479937631 -0.053344916980157649 -0.051503859506677178 -0.049002950927173362 -0.045743115867359629 -0.041638672873669312 -0.04139660316612892 -0.045501726612377294 -0.048775157558851021 -0.051300485295729524 -0.053174211901163275 -0.054500552594077274 -0.055386052511644128 -0.055640219998841819 -0.055846836513967539 -0.05601197195051387 -0.056141394543052059 -0.056240545067455877 -0.056314473333760245 -0.056367820324777794 -0.056404791404023567 -0.056429133492836119 -0.056444123162788518 -0.056452548278155316 -0.05645670749976299 -0.056457767771333503 -0.056458393663980297 -0.056458730301444306 -0.056458890309671488 -0.056458954188924979 -0.056458970067578107 -0.056458954188924979 -0.056458890309671488 -0.056458730301444306 -0.056458393663980297 -0.056457767771333503 -0.05645670749976299 -0.056452548278155316 -0.056444123162788518 -0.056429133492836119 -0.056404791404023567 -0.056367820324777794 -0.056314473333760245 -0.056240545067455877 -0.056141394543052059 -0.05601197195051387 -0.055846836513967539 -0.055640219998841819 -0.055386052511644128 -0.054500552594077274 -0.053174211901163275 -0.051300485295729524 -0.048775157558851021 -0.045501726612377294 -0.04139660316612892 -0.040973715231180097 -0.045089261786999513 -0.048398959611136223 -0.050982108780982069 -0.052929897613096445 -0.054340591335717656 -0.055314492697868423 -0.055603768553549336 -0.055844785266379163 -0.056043242106142872 -0.056204585967891893 -0.05633393033418569 -0.056436041382904541 -0.056515292837641305 -0.056575660758131183 -0.056620684757895924 -0.056653468583084919 -0.056676655222306548 -0.056692416198067246 -0.056698063661570895 -0.056702455329238836 -0.056705728386419317 -0.056707989629301195 -0.056709316043755009 -0.056709752970830613 -0.056709316043755009 -0.056707989629301195 -0.056705728386419317 -0.056702455329238836 -0.056698063661570895 -0.056692416198067246 -0.056676655222306548 -0.056653468583084919 -0.056620684757895924 -0.056575660758131183 -0.056515292837641305 -0.056436041382904541 -0.05633393033418569 -0.056204585967891893 -0.056043242106142872 -0.055844785266379163 -0.055603768553549336 -0.055314492697868423 -0.054340591335717656 -0.052929897613096445 -0.050982108780982069 -0.048398959611136223 -0.045089261786999513 -0.040973715231180097 -0.040436302751363465 -0.044541556519558115 -0.047865243776171254 -0.050482863927722492 -0.052480977207846662 -0.053952637455379759 -0.054992707139620282 -0.05530871073649319 -0.055576090355218717 -0.055800261302660817 -0.055986353103547465 -0.056139218761928733 -0.056263365961773719 -0.056362939867119738 -0.05644171121448336 -0.056503046543887873 -0.056549889675947082 -0.056584752450407193 -0.056609706126221418 -0.056618990407211175 -0.056626368150895549 -0.056631970671519885 -0.056635899679740233 -0.05663822802684762 -0.05663899942840965 -0.05663822802684762 -0.056635899679740233 -0.056631970671519885 -0.056626368150895549 -0.056618990407211175 -0.056609706126221418 -0.056584752450407193 -0.056549889675947082 -0.056503046543887873 -0.05644171121448336 -0.056362939867119738 -0.056263365961773719 -0.056139218761928733 -0.055986353103547465 -0.055800261302660817 -0.055576090355218717 -0.05530871073649319 -0.054992707139620282 -0.053952637455379759 -0.052480977207846662 -0.050482863927722492 -0.047865243776171254 -0.044541556519558115 -0.040436302751363465 -0.038924487798358998 -0.042941668407583129 -0.046224784193109908 -0.04884276024926569 -0.050874204855598071 -0.052403327819979903 -0.053515819129749974 -0.053862936925912624 -0.05416183394812208 -0.054417379077213758 -0.054634217926729324 -0.054816729843289766 -0.054968999791454691 -0.055094777007927184 -0.055197494020619575 -0.055280189745474488 -0.05534555827450309 -0.055395881895596993 -0.055433047217388315 -0.055447174662128916 -0.055458534419343002 -0.05546724556492056 -0.055473401540358611 -0.0554770682922004 -0.055478286205566212 -0.0554770682922004 -0.055473401540358611 -0.05546724556492056 -0.055458534419343002 -0.055447174662128916 -0.055433047217388315 -0.055395881895596993 -0.05534555827450309 -0.055280189745474488 -0.055197494020619575 -0.055094777007927184 -0.054968999791454691 -0.054816729843289766 -0.054634217926729324 -0.054417379077213758 -0.05416183394812208 -0.053862936925912624 -0.053515819129749974 -0.052403327819979903 -0.050874204855598071 -0.04884276024926569 -0.046224784193109908 -0.042941668407583129 -0.038924487798358998 -0.037927115751374002 -0.041879050049739956 -0.045126432152977847 -0.047734281466222141 -0.049776454810243211 -0.051331897515510622 -0.052480771471170064 -0.052844036288782606 -0.053159500074954201 -0.053431707559486362 -0.053665006996962153 -0.053863488644202942 -0.054030986744866623 -0.054171019991502589 -0.054286800456243511 -0.054381192906542877 -0.054456730681960372 -0.054515549210123262 -0.054559440583176001 -0.054576236733609555 -0.054589790546788419 -0.054600216633256697 -0.054607599586511256 -0.054612004650216817 -0.054613469141761281 -0.054612004650216817 -0.054607599586511256 -0.054600216633256697 -0.054589790546788419 -0.054576236733609555 -0.054559440583176001 -0.054515549210123262 -0.054456730681960372 -0.054381192906542877 -0.054286800456243511 -0.054171019991502589 -0.054030986744866623 -0.053863488644202942 -0.053665006996962153 -0.053431707559486362 -0.053159500074954201 -0.052844036288782606 -0.052480771471170064 -0.051331897515510622 -0.049776454810243211 -0.047734281466222141 -0.045126432152977847 -0.041879050049739956 -0.037927115751374002 
end_dependent_variable

end_regular_table
