# ****************************************************************************
# CUI
#
# The Advanced Framework for Simulation, Integration, and Modeling (AFSIM)
#
# The use, dissemination or disclosure of data in this file is subject to
# limitation or restriction. See accompanying README and LICENSE for details.
# ****************************************************************************

# ##################################################################################################
# 
# This file was auto-generated by AFSIM Mover Creator 2.5.0.200401
# 
# Creation Date:  01 Apr 2020
# 
# ##################################################################################################

regular_table

independent_variable mach precision double
0.10000000000000001 0.5 0.70000000000000007 0.75 0.80000000000000004 0.84999999999999998 0.90000000000000002 0.92000000000000004 0.94000000000000006 0.95999999999999996 0.97999999999999998 1 1.02 1.04 1.0600000000000001 1.0800000000000001 1.1000000000000001 1.2 1.3 
end_independent_variable

independent_variable surface_angle units deg
-20 -16 -14 -12 -10 -9 -8 -7 -6 -5 -4 -3 -2 -1 0 1 2 3 4 5 6 7 8 9 10 12 14 16 18 20 
end_independent_variable

dependent_variable precision double
-0.00093357350235499467 -0.0016406882585255354 -0.0015987992427305487 -0.0015589633030661583 -0.0019442135989830699 -0.0018096217837323344 -0.0014678134901552739 -0.00032065860970065631 -0.00023368266733066935 -0.00016068107153477878 -0.00010141266551755857 -5.5744152264043144e-05 -2.3623566697453646e-05 -5.0400350795655172e-06 0 -8.5530952489922508e-06 -3.0628514082460187e-05 -6.6218978194259055e-05 -0.00011532168760513332 -0.00017795841224864091 -0.0002542055045203339 -0.00034420556889714433 -0.0014946291385750049 -0.0018397603313674894 -0.0019771377090217969 -0.0015972498446725823 -0.0016423995993847507 -0.0016890870392122488 -0.0016636128688209211 -0.00096851020257924148 -0.00093344171302587372 -0.0016405956402685891 -0.0015987244305744705 -0.0015589047836343378 -0.0019441693911546455 -0.0018095841654437955 -0.001467781701413999 -0.0003206332642526996 -0.00023366247881814994 -0.00016066551126717765 -0.00010140122915838762 -5.5736330275576497e-05 -2.3618856395361029e-05 -5.0379320355722452e-06 0 -8.5547324150611812e-06 -3.0631240693668012e-05 -6.6222290526027976e-05 -0.00011532507844499666 -0.00017796138539851787 -0.0002542075649447732 -0.0003442062282917083 -0.0014946289780097364 -0.0018397572823407324 -0.0019771318339484047 -0.0015972365755196121 -0.0016423771951449523 -0.0016890534306496737 -0.0016635662569192201 -0.00096844749694651995 -0.00093341931074418798 -0.0016405802279609038 -0.0015987121128196705 -0.0015588952583934874 -0.0019441623231008878 -0.0018095781892828178 -0.0014677767251144889 -0.00032062928022696919 -0.00023365933690340594 -0.00016066312371547974 -0.00010139950051172542 -5.5735170889087692e-05 -2.3618175400362671e-05 -5.0376368500324764e-06 0 -8.5549382616938062e-06 -3.0631557969170439e-05 -6.6222625791693886e-05 -0.00011532534254549202 -0.00017796148660848525 -0.00025420741208957449 -0.00034420573215481848 -0.0014946281252515104 -0.0018397558729888767 -0.0019771298134205182 -0.001597233069518226 -0.0016423718597764648 -0.0016890459203071344 -0.0016635562607521851 -0.00096843460766747819 -0.00093341488565349675 -0.0016405771923961739 -0.0015987096798642264 -0.0015588933892522149 -0.0019441609296587002 -0.0018095770213907754 -0.0014677757554813911 -0.00032062849930701505 -0.00023365872260663274 -0.00016066265578765579 -0.00010139916549082361 -5.5734945063583013e-05 -2.3618044696317695e-05 -5.0375803401141556e-06 0 -8.5549771791903407e-06 -3.0631617324471759e-05 -6.6222689032625746e-05 -0.00011532538776566487 -0.00017796149676619659 -0.00025420736913346983 -0.00034420562188857827 -0.001494627939597918 -0.0018397555775585726 -0.0019771293948738569 -0.0015972323368168052 -0.0016423707768175751 -0.0016890444000771281 -0.0016635542365528368 -0.00096843199358657864 -0.00093341078707815403 -0.0016405743800563301 -0.0015987074405172089 -0.0015588916517940443 -0.0019441596451365505 -0.0018095759438166968 -0.0014677748602565889 -0.0003206277792109471 -0.00023365815457028003 -0.00016066222567588984 -0.00010139884992867011 -5.5734739553501072e-05 -2.3617920845668341e-05 -5.0375284807142898e-06 0 -8.5550134654724914e-06 -3.0631672212827725e-05 -6.6222744441105498e-05 -0.0001153254276010269 -0.00017796150618961559 -0.00025420732997120916 -0.00034420551321330496 -0.0014946277625110709 -0.0018397552943664752 -0.0019771289993350248 -0.0015972316655511812 -0.0016423697582316516 -0.0016890429762841889 -0.001663552354806212 -0.00096842959049235871 -0.00093340697291872921 -0.0016405717671992509 -0.0015987053630816624 -0.0015588900462637388 -0.0019441584544814439 -0.001809574938203272 -0.0014677740227961207 -0.0003206271103317731 -0.00023365762906169468 -0.00016066182744465168 -0.00010139856361583 -5.5734544415299095e-05 -2.3617808957865797e-05 -5.0374796349727641e-06 0 -8.5550457743375389e-06 -3.0631720186597037e-05 -6.622279507668471e-05 -0.00011532546125609465 -0.00017796151035060577 -0.00025420728872845336 -0.00034420541224810164 -0.0014946275950924062 -0.0018397550307555079 -0.0019771286324335949 -0.0015972310285525349 -0.0016423688052425145 -0.0016890416565160044 -0.0016635505900568406 -0.00096842733107468221 -0.00093340342848937492 -0.0016405693325304584 -0.0015987034317703015 -0.0015588885550382821 -0.0019441573485147266 -0.0018095740045505015 -0.0014677732533800809 -0.00032062648991589677 -0.00023365714075725702 -0.00016066145540317536 -0.00010139829590506374 -5.5734368919418491e-05 -2.3617705820380872e-05 -5.037435133794531e-06 0 -8.5550766758088468e-06 -3.0631765835107128e-05 -6.622283873648626e-05 -0.00011532549552307274 -0.00017796151108489817 -0.00025420725091239546 -0.00034420531385292172 -0.0014946274296318552 -0.001839754778648455 -0.0019771282736093816 -0.0015972304338980833 -0.0016423679090386558 -0.001689040397449324 -0.0016635489364303841 -0.0009684252145992575 -0.0009296831654798792 -0.001636634232897685 -0.0015956023258642345 -0.0015565539455277963 -0.0019424841906148964 -0.0018081961088505655 -0.0014666838137728521 -0.00031979061270473994 -0.00023303460757324184 -0.0001602255726864745 -0.00010111822521113378 -5.5576615978294364e-05 -2.3547632199937555e-05 -5.0199736302246285e-06 0 -8.5373427681204969e-06 -3.0561034386590276e-05 -6.6063818333272084e-05 -0.00011504319620279394 -0.00017752200267715201 -0.00025357911316830354 -0.00034336117472649074 -0.0014935262780120932 -0.0018383605875318559 -0.0019754331336389228 -0.0015948588594234718 -0.0016392092928143201 -0.0016850208801369876 -0.0016586099633521918 -0.00096454529478757361 -0.0009403550928896256 -0.0016397644880576108 -0.0015972800709375622 -0.0015573091578074947 -0.0019426891609919388 -0.0018082392682073662 -0.0014666431067568144 -0.00031970542203558057 -0.00023292897432639699 -0.00016012799450473828 -0.00010104360654109964 -5.5529556574336007e-05 -2.3525254064233257e-05 -5.0142858013911717e-06 0 -8.5312290497022991e-06 -3.0537474664290657e-05 -6.6014223858275174e-05 -0.00011496376476016451 -0.0001774159948922367 -0.00025345965314684953 -0.00034325379839190002 -0.0014934525137402046 -0.0018383566233809729 -0.00197557307405412 -0.0015954999966883692 -0.0016406997056543282 -0.0016878577190101757 -0.0016634796182499491 -0.00097447497957720312 -0.00096280954526615278 -0.0016531191862866705 -0.0016080230998302355 -0.0015656752477301377 -0.0019488354326476919 -0.0018133478898490268 -0.0014707935617170075 -0.0003229617882660712 -0.00023536448011458313 -0.00016185549603796353 -0.0001021735489576533 -5.6180822766331933e-05 -2.3824693372041007e-05 -5.0952084694775098e-06 0 -8.6038598678614436e-06 -3.0812417109139257e-05 -6.6617052012355241e-05 -0.00011601395007541489 -0.00017902557712077177 -0.00025573290738831422 -0.00034628734609400255 -0.0014973219055613534 -0.0018431258546405627 -0.0019813182439269734 -0.0016033330439410426 -0.0016507515527103499 -0.0017003296847084512 -0.001678752001233654 -0.00099530682621750506 -0.00098531045563669687 -0.0016664961084133195 -0.0016187808169693476 -0.0015740505589944892 -0.0019549871233812653 -0.0018184605570011679 -0.0014749469723998724 -0.00032622027248952444 -0.00023780143857787597 -0.00016358396416921134 -0.0001033041038719638 -5.6832443046355334e-05 -2.4124311516759743e-05 -5.1761955044107164e-06 0 -8.6764726530233752e-06 -3.1087368916215816e-05 -6.7219965246446636e-05 -0.00011706437574904016 -0.00018063563360428358 -0.00025800698036579112 -0.00034932219222085761 -0.0015011932536842815 -0.0018478979047017706 -0.0019870673652229759 -0.0016111732061932346 -0.0016608152225591507 -0.0017128201173707445 -0.0016940519728551309 -0.0010161785922228777 -0.0010078586851793698 -0.001679895693348593 -0.001629553451698887 -0.0015824352529490622 -0.0019611443636029864 -0.0018235773674225818 -0.0014791034130668449 -0.0003294809043713526 -0.00024023988941701712 -0.00016531341869989964 -0.00010443527941020022 -5.7484422224021324e-05 -2.4424109881306777e-05 -5.2572465084490799e-06 0 -8.7490668728261078e-06 -3.1362331566343292e-05 -6.7822976949147179e-05 -0.00011811504501192677 -0.00018224618157416673 -0.00026028190081458879 -0.00035235838215173451 -0.0015050666114186158 -0.0018526728735262655 -0.0019928205598836158 -0.001619020676025361 -0.0016708909874763467 -0.0017253294327044518 -0.0017093801369964384 -0.001037091065831722 -0.0010304550363288919 -0.0016933183155816085 -0.0016403413124216556 -0.0015908295094954914 -0.001967307259197817 -0.0018286983935144974 -0.0014832629255725907 -0.00033274373090626838 -0.00024267985209075479 -0.00016704387681247031 -0.00010556708790847462 -5.8136770395850216e-05 -2.4724089860837642e-05 -5.3383629685346818e-06 0 -8.8216441610702054e-06 -3.163730876769824e-05 -6.8426091085635764e-05 -0.00011916598238944041 -0.0001838572398283063 -0.0002625576932600729 -0.00035539595348240354 -0.001508942041326067 -0.0018574508216197402 -0.0019985779069187533 -0.0016268756124851527 -0.0016809791163598098 -0.0017378579990306338 -0.0017247369838711741 -0.0010580450477164569 -0.0010294714643056852 -0.0016919932949547689 -0.0016396081814889166 -0.0015905129939856868 -0.0019672251769107161 -0.0018286819440922442 -0.0014833032930518287 -0.00033281082376467036 -0.00024274537258439104 -0.00016710299293028498 -0.00010561417756527934 -5.8168942315369285e-05 -2.4741674523598237e-05 -5.3445616323439057e-06 0 -8.8252025175035445e-06 -3.1647407368521251e-05 -6.8443731995193241e-05 -0.00011918937195171746 -0.00018388149086241235 -0.00026257540473512885 -0.0003553979785384262 -0.0015089005952692177 -0.0018573355648837237 -0.0019983790644564486 -0.0016264042767613052 -0.0016800475828059062 -0.0017362854655734623 -0.0017223420489122644 -0.0010566709083137055 -0.001024979316760975 -0.001687522982328493 -0.0016360692287319186 -0.0015878339469099288 -0.001965296849958594 -0.0018270912123241642 -0.0014820411276575468 -0.00033183956770948566 -0.00024202140136175205 -0.0001665952158172604 -0.00010528720443462707 -5.7984291779039758e-05 -2.4659351706787451e-05 -5.3238755816600168e-06 0 -8.8043438346793587e-06 -3.1564880724381904e-05 -6.8258855933195112e-05 -0.00011886202029333944 -0.00018337292477669381 -0.00026184981784894968 -0.0003544240603306671 -0.0015076337715240295 -0.0018557369753059467 -0.0019964385813917573 -0.0016237008954805899 -0.0016764669730053793 -0.0017317504703056406 -0.0017167868278012714 -0.0010520565956633383 -0.0010205215386036581 -0.0016830715061621623 -0.0016325439373379299 -0.0015851645196518795 -0.0019633750166967233 -0.0018255056567299808 -0.0014807830119347339 -0.0003308713986194977 -0.00024129968867563832 -0.00016608900020147411 -0.00010496122744502759 -5.7800211151508532e-05 -2.4577283077524778e-05 -5.3032556050527917e-06 0 -8.7835499531583631e-06 -3.1482602466880814e-05 -6.8074528265228327e-05 -0.0001185356327608661 -0.00018286585449352132 -0.00026112639203421952 -0.00035345310827253058 -0.0015063708505918328 -0.0018541433973226658 -0.001994504377897657 -0.0016210068501890994 -0.0016728996750446853 -0.0017272338605443327 -0.001711256600436657 -0.0010474758307761362 -0.001016097839837196 -0.0016786386440141383 -0.0016290321080199989 -0.0015825045718637896 -0.0019614595497988055 -0.001823925199523656 -0.0014795288929164339 -0.00032990624776493951 -0.00024058018253814915 -0.00016558431188937748 -0.00010463623210644457 -5.7616682418135779e-05 -2.449546413215028e-05 -5.2827010294208819e-06 0 -8.7628187924454696e-06 -3.1400561887587359e-05 -6.789073053607761e-05 -0.00011821018519607806 -0.00018236025389656247 -0.00026040508925459309 -0.00035248505982678208 -0.0015051117657499276 -0.001852554725636355 -0.0019925763308088402 -0.0016183220127283376 -0.0016693455159245401 -0.0017227354415551993 -0.0017057510750595811 -0.0010429281714122716 -0.00099447719330642958 -0.0016567455015783761 -0.0016116687135007521 -0.0015693420795134831 -0.0019519742294882916 -0.0018160963779768134 -0.0014733156093457757 -0.00032512404877940406 -0.0002370143842962281 -0.00016308286458877644 -0.00010302531931562692 -5.6706993340705557e-05 -2.4089962665075915e-05 -5.1808674947980175e-06 0 -8.6600648835059252e-06 -3.0993800252394007e-05 -6.6979377429715286e-05 -0.00011659645835206742 -0.00017985340073540477 -0.00025682913660562756 -0.00034768670383869863 -0.0014988715926368039 -0.0018446822866321677 -0.0019830251430025844 -0.001605031162642001 -0.0016517653191302473 -0.0017005080707638974 -0.0016785841854639846 -0.0010206755355780294 -0.000973656120693565 -0.0016352844618200103 -0.001594615741088315 -0.001556396266077102 -0.001942633503831845 -0.0018083827421843909 -0.0014671920949776011 -0.00032040985359093021 -0.00023349809547376917 -0.00016061564999927998 -0.00010143630373571442 -5.5809669747080604e-05 -2.3690032396727474e-05 -5.0804916835418922e-06 0 -8.5587099239466063e-06 -3.0592378391442455e-05 -6.6079883328983962e-05 -0.00011500375552293117 -0.00017737945598903082 -0.00025330083427018113 -0.00034295374393064469 -0.0014927178596892429 -0.0018369210662453946 -0.0019736138569877468 -0.001591950836630798 -0.0016344876578977584 -0.001678702774174092 -0.0016519948892813273 -0.00099920286707588682 
end_dependent_variable

end_regular_table
