# ****************************************************************************
# CUI
#
# The Advanced Framework for Simulation, Integration, and Modeling (AFSIM)
#
# The use, dissemination or disclosure of data in this file is subject to
# limitation or restriction. See accompanying README and LICENSE for details.
# ****************************************************************************

# ##################################################################################################
# 
# This file was auto-generated by AFSIM Mover Creator 2.5.0.200401
# 
# Creation Date:  01 Apr 2020
# 
# ##################################################################################################

regular_table

independent_variable mach precision double
0.10000000000000001 0.5 0.70000000000000007 0.75 0.80000000000000004 0.84999999999999998 0.90000000000000002 0.92000000000000004 0.94000000000000006 0.95999999999999996 0.97999999999999998 1 1.02 1.04 1.0600000000000001 1.0800000000000001 1.1000000000000001 1.2 1.3 
end_independent_variable

independent_variable surface_angle units deg
-20 -16 -14 -12 -10 -9 -8 -7 -6 -5 -4 -3 -2 -1 0 1 2 3 4 5 6 7 8 9 10 12 14 16 18 20 
end_independent_variable

dependent_variable precision double
-0.015829802960126621 -0.019565554310836529 -0.017396234051774769 -0.015112044340858713 -0.01287443942499542 -0.011732383117684859 -0.010400450827659115 -0.0090939613258366418 -0.0078816860637514977 -0.0066088738323652786 -0.0053001192318910765 -0.0039767346262361029 -0.0026498866518438907 -0.0013243834872400031 0 0.0013250957707735443 0.0026527292142447603 0.0039831284331425833 0.0053114885427017391 0.0066266465356576284 0.0079072940947883894 0.0091288518965892858 0.010446150860107407 0.011791134045215937 0.012947939857307085 0.01521906274927564 0.017542491165345602 0.019756611828746565 0.021863396167925212 0.016125697213452403 -0.015837594516090032 -0.019571848607907245 -0.017401759384884807 -0.015116793024414424 -0.012878407112230634 -0.011735960205427474 -0.010403632958128574 -0.0090967477794264076 -0.0078840755124937861 -0.0066108658191630799 -0.0053017134068540682 -0.0039779306856119996 -0.0026506842588372502 -0.0013247823596683808 0 0.0013254946440891919 0.0026535268249095823 0.0039843245001673589 0.0053130827324729601 0.0066286385439946732 0.0079096835770633648 0.00913163839448136 0.010449333041243044 0.011794711185338076 0.012951907609160028 0.015223811557905823 0.01754801668374209 0.019762906388693956 0.021870450566292245 0.016133490402971615 -0.01583900543247806 -0.019572987322596755 -0.01740275909557773 -0.015117652363124035 -0.012879125059514338 -0.011736607221290366 -0.010404208599302819 -0.0090972518772695198 -0.0078845078655648861 -0.0066112263094858575 -0.005302001932484264 -0.0039781471633910017 -0.002650828619190854 -0.0013248545527258949 0 0.0013255668379115939 0.0026536711896689401 0.0039845409882876453 0.0053133712746247352 0.0066289990618534156 0.0079101159689295777 0.0091321425443368492 0.010449908752909357 0.011795358287602706 0.012952625662916127 0.015224671051795891 0.017549016607869332 0.019764045384372687 0.021871727042066105 0.016134901840217708 -0.0158392863734798 -0.019573214042959079 -0.017402958133728955 -0.015117823465488523 -0.012879268003356733 -0.011736736039182958 -0.010404323208270568 -0.0090973522455542778 -0.0078845939516791353 -0.0066112980857712502 -0.0053020593803387271 -0.0039781902648549665 -0.0026508573627604067 -0.001324868926851228 0 0.0013255812124958598 0.0026536999343399312 0.0039845840914955535 0.0053134287249268384 0.0066290708445638667 0.0079102020627538974 0.0091322429239419477 0.010450023376440569 0.011795487123730224 0.012952768633682577 0.015224842189895943 0.01754921569203621 0.019764272163967929 0.021871981196326315 0.016135182880838449 -0.015839546664221497 -0.019573424089009868 -0.01740314255530068 -0.015117981987955833 -0.012879400443636058 -0.011736855389354272 -0.010404429394415105 -0.0090974452326095766 -0.0078846737046439248 -0.0066113645823719959 -0.005302112602585265 -0.0039782301984591902 -0.0026508839917514571 -0.0013248822447887488 0 0.0013255945301886166 0.0026537265643712294 0.0039846240273944417 0.0053134819531700976 0.0066291373463658503 0.0079102818236735217 0.0091323359245204655 0.01045012957519046 0.011795606487485948 0.012952901092808739 0.015225000738797779 0.017549400156441661 0.01976448226876211 0.021872216665292911 0.016135443280989713 -0.015839788968471158 -0.019573619621037326 -0.017403314218419789 -0.015118129552088314 -0.012879523731939825 -0.011736966486323913 -0.010404528238981968 -0.0090975317909350213 -0.0078847479513336743 -0.0066114264884826893 -0.0053021621509834142 -0.0039782673725008337 -0.0026509087839712907 -0.0013248946420612953 0 0.0013256069281648599 0.0026537513561015343 0.0039846612030882437 0.0053135315032815959 0.0066291992582896914 0.0079103560778897661 0.0091324224926364744 0.010450228431750764 0.011795717606117214 0.012953024401060784 0.015225148332913864 0.017549571860803526 0.019764677848029044 0.021872435866011654 0.016135685681921207 -0.015840015494246001 -0.019573802416029032 -0.017403474706587818 -0.015118267503843916 -0.012879638984392471 -0.011737070347086841 -0.010404620644049359 -0.0090976127150349789 -0.0078848173527951045 -0.0066114843630834122 -0.0053022084706979365 -0.0039783021255804778 -0.0026509319593404782 -0.0013249062318875754 0 0.0013256185184500726 0.0026537745338571727 0.0039846959578200445 0.0053135778259332878 0.0066292571385811799 0.0079104254881015145 0.0091325034255479408 0.010450320848566834 0.011795821481933135 0.012953139672727413 0.015225286318569299 0.017549732380913275 0.019764860701519376 0.021872640780337713 0.016135912294587315 -0.015821802256641537 -0.019572456495678542 -0.01740564329699525 -0.015122651375178715 -0.012885203962389086 -0.011742864419804691 -0.010410282790223317 -0.0091029500633460544 -0.0078897441001987631 -0.0066158227307595349 -0.0053058212441939078 -0.0039810901092642449 -0.0026528264137886271 -0.0013258640733815399 0 0.0013265769149344621 0.0026556712373082838 0.0039874890737425488 0.0053171998469607289 0.0066336101294943882 0.0079153735205120378 0.0091378702031719924 0.010456021852857553 0.011801665661392831 0.012958767469535684 0.015229761884372268 0.017552026759278142 0.019763679948199057 0.021866579458576646 0.016117968831991878 -0.015792032717806194 -0.019566354595549465 -0.0174049064708095 -0.015125355128647766 -0.012889863724458399 -0.011748015117085496 -0.010415498889311632 -0.0091079867224735343 -0.0078944745813315283 -0.0066200376652559992 -0.0053093599376233119 -0.0039838364031305664 -0.0026546997365623991 -0.0013268135980841127 0 0.0013275287463798554 0.0026575539272419937 0.0039902570608333502 0.0053207786111418168 0.006637890625164288 0.007920203454426053 0.0091430505007090383 0.010461437306014154 0.011807085212586292 0.012963780886497847 0.015233041653113058 0.017552175069206925 0.019758883342176591 0.021854699152298377 0.016090929221603652 -0.015744887372070988 -0.019547230106281122 -0.017393364509917325 -0.015119454968302935 -0.012888004198059529 -0.011747613522788213 -0.010416064334052828 -0.0091092010743700508 -0.0078961330158367881 -0.0066218488231789153 -0.0053110879723996677 -0.0039852971210150882 -0.0026557550582528991 -0.001327368499726711 0 0.0013280984967974458 0.0026586662720355252 0.0039918445324900872 0.0053227304601715141 0.0066400492809628592 0.0079223585586481564 0.0091449385138831704 0.010462874484516273 0.011807772937325428 0.012963246229657393 0.015228983653886426 0.017543057311384981 0.019742842092501472 0.021829612157834816 0.016048768780599871 -0.01569660955264204 -0.01952741411752125 -0.017381291955709827 -0.015113158861984735 -0.012885860062036245 -0.011746974781519377 -0.01041643480350706 -0.0091102575558509018 -0.0078976660034144764 -0.0066235625739123182 -0.0053127428902073528 -0.0039867058890961145 -0.0026567771598704514 -0.0013279072306232561 0 0.00132865210644647 0.0026597455374465302 0.0039933804196537921 0.005324609914458058 0.0066421117781382171 0.0079243901789999554 0.00914667163767292 0.010464120830951749 0.011808228963885196 0.012962433897654026 0.015224540171471792 0.017533423947889634 0.019726130153278992 0.021803668232504295 0.016005520693669364 -0.015647197045285128 -0.019506905199553608 -0.017368687661026481 -0.015106465966872354 -0.012883430694051269 -0.011746098376043427 -0.010416609873742849 -0.0091111558309038901 -0.0078990732637851824 -0.0066251786928851163 -0.0053143245341036064 -0.0039880625939377086 -0.0026577659698215459 -0.0013284297551728044 0 0.0013291895397443414 0.0026607916497520517 0.0039948646043848667 0.0053264168232022647 0.0066440778993398118 0.0079262980364258641 0.0091482495385137291 0.010465175918402979 0.011808452777135008 0.012961343287144158 0.015219710367258292 0.017523273856085726 0.019708746164403827 0.021776865606074721 0.015961182795432814 -0.015596647528167713 -0.019485701920214319 -0.01735555053485565 -0.015099375444991318 -0.012880715509020422 -0.011744983784865907 -0.010416589113730564 -0.0091118955505198381 -0.0079003545250404331 -0.0066266969671525166 -0.0053158327320437194 -0.0039893671155197775 -0.0026587214077745955 -0.0013289360360365882 0 0.0013297107597745102 0.0026618045317412437 0.0039962969711056879 0.0053281510135517046 0.0066459474341928736 0.0079280818603391316 0.0091496718706273079 0.010466039325679849 0.011808443861895317 0.012959973813924762 0.015214493427209382 0.017512605978004778 0.019690688699880155 0.021749202531517634 0.015915752870970672 -0.015571353298671486 -0.01947919582414108 -0.017353491617331209 -0.015100431039398012 -0.012883783224987235 -0.01174866005157214 -0.010420483903844245 -0.0091157845731829161 -0.0079041197802005303 -0.0066301278176045184 -0.0053187622620646116 -0.0039916697581251796 -0.0026603065614416018 -0.0013297442721019492 0 0.0013305230271417931 0.0026634051965516905 0.0039986340907335102 0.0053311412784869333 0.0066494721453979697 0.0079319803052952664 0.0091537401850710146 0.010470163398738382 0.011812402705655686 0.012963379453793843 0.015215998351331363 0.017511105191816211 0.019684842456667229 0.021737581749918293 0.015891340727338402 -0.015551478202899028 -0.019476872992288872 -0.017354928507158522 -0.01510428282577593 -0.012888975790543015 -0.01175414794805758 -0.01042589753771803 -0.0091209229218686405 -0.007908889894642529 -0.00663434552704087 -0.0053222849574168186 -0.0039943938989164141 -0.0026621601401088466 -0.0013306821130316504 0 0.001331460997753649 0.0026652594406714114 0.0040013599511273725 0.0053346673749101433 0.006653695660468131 0.0079367594533448875 0.0091588919977174822 0.010475595798286327 0.011817916165306776 0.012968605632611669 0.015219902824020281 0.017512618949622479 0.019682626050020684 0.021730173734254187 0.015871663598066379 -0.015531575052262072 -0.019474535931808295 -0.017356356355398891 -0.01510812947719822 -0.012894165958291471 -0.011759634445177533 -0.010431310520910847 -0.0091260611211992897 -0.0079136601971123276 -0.0066385636143440801 -0.0053258081085198299 -0.0039971184658909482 -0.0026640140459523007 -0.0013316201328716908 0 0.0013323991557079686 0.0026671140452797395 0.0040040863108645325 0.0053381940505921382 0.0066579197421672461 0.0079415390566557817 0.0091640440152315171 0.010481028006330811 0.011823428799417404 0.012973830089856506 0.015223803090094959 0.017514124844038411 0.019680396885680278 0.021722746838268386 0.015851960486396699 -0.015511643244347168 -0.019472184267231199 -0.017357774841068662 -0.015111970747872761 -0.0128993535615972 -0.011765119409437658 -0.010436722733830955 -0.0091311990936580704 -0.0079184306133729745 -0.0066427820249072792 -0.0053293316685502747 -0.0039998434312068657 -0.0026658682611898537 -0.0013325583226269906 0 0.0013333374919668379 0.0026689689914319351 0.0040068131379420845 0.0053417212580731599 0.0066621443386787578 0.0079463190360467666 0.0091691961511379694 0.010486459889181678 0.011828940437925466 0.012979052639116013 0.015227698875860169 0.017515622544828274 0.019678154547351206 0.021715300564404402 0.015832230768670377 -0.015411532309488695 -0.019460193855082197 -0.017364717166836234 -0.015131089222601103 -0.012925247818705294 -0.01179251663015601 -0.010463768652916702 -0.0091568822841713391 -0.0079422819559780578 -0.0066638769752410303 -0.0053469541160390145 -0.0040134731441351457 -0.0026751433047593866 -0.0013372514851114636 0 0.0013380315110645717 0.0026782481580532235 0.0040204531821806822 0.0053593637058508038 0.0066832729106699644 0.0079702220030781531 0.0091949552225698856 0.010513610572699518 0.011856479010173174 0.013005131208508647 0.015247102952388802 0.017522977704217173 0.019666731611534632 0.021677760607240026 0.015733160258570071 -0.015310616961235963 -0.019447785484195776 -0.017371385375381222 -0.015150043315943182 -0.012951056221123625 -0.01181985710696154 -0.010490780314814936 -0.0091825471674291878 -0.0079661262248998128 -0.0066849721842904683 -0.0053645808587710767 -0.0040271085123386305 -0.0026844233264641613 -0.0013419475356902788 0 0.0013427286097233882 0.002687533030248746 0.0040341004679496162 0.0053770132050382467 0.0067044059492393851 0.0079941238318339582 0.0092207038851624488 0.010540737090410125 0.01188397330924044 0.013031138946589004 0.015266363184465429 0.017530085243569055 0.019654923620132988 0.021639664349183844 0.01563333312967748 
end_dependent_variable

end_regular_table
