# ****************************************************************************
# CUI
#
# The Advanced Framework for Simulation, Integration, and Modeling (AFSIM)
#
# The use, dissemination or disclosure of data in this file is subject to
# limitation or restriction. See accompanying README and LICENSE for details.
# ****************************************************************************

# ##################################################################################################
# 
# This file was auto-generated by AFSIM Mover Creator 2.5.0.200324
# 
# Creation Date:  24 Mar 2020
# 
# ##################################################################################################

regular_table

independent_variable mach precision double
0.10000000000000001 0.5 0.70000000000000007 0.75 0.80000000000000004 
end_independent_variable

independent_variable surface_angle units deg
-25 -22 -20 -18 -16 -14 -12 -10 -9 -8 -7 -6 -5 -4 -3 -2 -1 0 1 2 3 4 5 6 7 8 9 10 12 14 16 18 20 22 24 25 
end_independent_variable

dependent_variable precision double
0.059007227859901312 0.046575517773518753 0.039098444798232573 0.032269958822121456 0.026090059845185434 0.020558747867424482 0.015676022888838608 0.011441884909427814 0.0095680360444130672 0.0078563339291920949 0.0063067785637648897 0.0049193699481314542 0.0036941080822917882 0.0026309929662458914 0.0017300245999937645 0.00099120298353540704 0.00041452811687081879 0 0.00041452811687081879 0.00099120298353540704 0.0017300245999937645 0.0026309929662458914 0.0036941080822917882 0.0049193699481314542 0.0063067785637648897 0.0078563339291920949 0.0095680360444130672 0.011441884909427814 0.015676022888838608 0.020558747867424482 0.026090059845185434 0.032269958822121456 0.039098444798232573 0.046575517773518753 0.054701177747980008 0.059007227859901312 0.083671237446811361 0.065675326797621919 0.054883410933855029 0.045055781391975643 0.036192438171983803 0.028293381273879474 0.021358610697662685 0.015388126443333426 0.012764491686876612 0.010381928510891687 0.0082404369153786412 0.0063400169003374716 0.0046806684657681912 0.0032623916116707894 0.0020851863380452695 0.0011490526448916314 0.00045399053220987495 0 0.00045399053220987495 0.0011490526448916314 0.0020851863380452695 0.0032623916116707894 0.0046806684657681912 0.0063400169003374716 0.0082404369153786412 0.010381928510891687 0.012764491686876612 0.015388126443333426 0.021358610697662685 0.028293381273879474 0.036192438171983803 0.045055781391975643 0.054883410933855029 0.065675326797621919 0.077431528983276335 0.083671237446811361 0.12795386391154501 0.099967792731911628 0.083224291871284523 0.068011894951293547 0.054330601971938702 0.042180412933219946 0.031561327835137314 0.022473346677690801 0.018503520076706092 0.014916469460880412 0.011712194830213756 0.0088906961847061306 0.0064519735243575354 0.0043960268491679702 0.0027228561591374338 0.0014324614542659266 0.00052484273455344864 0 0.00052484273455344864 0.0014324614542659266 0.0027228561591374338 0.0043960268491679702 0.0064519735243575354 0.0088906961847061306 0.011712194830213756 0.014916469460880412 0.018503520076706092 0.022473346677690801 0.031561327835137314 0.042180412933219946 0.054330601971938702 0.068011894951293547 0.083224291871284523 0.099967792731911628 0.11824239753317482 0.12795386391154501 0.1485789437557325 0.11593985456325044 0.096424342971564575 0.078703936342520375 0.062778634676117911 0.048648437972357149 0.036313346231238129 0.025773359452760811 0.021176530424512795 0.017028477636925214 0.013329201089998056 0.010078700783731335 0.007276976718125037 0.0049240288931791708 0.0030198573088937343 0.001564461965268727 0.00055784286230414878 0 0.00055784286230414878 0.001564461965268727 0.0030198573088937343 0.0049240288931791708 0.007276976718125037 0.010078700783731335 0.013329201089998056 0.017028477636925214 0.021176530424512795 0.025773359452760811 0.036313346231238129 0.048648437972357149 0.062778634676117911 0.078703936342520375 0.096424342971564575 0.11593985456325044 0.13725047111757807 0.1485789437557325 0.17698409556662412 0.13793680412560488 0.11460364013053516 0.093429167041286537 0.074413384857859088 0.05755629358025275 0.042857893208467543 0.030318183742503457 0.024857838099204336 0.019937165182360508 0.015556164991971955 0.011714837528038686 0.0084131827905606985 0.0056512007795379952 0.0034288914949705727 0.0017462549368584331 0.00060329110520157526 0 0.00060329110520157526 0.0017462549368584331 0.0034288914949705727 0.0056512007795379952 0.0084131827905606985 0.011714837528038686 0.015556164991971955 0.019937165182360508 0.024857838099204336 0.030318183742503457 0.042857893208467543 0.05755629358025275 0.074413384857859088 0.093429167041286537 0.11460364013053516 0.13793680412560488 0.16342865902649573 0.17698409556662412 
end_dependent_variable

end_regular_table
