# ****************************************************************************
# CUI
#
# The Advanced Framework for Simulation, Integration, and Modeling (AFSIM)
#
# The use, dissemination or disclosure of data in this file is subject to
# limitation or restriction. See accompanying README and LICENSE for details.
# ****************************************************************************

# ##################################################################################################
# 
# This file was auto-generated by AFSIM Mover Creator 2.5.0.200324
# 
# Creation Date:  24 Mar 2020
# 
# ##################################################################################################

regular_table

independent_variable mach precision double
0.10000000000000001 0.5 0.70000000000000007 0.75 0.80000000000000004 0.84999999999999998 0.90000000000000002 0.92000000000000004 0.94000000000000006 0.95999999999999996 0.97999999999999998 1 1.02 1.04 1.0600000000000001 1.0800000000000001 1.1000000000000001 1.2 1.3 1.4000000000000001 1.5 
end_independent_variable

independent_variable surface_angle units deg
-10 -8 -7 -6 -5 -4 -3 -2 -1 0 1 2 3 4 5 6 7 8 9 10 
end_independent_variable

dependent_variable precision double
-0.004645009380704509 -0.0035009910737087563 -0.0029705392530514105 -0.0024670726307017394 -0.0019902372928949003 -0.001539796136774898 -0.0011156037898892716 -0.00071758443932487114 -0.00034571305653123107 0 -0.00034599961396835125 -0.00071815711411813983 -0.0011164617282527483 -0.0015409379704663135 -0.0019916610177745007 -0.0024687754637284006 -0.0029725174672856152 -0.00350323981402611 -0.0040614386031385692 -0.0046477791079303733 -0.0048039499517321038 -0.0036031053127694398 -0.0030488875932893002 -0.0025247755840564208 -0.0020304294598257437 -0.0015656240622211885 -0.00113022381252571 -0.00072416053931974539 -0.00034741470290146044 0 -0.00034747201475503257 -0.00072427507730942679 -0.0011303954104602528 -0.0015658524532489151 -0.0020307142524591182 -0.0025251162328923217 -0.0030492833665770238 -0.0036035552554927832 -0.0041884128391069444 -0.0048045042755319759 -0.0050046774277709496 -0.0037318410580957826 -0.0031475402373858435 -0.0025973144812940063 -0.0020808413330306742 -0.0015979103644566087 -0.0011483980735117355 -0.00073224569705611603 -0.00034944042542116804 0 -0.00034948136282965229 -0.00073232751263467945 -0.0011485206528784862 -0.0015980735232341329 -0.0020810447996388909 -0.0025975578766240966 -0.0031478230510369942 -0.0037321626226599451 -0.0043510376224430115 -0.0050050737169153375 -0.0050782531951932657 -0.0037790258763980393 -0.0031836974017174038 -0.0026238992821417477 -0.002099315421371832 -0.0016097407869341647 -0.0011550562993593531 -0.00073520664119488676 -0.00035018146755843134 0 -0.0003502196759205187 -0.00073528300349695933 -0.0011551707098943203 -0.0016098930758887005 -0.00209950533841336 -0.0026241264764591235 -0.0031839614017433399 -0.0037793260634391653 -0.0044106741865681497 -0.0050786231827404035 -0.0051666844476552119 -0.0038357369186197837 -0.0032271540007900619 -0.0026558506548237789 -0.002121518429182729 -0.0016239587735128564 -0.0011630579239853226 -0.00073876470361327327 -0.00035107172876477054 0 -0.00035110754925596821 -0.00073883629420786444 -0.0011631651872539533 -0.0016241015531514907 -0.0021216964931843841 -0.0026560636789412372 -0.0032274015464214931 -0.0038360184115673033 -0.0044823592148879043 -0.0051670314435843271 -0.0051396030896789981 -0.0037653708434521277 -0.0031440577112235545 -0.0025660824956446862 -0.0020312004072218152 -0.0015392605180773247 -0.0010901831508711322 -0.0006839398976327026 -0.00032053670329243401 0 -0.00032058047477090894 -0.00068402739653366498 -0.0010903142913755799 -0.001539435162297746 -0.0020314183523460856 -0.0025663434591992121 -0.0031443613119050522 -0.0037657165837113415 -0.0044307718707496018 -0.0051400310418115202 -0.0051125262283899702 -0.0036950083375741792 -0.0030609645355651541 -0.0024763169990900512 -0.0019408846004814241 -0.0014545640325679763 -0.001017309704413512 -0.00062911597554223952 -0.000290002119507514 0 -0.00029005295864389886 -0.00062921761496935848 -0.0010174620689497543 -0.0014547670013117095 -0.0019411379963357627 -0.002476620576323519 -0.003061317963116783 -0.0036954111870506402 -0.0043791804981087772 -0.0051130261426725818 -0.0051100787513418799 -0.0036736592737924034 -0.0030337207874970109 -0.0024455911209470427 -0.00190911236483577 -0.0014241989128250055 -0.00099081813592111689 -0.00060897330676106811 -0.00027868915037366842 0 -0.00027874289094311877 -0.00060908075109116855 -0.00099097921256933248 -0.0014244135072378884 -0.00190938030836209 -0.0024459121804643984 -0.0030340946506883099 -0.0036740855339761742 -0.0043661355147656027 -0.0051106081230137988 -0.0051061404300679746 -0.0036512099291142169 -0.0030055529233212626 -0.0024141055126594684 -0.0018767335287610944 -0.001393369447531037 -0.00096399387059337084 -0.00058861915968170826 -0.00026727558997723745 0 -0.0002673321488859479 -0.00058873224296723695 -0.00096416341033159973 -0.0013935953342000241 -0.0018770156030354756 -0.0024144435536718935 -0.0030059466338467323 -0.0036516589244013509 -0.004351800867134499 -0.0051066984089186617 -0.0051007035307047022 -0.0036276549376021909 -0.0029764566041532996 -0.0023818567622115863 -0.0018437455009906064 -0.0013620737661443171 -0.00093683565755667058 -0.00056805280215821007 -0.00025576112295191446 0 -0.0002558204226564975 -0.00056817136862859208 -0.0009370134266611554 -0.0013623106339453283 -0.0018440413159464589 -0.002382211312489817 -0.0029768696113455289 -0.0036281260371703564 -0.004336170105062459 -0.0051012893163682616 -0.0050937603152081236 -0.0036029889337456668 -0.0029464274928592358 -0.0023488414542850488 -0.0018101456918578995 -0.0013303099993888516 -0.00090934224726864062 -0.00054727350203492462 -0.00024414543434118794 0 -0.00024420740202423452 -0.00054739740674641609 -0.00090952802698647626 -0.0013305575554955144 -0.001810454880823317 -0.0023492120764978617 -0.0029468592821709654 -0.0036034815474901461 -0.0043192367788232487 -0.005094373165330103 -0.0050853030547874144 -0.0035772065564374611 -0.0029154612532557135 -0.002315056179351981 -0.0017759315112116007 -0.0012980762777267632 -0.00088151238934791685 -0.00052628052816492874 -0.00023242820899213565 0 -0.00023249277655009088 -0.00052640963430421455 -0.00088170597575156049 -0.0012983342501904243 -0.0017762537322478637 -0.0023154424598247178 -0.0029159113429232785 -0.0035777201294037581 -0.0043009944376625059 -0.0050859422699133169 -0.0050753240187506937 -0.0035503024423007589 -0.0028835535501099069 -0.0022804975266187532 -0.001741100370127299 -0.0012653707340352992 -0.00085334483588887853 -0.00050507314894785772 -0.00022060913207676161 0 -0.00022067623574528988 -0.00050520732907840973 -0.00085354603615162342 -0.0012656388652671018 -0.0017414353024789333 -0.0022808990783013024 -0.0028840214876420965 -0.0035508364575070925 -0.0042814366265387848 -0.0050759889417634173 -0.0050638154786175173 -0.0035222712324204162 -0.0028507000529610386 -0.0022451620831966876 -0.001705649682532173 -0.0012321915005515526 -0.00082483833770559878 -0.00048365063433523285 -0.00020868788926173347 0 -0.00020875746884947461 -0.00048378976740992948 -0.00082504697149827133 -0.0012324695490683085 -0.0017059970227084385 -0.0022455785473317631 -0.0028511854110653927 -0.0035228252005376766 -0.0042605568873844597 -0.0050645054915947835 -0.00505076970523819 -0.0034931075673575295 -0.0028168964244618382 -0.0022090464473900864 -0.0016695768589877489 -0.0011985367097938971 -0.00079599164761990379 -0.00046201225283338165 -0.00019666416585605771 0 -0.0001967361650998634 -0.00046215622677451846 -0.00079620754453085319 -0.0011988244502520345 -0.0016699363257868709 -0.0022094774762872896 -0.0028173988072618932 -0.003493681030579295 -0.0042383487657109463 -0.0050514842322944382 -0.0050361789763301145 -0.0034628060900786174 -0.0027821383388653836 -0.002172147205728316 -0.0016328793164473838 -0.0011644044962981573 -0.00076680351664955195 -0.00044015727483514319 -0.00018453764763915628 0 -0.0001846120133384286 -0.00044030598279535697 -0.00076702651809540964 -0.001164701714498587 -0.0016332506387936444 -0.0021725924811151912 -0.0027826573672159482 -0.0034633986157972178 -0.0042148058029559564 -0.0050369174696883214 -0.0050200355660995465 -0.0034313614430458339 -0.0027464214632569768 -0.0021344609526553599 -0.0015955544661321543 -0.0011297929939745538 -0.00073727269863964372 -0.00041808496997681175 -0.00017230802028497127 0 -0.00017238470255141934 -0.00041823831210435124 -0.00073750265361703529 -0.001130099489384484 -0.001595937395015718 -0.0021349201712448523 -0.0027469567816403272 -0.0034319726248998755 -0.0041899215395872708 -0.0050207975114646341 -0.0049157580137634965 -0.0032568032346549486 -0.0025533037135737208 -0.0019341053158427137 -0.0013994301571105549 -0.00094948087491452022 -0.00058443466332707133 -0.00030443800886095703 -0.00010960225784583022 0 -0.00010968986555462446 -0.00030461320623786871 -0.00058469741210840709 -0.00094983111603161232 -0.0013998678082164432 -0.0019346302716031242 -0.0025539158337369405 -0.0032575023516172707 -0.0040451545870399779 -0.004916630473695744 -0.005271320928276182 -0.00338010217688346 -0.002589940413388479 -0.00190410796932112 -0.0013230454145941877 -0.00084712651876204896 -0.00047665776210374379 -0.00021187793654575581 -5.2957828386158207e-05 0 -5.3038651612319498e-05 -0.0002120395785849021 -0.00047690021318384183 -0.00084744976312175471 -0.0013234494339503422 -0.0019045927378251192 -0.0025905058988871812 -0.0033807483440714547 -0.0042748132736673489 -0.0052721283302301948 -0.0061183043308342816 -0.0039246432537670232 -0.0030076551247351598 -0.0022115191779812208 -0.0015368399169868321 -0.00098413015606418474 -0.00055381036805463035 -0.00024620814592117048 -6.1557788631268342e-05 0 -6.158171055049536e-05 -0.00024625601717223893 -0.00055388224325059697 -0.00098422611752776155 -0.0015369600730105761 -0.0022116636643551724 -0.0030078241035586795 -0.0039248369127698425 -0.0049620066942185487 -0.0061185480138695198 -0.0056174346332091571 -0.0036037191293382346 -0.0027618316375899216 -0.0020308414923340375 -0.0014113279115039357 -0.00090378227294134401 -0.00050860747888079147 -0.00022611743991714404 -5.6536670317943095e-05 0 -5.6552400487786289e-05 -0.00022614892726328711 -0.00050865477773440573 -0.00090384546404900681 -0.0014114071026186813 -0.0020309368165786022 -0.0027619432562755982 -0.0036038472268727479 -0.0045559824361645273 -0.0056175963456893867 
end_dependent_variable

end_regular_table
