# ****************************************************************************
# CUI
#
# The Advanced Framework for Simulation, Integration, and Modeling (AFSIM)
#
# The use, dissemination or disclosure of data in this file is subject to
# limitation or restriction. See accompanying README and LICENSE for details.
# ****************************************************************************
#Ground target launch data for RED_SRBM_1
#Generated on Thu Jan 14 13:00:44 2010
#loft_angle burn_time ground_range time_of_flight
84.6500 40.0000 27843.28 138.4298
84.6500 40.0200 27891.82 138.5025
84.6500 40.0400 27930.51 138.5753
84.6500 40.0600 27969.25 138.6480
84.6500 40.0800 28017.96 138.7208
84.6500 40.1000 28056.79 138.7936
84.6500 40.1200 28105.61 138.8664
84.6500 40.1400 28144.54 138.9392
84.6500 40.1600 28193.47 139.0120
84.6500 40.1800 28232.47 139.0848
84.6500 40.2000 28281.50 139.1577
84.6500 40.2200 28320.59 139.2305
84.6500 40.2400 28369.72 139.3034
84.6500 40.2600 28408.90 139.3762
84.6500 40.2800 28448.12 139.4491
84.6500 40.3000 28497.40 139.5220
84.6500 40.3200 28536.71 139.5949
84.6500 40.3400 28586.11 139.6678
84.6500 40.3600 28625.51 139.7407
84.6500 40.3800 28675.02 139.8137
84.6500 40.4000 28714.52 139.8866
84.6500 40.4200 28764.14 139.9596
84.6500 40.4400 28803.73 140.0326
84.6500 40.4600 28853.46 140.1055
84.6500 40.4800 28893.14 140.1785
84.6500 40.5000 28942.98 140.2515
84.6500 40.5200 28982.76 140.3246
84.6500 40.5400 29022.58 140.3976
84.6500 40.5600 29072.59 140.4706
84.6500 40.5800 29112.51 140.5437
84.6500 40.6000 29162.63 140.6167
84.6500 40.6200 29202.65 140.6898
84.6500 40.6400 29252.26 140.7642
84.6500 40.6600 29292.37 140.8373
84.6500 40.6800 29342.72 140.9104
84.6500 40.7000 29382.93 140.9835
84.6500 40.7200 29433.40 141.0566
84.6500 40.7400 29473.70 141.1298
84.6500 40.7600 29524.28 141.2029
84.6500 40.7800 29564.69 141.2761
84.6500 40.8000 29605.13 141.3493
84.6500 40.8200 29655.89 141.4225
84.6500 40.8400 29696.43 141.4957
84.6500 40.8600 29747.30 141.5689
84.6500 40.8800 29787.95 141.6421
84.6500 40.9000 29838.93 141.7153
84.6500 40.9200 29879.68 141.7886
84.6500 40.9400 29930.78 141.8618
84.6500 40.9600 29971.63 141.9351
84.6500 40.9800 30022.85 142.0084
84.6500 41.0000 30063.80 142.0817
84.6500 41.0200 30115.14 142.1550
84.6500 41.0400 30156.18 142.2283
84.6500 41.0600 30207.64 142.3017
84.6500 41.0800 30248.79 142.3750
84.6500 41.1000 30289.99 142.4484
84.6500 41.1200 30341.62 142.5217
84.6500 41.1400 30382.92 142.5951
84.6500 41.1600 30434.67 142.6685
84.6500 41.1800 30476.07 142.7419
84.6500 41.2000 30527.94 142.8153
84.6500 41.2200 30569.45 142.8888
84.6500 41.2400 30621.44 142.9622
84.6500 41.2600 30663.04 143.0357
84.6500 41.2800 30715.16 143.1091
84.6500 41.3000 30756.87 143.1826
84.6500 41.3200 30809.11 143.2561
84.6500 41.3400 30850.91 143.3296
84.6500 41.3600 30903.25 143.4031
84.6500 41.3800 30945.13 143.4767
84.6500 41.4000 30997.58 143.5502
84.6500 41.4200 31039.55 143.6237
84.6500 41.4400 31081.57 143.6973
84.6500 41.4600 31134.18 143.7709
84.6500 41.4800 31176.30 143.8445
84.6500 41.5000 31229.03 143.9181
84.6500 41.5200 31271.24 143.9917
84.6500 41.5400 31324.08 144.0653
84.6500 41.5600 31366.39 144.1390
84.6500 41.5800 31419.35 144.2126
84.6500 41.6000 31461.76 144.2863
84.6500 41.6200 31514.84 144.3599
84.6500 41.6400 31557.34 144.4336
84.6500 41.6600 31610.54 144.5073
84.6500 41.6800 31653.15 144.5810
84.6500 41.7000 31706.46 144.6548
84.6500 41.7200 31749.18 144.7285
84.6500 41.7400 31802.61 144.8023
84.6500 41.7600 31845.42 144.8760
84.6500 41.7800 31888.28 144.9498
84.6500 41.8000 31941.89 145.0236
84.6500 41.8200 31984.85 145.0974
84.6500 41.8400 32038.59 145.1712
84.6500 41.8600 32081.65 145.2450
84.6500 41.8800 32135.50 145.3189
84.6500 41.9000 32178.67 145.3927
84.6500 41.9200 32232.65 145.4666
84.6500 41.9400 32275.92 145.5405
84.6500 41.9600 32330.02 145.6144
84.6500 41.9800 32373.39 145.6883
84.6500 42.0000 32427.62 145.7622
84.6500 42.0200 32471.10 145.8361
84.6500 42.0400 32525.44 145.9100
84.6500 42.0600 32569.03 145.9840
84.6500 42.0800 32623.50 146.0580
84.6500 42.1000 32667.19 146.1320
84.6500 42.1200 32721.78 146.2060
84.6500 42.1400 32765.58 146.2800
84.6500 42.1600 32820.30 146.3540
84.6500 42.1800 32864.20 146.4280
84.6500 42.2000 32919.05 146.5021
84.6500 42.2200 32963.06 146.5761
84.6500 42.2400 33018.03 146.6502
84.6500 42.2600 33062.15 146.7243
84.6500 42.2800 33106.32 146.7984
84.6500 42.3000 33161.47 146.8725
84.6500 42.3200 33205.75 146.9466
84.6500 42.3400 33261.03 147.0208
84.6500 42.3600 33305.41 147.0949
84.6500 42.3800 33360.82 147.1691
84.6500 42.4000 33405.32 147.2433
84.6500 42.4200 33460.86 147.3175
84.6500 42.4400 33505.46 147.3917
84.6500 42.4600 33561.12 147.4659
84.6500 42.4800 33605.83 147.5401
84.6500 42.5000 33661.60 147.6144
84.6500 42.5200 33706.39 147.6886
84.6500 42.5400 33762.27 147.7629
84.6500 42.5600 33807.16 147.8372
84.6500 42.5800 33863.16 147.9115
84.6500 42.6000 33908.15 147.9858
84.6500 42.6200 33964.27 148.0601
84.6500 42.6400 34009.36 148.1345
84.6500 42.6600 34065.61 148.2088
84.6500 42.6800 34110.80 148.2832
84.6500 42.7000 34167.17 148.3576
84.6500 42.7200 34212.47 148.4320
84.6500 42.7400 34268.96 148.5064
84.6500 42.7600 34314.36 148.5808
84.6500 42.7800 34370.98 148.6552
84.6500 42.8000 34416.49 148.7297
84.6500 42.8200 34473.23 148.8041
84.6500 42.8400 34518.85 148.8786
84.6500 42.8600 34575.71 148.9531
84.6500 42.8800 34621.43 149.0276
84.6500 42.9000 34679.15 149.1007
84.6500 42.9200 34724.99 149.1753
84.6500 42.9400 34770.87 149.2498
84.6500 42.9600 34828.05 149.3244
84.6500 42.9800 34874.04 149.3989
84.6500 43.0000 34931.35 149.4735
84.6500 43.0200 34977.45 149.5481
84.6500 43.0400 35034.89 149.6227
84.6500 43.0600 35081.10 149.6974
84.6500 43.0800 35138.67 149.7720
84.6500 43.1000 35184.99 149.8466
84.6500 43.1200 35242.69 149.9213
84.6500 43.1400 35289.12 149.9960
84.6500 43.1600 35346.94 150.0707
84.6500 43.1800 35393.49 150.1454
84.6500 43.2000 35451.45 150.2201
84.6500 43.2200 35498.10 150.2949
84.6500 43.2400 35556.19 150.3696
84.6500 43.2600 35602.95 150.4444
84.6500 43.2800 35661.18 150.5192
84.6500 43.3000 35708.05 150.5940
84.6500 43.3200 35766.41 150.6688
84.6500 43.3400 35813.40 150.7436
84.6500 43.3600 35871.89 150.8185
84.6500 43.3800 35918.99 150.8933
84.6500 43.4000 35977.61 150.9682
84.6500 43.4200 36024.83 151.0431
84.6500 43.4400 36083.58 151.1180
84.6500 43.4600 36130.92 151.1929
84.6500 43.4800 36189.80 151.2678
84.6500 43.5000 36237.25 151.3427
84.6500 43.5200 36296.28 151.4177
84.6500 43.5400 36343.84 151.4927
84.6500 43.5600 36403.00 151.5677
84.6500 43.5800 36450.66 151.6427
84.6500 43.6000 36509.93 151.7177
84.6500 43.6200 36557.69 151.7927
84.6500 43.6400 36617.07 151.8677
84.6500 43.6600 36664.93 151.9428
84.6500 43.6800 36724.45 152.0179
84.6500 43.7000 36772.41 152.0930
84.6500 43.7200 36832.05 152.1681
84.6500 43.7400 36880.13 152.2432
84.6500 43.7600 36939.90 152.3183
84.6500 43.7800 36988.08 152.3934
84.6500 43.8000 37047.98 152.4686
84.6500 43.8200 37096.28 152.5438
84.6500 43.8400 37156.30 152.6190
84.6500 43.8600 37204.71 152.6942
84.6500 43.8800 37264.87 152.7694
84.6500 43.9000 37313.39 152.8446
84.6500 43.9200 37373.68 152.9199
84.6500 43.9400 37422.31 152.9951
84.6500 43.9600 37482.73 153.0704
84.6500 43.9800 37531.48 153.1457
84.6500 44.0000 37592.04 153.2210
84.6500 44.0200 37640.90 153.2963
84.6500 44.0400 37701.59 153.3717
84.6500 44.0600 37750.56 153.4470
84.6500 44.0800 37811.39 153.5224
84.6500 44.1000 37860.48 153.5978
84.6500 44.1200 37921.44 153.6732
84.6500 44.1400 37970.64 153.7486
84.6500 44.1600 38031.74 153.8240
84.6500 44.1800 38081.06 153.8995
84.6500 44.2000 38142.29 153.9749
84.6500 44.2200 38203.59 154.0504
84.6500 44.2400 38253.10 154.1259
84.6500 44.2600 38314.54 154.2014
84.6500 44.2800 38364.16 154.2769
84.6500 44.3000 38425.74 154.3524
84.6500 44.3200 38475.48 154.4280
84.6500 44.3400 38537.20 154.5035
84.6500 44.3600 38587.05 154.5791
84.6500 44.3800 38648.91 154.6547
84.6500 44.4000 38698.89 154.7303
84.6500 44.4200 38760.88 154.8060
84.6500 44.4400 38810.98 154.8816
84.6500 44.4600 38873.11 154.9573
84.6500 44.4800 38923.33 155.0329
84.6500 44.5000 38985.60 155.1086
84.6500 44.5200 39035.94 155.1843
84.6500 44.5400 39098.35 155.2600
84.6500 44.5600 39148.81 155.3358
84.6500 44.5800 39211.37 155.4115
84.6500 44.6000 39261.95 155.4873
84.6500 44.6200 39324.65 155.5631
84.6500 44.6400 39375.33 155.6389
84.6500 44.6600 39438.15 155.7147
84.6500 44.6800 39488.94 155.7905
84.6500 44.7000 39551.88 155.8664
84.6500 44.7200 39602.78 155.9422
84.6500 44.7400 39665.86 156.0181
84.6500 44.7600 39716.87 156.0940
84.6500 44.7800 39780.08 156.1699
84.6500 44.8000 39831.21 156.2458
84.6500 44.8200 39894.56 156.3218
84.6500 44.8400 39945.81 156.3977
84.6500 44.8600 40009.30 156.4737
84.6500 44.8800 40060.66 156.5497
84.6500 44.9000 40124.29 156.6257
84.6500 44.9200 40187.98 156.7017
84.6500 44.9400 40239.53 156.7777
84.6500 44.9600 40303.37 156.8538
84.6500 44.9800 40355.04 156.9298
84.6500 45.0000 40419.02 157.0059
84.6500 45.0200 40470.80 157.0820
84.6500 45.0400 40534.92 157.1581
84.6500 45.0600 40586.83 157.2343
84.6500 45.0800 40651.09 157.3104
84.6500 45.1000 40703.12 157.3866
84.6500 45.1200 40767.52 157.4627
84.6500 45.1400 40819.68 157.5389
84.6500 45.1600 40884.22 157.6151
84.6500 45.1800 40936.50 157.6914
84.6500 45.2000 41001.19 157.7676
84.6500 45.2200 41053.58 157.8439
84.6500 45.2400 41118.42 157.9201
84.6500 45.2600 41170.94 157.9964
84.6500 45.2800 41235.92 158.0727
84.6500 45.3000 41288.56 158.1491
84.6500 45.3200 41353.68 158.2254
84.6500 45.3400 41418.88 158.3018
84.6500 45.3600 41471.72 158.3781
84.6500 45.3800 41537.07 158.4545
84.6500 45.4000 41590.03 158.5309
84.6500 45.4200 41655.53 158.6074
84.6500 45.4400 41708.62 158.6838
84.6500 45.4600 41774.26 158.7603
84.6500 45.4800 41827.47 158.8367
84.6500 45.5000 41893.26 158.9132
84.6500 45.5200 41946.60 158.9897
84.6500 45.5400 42012.54 159.0663
84.6500 45.5600 42066.01 159.1428
84.6500 45.5800 42132.10 159.2194
84.6500 45.6000 42185.70 159.2959
84.6500 45.6200 42251.93 159.3725
84.6500 45.6400 42305.66 159.4491
84.6500 45.6600 42372.02 159.5258
84.6500 45.6800 42438.44 159.6024
84.6500 45.7000 42492.33 159.6791
84.6500 45.7200 42558.89 159.7557
84.6500 45.7400 42612.89 159.8324
84.6500 45.7600 42679.59 159.9091
84.6500 45.7800 42733.71 159.9859
84.6500 45.8000 42800.55 160.0626
84.6500 45.8200 42854.79 160.1393
84.6500 45.8400 42921.77 160.2161
84.6500 45.8600 42976.13 160.2929
84.6500 45.8800 43043.25 160.3697
84.6500 45.9000 43097.73 160.4465
84.6500 45.9200 43165.00 160.5234
84.6500 45.9400 43232.35 160.6002
84.6500 45.9600 43287.02 160.6771
84.6500 45.9800 43354.51 160.7540
84.6500 46.0000 43409.31 160.8309
84.6500 46.0200 43476.95 160.9079
84.6500 46.0400 43531.87 160.9848
84.6500 46.0600 43599.66 161.0618
84.6500 46.0800 43654.71 161.1387
84.6500 46.1000 43722.64 161.2157
84.6500 46.1200 43777.82 161.2927
84.6500 46.1400 43845.90 161.3698
84.6500 46.1600 43901.20 161.4468
84.6500 46.1800 43969.43 161.5239
84.6500 46.2000 44037.74 161.6010
84.6500 46.2200 44093.25 161.6781
84.6500 46.2400 44161.70 161.7552
84.6500 46.2600 44217.34 161.8323
84.6500 46.2800 44285.95 161.9095
84.6500 46.3000 44341.71 161.9866
84.6500 46.3200 44410.47 162.0638
84.6500 46.3400 44466.37 162.1410
84.6500 46.3600 44535.28 162.2183
84.6500 46.3800 44591.30 162.2955
84.6500 46.4000 44660.37 162.3728
84.6500 46.4200 44729.52 162.4500
84.6500 46.4400 44785.74 162.5273
84.6500 46.4600 44855.04 162.6046
84.6500 46.4800 44911.40 162.6820
84.6500 46.5000 44980.86 162.7593
84.6500 46.5200 45037.35 162.8367
84.6500 46.5400 45106.96 162.9141
84.6500 46.5600 45163.59 162.9915
84.6500 46.5800 45233.35 163.0689
84.6500 46.6000 45290.11 163.1463
84.6500 46.6200 45360.03 163.2238
84.6500 46.6400 45430.01 163.3012
84.6500 46.6600 45486.95 163.3787
84.6500 46.6800 45557.07 163.4562
84.6500 46.7000 45614.12 163.5337
84.6500 46.7200 45684.38 163.6113
84.6500 46.7400 45741.55 163.6888
84.6500 46.7600 45811.96 163.7664
84.6500 46.7800 45869.26 163.8440
84.6500 46.8000 45939.81 163.9216
84.6500 46.8200 45997.23 163.9992
84.6500 46.8400 46067.93 164.0769
84.6500 46.8600 46138.71 164.1546
84.6500 46.8800 46196.33 164.2322
84.6500 46.9000 46267.26 164.3099
84.6500 46.9200 46325.01 164.3877
84.6500 46.9400 46396.09 164.4654
84.6500 46.9600 46453.98 164.5432
84.6500 46.9800 46525.21 164.6209
84.6500 47.0000 46583.22 164.6987
84.6500 47.0200 46654.61 164.7765
84.6500 47.0400 46726.08 164.8544
84.6500 47.0600 46783.37 164.9339
84.6500 47.0800 46854.99 165.0118
84.6500 47.1000 46913.34 165.0897
84.6500 47.1200 46985.11 165.1676
84.6500 47.1400 47043.60 165.2455
84.6500 47.1600 47115.53 165.3234
84.6500 47.1800 47187.54 165.4014
84.6500 47.2000 47246.23 165.4794
84.6500 47.2200 47318.40 165.5574
84.6500 47.2400 47377.23 165.6354
84.6500 47.2600 47449.55 165.7134
84.6500 47.2800 47508.51 165.7914
84.6500 47.3000 47581.00 165.8695
84.6500 47.3200 47640.10 165.9476
84.6500 47.3400 47712.74 166.0257
84.6500 47.3600 47785.47 166.1038
84.6500 47.3800 47844.78 166.1820
84.6500 47.4000 47917.66 166.2601
84.6500 47.4200 47977.11 166.3383
84.6500 47.4400 48050.16 166.4165
84.6500 47.4600 48109.74 166.4947
84.6500 47.4800 48182.95 166.5729
84.6500 47.5000 48256.24 166.6512
84.6500 47.5200 48316.04 166.7295
84.6500 47.5400 48389.49 166.8078
84.6500 47.5600 48449.43 166.8861
84.6500 47.5800 48523.04 166.9644
84.6500 47.6000 48583.09 167.0428
84.6500 47.6200 48656.84 167.1211
84.6500 47.6400 48717.01 167.1995
84.6500 47.6600 48790.90 167.2779
84.6500 47.6800 48864.86 167.3563
84.6500 47.7000 48925.23 167.4348
84.6500 47.7200 48999.35 167.5132
84.6500 47.7400 49059.85 167.5917
84.6500 47.7600 49134.12 167.6702
84.6500 47.7800 49194.76 167.7487
84.6500 47.8000 49269.18 167.8272
84.6500 47.8200 49343.69 167.9058
84.6500 47.8400 49404.53 167.9844
84.6500 47.8600 49479.20 168.0629
84.6500 47.8800 49540.18 168.1416
84.6500 47.9000 49615.00 168.2202
84.6500 47.9200 49676.11 168.2988
84.6500 47.9400 49751.10 168.3775
84.6500 47.9600 49826.16 168.4562
84.6500 47.9800 49887.49 168.5349
84.6500 48.0000 49962.71 168.6136
84.6500 48.0200 50024.18 168.6923
84.6500 48.0400 50099.56 168.7711
84.6500 48.0600 50161.16 168.8499
84.6500 48.0800 50236.71 168.9287
84.6500 48.1000 50312.35 169.0075
84.6500 48.1200 50374.16 169.0863
84.6500 48.1400 50449.96 169.1652
84.6500 48.1600 50511.92 169.2441
84.6500 48.1800 50587.88 169.3230
84.6500 48.2000 50663.93 169.4019
84.6500 48.2200 50726.10 169.4808
84.6500 48.2400 50802.31 169.5598
84.6500 48.2600 50864.63 169.6387
84.6500 48.2800 50941.01 169.7177
84.6500 48.3000 51003.46 169.7967
84.6500 48.3200 51080.01 169.8758
84.6500 48.3400 51156.63 169.9548
84.6500 48.3600 51219.31 170.0339
84.6500 48.3800 51296.11 170.1130
84.6500 48.4000 51358.93 170.1921
84.6500 48.4200 51435.90 170.2712
84.6500 48.4400 51512.95 170.3504
84.6500 48.4600 51575.99 170.4295
84.6500 48.4800 51653.21 170.5087
84.6500 48.5000 51716.40 170.5879
84.6500 48.5200 51793.76 170.6671
84.6500 48.5400 51857.06 170.7464
84.6500 48.5600 51934.57 170.8256
84.6500 48.5800 52012.16 170.9049
84.6500 48.6000 52075.66 170.9842
84.6500 48.6200 52153.41 171.0636
84.6500 48.6400 52217.05 171.1429
84.6500 48.6600 52294.95 171.2223
84.6500 48.6800 52372.95 171.3016
84.6500 48.7000 52436.80 171.3810
84.6500 48.7200 52514.95 171.4605
84.6500 48.7400 52578.94 171.5399
84.6500 48.7600 52657.25 171.6194
84.6500 48.7800 52721.38 171.6988
84.6500 48.8000 52799.86 171.7783
84.6500 48.8200 52878.43 171.8578
84.6500 48.8400 52942.78 171.9374
84.6500 48.8600 53021.51 172.0169
84.6500 48.8800 53086.00 172.0965
84.6500 48.9000 53164.90 172.1761
84.6500 48.9200 53243.88 172.2557
84.6500 48.9400 53308.59 172.3354
84.6500 48.9600 53387.75 172.4150
84.6500 48.9800 53452.60 172.4947
84.6500 49.0000 53531.92 172.5744
84.6500 49.0200 53611.33 172.6541
84.6500 49.0400 53676.41 172.7339
84.6500 49.0600 53755.99 172.8136
84.6500 49.0800 53821.21 172.8934
84.6500 49.1000 53900.96 172.9732
84.6500 49.1200 53980.80 173.0530
84.6500 49.1400 54046.25 173.1328
84.6500 49.1600 54126.26 173.2127
84.6500 49.1800 54191.86 173.2926
84.6500 49.2000 54272.04 173.3725
84.6500 49.2200 54352.31 173.4524
84.6500 49.2400 54418.14 173.5323
84.6500 49.2600 54498.58 173.6123
84.6500 49.2800 54564.56 173.6923
84.6500 49.3000 54645.17 173.7723
84.6500 49.3200 54725.88 173.8523
84.6500 49.3400 54792.09 173.9323
84.6500 49.3600 54872.97 174.0124
84.6500 49.3800 54939.33 174.0925
84.6500 49.4000 55020.37 174.1726
84.6500 49.4200 55101.48 174.2527
84.6500 49.4400 55168.03 174.3328
84.6500 49.4600 55249.31 174.4130
84.6500 49.4800 55315.99 174.4932
84.6500 49.5000 55397.43 174.5734
84.6500 49.5200 55478.95 174.6536
84.6500 49.5400 55545.85 174.7339
84.6500 49.5600 55627.54 174.8141
84.6500 49.5800 55694.59 174.8944
84.6500 49.6000 55776.44 174.9747
84.6500 49.6200 55858.38 175.0550
84.6500 49.6400 55925.65 175.1354
84.6500 49.6600 56007.77 175.2157
84.6500 49.6800 56075.18 175.2961
84.6500 49.7000 56157.47 175.3765
84.6500 49.7200 56239.84 175.4570
84.6500 49.7400 56307.48 175.5374
84.6500 49.7600 56390.03 175.6179
84.6500 49.7800 56457.82 175.6984
84.6500 49.8000 56540.53 175.7789
84.6500 49.8200 56623.34 175.8594
84.6500 49.8400 56691.37 175.9400
84.6500 49.8600 56774.35 176.0206
84.6500 49.8800 56857.42 176.1011
84.6500 49.9000 56925.68 176.1818
84.6500 49.9200 57008.92 176.2624
84.6500 49.9400 57077.33 176.3431
84.6500 49.9600 57160.75 176.4237
84.6500 49.9800 57244.27 176.5044
84.6500 50.0000 57312.91 176.5851
84.6500 50.0200 57396.60 176.6659
84.6500 50.0400 57465.39 176.7467
84.6500 50.0600 57549.26 176.8274
84.6500 50.0800 57633.23 176.9082
84.6500 50.1000 57702.26 176.9891
84.6500 50.1200 57786.40 177.0699
84.6500 50.1400 57870.63 177.1508
84.6500 50.1600 57939.90 177.2317
84.6500 50.1800 58024.32 177.3126
84.6500 50.2000 58093.74 177.3935
84.6500 50.2200 58178.34 177.4745
84.6500 50.2400 58263.03 177.5554
84.6500 50.2600 58332.68 177.6364
84.6500 50.2800 58417.52 177.7174
84.6500 50.3000 58487.30 177.7985
84.6500 50.3200 58572.30 177.8795
84.6500 50.3400 58657.39 177.9606
84.6500 50.3600 58727.39 178.0417
84.6500 50.3800 58812.65 178.1228
84.6500 50.4000 58898.00 178.2040
84.6500 50.4200 58968.23 178.2851
84.6500 50.4400 59053.75 178.3663
84.6500 50.4600 59124.13 178.4475
84.6500 50.4800 59209.83 178.5288
84.6500 50.5000 59295.62 178.6100
84.6500 50.5200 59366.23 178.6913
84.6500 50.5400 59452.19 178.7726
84.6500 50.5600 59538.25 178.8539
84.6500 50.5800 59609.10 178.9352
84.6500 50.6000 59695.33 179.0166
84.6500 50.6200 59766.33 179.0979
84.6500 50.6400 59852.74 179.1793
84.6500 50.6600 59939.25 179.2608
84.6500 50.6800 60010.49 179.3422
84.6500 50.7000 60097.18 179.4237
84.6500 50.7200 60183.96 179.5052
84.6500 50.7400 60255.44 179.5867
84.6500 50.7600 60342.40 179.6682
84.6500 50.7800 60414.03 179.7497
84.6500 50.8000 60501.17 179.8313
84.6500 50.8200 60588.41 179.9129
84.6500 50.8400 60660.29 179.9945
84.6500 50.8600 60747.71 180.0762
84.6500 50.8800 60835.23 180.1578
84.6500 50.9000 60907.35 180.2395
84.6500 50.9200 60995.05 180.3212
84.6500 50.9400 61082.85 180.4029
84.6500 50.9600 61155.22 180.4847
84.6500 50.9800 61243.20 180.5664
84.6500 51.0000 61315.72 180.6482
84.6500 51.0200 61403.89 180.7300
84.6500 51.0400 61492.16 180.8119
84.6500 51.0600 61564.93 180.8937
84.6500 51.0800 61653.38 180.9756
84.6500 51.1000 61741.91 181.0575
84.6500 51.1200 61814.90 181.1394
84.6500 51.1400 61903.60 181.2214
84.6500 51.1600 61992.38 181.3033
84.6500 51.1800 62065.60 181.3853
84.6500 51.2000 62154.56 181.4673
84.6500 51.2200 62227.93 181.5494
84.6500 51.2400 62317.06 181.6314
84.6500 51.2600 62406.29 181.7135
84.6500 51.2800 62479.90 181.7956
84.6500 51.3000 62569.31 181.8777
84.6500 51.3200 62658.82 181.9598
84.6500 51.3400 62732.66 182.0420
84.6500 51.3600 62822.35 182.1242
84.6500 51.3800 62912.13 182.2064
84.6500 51.4000 62986.22 182.2886
84.6500 51.4200 63076.19 182.3709
84.6500 51.4400 63166.25 182.4532
84.6500 51.4600 63240.59 182.5355
84.6500 51.4800 63330.83 182.6178
84.6500 51.5000 63421.18 182.7001
84.6500 51.5200 63495.76 182.7825
84.6500 51.5400 63586.29 182.8649
84.6500 51.5600 63661.03 182.9473
84.6500 51.5800 63751.75 183.0297
84.6500 51.6000 63842.56 183.1122
84.6500 51.6200 63917.55 183.1946
84.6500 51.6400 64008.56 183.2771
84.6500 51.6600 64099.66 183.3597
84.6500 51.6800 64174.90 183.4422
84.6500 51.7000 64266.19 183.5248
84.6500 51.7200 64357.58 183.6074
84.6500 51.7400 64433.08 183.6900
84.6500 51.7600 64524.66 183.7726
84.6500 51.7800 64616.34 183.8553
84.6500 51.8000 64692.09 183.9380
84.6500 51.8200 64783.96 184.0207
84.6500 51.8400 64875.93 184.1034
84.6500 51.8600 64951.94 184.1861
84.6500 51.8800 65044.10 184.2689
84.6500 51.9000 65136.36 184.3517
84.6500 51.9200 65212.60 184.4345
84.6500 51.9400 65305.02 184.5174
84.6500 51.9600 65397.53 184.6002
84.6500 51.9800 65474.00 184.6831
84.6500 52.0000 65566.69 184.7660
84.6500 52.0200 65643.32 184.8489
84.6500 52.0400 65736.19 184.9319
84.6500 52.0600 65829.16 185.0149
84.6500 52.0800 65906.03 185.0979
84.6500 52.1000 65999.19 185.1809
84.6500 52.1200 66092.45 185.2639
84.6500 52.1400 66169.57 185.3470
84.6500 52.1600 66263.01 185.4301
84.6500 52.1800 66356.55 185.5132
84.6500 52.2000 66433.92 185.5963
84.6500 52.2200 66527.65 185.6795
84.6500 52.2400 66621.48 185.7627
84.6500 52.2600 66699.11 185.8459
84.6500 52.2800 66793.13 185.9291
84.6500 52.3000 66887.25 186.0124
84.6500 52.3200 66965.12 186.0957
84.6500 52.3400 67059.44 186.1790
84.6500 52.3600 67153.85 186.2623
84.6500 52.3800 67231.99 186.3456
84.6500 52.4000 67326.59 186.4290
84.6500 52.4200 67421.30 186.5124
84.6500 52.4400 67499.69 186.5958
84.6500 52.4600 67594.60 186.6792
84.6500 52.4800 67689.60 186.7627
84.6500 52.5000 67768.25 186.8462
84.6500 52.5200 67863.45 186.9297
84.6500 52.5400 67958.75 187.0132
84.6500 52.5600 68037.67 187.0968
84.6500 52.5800 68133.16 187.1804
84.6500 52.6000 68228.77 187.2640
84.6500 52.6200 68307.94 187.3476
84.6500 52.6400 68403.74 187.4312
84.6500 52.6600 68499.64 187.5149
84.6500 52.6800 68579.08 187.5986
84.6500 52.7000 68675.17 187.6823
84.6500 52.7200 68771.34 187.7661
84.6500 52.7400 68851.01 187.8498
84.6500 52.7600 68947.36 187.9336
84.6500 52.7800 69043.81 188.0174
84.6500 52.8000 69140.36 188.1013
84.6500 52.8200 69220.37 188.1851
84.6500 52.8400 69317.11 188.2690
84.6500 52.8600 69413.95 188.3529
84.6500 52.8800 69494.21 188.4369
84.6500 52.9000 69591.24 188.5208
84.6500 52.9200 69688.37 188.6048
84.6500 52.9400 69768.89 188.6888
84.6500 52.9600 69866.22 188.7728
84.6500 52.9800 69963.65 188.8569
84.6500 53.0000 70044.42 188.9410
84.6500 53.0200 70142.05 189.0251
84.6500 53.0400 70239.78 189.1092
84.6500 53.0600 70320.81 189.1933
84.6500 53.0800 70418.74 189.2775
84.6500 53.1000 70516.77 189.3617
84.6500 53.1200 70598.07 189.4459
84.6500 53.1400 70696.30 189.5302
84.6500 53.1600 70794.63 189.6144
84.6500 53.1800 70876.19 189.6987
84.6500 53.2000 70974.72 189.7830
84.6500 53.2200 71073.36 189.8674
84.6500 53.2400 71172.10 189.9517
84.6500 53.2600 71254.02 190.0361
84.6500 53.2800 71352.97 190.1205
84.6500 53.3000 71452.01 190.2050
84.6500 53.3200 71534.21 190.2894
84.6500 53.3400 71633.46 190.3739
84.6500 53.3600 71732.81 190.4584
84.6500 53.3800 71815.28 190.5430
84.6500 53.4000 71914.83 190.6275
84.6500 53.4200 72014.50 190.7121
84.6500 53.4400 72097.24 190.7967
84.6500 53.4600 72197.09 190.8813
84.6500 53.4800 72297.04 190.9660
84.6500 53.5000 72397.08 191.0507
84.6500 53.5200 72480.15 191.1354
84.6500 53.5400 72580.39 191.2201
84.6500 53.5600 72680.72 191.3048
84.6500 53.5800 72764.05 191.3896
84.6500 53.6000 72864.58 191.4744
84.6500 53.6200 72965.21 191.5593
84.6500 53.6400 73048.80 191.6441
84.6500 53.6600 73149.63 191.7290
84.6500 53.6800 73250.57 191.8139
84.6500 53.7000 73334.42 191.8988
84.6500 53.7200 73435.55 191.9837
84.6500 53.7400 73536.80 192.0687
84.6500 53.7600 73638.14 192.1537
84.6500 53.7800 73722.36 192.2387
84.6500 53.8000 73823.91 192.3238
84.6500 53.8200 73925.56 192.4089
84.6500 53.8400 74010.04 192.4939
84.6500 53.8600 74111.90 192.5791
84.6500 53.8800 74213.87 192.6642
84.6500 53.9000 74298.62 192.7494
84.6500 53.9200 74400.79 192.8346
84.6500 53.9400 74503.07 192.9198
84.6500 53.9600 74605.46 193.0050
84.6500 53.9800 74690.58 193.0903
84.6500 54.0000 74793.17 193.1756
84.6500 54.0200 74895.87 193.2609
84.6500 54.0400 74981.28 193.3463
84.6500 54.0600 75084.18 193.4316
84.6500 54.0800 75187.20 193.5170
84.6500 54.1000 75290.32 193.6025
84.6500 54.1200 75376.10 193.6879
84.6500 54.1400 75479.43 193.7734
84.6500 54.1600 75582.87 193.8589
84.6500 54.1800 75668.93 193.9444
84.6500 54.2000 75772.58 194.0299
84.6500 54.2200 75876.32 194.1155
84.6500 54.2400 75980.15 194.2011
84.6500 54.2600 76066.55 194.2867
84.6500 54.2800 76170.59 194.3724
84.6500 54.3000 76274.72 194.4580
84.6500 54.3200 76361.39 194.5437
84.6500 54.3400 76465.73 194.6294
84.6500 54.3600 76570.17 194.7152
84.6500 54.3800 76674.72 194.8010
84.6500 54.4000 76761.75 194.8868
84.6500 54.4200 76866.51 194.9726
84.6500 54.4400 76971.37 195.0584
84.6500 54.4600 77058.68 195.1443
84.6500 54.4800 77163.75 195.2302
84.6500 54.5000 77268.92 195.3161
84.6500 54.5200 77374.21 195.4021
84.6500 54.5400 77461.89 195.4880
84.6500 54.5600 77567.39 195.5740
84.6500 54.5800 77672.99 195.6601
84.6500 54.6000 77760.95 195.7461
84.6500 54.6200 77866.76 195.8322
84.6500 54.6400 77972.69 195.9183
84.6500 54.6600 78078.72 196.0044
84.6500 54.6800 78167.06 196.0906
84.6500 54.7000 78273.31 196.1767
84.6500 54.7200 78379.66 196.2630
84.6500 54.7400 78468.28 196.3492
84.6500 54.7600 78574.85 196.4354
84.6500 54.7800 78681.53 196.5217
84.6500 54.8000 78788.32 196.6080
84.6500 54.8200 78877.33 196.6944
84.6500 54.8400 78984.34 196.7807
84.6500 54.8600 79091.46 196.8671
84.6500 54.8800 79198.68 196.9535
84.6500 54.9000 79288.08 197.0400
84.6500 54.9200 79395.53 197.1264
84.6500 54.9400 79503.07 197.2129
84.6500 54.9600 79592.73 197.2994
84.6500 54.9800 79700.48 197.3860
84.6500 55.0000 79808.33 197.4725
84.6500 55.0200 79916.29 197.5591
84.6500 55.0400 80006.33 197.6457
84.6500 55.0600 80114.50 197.7324
84.6500 55.0800 80222.79 197.8191
84.6500 55.1000 80331.18 197.9057
84.6500 55.1200 80421.60 197.9925
84.6500 55.1400 80530.20 198.0792
84.6500 55.1600 80638.92 198.1660
84.6500 55.1800 80747.75 198.2528
84.6500 55.2000 80838.56 198.3396
84.6500 55.2200 80947.60 198.4265
84.6500 55.2400 81056.76 198.5134
84.6500 55.2600 81166.03 198.6003
84.6500 55.2800 81257.23 198.6872
84.6500 55.3000 81366.71 198.7741
84.6500 55.3200 81476.31 198.8611
84.6500 55.3400 81567.80 198.9481
84.6500 55.3600 81677.62 199.0352
84.6500 55.3800 81787.55 199.1222
84.6500 55.4000 81897.60 199.2093
84.6500 55.4200 81989.48 199.2965
84.6500 55.4400 82099.74 199.3836
84.6500 55.4600 82210.12 199.4708
84.6500 55.4800 82320.62 199.5580
84.6500 55.5000 82412.90 199.6452
84.6500 55.5200 82523.62 199.7324
84.6500 55.5400 82634.45 199.8197
84.6500 55.5600 82745.40 199.9070
84.6500 55.5800 82838.08 199.9944
84.6500 55.6000 82949.25 200.0817
84.6500 55.6200 83060.54 200.1691
84.6500 55.6400 83171.92 200.2565
84.6500 55.6600 83264.98 200.3439
84.6500 55.6800 83376.57 200.4314
84.6500 55.7000 83488.26 200.5189
84.6500 55.7200 83600.07 200.6064
84.6500 55.7400 83693.50 200.6940
84.6500 55.7600 83805.52 200.7815
84.6500 55.7800 83917.65 200.8691
84.6500 55.8000 84029.89 200.9568
84.6500 55.8200 84123.72 201.0444
84.6500 55.8400 84236.18 201.1321
84.6500 55.8600 84348.75 201.2198
84.6500 55.8800 84461.44 201.3075
84.6500 55.9000 84555.66 201.3953
84.6500 55.9200 84668.57 201.4831
84.6500 55.9400 84781.59 201.5709
84.6500 55.9600 84894.73 201.6587
84.6500 55.9800 84989.35 201.7466
84.6500 56.0000 85102.71 201.8345
84.6500 56.0200 85216.18 201.9224
84.6500 56.0400 85329.77 202.0103
84.6500 56.0600 85424.79 202.0983
84.6500 56.0800 85538.61 202.1863
84.6500 56.1000 85652.54 202.2744
84.6500 56.1200 85766.59 202.3624
84.6500 56.1400 85880.75 202.4505
84.6500 56.1600 85976.29 202.5386
84.6500 56.1800 86090.68 202.6267
84.6500 56.2000 86205.19 202.7149
84.6500 56.2200 86319.81 202.8031
84.6500 56.2400 86415.76 202.8913
84.6500 56.2600 86530.61 202.9796
84.6500 56.2800 86645.58 203.0679
84.6500 56.3000 86760.67 203.1562
84.6500 56.3200 86857.02 203.2445
84.6500 56.3400 86972.32 203.3329
84.6500 56.3600 87087.72 203.4212
84.6500 56.3800 87203.24 203.5097
84.6500 56.4000 87299.95 203.5981
84.6500 56.4200 87415.69 203.6866
84.6500 56.4400 87531.54 203.7751
84.6500 56.4600 87647.50 203.8636
84.6500 56.4800 87763.57 203.9521
84.6500 56.5000 87860.80 204.0407
84.6500 56.5200 87977.10 204.1293
84.6500 56.5400 88093.51 204.2180
84.6500 56.5600 88210.05 204.3066
84.6500 56.5800 88307.67 204.3953
84.6500 56.6000 88424.43 204.4840
84.6500 56.6200 88541.31 204.5728
84.6500 56.6400 88658.30 204.6615
84.6500 56.6600 88775.41 204.7503
84.6500 56.6800 88873.56 204.8392
84.6500 56.7000 88990.90 204.9280
84.6500 56.7200 89108.36 205.0169
84.6500 56.7400 89225.94 205.1058
84.6500 56.7600 89324.49 205.1948
84.6500 56.7800 89442.30 205.2837
84.6500 56.8000 89560.23 205.3727
84.6500 56.8200 89678.27 205.4618
84.6500 56.8400 89796.44 205.5508
84.6500 56.8600 89895.52 205.6399
84.6500 56.8800 90013.92 205.7290
84.6500 56.9000 90132.44 205.8181
84.6500 56.9200 90251.08 205.9073
84.6500 56.9400 90350.58 205.9965
84.6500 56.9600 90469.46 206.0857
84.6500 56.9800 90588.45 206.1750
84.6500 57.0000 90707.55 206.2643
84.6500 57.0200 90826.76 206.3536
84.6500 57.0400 90926.76 206.4429
84.6500 57.0600 91046.19 206.5323
84.6500 57.0800 91165.74 206.6217
84.6500 57.1000 91285.40 206.7111
84.6500 57.1200 91405.18 206.8005
84.6500 57.1400 91505.69 206.8900
84.6500 57.1600 91625.70 206.9795
84.6500 57.1800 91745.83 207.0690
84.6500 57.2000 91866.07 207.1586
84.6500 57.2200 91967.00 207.2482
84.6500 57.2400 92087.47 207.3378
84.6500 57.2600 92208.07 207.4275
84.6500 57.2800 92328.79 207.5171
84.6500 57.3000 92449.63 207.6068
84.6500 57.3200 92551.08 207.6966
84.6500 57.3400 92672.15 207.7863
84.6500 57.3600 92793.34 207.8761
84.6500 57.3800 92914.66 207.9659
84.6500 57.4000 93036.09 208.0558
84.6500 57.4200 93138.08 208.1457
84.6500 57.4400 93259.75 208.2356
84.6500 57.4600 93381.54 208.3255
84.6500 57.4800 93503.46 208.4155
84.6500 57.5000 93625.50 208.5055
84.6500 57.5200 93728.02 208.5955
84.6500 57.5400 93850.30 208.6855
84.6500 57.5600 93972.70 208.7756
84.6500 57.5800 94095.22 208.8657
84.6500 57.6000 94217.87 208.9559
84.6500 57.6200 94320.94 209.0460
84.6500 57.6400 94443.82 209.1362
84.6500 57.6600 94566.81 209.2265
84.6500 57.6800 94689.92 209.3167
84.6500 57.7000 94813.14 209.4070
84.6500 57.7200 94916.71 209.4973
84.6500 57.7400 95040.17 209.5876
84.6500 57.7600 95163.74 209.6780
84.6500 57.7800 95287.43 209.7684
84.6500 57.8000 95411.25 209.8588
84.6500 57.8200 95515.35 209.9493
84.6500 57.8400 95639.40 210.0398
84.6500 57.8600 95763.57 210.1303
84.6500 57.8800 95887.87 210.2208
84.6500 57.9000 96012.29 210.3114
84.6500 57.9200 96136.83 210.4020
84.6500 57.9400 96241.58 210.4926
84.6500 57.9600 96366.36 210.5833
84.6500 57.9800 96491.27 210.6740
84.6500 58.0000 96616.30 210.7647
84.6500 58.0200 96741.45 210.8555
84.6500 58.0400 96846.75 210.9462
84.6500 58.0600 96972.14 211.0371
84.6500 58.0800 97097.66 211.1279
84.6500 58.1000 97223.30 211.2188
84.6500 58.1200 97349.07 211.3097
84.6500 58.1400 97474.97 211.4006
84.6500 58.1600 97580.93 211.4916
84.6500 58.1800 97707.07 211.5825
84.6500 58.2000 97833.33 211.6736
84.6500 58.2200 97959.72 211.7646
84.6500 58.2400 98086.24 211.8557
84.6500 58.2600 98192.76 211.9468
84.6500 58.2800 98319.52 212.0379
84.6500 58.3000 98446.39 212.1291
84.6500 58.3200 98573.38 212.2203
84.6500 58.3400 98700.49 212.3115
84.6500 58.3600 98827.72 212.4028
84.6500 58.3800 98934.87 212.4941
84.6500 58.4000 99062.34 212.5854
84.6500 58.4200 99189.93 212.6767
84.6500 58.4400 99317.65 212.7681
84.6500 58.4600 99445.49 212.8595
84.6500 58.4800 99573.46 212.9509
84.6500 58.5000 99681.27 213.0424
84.6500 58.5200 99809.48 213.1339
84.6500 58.5400 99937.82 213.2254
84.6500 58.5600 100066.28 213.3170
84.6500 58.5800 100194.87 213.4086
84.6500 58.6000 100323.59 213.5002
84.6500 58.6200 100432.07 213.5918
84.6500 58.6400 100561.03 213.6835
84.6500 58.6600 100690.12 213.7752
84.6500 58.6800 100819.34 213.8669
84.6500 58.7000 100948.69 213.9587
84.6500 58.7200 101078.16 214.0505
84.6500 58.7400 101187.32 214.1423
84.6500 58.7600 101317.04 214.2342
84.6500 58.7800 101446.89 214.3261
84.6500 58.8000 101576.87 214.4180
84.6500 58.8200 101706.98 214.5099
84.6500 58.8400 101837.22 214.6019
84.6500 58.8600 101947.06 214.6939
84.6500 58.8800 102077.55 214.7860
84.6500 58.9000 102208.16 214.8781
84.6500 58.9200 102338.90 214.9702
84.6500 58.9400 102469.75 215.0623
84.6500 58.9600 102600.72 215.1544
84.6500 58.9800 102711.22 215.2466
84.6500 59.0000 102842.44 215.3389
84.6500 59.0200 102973.79 215.4311
84.6500 59.0400 103105.26 215.5234
84.6500 59.0600 103236.86 215.6157
84.6500 59.0800 103368.59 215.7081
84.6500 59.1000 103500.45 215.8005
84.6500 59.1200 103611.73 215.8929
84.6500 59.1400 103743.84 215.9853
84.6500 59.1600 103876.07 216.0778
84.6500 59.1800 104008.44 216.1703
84.6500 59.2000 104140.93 216.2628
84.6500 59.2200 104273.56 216.3554
84.6500 59.2400 104385.53 216.4480
84.6500 59.2600 104518.40 216.5406
84.6500 59.2800 104651.41 216.6333
84.6500 59.3000 104784.55 216.7259
84.6500 59.3200 104917.81 216.8187
84.6500 59.3400 105051.21 216.9114
84.6500 59.3600 105184.74 217.0042
84.6500 59.3800 105297.53 217.0970
84.6500 59.4000 105431.32 217.1899
84.6500 59.4200 105565.23 217.2827
84.6500 59.4400 105699.28 217.3756
84.6500 59.4600 105833.46 217.4686
84.6500 59.4800 105967.78 217.5615
84.6500 59.5000 106102.23 217.6545
84.6500 59.5200 106215.82 217.7476
84.6500 59.5400 106350.51 217.8406
84.6500 59.5600 106485.32 217.9337
84.6500 59.5800 106620.25 218.0269
84.6500 59.6000 106755.32 218.1200
84.6500 59.6200 106890.52 218.2132
84.6500 59.6400 107025.84 218.3064
84.6500 59.6600 107140.24 218.3997
84.6500 59.6800 107275.82 218.4930
84.6500 59.7000 107411.53 218.5863
84.6500 59.7200 107547.37 218.6796
84.6500 59.7400 107683.34 218.7730
84.6500 59.7600 107819.45 218.8664
84.6500 59.7800 107955.69 218.9599
84.6500 59.8000 108092.06 219.0533
84.6500 59.8200 108207.40 219.1468
84.6500 59.8400 108344.02 219.2404
84.6500 59.8600 108480.79 219.3339
84.6500 59.8800 108617.68 219.4275
84.6500 59.9000 108754.71 219.5212
84.6500 59.9200 108891.87 219.6148
84.6500 59.9400 109029.17 219.7085
84.6500 59.9600 109166.61 219.8023
84.6500 59.9800 109282.90 219.8960
84.6500 60.0000 109420.59 219.9898
84.6500 60.0200 109558.42 220.0836
84.6500 60.0400 109696.38 220.1775
84.6500 60.0600 109834.48 220.2714
84.6500 60.0800 109972.72 220.3653
84.6500 60.1000 110111.08 220.4593
84.6500 60.1200 110249.58 220.5533
84.6500 60.1400 110366.81 220.6473
84.6500 60.1600 110505.55 220.7413
84.6500 60.1800 110644.43 220.8354
84.6500 60.2000 110783.43 220.9295
84.6500 60.2200 110922.57 221.0237
84.6500 60.2400 111061.85 221.1178
84.6500 60.2600 111201.25 221.2121
84.6500 60.2800 111340.80 221.3063
84.6500 60.3000 111480.47 221.4006
84.6500 60.3200 111598.78 221.4949
84.6500 60.3400 111738.72 221.5892
84.6500 60.3600 111878.79 221.6836
84.6500 60.3800 112019.00 221.7780
84.6500 60.4000 112159.34 221.8724
84.6500 60.4200 112299.82 221.9669
84.6500 60.4400 112440.44 222.0614
84.6500 60.4600 112581.20 222.1560
84.6500 60.4800 112722.09 222.2505
84.6500 60.5000 112841.49 222.3451
84.6500 60.5200 112982.65 222.4398
84.6500 60.5400 113123.94 222.5344
84.6500 60.5600 113265.37 222.6291
84.6500 60.5800 113406.94 222.7239
84.6500 60.6000 113548.65 222.8186
84.6500 60.6200 113690.49 222.9134
84.6500 60.6400 113832.48 223.0083
84.6500 60.6600 113974.60 223.1031
84.6500 60.6800 114095.11 223.1980
84.6500 60.7000 114237.49 223.2930
84.6500 60.7200 114380.00 223.3879
84.6500 60.7400 114522.64 223.4829
84.6500 60.7600 114665.42 223.5779
84.6500 60.7800 114808.34 223.6730
84.6500 60.8000 114951.39 223.7681
84.6500 60.8200 115094.58 223.8632
84.6500 60.8400 115237.90 223.9584
84.6500 60.8600 115381.37 224.0536
84.6500 60.8800 115503.08 224.1488
84.6500 60.9000 115646.81 224.2441
84.6500 60.9200 115790.68 224.3394
84.6500 60.9400 115934.69 224.4347
84.6500 60.9600 116078.83 224.5301
84.6500 60.9800 116223.12 224.6255
84.6500 61.0000 116367.55 224.7209
84.6500 61.0200 116512.11 224.8164
84.6500 61.0400 116656.82 224.9118
84.6500 61.0600 116801.66 225.0074
84.6500 61.0800 116946.65 225.1029
84.6500 61.1000 117069.74 225.1985
84.6500 61.1200 117215.00 225.2942
84.6500 61.1400 117360.39 225.3898
84.6500 61.1600 117505.93 225.4855
84.6500 61.1800 117651.61 225.5813
84.6500 61.2000 117797.43 225.6770
84.6500 61.2200 117943.40 225.7728
84.6500 61.2400 118089.50 225.8687
84.6500 61.2600 118235.74 225.9645
84.6500 61.2800 118382.12 226.0604
84.6500 61.3000 118528.63 226.1564
84.6500 61.3200 118675.27 226.2523
84.6500 61.3400 118799.87 226.3483
84.6500 61.3600 118946.78 226.4444
84.6500 61.3800 119093.84 226.5404
84.6500 61.4000 119241.04 226.6365
84.6500 61.4200 119388.38 226.7327
84.6500 61.4400 119535.85 226.8288
84.6500 61.4600 119683.48 226.9250
84.6500 61.4800 119831.24 227.0213
84.6500 61.5000 119979.14 227.1176
84.6500 61.5200 120127.19 227.2139
84.6500 61.5400 120275.38 227.3102
84.6500 61.5600 120423.71 227.4066
84.6500 61.5800 120572.19 227.5030
84.6500 61.6000 120698.43 227.5994
84.6500 61.6200 120847.18 227.6959
84.6500 61.6400 120996.08 227.7924
84.6500 61.6600 121145.12 227.8890
84.6500 61.6800 121294.30 227.9856
84.6500 61.7000 121443.63 228.0822
84.6500 61.7200 121593.10 228.1788
84.6500 61.7400 121742.71 228.2755
84.6500 61.7600 121892.47 228.3722
84.6500 61.7800 122042.38 228.4690
84.6500 61.8000 122192.43 228.5658
84.6500 61.8200 122342.62 228.6626
84.6500 61.8400 122492.94 228.7595
84.6500 61.8600 122643.40 228.8563
84.6500 61.8800 122794.01 228.9533
84.6500 61.9000 122944.76 229.0502
84.6500 61.9200 123073.07 229.1472
84.6500 61.9400 123224.09 229.2443
84.6500 61.9600 123375.26 229.3413
84.6500 61.9800 123526.57 229.4384
84.6500 62.0000 123678.03 229.5356
84.6500 62.0200 123829.64 229.6327
84.6500 62.0400 123981.38 229.7299
84.6500 62.0600 124133.28 229.8272
84.6500 62.0800 124285.32 229.9245
84.6500 62.1000 124437.50 230.0218
84.6500 62.1200 124589.83 230.1191
84.6500 62.1400 124742.31 230.2165
84.6500 62.1600 124894.93 230.3139
84.6500 62.1800 125047.71 230.4114
84.6500 62.2000 125200.62 230.5089
84.6500 62.2200 125353.69 230.6064
84.6500 62.2400 125506.90 230.7039
84.6500 62.2600 125660.26 230.8015
84.6500 62.2800 125790.93 230.8992
84.6500 62.3000 125944.58 230.9968
84.6500 62.3200 126098.37 231.0945
84.6500 62.3400 126252.31 231.1923
84.6500 62.3600 126406.39 231.2900
84.6500 62.3800 126560.61 231.3878
84.6500 62.4000 126714.98 231.4857
84.6500 62.4200 126869.49 231.5835
84.6500 62.4400 127024.15 231.6815
84.6500 62.4600 127178.95 231.7794
84.6500 62.4800 127333.90 231.8774
84.6500 62.5000 127489.00 231.9754
84.6500 62.5200 127644.24 232.0735
84.6500 62.5400 127799.64 232.1716
84.6500 62.5600 127955.18 232.2697
84.6500 62.5800 128110.87 232.3678
84.6500 62.6000 128266.71 232.4660
84.6500 62.6200 128422.70 232.5643
84.6500 62.6400 128578.83 232.6625
84.6500 62.6600 128735.12 232.7608
84.6500 62.6800 128891.56 232.8592
84.6500 62.7000 129048.14 232.9576
84.6500 62.7200 129204.88 233.0560
84.6500 62.7400 129361.76 233.1544
84.6500 62.7600 129518.80 233.2529
84.6500 62.7800 129675.99 233.3514
84.6500 62.8000 129810.14 233.4500
84.6500 62.8200 129967.61 233.5486
84.6500 62.8400 130125.24 233.6472
84.6500 62.8600 130283.02 233.7459
84.6500 62.8800 130440.95 233.8446
84.6500 62.9000 130599.02 233.9433
84.6500 62.9200 130757.24 234.0421
84.6500 62.9400 130915.61 234.1409
84.6500 62.9600 131074.12 234.2397
84.6500 62.9800 131232.79 234.3386
84.6500 63.0000 131391.60 234.4375
84.6500 63.0200 131550.57 234.5365
84.6500 63.0400 131709.68 234.6355
84.6500 63.0600 131868.95 234.7345
84.6500 63.0800 132028.37 234.8336
84.6500 63.1000 132187.94 234.9327
84.6500 63.1200 132347.66 235.0318
84.6500 63.1400 132507.54 235.1310
84.6500 63.1600 132667.57 235.2302
84.6500 63.1800 132827.75 235.3295
84.6500 63.2000 132988.08 235.4288
84.6500 63.2200 133148.56 235.5281
84.6500 63.2400 133309.20 235.6274
84.6500 63.2600 133469.99 235.7268
84.6500 63.2800 133630.94 235.8263
84.6500 63.3000 133792.04 235.9257
84.6500 63.3200 133953.29 236.0253
84.6500 63.3400 134114.70 236.1248
84.6500 63.3600 134276.26 236.2244
84.6500 63.3800 134437.98 236.3240
84.6500 63.4000 134599.85 236.4237
84.6500 63.4200 134761.87 236.5234
84.6500 63.4400 134924.03 236.6231
84.6500 63.4600 135086.35 236.7228
84.6500 63.4800 135248.82 236.8227
84.6500 63.5000 135411.45 236.9225
84.6500 63.5200 135574.23 237.0224
84.6500 63.5400 135737.16 237.1223
84.6500 63.5600 135900.24 237.2222
84.6500 63.5800 136063.48 237.3222
84.6500 63.6000 136226.88 237.4223
84.6500 63.6200 136390.43 237.5223
84.6500 63.6400 136554.13 237.6224
84.6500 63.6600 136717.99 237.7226
84.6500 63.6800 136882.01 237.8228
84.6500 63.7000 137046.18 237.9230
84.6500 63.7200 137210.51 238.0232
84.6500 63.7400 137374.99 238.1235
84.6500 63.7600 137539.63 238.2238
84.6500 63.7800 137704.43 238.3242
84.6500 63.8000 137869.38 238.4246
84.6500 63.8200 138034.50 238.5251
84.6500 63.8400 138199.77 238.6255
84.6500 63.8600 138365.19 238.7261
84.6500 63.8800 138530.78 238.8266
84.6500 63.9000 138696.52 238.9272
84.6500 63.9200 138862.41 239.0278
84.6500 63.9400 139028.45 239.1285
84.6500 63.9600 139194.65 239.2292
84.6500 63.9800 139361.00 239.3300
84.6500 64.0000 139527.50 239.4307
84.6500 64.0200 139694.16 239.5316
84.6500 64.0400 139860.98 239.6324
84.6500 64.0600 140027.95 239.7333
84.6500 64.0800 140195.08 239.8343
84.6500 64.1000 140362.37 239.9352
84.6500 64.1200 140529.81 240.0363
84.6500 64.1400 140697.41 240.1373
84.6500 64.1600 140865.17 240.2384
84.6500 64.1800 141033.09 240.3395
84.6500 64.2000 141201.16 240.4407
84.6500 64.2200 141369.40 240.5419
84.6500 64.2400 141537.79 240.6431
84.6500 64.2600 141706.35 240.7444
84.6500 64.2800 141875.06 240.8457
84.6500 64.3000 142043.93 240.9471
84.6500 64.3200 142212.96 241.0485
84.6500 64.3400 142382.15 241.1499
84.6500 64.3600 142575.76 241.2514
84.6500 64.3800 142745.29 241.3529
84.6500 64.4000 142914.97 241.4545
84.6500 64.4200 143084.82 241.5561
84.6500 64.4400 143254.82 241.6577
84.6500 64.4600 143424.98 241.7594
84.6500 64.4800 143595.30 241.8611
84.6500 64.5000 143765.77 241.9628
84.6500 64.5200 143936.41 242.0646
84.6500 64.5400 144107.21 242.1664
84.6500 64.5600 144278.17 242.2683
84.6500 64.5800 144449.29 242.3702
84.6500 64.6000 144620.57 242.4721
84.6500 64.6200 144792.01 242.5741
84.6500 64.6400 144963.61 242.6761
84.6500 64.6600 145135.38 242.7782
84.6500 64.6800 145307.31 242.8803
84.6500 64.7000 145479.40 242.9824
84.6500 64.7200 145651.65 243.0846
84.6500 64.7400 145824.06 243.1868
84.6500 64.7600 145996.64 243.2891
84.6500 64.7800 146169.38 243.3914
84.6500 64.8000 146342.29 243.4937
84.6500 64.8200 146515.35 243.5961
84.6500 64.8400 146688.58 243.6985
84.6500 64.8600 146886.57 243.8010
84.6500 64.8800 147060.15 243.9035
84.6500 64.9000 147233.89 244.0060
84.6500 64.9200 147407.78 244.1086
84.6500 64.9400 147581.84 244.2112
84.6500 64.9600 147756.06 244.3138
84.6500 64.9800 147930.45 244.4165
84.6500 65.0000 148104.99 244.5193
84.6500 65.0200 148279.70 244.6220
84.6500 65.0400 148454.58 244.7249
84.6500 65.0600 148629.62 244.8277
84.6500 65.0800 148804.82 244.9306
84.6500 65.1000 148980.19 245.0335
84.6500 65.1200 149155.72 245.1365
84.6500 65.1400 149331.42 245.2395
84.6500 65.1600 149507.29 245.3426
84.6500 65.1800 149683.32 245.4457
84.6500 65.2000 149859.51 245.5488
84.6500 65.2200 150060.72 245.6520
84.6500 65.2400 150237.26 245.7552
84.6500 65.2600 150413.97 245.8584
84.6500 65.2800 150590.85 245.9617
84.6500 65.3000 150767.90 246.0651
84.6500 65.3200 150945.11 246.1685
84.6500 65.3400 151122.49 246.2719
84.6500 65.3600 151300.04 246.3753
84.6500 65.3800 151477.75 246.4788
84.6500 65.4000 151655.63 246.5824
84.6500 65.4200 151833.67 246.6859
84.6500 65.4400 152011.88 246.7896
84.6500 65.4600 152190.25 246.8932
84.6500 65.4800 152368.79 246.9969
84.6500 65.5000 152572.53 247.1007
84.6500 65.5200 152751.42 247.2044
84.6500 65.5400 152930.49 247.3083
84.6500 65.5600 153109.71 247.4121
84.6500 65.5800 153289.11 247.5160
84.6500 65.6000 153468.68 247.6200
84.6500 65.6200 153648.41 247.7240
84.6500 65.6400 153828.32 247.8280
84.6500 65.6600 154008.39 247.9321
84.6500 65.6800 154188.63 248.0362
84.6500 65.7000 154369.05 248.1403
84.6500 65.7200 154549.63 248.2445
84.6500 65.7400 154730.38 248.3488
84.6500 65.7600 154936.51 248.4530
84.6500 65.7800 155117.62 248.5574
84.6500 65.8000 155298.91 248.6617
84.6500 65.8200 155480.36 248.7661
84.6500 65.8400 155661.98 248.8706
84.6500 65.8600 155843.77 248.9751
84.6500 65.8800 156025.73 249.0796
84.6500 65.9000 156207.85 249.1841
84.6500 65.9200 156390.14 249.2888
84.6500 65.9400 156572.60 249.3934
84.6500 65.9600 156755.23 249.4981
84.6500 65.9800 156963.39 249.6028
84.6500 66.0000 157146.37 249.7076
84.6500 66.0200 157329.53 249.8124
84.6500 66.0400 157512.86 249.9173
84.6500 66.0600 157696.36 250.0222
84.6500 66.0800 157880.04 250.1271
84.6500 66.1000 158063.88 250.2321
84.6500 66.1200 158247.90 250.3371
84.6500 66.1400 158432.09 250.4422
84.6500 66.1600 158616.45 250.5473
84.6500 66.1800 158826.47 250.6525
84.6500 66.2000 159011.20 250.7577
84.6500 66.2200 159196.10 250.8629
84.6500 66.2400 159381.17 250.9682
84.6500 66.2600 159566.41 251.0735
84.6500 66.2800 159751.83 251.1789
84.6500 66.3000 159937.43 251.2843
84.6500 66.3200 160123.19 251.3897
84.6500 66.3400 160309.13 251.4952
84.6500 66.3600 160520.85 251.6007
84.6500 66.3800 160707.15 251.7063
84.6500 66.4000 160893.62 251.8119
84.6500 66.4200 161080.27 251.9176
84.6500 66.4400 161267.09 252.0233
84.6500 66.4600 161454.09 252.1291
84.6500 66.4800 161641.26 252.2348
84.6500 66.5000 161828.61 252.3407
84.6500 66.5200 162016.13 252.4465
84.6500 66.5400 162229.56 252.5525
84.6500 66.5600 162417.45 252.6584
84.6500 66.5800 162605.52 252.7644
84.6500 66.6000 162793.76 252.8705
84.6500 66.6200 162982.18 252.9766
84.6500 66.6400 163170.78 253.0827
84.6500 66.6600 163359.55 253.1889
84.6500 66.6800 163548.50 253.2951
84.6500 66.7000 163763.47 253.4014
84.6500 66.7200 163952.80 253.5077
84.6500 66.7400 164142.30 253.6140
84.6500 66.7600 164331.98 253.7204
84.6500 66.7800 164521.83 253.8268
84.6500 66.8000 164711.86 253.9333
84.6500 66.8200 164902.07 254.0398
84.6500 66.8400 165092.45 254.1464
84.6500 66.8600 165308.97 254.2530
84.6500 66.8800 165499.72 254.3597
84.6500 66.9000 165690.66 254.4664
84.6500 66.9200 165881.77 254.5731
84.6500 66.9400 166073.07 254.6799
84.6500 66.9600 166264.54 254.7867
84.6500 66.9800 166456.19 254.8936
84.6500 67.0000 166674.06 255.0005
84.6500 67.0200 166866.09 255.1075
84.6500 67.0400 167058.30 255.2145
84.6500 67.0600 167250.69 255.3215
84.6500 67.0800 167443.26 255.4286
84.6500 67.1000 167636.01 255.5358
84.6500 67.1200 167828.94 255.6429
84.6500 67.1400 168048.18 255.7502
84.6500 67.1600 168241.49 255.8574
84.6500 67.1800 168434.99 255.9647
84.6500 67.2000 168628.66 256.0721
84.6500 67.2200 168822.51 256.1795
84.6500 67.2400 169016.55 256.2870
84.6500 67.2600 169210.76 256.3944
84.6500 67.2800 169431.38 256.5020
84.6500 67.3000 169625.98 256.6096
84.6500 67.3200 169820.75 256.7172
84.6500 67.3400 170015.71 256.8249
84.6500 67.3600 170210.85 256.9326
84.6500 67.3800 170406.17 257.0403
84.6500 67.4000 170601.67 257.1481
84.6500 67.4200 170823.69 257.2560
84.6500 67.4400 171019.57 257.3639
84.6500 67.4600 171215.65 257.4718
84.6500 67.4800 171411.90 257.5798
84.6500 67.5000 171608.34 257.6878
84.6500 67.5200 171804.96 257.7959
84.6500 67.5400 172028.18 257.9040
84.6500 67.5600 172225.19 258.0122
84.6500 67.5800 172422.38 258.1204
84.6500 67.6000 172619.76 258.2286
84.6500 67.6200 172817.33 258.3369
84.6500 67.6400 173015.08 258.4453
84.6500 67.6600 173239.50 258.5536
84.6500 67.6800 173437.64 258.6621
84.6500 67.7000 173635.96 258.7706
84.6500 67.7200 173834.46 258.8791
84.6500 67.7400 174033.15 258.9877
84.6500 67.7600 174232.02 259.0963
84.6500 67.7800 174457.65 259.2049
84.6500 67.8000 174656.92 259.3136
84.6500 67.8200 174856.37 259.4224
84.6500 67.8400 175056.00 259.5312
84.6500 67.8600 175255.83 259.6400
84.6500 67.8800 175455.84 259.7489
84.6500 67.9000 175682.69 259.8579
84.6500 67.9200 175883.09 259.9668
84.6500 67.9400 176083.68 260.0759
84.6500 67.9600 176284.46 260.1849
84.6500 67.9800 176485.43 260.2941
84.6500 68.0000 176713.30 260.4032
84.6500 68.0200 176914.67 260.5124
84.6500 68.0400 177116.22 260.6217
84.6500 68.0600 177317.96 260.7310
84.6500 68.0800 177519.89 260.8404
84.6500 68.1000 177722.01 260.9497
84.6500 68.1200 177951.11 261.0592
84.6500 68.1400 178153.62 261.1687
84.6500 68.1600 178356.32 261.2782
84.6500 68.1800 178559.21 261.3878
84.6500 68.2000 178762.28 261.4974
84.6500 68.2200 178992.42 261.6071
84.6500 68.2400 179195.90 261.7168
84.6500 68.2600 179399.56 261.8266
84.6500 68.2800 179603.42 261.9364
84.6500 68.3000 179807.46 262.0463
84.6500 68.3200 180038.63 262.1562
84.6500 68.3400 180243.08 262.2661
84.6500 68.3600 180447.72 262.3762
84.6500 68.3800 180652.56 262.4862
84.6500 68.4000 180857.58 262.5963
84.6500 68.4200 181089.79 262.7064
84.6500 68.4400 181295.22 262.8166
84.6500 68.4600 181500.84 262.9269
84.6500 68.4800 181706.65 263.0372
84.6500 68.5000 181912.66 263.1475
84.6500 68.5200 182145.92 263.2579
84.6500 68.5400 182352.32 263.3683
84.6500 68.5600 182558.92 263.4788
84.6500 68.5800 182765.71 263.5893
84.6500 68.6000 182972.69 263.6999
84.6500 68.6200 183207.00 263.8105
84.6500 68.6400 183414.39 263.9212
84.6500 68.6600 183621.97 264.0319
84.6500 68.6800 183829.74 264.1426
84.6500 68.7000 184064.90 264.2534
84.6500 68.7200 184273.08 264.3643
84.6500 68.7400 184481.46 264.4752
84.6500 68.7600 184690.03 264.5862
84.6500 68.7800 184898.80 264.6972
84.6500 68.8000 185135.02 264.8082
84.6500 68.8200 185344.20 264.9193
84.6500 68.8400 185553.57 265.0305
84.6500 68.8600 185763.14 265.1416
84.6500 68.8800 186000.21 265.2529
84.6500 68.9000 186210.20 265.3642
84.6500 68.9200 186420.38 265.4755
84.6500 68.9400 186630.75 265.5869
84.6500 68.9600 186841.32 265.6983
84.6500 68.9800 187079.45 265.8098
84.6500 69.0000 187290.44 265.9213
84.6500 69.0200 187501.61 266.0329
84.6500 69.0400 187712.98 266.1446
84.6500 69.0600 187951.98 266.2562
84.6500 69.0800 188163.77 266.3680
84.6500 69.1000 188375.76 266.4797
84.6500 69.1200 188587.94 266.5916
84.6500 69.1400 188827.80 266.7034
84.6500 69.1600 189040.40 266.8154
84.6500 69.1800 189253.20 266.9273
84.6500 69.2000 189466.20 267.0393
84.6500 69.2200 189706.93 267.1514
84.6500 69.2400 189920.35 267.2635
84.6500 69.2600 190133.97 267.3757
84.6500 69.2800 190347.78 267.4879
84.6500 69.3000 190589.38 267.6002
84.6500 69.3200 190803.62 267.7125
84.6500 69.3400 191018.06 267.8249
84.6500 69.3600 191232.69 267.9373
84.6500 69.3800 191447.52 268.0497
84.6500 69.4000 191690.21 268.1623
84.6500 69.4200 191905.47 268.2748
84.6500 69.4400 192120.93 268.3874
84.6500 69.4600 192364.27 268.5001
84.6500 69.4800 192580.15 268.6128
84.6500 69.5000 192796.23 268.7256
84.6500 69.5200 193012.51 268.8384
84.6500 69.5400 193256.73 268.9512
84.6500 69.5600 193473.44 269.0641
84.6500 69.5800 193690.36 269.1771
84.6500 69.6000 193907.47 269.2901
84.6500 69.6200 194152.58 269.4032
84.6500 69.6400 194370.12 269.5163
84.6500 69.6600 194587.86 269.6295
84.6500 69.6800 194805.81 269.7427
84.6500 69.7000 195051.81 269.8559
84.6500 69.7200 195270.19 269.9692
84.6500 69.7400 195488.76 270.0826
84.6500 69.7600 195707.54 270.1960
84.6500 69.7800 195954.43 270.3095
84.6500 69.8000 196173.64 270.4230
84.6500 69.8200 196393.05 270.5366
84.6500 69.8400 196640.60 270.6502
84.6500 69.8600 196860.45 270.7639
84.6500 69.8800 197080.50 270.8776
84.6500 69.9000 197300.75 270.9913
84.6500 69.9200 197549.20 271.1052
84.6500 69.9400 197769.89 271.2190
84.6500 69.9600 197990.78 271.3330
84.6500 69.9800 198211.88 271.4469
84.6500 70.0000 198461.24 271.5609
84.6500 70.0200 198682.77 271.6750
84.6500 70.0400 198904.51 271.7891
84.6500 70.0600 199154.54 271.9033
84.6500 70.0800 199376.73 272.0176
84.6500 70.1000 199599.11 272.1318
84.6500 70.1200 199821.70 272.2462
84.6500 70.1400 200072.64 272.3606
84.6500 70.1600 200295.67 272.4750
84.6500 70.1800 200518.90 272.5895
84.6500 70.2000 200770.52 272.7040
84.6500 70.2200 200994.19 272.8186
84.6500 70.2400 201218.07 272.9332
84.6500 70.2600 201442.16 273.0479
84.6500 70.2800 201694.69 273.1627
84.6500 70.3000 201919.22 273.2775
84.6500 70.3200 202143.96 273.3923
84.6500 70.3400 202397.18 273.5072
84.6500 70.3600 202622.36 273.6222
84.6500 70.3800 202847.76 273.7372
84.6500 70.4000 203101.66 273.8522
84.6500 70.4200 203327.50 273.9674
84.6500 70.4400 203553.55 274.0825
84.6500 70.4600 203779.80 274.1977
84.6500 70.4800 204034.64 274.3130
84.6500 70.5000 204261.34 274.4283
84.6500 70.5200 204488.25 274.5437
84.6500 70.5400 204743.77 274.6591
84.6500 70.5600 204971.13 274.7746
84.6500 70.5800 205198.70 274.8901
84.6500 70.6000 205454.92 275.0057
84.6500 70.6200 205682.93 275.1214
84.6500 70.6400 205911.16 275.2371
84.6500 70.6600 206168.07 275.3528
84.6500 70.6800 206396.75 275.4686
84.6500 70.7000 206625.64 275.5844
84.6500 70.7200 206883.25 275.7003
84.6500 70.7400 207112.60 275.8163
84.6500 70.7600 207342.15 275.9323
84.6500 70.7800 207571.92 276.0484
84.6500 70.8000 207830.48 276.1645
84.6500 70.8200 208060.70 276.2807
84.6500 70.8400 208291.13 276.3969
84.6500 70.8600 208550.40 276.5132
84.6500 70.8800 208781.29 276.6295
84.6500 70.9000 209012.39 276.7459
84.6500 70.9200 209272.36 276.8623
84.6500 70.9400 209503.92 276.9788
84.6500 70.9600 209735.69 277.0953
84.6500 70.9800 209996.36 277.2119
84.6500 71.0000 210228.59 277.3286
84.6500 71.0200 210461.03 277.4453
84.6500 71.0400 210722.42 277.5621
84.6500 71.0600 210955.32 277.6789
84.6500 71.0800 211188.44 277.7957
84.6500 71.1000 211450.54 277.9127
84.6500 71.1200 211684.12 278.0296
84.6500 71.1400 211917.91 278.1467
84.6500 71.1600 212180.73 278.2638
84.6500 71.1800 212414.99 278.3809
84.6500 71.2000 212649.46 278.4981
84.6500 71.2200 212913.00 278.6154
84.6500 71.2400 213147.94 278.7327
84.6500 71.2600 213411.95 278.8500
84.6500 71.2800 213647.35 278.9674
84.6500 71.3000 213882.97 279.0849
84.6500 71.3200 214147.70 279.2024
84.6500 71.3400 214383.78 279.3200
84.6500 71.3600 214620.08 279.4376
84.6500 71.3800 214885.53 279.5553
84.6500 71.4000 215122.30 279.6731
84.6500 71.4200 215359.28 279.7909
84.6500 71.4400 215625.46 279.9087
84.6500 71.4600 215862.92 280.0266
84.6500 71.4800 216100.59 280.1446
84.6500 71.5000 216367.50 280.2626
84.6500 71.5200 216605.64 280.3807
84.6500 71.5400 216844.00 280.4988
84.6500 71.5600 217111.65 280.6170
84.6500 71.5800 217350.49 280.7353
84.6500 71.6000 217618.62 280.8536
84.6500 71.6200 217857.93 280.9719
84.6500 71.6400 218097.45 281.0903
84.6500 71.6600 218366.32 281.2088
84.6500 71.6800 218606.32 281.3273
84.6500 71.7000 218846.53 281.4459
84.6500 71.7200 219116.14 281.5646
84.6500 71.7400 219356.83 281.6832
84.6500 71.7600 219626.92 281.8020
84.6500 71.7800 219868.09 281.9208
84.6500 71.8000 220109.48 282.0397
84.6500 71.8200 220380.31 282.1586
84.6500 71.8400 220622.18 282.2776
84.6500 71.8600 220864.27 282.3966
84.6500 71.8800 221135.86 282.5157
84.6500 71.9000 221378.42 282.6348
84.6500 71.9200 221650.50 282.7540
84.6500 71.9400 221893.55 282.8733
84.6500 71.9600 222136.82 282.9926
84.6500 71.9800 222409.65 283.1120
84.6500 72.0000 222653.41 283.2314
84.6500 72.0200 222926.72 283.3509
84.6500 72.0400 223170.96 283.4704
84.6500 72.0600 223415.42 283.5900
84.6500 72.0800 223689.49 283.7097
84.6500 72.1000 223934.43 283.8294
84.6500 72.1200 224179.60 283.9492
84.6500 72.1400 224454.43 284.0690
84.6500 72.1600 224700.08 284.1889
84.6500 72.1800 224975.41 284.3088
84.6500 72.2000 225221.55 284.4289
84.6500 72.2200 225467.91 284.5489
84.6500 72.2400 225744.00 284.6690
84.6500 72.2600 225990.85 284.7892
84.6500 72.2800 226267.45 284.9094
84.6500 72.3000 226514.79 285.0297
84.6500 72.3200 226791.89 285.1501
84.6500 72.3400 227039.72 285.2705
84.6500 72.3600 227287.78 285.3910
84.6500 72.3800 227565.64 285.5115
84.6500 72.4000 227814.19 285.6321
84.6500 72.4200 228092.55 285.7527
84.6500 72.4400 228341.59 285.8734
84.6500 72.4600 228590.86 285.9942
84.6500 72.4800 228870.00 286.1150
84.6500 72.5000 229119.76 286.2359
84.6500 72.5200 229399.41 286.3568
84.6500 72.5400 229649.66 286.4778
84.6500 72.5600 229900.14 286.5989
84.6500 72.5800 230180.57 286.7200
84.6500 72.6000 230431.55 286.8411
84.6500 72.6200 230712.49 286.9624
84.6500 72.6400 230963.96 287.0837
84.6500 72.6600 231245.42 287.2050
84.6500 72.6800 231497.39 287.3264
84.6500 72.7000 231749.60 287.4479
84.6500 72.7200 232031.83 287.5694
84.6500 72.7400 232284.53 287.6910
84.6500 72.7600 232567.29 287.8127
84.6500 72.7800 232820.49 287.9344
84.6500 72.8000 233103.75 288.0561
84.6500 72.8200 233357.46 288.1780
84.6500 72.8400 233611.39 288.2998
84.6500 72.8600 233895.45 288.4218
84.6500 72.8800 234149.88 288.5438
84.6500 72.9000 234434.46 288.6659
84.6500 72.9200 234689.40 288.7880
84.6500 72.9400 234974.50 288.9102
84.6500 72.9600 235229.95 289.0324
84.6500 72.9800 235515.57 289.1547
84.6500 73.0000 235771.53 289.2771
84.6500 73.0200 236027.71 289.3995
84.6500 73.0400 236314.14 289.5220
84.6500 73.0600 236570.83 289.6445
84.6500 73.0800 236857.78 289.7672
84.6500 73.1000 237114.97 289.8898
84.6500 73.1200 237402.45 290.0126
84.6500 73.1400 237660.16 290.1354
84.6500 73.1600 237948.16 290.2582
84.6500 73.1800 238206.38 290.3811
84.6500 73.2000 238494.91 290.5041
84.6500 73.2200 238753.64 290.6271
84.6500 73.2400 239042.70 290.7502
84.6500 73.2600 239301.94 290.8734
84.6500 73.2800 239561.42 290.9966
84.6500 73.3000 239851.30 291.1199
84.6500 73.3200 240111.29 291.2432
84.6500 73.3400 240401.70 291.3666
84.6500 73.3600 240662.21 291.4901
84.6500 73.3800 240953.15 291.6136
84.6500 73.4000 241214.18 291.7372
84.6500 73.4200 241505.66 291.8609
84.6500 73.4400 241767.19 291.9846
84.6500 73.4600 242059.22 292.1084
84.6500 73.4800 242321.27 292.2322
84.6500 73.5000 242613.83 292.3561
84.6500 73.5200 242876.40 292.4801
84.6500 73.5400 243169.50 292.6041
84.6500 73.5600 243432.59 292.7282
84.6500 73.5800 243726.24 292.8523
84.6500 73.6000 243989.85 292.9765
84.6500 73.6200 244284.04 293.1008
84.6500 73.6400 244548.17 293.2252
84.6500 73.6600 244812.55 293.3496
84.6500 73.6800 245107.57 293.4740
84.6500 73.7000 245372.46 293.5985
84.6500 73.7200 245668.03 293.7231
84.6500 73.7400 245933.45 293.8478
84.6500 73.7600 246229.56 293.9725
84.6500 73.7800 246495.51 294.0973
84.6500 73.8000 246792.17 294.2221
84.6500 73.8200 247058.64 294.3470
84.6500 73.8400 247355.85 294.4720
84.6500 73.8600 247622.85 294.5970
84.6500 73.8800 247920.62 294.7221
84.6500 73.9000 248188.15 294.8473
84.6500 73.9200 248486.47 294.9725
84.6500 73.9400 248754.52 295.0978
84.6500 73.9600 249053.40 295.2232
84.6500 73.9800 249321.99 295.3486
84.6500 74.0000 249621.42 295.4741
84.6500 74.0200 249890.54 295.5996
84.6500 74.0400 250190.53 295.7252
84.6500 74.0600 250490.79 295.8509
84.6500 74.0800 250760.73 295.9766
84.6500 74.1000 251061.55 296.1024
84.6500 74.1200 251332.02 296.2283
84.6500 74.1400 251633.40 296.3542
84.6500 74.1600 251904.41 296.4802
84.6500 74.1800 252206.35 296.6063
84.6500 74.2000 252477.90 296.7324
84.6500 74.2200 252780.40 296.8586
84.6500 74.2400 253052.48 296.9848
84.6500 74.2600 253355.55 297.1112
84.6500 74.2800 253628.18 297.2375
84.6500 74.3000 253931.81 297.3640
84.6500 74.3200 254204.97 297.4905
84.6500 74.3400 254509.18 297.6171
84.6500 74.3600 254782.88 297.7437
84.6500 74.3800 255087.66 297.8704
84.6500 74.4000 255361.90 297.9972
84.6500 74.4200 255667.24 298.1241
84.6500 74.4400 255972.86 298.2510
84.6500 74.4600 256247.94 298.3779
84.6500 74.4800 256554.13 298.5050
84.6500 74.5000 256829.76 298.6321
84.6500 74.5200 257136.52 298.7593
84.6500 74.5400 257412.69 298.8865
84.6500 74.5600 257720.03 299.0138
84.6500 74.5800 257996.75 299.1412
84.6500 74.6000 258304.67 299.2686
84.6500 74.6200 258581.93 299.3961
84.6500 74.6400 258890.43 299.5237
84.6500 74.6600 259199.20 299.6513
84.6500 74.6800 259477.32 299.7790
84.6500 74.7000 259786.68 299.9068
84.6500 74.7200 260065.34 300.0346
84.6500 74.7400 260375.27 300.1625
84.6500 74.7600 260654.49 300.2905
84.6500 74.7800 260965.01 300.4186
84.6500 74.8000 261244.77 300.5467
84.6500 74.8200 261555.88 300.6748
84.6500 74.8400 261867.26 300.8031
84.6500 74.8600 262147.88 300.9314
84.6500 74.8800 262459.86 301.0598
84.6500 74.9000 262741.03 301.1882
84.6500 74.9200 263053.60 301.3167
84.6500 74.9400 263335.33 301.4453
84.6500 74.9600 263648.48 301.5739
84.6500 74.9800 263961.92 301.7027
84.6500 75.0000 264244.52 301.8314
84.6500 75.0200 264558.55 301.9603
84.6500 75.0400 264841.70 302.0892
84.6500 75.0600 265156.32 302.2182
84.6500 75.0800 265440.03 302.3472
84.6500 75.1000 265755.25 302.4764
84.6500 75.1200 266070.76 302.6056
84.6500 75.1400 266355.34 302.7348
84.6500 75.1600 266671.44 302.8642
84.6500 75.1800 266956.58 302.9936
84.6500 75.2000 267273.28 303.1230
84.6500 75.2200 267590.28 303.2526
84.6500 75.2400 267876.29 303.3822
84.6500 75.2600 268193.89 303.5118
84.6500 75.2800 268480.46 303.6416
84.6500 75.3000 268798.66 303.7714
84.6500 75.3200 269117.15 303.9013
84.6500 75.3400 269404.61 304.0312
84.6500 75.3600 269723.70 304.1613
84.6500 75.3800 270011.72 304.2914
84.6500 75.4000 270331.42 304.4215
84.6500 75.4200 270651.41 304.5517
84.6500 75.4400 270940.32 304.6820
84.6500 75.4600 271260.92 304.8124
84.6500 75.4800 271550.39 304.9429
84.6500 75.5000 271871.60 305.0734
84.6500 75.5200 272193.11 305.2039
84.6500 75.5400 272483.47 305.3346
84.6500 75.5600 272805.59 305.4653
84.6500 75.5800 273096.52 305.5961
84.6500 75.6000 273419.26 305.7270
84.6500 75.6200 273742.29 305.8579
84.6500 75.6400 274034.11 305.9889
84.6500 75.6600 274357.76 306.1200
84.6500 75.6800 274681.71 306.2511
84.6500 75.7000 274974.42 306.3824
84.6500 75.7200 275298.99 306.5137
84.6500 75.7400 275592.28 306.6450
84.6500 75.7600 275917.46 306.7764
84.6500 75.7800 276242.95 306.9079
84.6500 75.8000 276537.14 307.0395
84.6500 75.8200 276863.25 307.1712
84.6500 75.8400 277189.66 307.3029
84.6500 75.8600 277484.75 307.4347
84.6500 75.8800 277811.78 307.5665
84.6500 75.9000 278107.45 307.6985
84.6500 75.9200 278435.12 307.8305
84.6500 75.9400 278763.09 307.9626
84.6500 75.9600 279059.66 308.0947
84.6500 75.9800 279388.26 308.2269
84.6500 76.0000 279717.16 308.3592
84.6500 76.0200 280014.64 308.4916
84.6500 76.0400 280344.17 308.6240
84.6500 76.0600 280674.01 308.7565
84.6500 76.0800 280972.40 308.8891
84.6500 76.1000 281302.87 309.0218
84.6500 76.1200 281633.65 309.1545
84.6500 76.1400 281932.96 309.2873
84.6500 76.1600 282264.38 309.4202
84.6500 76.1800 282596.10 309.5531
84.6500 76.2000 282896.32 309.6862
84.6500 76.2200 283228.69 309.8193
84.6500 76.2400 283561.37 309.9524
84.6500 76.2600 283862.50 310.0857
84.6500 76.2800 284195.82 310.2190
84.6500 76.3000 284529.45 310.3524
84.6500 76.3200 284831.50 310.4858
84.6500 76.3400 285165.78 310.6194
84.6500 76.3600 285500.36 310.7530
84.6500 76.3800 285803.34 310.8867
84.6500 76.4000 286138.57 311.0205
84.6500 76.4200 286474.12 311.1543
84.6500 76.4400 286778.02 311.2882
84.6500 76.4600 287114.22 311.4222
84.6500 76.4800 287450.73 311.5562
84.6500 76.5000 287755.56 311.6904
84.6500 76.5200 288092.73 311.8246
84.6500 76.5400 288430.20 311.9589
84.6500 76.5600 288735.97 312.0932
84.6500 76.5800 289074.10 312.2277
84.6500 76.6000 289412.55 312.3622
84.6500 76.6200 289719.25 312.4967
84.6500 76.6400 290058.35 312.6314
84.6500 76.6600 290397.78 312.7662
84.6500 76.6800 290737.52 312.9010
84.6500 76.7000 291045.50 313.0358
84.6500 76.7200 291385.90 313.1708
84.6500 76.7400 291726.63 313.3058
84.6500 76.7600 292035.54 313.4410
84.6500 76.7800 292376.93 313.5762
84.6500 76.8000 292718.64 313.7114
84.6500 76.8200 293028.49 313.8468
84.6500 76.8400 293370.87 313.9822
84.6500 76.8600 293713.56 314.1177
84.6500 76.8800 294056.59 314.2532
84.6500 76.9000 294367.73 314.3889
84.6500 76.9200 294711.42 314.5246
84.6500 76.9400 295055.43 314.6604
84.6500 76.9600 295367.53 314.7963
84.6500 76.9800 295712.21 314.9323
84.6500 77.0000 296057.22 315.0683
84.6500 77.0200 296402.57 315.2044
84.6500 77.0400 296715.95 315.3406
84.6500 77.0600 297061.97 315.4769
84.6500 77.0800 297408.31 315.6132
84.6500 77.1000 297722.65 315.7496
84.6500 77.1200 298069.67 315.8861
84.6500 77.1400 298417.02 316.0227
84.6500 77.1600 298764.70 316.1594
84.6500 77.1800 299080.35 316.2961
84.6500 77.2000 299428.71 316.4329
84.6500 77.2200 299777.40 316.5698
84.6500 77.2400 300126.43 316.7068
84.6500 77.2600 300443.38 316.8438
84.6500 77.2800 300793.09 316.9809
84.6500 77.3000 301143.13 317.1181
84.6500 77.3200 301493.51 317.2554
84.6500 77.3400 301811.78 317.3928
84.6500 77.3600 302162.84 317.5302
84.6500 77.3800 302514.24 317.6677
84.6500 77.4000 302865.98 317.8053
84.6500 77.4200 303185.57 317.9430
84.6500 77.4400 303537.99 318.0808
84.6500 77.4600 303890.76 318.2186
84.6500 77.4800 304243.86 318.3565
84.6500 77.5000 304564.77 318.4945
84.6500 77.5200 304918.57 318.6326
84.6500 77.5400 305272.70 318.7707
84.6500 77.5600 305627.18 318.9090
84.6500 77.5800 305949.42 319.0473
84.6500 77.6000 306304.59 319.1857
84.6500 77.6200 306660.11 319.3242
84.6500 77.6400 307015.97 319.4627
84.6500 77.6600 307372.31 319.6014
84.6500 77.6800 307696.60 319.7401
84.6500 77.7000 308053.70 319.8789
84.6500 77.7200 308411.10 320.0178
84.6500 77.7400 308768.82 320.1567
84.6500 77.7600 309094.19 320.2958
84.6500 77.7800 309452.58 320.4349
84.6500 77.8000 309811.31 320.5741
84.6500 77.8200 310170.38 320.7134
84.6500 77.8400 310529.79 320.8528
84.6500 77.8600 310856.83 320.9922
84.6500 77.8800 311216.94 321.1318
84.6500 77.9000 311577.39 321.2714
84.6500 77.9200 311938.19 321.4111
84.6500 77.9400 312299.34 321.5508
84.6500 77.9600 312628.07 321.6907
84.6500 77.9800 312989.93 321.8307
84.6500 78.0000 313352.13 321.9707
84.6500 78.0200 313714.69 322.1108
84.6500 78.0400 314077.60 322.2510
84.6500 78.0600 314408.03 322.3913
84.6500 78.0800 314771.65 322.5316
84.6500 78.1000 315135.63 322.6720
84.6500 78.1200 315499.95 322.8126
84.6500 78.1400 315864.63 322.9532
84.6500 78.1600 316196.79 323.0939
84.6500 78.1800 316562.19 323.2346
84.6500 78.2000 316927.94 323.3755
84.6500 78.2200 317294.05 323.5164
84.6500 78.2400 317660.52 323.6574
84.6500 78.2600 317994.41 323.7985
84.6500 78.2800 318361.59 323.9397
84.6500 78.3000 318729.14 324.0810
84.6500 78.3200 319097.05 324.2224
84.6500 78.3400 319465.31 324.3638
84.6500 78.3600 319833.94 324.5053
84.6500 78.3800 320169.94 324.6469
84.6500 78.4000 320539.29 324.7886
84.6500 78.4200 320909.01 324.9304
84.6500 78.4400 321279.09 325.0723
84.6500 78.4600 321649.53 325.2142
84.6500 78.4800 322020.34 325.3563
84.6500 78.5000 322358.45 325.4984
84.6500 78.5200 322729.99 325.6406
84.6500 78.5400 323101.90 325.7829
84.6500 78.5600 323474.17 325.9253
84.6500 78.5800 323846.80 326.0677
84.6500 78.6000 324219.81 326.2103
84.6500 78.6200 324593.18 326.3529
84.6500 78.6400 324933.80 326.4956
84.6500 78.6600 325307.91 326.6384
84.6500 78.6800 325682.39 326.7813
84.6500 78.7000 326057.24 326.9243
84.6500 78.7200 326432.46 327.0674
84.6500 78.7400 326808.05 327.2105
84.6500 78.7600 327184.01 327.3537
84.6500 78.7800 327527.15 327.4971
84.6500 78.8000 327903.85 327.6405
84.6500 78.8200 328280.93 327.7840
84.6500 78.8400 328658.39 327.9276
84.6500 78.8600 329036.21 328.0712
84.6500 78.8800 329414.41 328.2150
84.6500 78.9000 329792.99 328.3588
84.6500 78.9200 330171.94 328.5028
84.6500 78.9400 330518.00 328.6468
84.6500 78.9600 330897.70 328.7909
84.6500 78.9800 331277.79 328.9351
84.6500 79.0000 331658.24 329.0794
84.6500 79.0200 332039.08 329.2238
84.6500 79.0400 332420.30 329.3682
84.6500 79.0600 332801.89 329.5128
84.6500 79.0800 333183.87 329.6574
84.6500 79.1000 333566.22 329.8021
84.6500 79.1200 333915.60 329.9470
84.6500 79.1400 334298.72 330.0919
84.6500 79.1600 334682.21 330.2369
84.6500 79.1800 335066.09 330.3819
84.6500 79.2000 335450.36 330.5271
84.6500 79.2200 335835.00 330.6724
84.6500 79.2400 336220.03 330.8177
84.6500 79.2600 336605.45 330.9632
84.6500 79.2800 336991.25 331.1087
84.6500 79.3000 337377.43 331.2543
84.6500 79.3200 337764.01 331.4000
84.6500 79.3400 338117.51 331.5458
84.6500 79.3600 338504.85 331.6917
84.6500 79.3800 338892.58 331.8377
84.6500 79.4000 339280.70 331.9838
84.6500 79.4200 339669.21 332.1300
84.6500 79.4400 340058.11 332.2762
84.6500 79.4600 340447.39 332.4226
84.6500 79.4800 340837.07 332.5690
84.6500 79.5000 341227.14 332.7155
84.6500 79.5200 341617.60 332.8622
84.6500 79.5400 342008.45 333.0089
84.6500 79.5600 342399.70 333.1557
84.6500 79.5800 342791.34 333.3026
84.6500 79.6000 343149.78 333.4495
84.6500 79.6200 343542.21 333.5966
84.6500 79.6400 343935.02 333.7438
84.6500 79.6600 344328.23 333.8911
84.6500 79.6800 344721.84 334.0384
84.6500 79.7000 345115.85 334.1859
84.6500 79.7200 345510.25 334.3334
84.6500 79.7400 345905.05 334.4810
84.6500 79.7600 346300.24 334.6288
84.6500 79.7800 346695.84 334.7766
84.6500 79.8000 347091.83 334.9245
84.6500 79.8200 347488.23 335.0725
84.6500 79.8400 347885.02 335.2206
84.6500 79.8600 348282.22 335.3688
84.6500 79.8800 348679.81 335.5171
84.6500 79.9000 349077.81 335.6655
84.6500 79.9200 349476.21 335.8139
84.6500 79.9400 349875.02 335.9625
