# ****************************************************************************
# CUI
#
# The Advanced Framework for Simulation, Integration, and Modeling (AFSIM)
#
# The use, dissemination or disclosure of data in this file is subject to
# limitation or restriction. See accompanying README and LICENSE for details.
# ****************************************************************************
#Ground target launch data for RED_SRBM_2
#Generated on Thu Jan 14 13:08:11 2010
#loft_angle burn_time ground_range time_of_flight
89.0500 50.9300 35379.11 160.7508
89.0500 50.9500 35423.11 160.8212
89.0500 50.9700 35467.15 160.8915
89.0500 50.9900 35522.55 160.9619
89.0500 51.0100 35566.69 161.0323
89.0500 51.0300 35622.20 161.1027
89.0500 51.0500 35666.44 161.1732
89.0500 51.0700 35710.72 161.2436
89.0500 51.0900 35766.40 161.3140
89.0500 51.1100 35810.78 161.3845
89.0500 51.1300 35866.58 161.4550
89.0500 51.1500 35911.06 161.5254
89.0500 51.1700 35955.58 161.5959
89.0500 51.1900 36011.55 161.6664
89.0500 51.2100 36056.17 161.7370
89.0500 51.2300 36112.26 161.8075
89.0500 51.2500 36156.98 161.8780
89.0500 51.2700 36201.74 161.9486
89.0500 51.2900 36258.00 162.0192
89.0500 51.3100 36302.87 162.0897
89.0500 51.3300 36359.24 162.1603
89.0500 51.3500 36356.62 162.2804
89.0500 51.3700 36413.05 162.3510
89.0500 51.3900 36458.06 162.4217
89.0500 51.4100 36503.12 162.4924
89.0500 51.4300 36559.73 162.5632
89.0500 51.4500 36604.89 162.6339
89.0500 51.4700 36661.62 162.7046
89.0500 51.4900 36706.88 162.7754
89.0500 51.5100 36752.19 162.8462
89.0500 51.5300 36809.09 162.9170
89.0500 51.5500 36854.50 162.9878
89.0500 51.5700 36911.52 163.0586
89.0500 51.5900 36957.04 163.1294
89.0500 51.6100 37014.18 163.2002
89.0500 51.6300 37059.79 163.2711
89.0500 51.6500 37105.45 163.3419
89.0500 51.6700 37162.78 163.4128
89.0500 51.6900 37208.54 163.4837
89.0500 51.7100 37265.98 163.5546
89.0500 51.7300 37311.85 163.6255
89.0500 51.7500 37357.76 163.6964
89.0500 51.7700 37415.39 163.7674
89.0500 51.7900 37461.40 163.8383
89.0500 51.8100 37519.14 163.9093
89.0500 51.8300 37565.25 163.9803
89.0500 51.8500 37623.09 164.0513
89.0500 51.8700 37669.29 164.1223
89.0500 51.8900 37715.53 164.1933
89.0500 51.9100 37773.54 164.2643
89.0500 51.9300 37819.88 164.3354
89.0500 51.9500 37878.01 164.4064
89.0500 51.9700 37924.44 164.4775
89.0500 51.9900 37970.92 164.5486
89.0500 52.0100 38029.22 164.6197
89.0500 52.0300 38075.80 164.6908
89.0500 52.0500 38134.22 164.7619
89.0500 52.0700 38180.90 164.8330
89.0500 52.0900 38239.43 164.9042
89.0500 52.1100 38286.21 164.9753
89.0500 52.1300 38333.04 165.0465
89.0500 52.1500 38391.75 165.1177
89.0500 52.1700 38438.68 165.1889
89.0500 52.1900 38497.51 165.2601
89.0500 52.2100 38544.54 165.3313
89.0500 52.2300 38603.50 165.4026
89.0500 52.2500 38650.63 165.4738
89.0500 52.2700 38697.81 165.5451
89.0500 52.2900 38756.94 165.6163
89.0500 52.3100 38804.22 165.6876
89.0500 52.3300 38863.48 165.7589
89.0500 52.3500 38961.40 165.7776
89.0500 52.3700 39008.89 165.8488
89.0500 52.3900 39068.39 165.9201
89.0500 52.4100 39115.98 165.9914
89.0500 52.4300 39175.61 166.0627
89.0500 52.4500 39223.30 166.1340
89.0500 52.4700 39283.05 166.2053
89.0500 52.4900 39330.85 166.2767
89.0500 52.5100 39378.69 166.3480
89.0500 52.5300 39438.63 166.4194
89.0500 52.5500 39486.58 166.4908
89.0500 52.5700 39546.64 166.5622
89.0500 52.5900 39594.69 166.6336
89.0500 52.6100 39654.88 166.7050
89.0500 52.6300 39703.04 166.7764
89.0500 52.6500 39751.24 166.8479
89.0500 52.6700 39811.62 166.9193
89.0500 52.6900 39859.93 166.9908
89.0500 52.7100 39920.43 167.0623
89.0500 52.7300 39968.85 167.1338
89.0500 52.7500 40029.47 167.2053
89.0500 52.7700 40078.00 167.2768
89.0500 52.7900 40126.57 167.3484
89.0500 52.8100 40187.38 167.4199
89.0500 52.8300 40236.07 167.4915
89.0500 52.8500 40297.00 167.5631
89.0500 52.8700 40345.80 167.6347
89.0500 52.8900 40406.86 167.7063
89.0500 52.9100 40455.76 167.7779
89.0500 52.9300 40504.69 167.8496
89.0500 52.9500 40565.92 167.9212
89.0500 52.9700 40614.95 167.9929
89.0500 52.9900 40676.29 168.0645
89.0500 53.0100 40725.42 168.1362
89.0500 53.0300 40786.89 168.2079
89.0500 53.0500 40836.12 168.2797
89.0500 53.0700 40897.71 168.3514
89.0500 53.0900 40947.04 168.4231
89.0500 53.1100 40996.42 168.4949
89.0500 53.1300 41058.19 168.5667
89.0500 53.1500 41107.68 168.6384
89.0500 53.1700 41169.57 168.7102
89.0500 53.1900 41219.16 168.7820
89.0500 53.2100 41281.18 168.8539
89.0500 53.2300 41330.88 168.9257
89.0500 53.2500 41380.62 168.9976
89.0500 53.2700 41442.82 169.0694
89.0500 53.2900 41492.67 169.1413
89.0500 53.3100 41555.00 169.2132
89.0500 53.3300 41604.96 169.2851
89.0500 53.3500 41667.41 169.3570
89.0500 53.3700 41717.48 169.4290
89.0500 53.3900 41780.06 169.5009
89.0500 53.4100 41830.23 169.5729
89.0500 53.4300 41880.45 169.6448
89.0500 53.4500 41943.22 169.7168
89.0500 53.4700 41993.55 169.7888
89.0500 53.4900 42056.45 169.8608
89.0500 53.5100 42106.89 169.9329
89.0500 53.5300 42169.91 170.0049
89.0500 53.5500 42220.46 170.0770
89.0500 53.5700 42271.05 170.1490
89.0500 53.5900 42334.27 170.2211
89.0500 53.6100 42384.98 170.2932
89.0500 53.6300 42448.32 170.3653
89.0500 53.6500 42499.14 170.4375
89.0500 53.6700 42562.61 170.5096
89.0500 53.6900 42613.54 170.5818
89.0500 53.7100 42677.15 170.6539
89.0500 53.7300 42728.18 170.7261
89.0500 53.7500 42779.27 170.7983
89.0500 53.7700 42843.07 170.8705
89.0500 53.7900 42894.27 170.9427
89.0500 53.8100 42958.20 171.0150
89.0500 53.8300 43009.50 171.0872
89.0500 53.8500 43073.57 171.1595
89.0500 53.8700 43124.99 171.2318
89.0500 53.8900 43189.18 171.3041
89.0500 53.9100 43240.72 171.3764
89.0500 53.9300 43292.30 171.4487
89.0500 53.9500 43356.69 171.5210
89.0500 53.9700 43408.37 171.5934
89.0500 53.9900 43472.87 171.6658
89.0500 54.0100 43524.65 171.7381
89.0500 54.0300 43589.28 171.8105
89.0500 54.0500 43641.16 171.8829
89.0500 54.0700 43705.91 171.9554
89.0500 54.0900 43757.90 172.0278
89.0500 54.1100 43822.77 172.1002
89.0500 54.1300 43874.88 172.1727
89.0500 54.1500 43927.02 172.2452
89.0500 54.1700 43992.09 172.3177
89.0500 54.1900 44044.34 172.3902
89.0500 54.2100 44109.53 172.4627
89.0500 54.2300 44161.90 172.5352
89.0500 54.2500 44227.22 172.6078
89.0500 54.2700 44223.16 172.7398
89.0500 54.2900 44288.53 172.8124
89.0500 54.3100 44341.06 172.8851
89.0500 54.3300 44406.57 172.9577
89.0500 54.3500 44459.21 173.0304
89.0500 54.3700 44524.85 173.1031
89.0500 54.3900 44577.60 173.1759
89.0500 54.4100 44630.41 173.2486
89.0500 54.4300 44696.24 173.3213
89.0500 54.4500 44749.15 173.3941
89.0500 54.4700 44815.12 173.4669
89.0500 54.4900 44868.15 173.5397
89.0500 54.5100 44934.24 173.6125
89.0500 54.5300 44987.39 173.6853
89.0500 54.5500 45053.62 173.7581
89.0500 54.5700 45106.87 173.8310
89.0500 54.5900 45173.24 173.9038
89.0500 54.6100 45226.61 173.9767
89.0500 54.6300 45280.03 174.0496
89.0500 54.6500 45346.59 174.1225
89.0500 54.6700 45400.12 174.1954
89.0500 54.6900 45466.82 174.2684
89.0500 54.7100 45520.47 174.3413
89.0500 54.7300 45587.30 174.4143
89.0500 54.7500 45641.07 174.4873
89.0500 54.7700 45708.03 174.5603
89.0500 54.7900 45761.91 174.6333
89.0500 54.8100 45829.02 174.7063
89.0500 54.8300 45883.01 174.7794
89.0500 54.8500 45950.25 174.8524
89.0500 54.8700 46004.37 174.9255
89.0500 54.8900 46058.53 174.9986
89.0500 54.9100 46125.97 175.0717
89.0500 54.9300 46180.25 175.1448
89.0500 54.9500 46247.83 175.2179
89.0500 54.9700 46302.21 175.2910
89.0500 54.9900 46369.90 175.3642
89.0500 55.0100 46424.39 175.4374
89.0500 55.0300 46492.21 175.5105
89.0500 55.0500 46546.80 175.5837
89.0500 55.0700 46614.75 175.6570
89.0500 55.0900 46669.46 175.7302
89.0500 55.1100 46737.54 175.8034
89.0500 55.1300 46792.35 175.8767
89.0500 55.1500 46847.22 175.9500
89.0500 55.1700 46915.50 176.0233
89.0500 55.1900 46970.48 176.0966
89.0500 55.2100 47038.89 176.1699
89.0500 55.2300 47093.98 176.2432
89.0500 55.2500 47162.53 176.3166
89.0500 55.2700 47217.74 176.3899
89.0500 55.2900 47286.42 176.4633
89.0500 55.3100 47341.74 176.5367
89.0500 55.3300 47410.56 176.6101
89.0500 55.3500 47466.00 176.6835
89.0500 55.3700 47534.95 176.7570
89.0500 55.3900 47590.50 176.8304
89.0500 55.4100 47659.59 176.9039
89.0500 55.4300 47715.26 176.9774
89.0500 55.4500 47784.49 177.0508
89.0500 55.4700 47840.28 177.1244
89.0500 55.4900 47896.12 177.1979
89.0500 55.5100 47965.55 177.2714
89.0500 55.5300 48021.50 177.3450
89.0500 55.5500 48091.07 177.4186
89.0500 55.5700 48147.14 177.4921
89.0500 55.5900 48216.85 177.5657
89.0500 55.6100 48273.04 177.6394
89.0500 55.6300 48342.89 177.7130
89.0500 55.6500 48399.20 177.7866
89.0500 55.6700 48469.19 177.8603
89.0500 55.6900 48525.62 177.9340
89.0500 55.7100 48595.74 178.0077
89.0500 55.7300 48652.29 178.0814
89.0500 55.7500 48722.56 178.1551
89.0500 55.7700 48779.23 178.2288
89.0500 55.7900 48849.63 178.3026
89.0500 55.8100 48906.42 178.3764
89.0500 55.8300 48976.97 178.4501
89.0500 55.8500 49033.88 178.5239
89.0500 55.8700 49090.84 178.5977
89.0500 55.8900 49161.60 178.6716
89.0500 55.9100 49218.68 178.7454
89.0500 55.9300 49289.58 178.8193
89.0500 55.9500 49346.77 178.8932
89.0500 55.9700 49417.79 178.9670
89.0500 55.9900 49475.08 179.0409
89.0500 56.0100 49546.23 179.1149
89.0500 56.0300 49603.64 179.1888
89.0500 56.0500 49674.93 179.2627
89.0500 56.0700 49732.45 179.3367
89.0500 56.0900 49803.88 179.4107
89.0500 56.1100 49861.52 179.4847
89.0500 56.1300 49933.08 179.5587
89.0500 56.1500 49990.84 179.6327
89.0500 56.1700 50062.53 179.7068
89.0500 56.1900 50120.41 179.7808
89.0500 56.2100 50192.25 179.8549
89.0500 56.2300 50250.24 179.9290
89.0500 56.2500 50322.22 180.0031
89.0500 56.2700 50380.33 180.0772
89.0500 56.2900 50452.45 180.1513
89.0500 56.3100 50510.68 180.2255
89.0500 56.3300 50568.97 180.2997
89.0500 56.3500 50641.29 180.3738
89.0500 56.3700 50699.70 180.4480
89.0500 56.3900 50772.16 180.5222
89.0500 56.4100 50830.69 180.5965
89.0500 56.4300 50903.30 180.6707
89.0500 56.4500 50961.95 180.7450
89.0500 56.4700 51034.70 180.8192
89.0500 56.4900 51093.47 180.8935
89.0500 56.5100 51166.36 180.9678
89.0500 56.5300 51225.25 181.0422
89.0500 56.5500 51298.29 181.1165
89.0500 56.5700 51357.31 181.1908
89.0500 56.5900 51430.49 181.2652
89.0500 56.6100 51489.62 181.3396
89.0500 56.6300 51562.95 181.4140
89.0500 56.6500 51622.21 181.4884
89.0500 56.6700 51695.68 181.5628
89.0500 56.6900 51755.07 181.6373
89.0500 56.7100 51828.68 181.7117
89.0500 56.7300 51888.19 181.7862
89.0500 56.7500 51961.95 181.8607
89.0500 56.7700 52021.58 181.9352
89.0500 56.7900 52095.49 182.0097
89.0500 56.8100 52155.25 182.0843
89.0500 56.8300 52229.30 182.1588
89.0500 56.8500 52289.18 182.2334
89.0500 56.8700 52363.39 182.3080
89.0500 56.8900 52423.38 182.3826
89.0500 56.9100 52497.71 182.4572
89.0500 56.9300 52557.82 182.5319
89.0500 56.9500 52632.28 182.6065
89.0500 56.9700 52692.50 182.6812
89.0500 56.9900 52767.11 182.7559
89.0500 57.0100 52827.45 182.8306
89.0500 57.0300 52902.19 182.9053
89.0500 57.0500 52962.66 182.9800
89.0500 57.0700 53037.54 183.0547
89.0500 57.0900 53098.13 183.1295
89.0500 57.1100 53173.16 183.2043
89.0500 57.1300 53233.86 183.2791
89.0500 57.1500 53309.03 183.3539
89.0500 57.1700 53369.86 183.4287
89.0500 57.1900 53445.18 183.5036
89.0500 57.2100 53506.13 183.5784
89.0500 57.2300 53581.59 183.6533
89.0500 57.2500 53642.67 183.7282
89.0500 57.2700 53718.28 183.8031
89.0500 57.2900 53779.48 183.8780
89.0500 57.3100 53855.23 183.9529
89.0500 57.3300 53916.55 184.0279
89.0500 57.3500 53992.46 184.1029
89.0500 57.3700 54053.90 184.1778
89.0500 57.3900 54129.95 184.2528
89.0500 57.4100 54191.53 184.3279
89.0500 57.4300 54267.72 184.4029
89.0500 57.4500 54329.42 184.4779
89.0500 57.4700 54405.77 184.5530
89.0500 57.4900 54467.59 184.6281
89.0500 57.5100 54544.09 184.7032
89.0500 57.5300 54606.04 184.7783
89.0500 57.5500 54682.68 184.8534
89.0500 57.5700 54744.76 184.9286
89.0500 57.5900 54821.55 185.0037
89.0500 57.6100 54883.76 185.0789
89.0500 57.6300 54960.70 185.1541
89.0500 57.6500 55023.04 185.2293
89.0500 57.6700 55100.13 185.3046
89.0500 57.6900 55162.59 185.3798
89.0500 57.7100 55239.84 185.4551
89.0500 57.7300 55302.43 185.5303
89.0500 57.7500 55379.82 185.6056
89.0500 57.7700 55442.55 185.6809
89.0500 57.7900 55520.09 185.7563
89.0500 57.8100 55582.93 185.8316
89.0500 57.8300 55660.61 185.9070
89.0500 57.8500 55723.57 185.9824
89.0500 57.8700 55801.39 186.0577
89.0500 57.8900 55864.46 186.1332
89.0500 57.9100 55996.80 186.1349
89.0500 57.9300 56074.91 186.2102
89.0500 57.9500 56138.23 186.2856
89.0500 57.9700 56216.50 186.3610
89.0500 57.9900 56279.94 186.4364
89.0500 58.0100 56358.35 186.5118
89.0500 58.0300 56421.92 186.5873
89.0500 58.0500 56500.48 186.6627
89.0500 58.0700 56564.18 186.7382
89.0500 58.0900 56642.89 186.8137
89.0500 58.1100 56706.71 186.8892
89.0500 58.1300 56785.57 186.9647
89.0500 58.1500 56849.51 187.0402
89.0500 58.1700 56928.52 187.1158
89.0500 58.1900 56992.60 187.1914
89.0500 58.2100 57071.76 187.2669
89.0500 58.2300 57135.96 187.3425
89.0500 58.2500 57215.27 187.4182
89.0500 58.2700 57279.61 187.4938
89.0500 58.2900 57359.07 187.5694
89.0500 58.3100 57423.53 187.6451
89.0500 58.3300 57503.15 187.7208
89.0500 58.3500 57567.74 187.7965
89.0500 58.3700 57647.51 187.8722
89.0500 58.3900 57712.23 187.9480
89.0500 58.4100 57792.15 188.0237
89.0500 58.4300 57857.01 188.0995
89.0500 58.4500 57937.08 188.1753
89.0500 58.4700 58017.24 188.2511
89.0500 58.4900 58082.30 188.3269
89.0500 58.5100 58162.61 188.4027
89.0500 58.5300 58227.80 188.4786
89.0500 58.5500 58308.26 188.5544
89.0500 58.5700 58373.59 188.6303
89.0500 58.5900 58454.20 188.7062
89.0500 58.6100 58519.66 188.7822
89.0500 58.6300 58600.43 188.8581
89.0500 58.6500 58666.02 188.9340
89.0500 58.6700 58746.95 189.0100
89.0500 58.6900 58812.68 189.0860
89.0500 58.7100 58893.76 189.1620
89.0500 58.7300 58959.61 189.2380
89.0500 58.7500 59040.84 189.3141
89.0500 58.7700 59106.81 189.3901
89.0500 58.7900 59188.18 189.4662
89.0500 58.8100 59254.27 189.5423
89.0500 58.8300 59335.79 189.6184
89.0500 58.8500 59402.01 189.6945
89.0500 58.8700 59483.68 189.7706
89.0500 58.8900 59550.02 189.8468
89.0500 58.9100 59631.85 189.9230
89.0500 58.9300 59698.32 189.9992
89.0500 58.9500 59780.30 190.0754
89.0500 58.9700 59862.35 190.1516
89.0500 58.9900 59929.03 190.2278
89.0500 59.0100 60011.24 190.3041
89.0500 59.0300 60078.06 190.3804
89.0500 59.0500 60160.42 190.4566
89.0500 59.0700 60227.36 190.5330
89.0500 59.0900 60309.88 190.6093
89.0500 59.1100 60376.96 190.6856
89.0500 59.1300 60459.64 190.7620
89.0500 59.1500 60526.84 190.8384
89.0500 59.1700 60609.68 190.9148
89.0500 59.1900 60677.02 190.9912
89.0500 59.2100 60760.01 191.0676
89.0500 59.2300 60827.48 191.1440
89.0500 59.2500 60910.63 191.2205
89.0500 59.2700 60978.24 191.2970
89.0500 59.2900 61061.55 191.3735
89.0500 59.3100 61129.29 191.4500
89.0500 59.3300 61212.76 191.5265
89.0500 59.3500 61296.30 191.6031
89.0500 59.3700 61364.26 191.6796
89.0500 59.3900 61447.96 191.7562
89.0500 59.4100 61516.05 191.8328
89.0500 59.4300 61599.92 191.9094
89.0500 59.4500 61668.15 191.9861
89.0500 59.4700 61752.17 192.0627
89.0500 59.4900 61820.54 192.1394
89.0500 59.5100 61904.72 192.2161
89.0500 59.5300 61973.22 192.2928
89.0500 59.5500 62057.57 192.3695
89.0500 59.5700 62126.21 192.4462
89.0500 59.5900 62210.72 192.5230
89.0500 59.6100 62279.48 192.5998
89.0500 59.6300 62364.13 192.6766
89.0500 59.6500 62448.86 192.7534
89.0500 59.6700 62517.82 192.8302
89.0500 59.6900 62602.70 192.9070
89.0500 59.7100 62671.79 192.9839
89.0500 59.7300 62756.83 193.0608
89.0500 59.7500 62826.05 193.1377
89.0500 59.7700 62911.24 193.2146
89.0500 59.7900 62980.60 193.2915
89.0500 59.8100 63065.95 193.3685
89.0500 59.8300 63135.44 193.4454
89.0500 59.8500 63220.95 193.5224
89.0500 59.8700 63290.57 193.5994
89.0500 59.8900 63376.24 193.6764
89.0500 59.9100 63461.99 193.7535
89.0500 59.9300 63531.83 193.8305
89.0500 59.9500 63617.74 193.9076
89.0500 59.9700 63687.72 193.9847
89.0500 59.9900 63773.79 194.0618
89.0500 60.0100 63843.90 194.1389
89.0500 60.0300 63930.13 194.2161
89.0500 60.0500 64000.38 194.2932
89.0500 60.0700 64086.78 194.3704
89.0500 60.0900 64157.16 194.4476
89.0500 60.1100 64243.72 194.5248
89.0500 60.1300 64330.36 194.6020
89.0500 60.1500 64400.96 194.6793
89.0500 60.1700 64487.77 194.7565
89.0500 60.1900 64558.51 194.8338
89.0500 60.2100 64645.48 194.9111
89.0500 60.2300 64716.36 194.9884
89.0500 60.2500 64803.49 195.0658
89.0500 60.2700 64874.51 195.1431
89.0500 60.2900 64961.81 195.2205
89.0500 60.3100 65032.97 195.2979
89.0500 60.3300 65120.43 195.3753
89.0500 60.3500 65207.98 195.4527
89.0500 60.3700 65279.36 195.5302
89.0500 60.3900 65367.07 195.6076
89.0500 60.4100 65438.59 195.6851
89.0500 60.4300 65526.47 195.7626
89.0500 60.4500 65598.13 195.8401
89.0500 60.4700 65686.15 195.9177
89.0500 60.4900 65757.94 195.9952
89.0500 60.5100 65846.12 196.0728
89.0500 60.5300 65934.38 196.1504
89.0500 60.5500 66006.37 196.2280
89.0500 60.5700 66094.80 196.3056
89.0500 60.5900 66166.93 196.3832
89.0500 60.6100 66255.51 196.4609
89.0500 60.6300 66327.78 196.5386
89.0500 60.6500 66416.53 196.6163
89.0500 60.6700 66488.93 196.6940
89.0500 60.6900 66577.84 196.7717
89.0500 60.7100 66650.38 196.8495
89.0500 60.7300 66739.46 196.9272
89.0500 60.7500 66828.62 197.0050
89.0500 60.7700 66901.38 197.0828
89.0500 60.7900 66990.70 197.1607
89.0500 60.8100 67063.60 197.2385
89.0500 60.8300 67153.09 197.3164
89.0500 60.8500 67226.13 197.3942
89.0500 60.8700 67315.79 197.4721
89.0500 60.8900 67405.53 197.5500
89.0500 60.9100 67478.80 197.6280
89.0500 60.9300 67568.71 197.7059
89.0500 60.9500 67642.11 197.7839
89.0500 60.9700 67732.19 197.8619
89.0500 60.9900 67805.74 197.9399
89.0500 61.0100 67895.98 198.0179
89.0500 61.0300 67969.67 198.0959
89.0500 61.0500 68060.08 198.1740
89.0500 61.0700 68150.58 198.2521
89.0500 61.0900 68224.50 198.3302
89.0500 61.1100 68315.17 198.4083
89.0500 61.1300 68389.23 198.4864
89.0500 61.1500 68480.06 198.5646
89.0500 61.1700 68554.27 198.6428
89.0500 61.1900 68645.28 198.7209
89.0500 61.2100 68719.62 198.7991
89.0500 61.2300 68810.80 198.8774
89.0500 61.2500 68902.07 198.9556
89.0500 61.2700 68976.64 199.0339
89.0500 61.2900 69068.06 199.1122
89.0500 61.3100 69142.76 199.1905
89.0500 61.3300 69234.35 199.2688
89.0500 61.3500 69309.18 199.3471
89.0500 61.3700 69400.93 199.4255
89.0500 61.3900 69492.76 199.5038
89.0500 61.4100 69567.81 199.5822
89.0500 61.4300 69659.81 199.6606
89.0500 61.4500 69735.01 199.7391
89.0500 61.4700 69827.17 199.8175
89.0500 61.4900 69902.51 199.8960
89.0500 61.5100 69994.84 199.9745
89.0500 61.5300 70087.26 200.0530
89.0500 61.5500 70162.82 200.1315
89.0500 61.5700 70255.41 200.2100
89.0500 61.5900 70331.12 200.2886
89.0500 61.6100 70423.88 200.3672
89.0500 61.6300 70499.72 200.4458
89.0500 61.6500 70592.65 200.5244
89.0500 61.6700 70685.67 200.6030
89.0500 61.6900 70761.75 200.6817
89.0500 61.7100 70854.93 200.7603
89.0500 61.7300 70931.16 200.8390
89.0500 61.7500 71024.52 200.9177
89.0500 61.7700 71100.88 200.9965
89.0500 61.7900 71194.41 201.0752
89.0500 61.8100 71288.03 201.1540
89.0500 61.8300 71364.63 201.2328
89.0500 61.8500 71458.43 201.3116
89.0500 61.8700 71535.17 201.3904
89.0500 61.8900 71629.14 201.4692
89.0500 61.9100 71706.03 201.5481
89.0500 61.9300 71800.17 201.6270
89.0500 61.9500 71894.40 201.7059
89.0500 61.9700 71971.52 201.7848
89.0500 61.9900 72065.93 201.8637
89.0500 62.0100 72143.20 201.9427
89.0500 62.0300 72237.78 202.0217
89.0500 62.0500 72332.45 202.1007
89.0500 62.0700 72409.95 202.1797
89.0500 62.0900 72504.79 202.2587
89.0500 62.1100 72582.43 202.3378
89.0500 62.1300 72677.43 202.4168
89.0500 62.1500 72755.22 202.4959
89.0500 62.1700 72850.39 202.5750
89.0500 62.1900 72945.65 202.6541
89.0500 62.2100 73023.66 202.7333
89.0500 62.2300 73119.10 202.8125
89.0500 62.2500 73197.26 202.8916
89.0500 62.2700 73292.87 202.9708
89.0500 62.2900 73388.56 203.0501
89.0500 62.3100 73466.95 203.1293
89.0500 62.3300 73562.82 203.2086
89.0500 62.3500 73641.36 203.2878
89.0500 62.3700 73737.41 203.3671
89.0500 62.3900 73816.09 203.4465
89.0500 62.4100 73912.32 203.5258
89.0500 62.4300 74008.63 203.6052
89.0500 62.4500 74087.55 203.6845
89.0500 62.4700 74184.04 203.7639
89.0500 62.4900 74263.11 203.8433
89.0500 62.5100 74359.78 203.9228
89.0500 62.5300 74456.54 204.0022
89.0500 62.5500 74535.84 204.0817
89.0500 62.5700 74632.78 204.1612
89.0500 62.5900 74712.23 204.2407
89.0500 62.6100 74809.35 204.3203
89.0500 62.6300 74888.96 204.3998
89.0500 62.6500 74986.25 204.4794
89.0500 62.6700 75083.64 204.5590
89.0500 62.6900 75163.48 204.6386
89.0500 62.7100 75261.05 204.7182
89.0500 62.7300 75341.05 204.7979
89.0500 62.7500 75438.79 204.8775
89.0500 62.7700 75536.63 204.9572
89.0500 62.7900 75616.87 205.0369
89.0500 62.8100 75714.89 205.1166
89.0500 62.8300 75795.28 205.1964
89.0500 62.8500 75893.48 205.2762
89.0500 62.8700 75991.77 205.3559
89.0500 62.8900 76072.38 205.4358
89.0500 62.9100 76170.83 205.5156
89.0500 62.9300 76251.59 205.5954
89.0500 62.9500 76350.21 205.6753
89.0500 62.9700 76448.92 205.7552
89.0500 62.9900 76529.91 205.8351
89.0500 63.0100 76628.80 205.9150
89.0500 63.0300 76709.94 205.9949
89.0500 63.0500 76809.00 206.0749
89.0500 63.0700 76908.16 206.1549
89.0500 63.0900 76989.53 206.2349
89.0500 63.1100 77088.87 206.3149
89.0500 63.1300 77170.39 206.3950
89.0500 63.1500 77269.90 206.4750
89.0500 63.1700 77369.51 206.5551
89.0500 63.1900 77451.27 206.6352
89.0500 63.2100 77551.06 206.7153
89.0500 63.2300 77632.97 206.7955
89.0500 63.2500 77732.94 206.8756
89.0500 63.2700 77833.00 206.9558
89.0500 63.2900 77915.16 207.0360
89.0500 63.3100 78015.40 207.1162
89.0500 63.3300 78097.71 207.1965
89.0500 63.3500 78198.13 207.2767
89.0500 63.3700 78298.65 207.3570
89.0500 63.3900 78381.20 207.4373
89.0500 63.4100 78481.91 207.5176
89.0500 63.4300 78564.61 207.5980
89.0500 63.4500 78665.50 207.6783
89.0500 63.4700 78766.47 207.7587
89.0500 63.4900 78849.42 207.8391
89.0500 63.5100 78950.59 207.9195
89.0500 63.5300 79033.69 208.0000
89.0500 63.5500 79135.04 208.0804
89.0500 63.5700 79236.48 208.1609
89.0500 63.5900 79319.84 208.2414
89.0500 63.6100 79421.47 208.3219
89.0500 63.6300 79523.18 208.4025
89.0500 63.6500 79606.76 208.4830
89.0500 63.6700 79708.65 208.5636
89.0500 63.6900 79792.38 208.6442
89.0500 63.7100 79894.44 208.7248
89.0500 63.7300 79996.60 208.8055
89.0500 63.7500 80080.56 208.8862
89.0500 63.7700 80182.90 208.9668
89.0500 63.7900 80267.02 209.0475
89.0500 63.8100 80369.54 209.1283
89.0500 63.8300 80472.15 209.2090
89.0500 63.8500 80556.51 209.2898
89.0500 63.8700 80659.30 209.3706
89.0500 63.8900 80762.19 209.4514
89.0500 63.9100 80846.79 209.5322
89.0500 63.9300 80949.87 209.6130
89.0500 63.9500 81034.62 209.6939
89.0500 63.9700 81137.88 209.7748
89.0500 63.9900 81241.23 209.8557
89.0500 64.0100 81326.24 209.9366
89.0500 64.0300 81429.78 210.0176
89.0500 64.0500 81514.94 210.0985
89.0500 64.0700 81618.66 210.1795
89.0500 64.0900 81722.48 210.2605
89.0500 64.1100 81807.89 210.3416
89.0500 64.1300 81911.90 210.4226
89.0500 64.1500 82016.00 210.5037
89.0500 64.1700 82101.66 210.5848
89.0500 64.1900 82205.95 210.6659
89.0500 64.2100 82291.76 210.7470
89.0500 64.2300 82396.24 210.8282
89.0500 64.2500 82500.82 210.9093
89.0500 64.2700 82586.88 210.9905
89.0500 64.2900 82691.65 211.0718
89.0500 64.3100 82796.51 211.1530
89.0500 64.3300 82882.83 211.2342
89.0500 64.3500 82987.88 211.3155
89.0500 64.3700 83074.35 211.3968
89.0500 64.3900 83179.58 211.4781
89.0500 64.4100 83284.90 211.5595
89.0500 64.4300 83371.61 211.6408
89.0500 64.4500 83477.11 211.7222
89.0500 64.4700 83582.70 211.8036
89.0500 64.4900 83669.65 211.8850
89.0500 64.5100 83775.43 211.9665
89.0500 64.5300 83862.53 212.0479
89.0500 64.5500 83968.50 212.1294
89.0500 64.5700 84074.56 212.2109
89.0500 64.5900 84161.92 212.2925
89.0500 64.6100 84268.17 212.3740
89.0500 64.6300 84374.51 212.4556
89.0500 64.6500 84462.11 212.5372
89.0500 64.6700 84568.65 212.6188
89.0500 64.6900 84675.28 212.7004
89.0500 64.7100 84763.13 212.7821
89.0500 64.7300 84869.95 212.8637
89.0500 64.7500 84957.97 212.9454
89.0500 64.7700 85064.98 213.0271
89.0500 64.7900 85172.09 213.1089
89.0500 64.8100 85260.35 213.1906
89.0500 64.8300 85367.65 213.2724
89.0500 64.8500 85475.05 213.3542
89.0500 64.8700 85563.57 213.4360
89.0500 64.8900 85671.16 213.5179
89.0500 64.9100 85759.84 213.5997
89.0500 64.9300 85867.62 213.6816
89.0500 64.9500 85975.50 213.7635
89.0500 64.9700 86064.44 213.8455
89.0500 64.9900 86172.51 213.9274
89.0500 65.0100 86280.69 214.0094
89.0500 65.0300 86369.88 214.0914
89.0500 65.0500 86478.25 214.1734
89.0500 65.0700 86586.72 214.2554
89.0500 65.0900 86676.17 214.3375
89.0500 65.1100 86784.82 214.4195
89.0500 65.1300 86893.56 214.5016
89.0500 65.1500 86983.25 214.5837
89.0500 65.1700 87092.18 214.6659
89.0500 65.1900 87182.02 214.7480
89.0500 65.2100 87291.14 214.8302
89.0500 65.2300 87400.36 214.9124
89.0500 65.2500 87490.45 214.9946
89.0500 65.2700 87599.86 215.0769
89.0500 65.2900 87709.37 215.1592
89.0500 65.3100 87799.72 215.2414
89.0500 65.3300 87909.42 215.3238
89.0500 65.3500 88019.21 215.4061
89.0500 65.3700 88109.82 215.4884
89.0500 65.3900 88219.81 215.5708
89.0500 65.4100 88329.90 215.6532
89.0500 65.4300 88420.76 215.7356
89.0500 65.4500 88531.04 215.8181
89.0500 65.4700 88641.43 215.9005
89.0500 65.4900 88732.54 215.9830
89.0500 65.5100 88843.12 216.0655
89.0500 65.5300 88934.40 216.1480
89.0500 65.5500 89045.18 216.2306
89.0500 65.5700 89156.05 216.3131
89.0500 65.5900 89247.59 216.3957
89.0500 65.6100 89358.66 216.4783
89.0500 65.6300 89469.84 216.5610
89.0500 65.6500 89561.64 216.6436
89.0500 65.6700 89673.01 216.7263
89.0500 65.6900 89784.48 216.8090
89.0500 65.7100 89876.54 216.8917
89.0500 65.7300 89988.21 216.9745
89.0500 65.7500 90099.99 217.0572
89.0500 65.7700 90192.31 217.1400
89.0500 65.7900 90304.28 217.2228
89.0500 65.8100 90416.35 217.3057
89.0500 65.8300 90508.93 217.3885
89.0500 65.8500 90621.18 217.4714
89.0500 65.8700 90733.53 217.5543
89.0500 65.8900 90826.36 217.6372
89.0500 65.9100 90938.91 217.7201
89.0500 65.9300 91051.55 217.8031
89.0500 65.9500 91144.63 217.8861
89.0500 65.9700 91257.48 217.9691
89.0500 65.9900 91370.42 218.0521
89.0500 66.0100 91463.76 218.1351
89.0500 66.0300 91576.90 218.2182
89.0500 66.0500 91690.14 218.3013
89.0500 66.0700 91783.74 218.3844
89.0500 66.0900 91897.18 218.4676
89.0500 66.1100 92010.72 218.5507
89.0500 66.1300 92104.58 218.6339
89.0500 66.1500 92218.32 218.7171
89.0500 66.1700 92332.16 218.8003
89.0500 66.1900 92426.29 218.8836
89.0500 66.2100 92540.33 218.9668
89.0500 66.2300 92654.47 219.0501
89.0500 66.2500 92748.87 219.1334
89.0500 66.2700 92863.21 219.2168
89.0500 66.2900 92977.66 219.3001
89.0500 66.3100 93072.32 219.3835
89.0500 66.3300 93186.96 219.4669
89.0500 66.3500 93301.72 219.5503
89.0500 66.3700 93396.64 219.6338
89.0500 66.3900 93511.60 219.7173
89.0500 66.4100 93626.65 219.8007
89.0500 66.4300 93721.85 219.8843
89.0500 66.4500 93837.11 219.9678
89.0500 66.4700 93952.47 220.0513
89.0500 66.4900 94047.93 220.1349
89.0500 66.5100 94163.50 220.2185
89.0500 66.5300 94279.16 220.3022
89.0500 66.5500 94374.87 220.3858
89.0500 66.5700 94490.73 220.4695
89.0500 66.5900 94606.68 220.5532
89.0500 66.6100 94702.66 220.6369
89.0500 66.6300 94818.81 220.7206
89.0500 66.6500 94935.07 220.8044
89.0500 66.6700 95031.31 220.8882
89.0500 66.6900 95147.77 220.9720
89.0500 66.7100 95264.33 221.0558
89.0500 66.7300 95360.83 221.1396
89.0500 66.7500 95477.60 221.2235
89.0500 66.7700 95594.47 221.3074
89.0500 66.7900 95691.24 221.3913
89.0500 66.8100 95808.31 221.4753
89.0500 66.8300 95925.49 221.5592
89.0500 66.8500 96022.53 221.6432
89.0500 66.8700 96139.91 221.7272
89.0500 66.8900 96257.40 221.8113
89.0500 66.9100 96354.71 221.8953
89.0500 66.9300 96472.40 221.9794
89.0500 66.9500 96590.19 222.0635
89.0500 66.9700 96687.77 222.1476
89.0500 66.9900 96805.77 222.2318
89.0500 67.0100 96923.88 222.3159
89.0500 67.0300 97042.10 222.4001
89.0500 67.0500 97140.05 222.4843
89.0500 67.0700 97258.47 222.5686
89.0500 67.0900 97377.00 222.6528
89.0500 67.1100 97475.22 222.7371
89.0500 67.1300 97593.96 222.8214
89.0500 67.1500 97712.80 222.9057
89.0500 67.1700 97811.30 222.9901
89.0500 67.1900 97930.34 223.0745
89.0500 67.2100 98049.48 223.1589
89.0500 67.2300 98148.24 223.2433
89.0500 67.2500 98267.59 223.3277
89.0500 67.2700 98387.04 223.4122
89.0500 67.2900 98486.06 223.4967
89.0500 67.3100 98605.71 223.5812
89.0500 67.3300 98725.47 223.6657
89.0500 67.3500 98845.34 223.7503
89.0500 67.3700 98944.73 223.8349
89.0500 67.3900 99064.80 223.9195
89.0500 67.4100 99184.98 224.0041
89.0500 67.4300 99284.65 224.0888
89.0500 67.4500 99405.03 224.1734
89.0500 67.4700 99525.52 224.2581
89.0500 67.4900 99625.46 224.3428
89.0500 67.5100 99746.16 224.4276
89.0500 67.5300 99866.96 224.5124
89.0500 67.5500 99967.18 224.5972
89.0500 67.5700 100088.20 224.6820
89.0500 67.5900 100209.32 224.7668
89.0500 67.6100 100330.55 224.8517
89.0500 67.6300 100431.15 224.9365
89.0500 67.6500 100552.59 225.0215
89.0500 67.6700 100674.13 225.1064
89.0500 67.6900 100775.01 225.1913
89.0500 67.7100 100896.77 225.2763
89.0500 67.7300 101018.64 225.3613
89.0500 67.7500 101119.79 225.4463
89.0500 67.7700 101241.87 225.5314
89.0500 67.7900 101364.06 225.6165
89.0500 67.8100 101486.35 225.7016
89.0500 67.8300 101587.89 225.7867
89.0500 67.8500 101710.40 225.8718
89.0500 67.8700 101833.01 225.9570
89.0500 67.8900 101934.81 226.0422
89.0500 67.9100 102057.62 226.1274
89.0500 67.9300 102180.54 226.2126
89.0500 67.9500 102282.62 226.2979
89.0500 67.9700 102405.75 226.3832
89.0500 67.9900 102528.99 226.4685
89.0500 68.0100 102652.33 226.5538
89.0500 68.0300 102754.78 226.6392
89.0500 68.0500 102878.34 226.7245
89.0500 68.0700 103002.01 226.8099
89.0500 68.0900 103104.74 226.8954
89.0500 68.1100 103228.62 226.9808
89.0500 68.1300 103352.60 227.0663
89.0500 68.1500 103476.70 227.1518
89.0500 68.1700 103579.81 227.2373
89.0500 68.1900 103704.13 227.3229
89.0500 68.2100 103828.55 227.4084
89.0500 68.2300 103931.94 227.4940
89.0500 68.2500 104056.57 227.5796
89.0500 68.2700 104181.32 227.6653
89.0500 68.2900 104306.17 227.7509
89.0500 68.3100 104409.96 227.8366
89.0500 68.3300 104535.03 227.9223
89.0500 68.3500 104660.21 228.0081
89.0500 68.3700 104764.27 228.0938
89.0500 68.3900 104889.67 228.1796
89.0500 68.4100 105015.18 228.2654
89.0500 68.4300 105140.80 228.3513
89.0500 68.4500 105245.26 228.4371
89.0500 68.4700 105371.09 228.5230
89.0500 68.4900 105497.04 228.6089
89.0500 68.5100 105601.78 228.6948
89.0500 68.5300 105727.93 228.7808
89.0500 68.5500 105854.19 228.8668
89.0500 68.5700 105980.57 228.9528
89.0500 68.5900 106085.68 229.0388
89.0500 68.6100 106212.26 229.1248
89.0500 68.6300 106338.96 229.2109
89.0500 68.6500 106444.36 229.2970
89.0500 68.6700 106571.27 229.3831
89.0500 68.6900 106698.29 229.4693
89.0500 68.7100 106825.42 229.5555
89.0500 68.7300 106931.21 229.6416
89.0500 68.7500 107058.56 229.7279
89.0500 68.7700 107186.02 229.8141
89.0500 68.7900 107313.59 229.9004
89.0500 68.8100 107419.77 229.9867
89.0500 68.8300 107547.56 230.0730
89.0500 68.8500 107675.46 230.1593
89.0500 68.8700 107781.93 230.2457
89.0500 68.8900 107910.05 230.3321
89.0500 68.9100 108038.29 230.4185
89.0500 68.9300 108166.64 230.5049
89.0500 68.9500 108273.49 230.5914
89.0500 68.9700 108402.06 230.6779
89.0500 68.9900 108530.75 230.7644
89.0500 69.0100 108659.54 230.8510
89.0500 69.0300 108766.80 230.9375
89.0500 69.0500 108895.81 231.0241
89.0500 69.0700 109024.95 231.1107
89.0500 69.0900 109132.49 231.1974
89.0500 69.1100 109261.84 231.2840
89.0500 69.1300 109391.31 231.3707
89.0500 69.1500 109520.88 231.4574
89.0500 69.1700 109628.82 231.5442
89.0500 69.1900 109758.61 231.6309
89.0500 69.2100 109888.51 231.7177
89.0500 69.2300 110018.52 231.8045
89.0500 69.2500 110126.84 231.8913
89.0500 69.2700 110257.07 231.9782
89.0500 69.2900 110387.42 232.0651
89.0500 69.3100 110517.88 232.1520
89.0500 69.3300 110626.60 232.2389
89.0500 69.3500 110757.28 232.3259
89.0500 69.3700 110888.07 232.4129
89.0500 69.3900 110997.08 232.4999
89.0500 69.4100 111128.10 232.5869
89.0500 69.4300 111259.23 232.6740
89.0500 69.4500 111390.48 232.7611
89.0500 69.4700 111499.89 232.8482
89.0500 69.4900 111631.36 232.9353
89.0500 69.5100 111762.94 233.0225
89.0500 69.5300 111894.64 233.1097
89.0500 69.5500 112004.45 233.1969
89.0500 69.5700 112136.38 233.2841
89.0500 69.5900 112268.42 233.3714
89.0500 69.6100 112400.57 233.4587
89.0500 69.6300 112510.79 233.5460
89.0500 69.6500 112643.17 233.6333
89.0500 69.6700 112775.67 233.7207
89.0500 69.6900 112908.28 233.8080
89.0500 69.7100 113018.91 233.8955
89.0500 69.7300 113151.75 233.9829
89.0500 69.7500 113284.71 234.0704
89.0500 69.7700 113417.77 234.1578
89.0500 69.7900 113528.79 234.2454
89.0500 69.8100 113662.08 234.3329
89.0500 69.8300 113795.48 234.4205
89.0500 69.8500 113929.00 234.5081
89.0500 69.8700 114040.42 234.5957
89.0500 69.8900 114174.16 234.6833
89.0500 69.9100 114308.01 234.7710
89.0500 69.9300 114441.99 234.8587
89.0500 69.9500 114553.81 234.9464
89.0500 69.9700 114688.01 235.0341
89.0500 69.9900 114822.32 235.1219
89.0500 70.0100 114956.76 235.2097
89.0500 70.0300 115068.99 235.2975
89.0500 70.0500 115203.65 235.3853
89.0500 70.0700 115338.42 235.4732
89.0500 70.0900 115473.32 235.5611
89.0500 70.1100 115585.96 235.6490
89.0500 70.1300 115721.08 235.7370
89.0500 70.1500 115856.32 235.8250
89.0500 70.1700 115991.68 235.9130
89.0500 70.1900 116127.16 236.0010
89.0500 70.2100 116240.32 236.0890
89.0500 70.2300 116376.03 236.1771
89.0500 70.2500 116511.85 236.2652
89.0500 70.2700 116647.80 236.3533
89.0500 70.2900 116761.37 236.4415
89.0500 70.3100 116897.55 236.5297
89.0500 70.3300 117033.85 236.6179
89.0500 70.3500 117170.26 236.7061
89.0500 70.3700 117284.25 236.7944
89.0500 70.3900 117420.88 236.8826
89.0500 70.4100 117557.64 236.9710
89.0500 70.4300 117694.51 237.0593
89.0500 70.4500 117808.90 237.1476
89.0500 70.4700 117946.00 237.2360
89.0500 70.4900 118083.21 237.3244
89.0500 70.5100 118220.55 237.4129
89.0500 70.5300 118358.00 237.5013
89.0500 70.5500 118472.92 237.5898
89.0500 70.5700 118610.60 237.6784
89.0500 70.5900 118748.41 237.7669
89.0500 70.6100 118886.33 237.8555
89.0500 70.6300 119001.66 237.9441
89.0500 70.6500 119139.81 238.0327
89.0500 70.6700 119278.09 238.1213
89.0500 70.6900 119416.49 238.2100
89.0500 70.7100 119532.23 238.2987
89.0500 70.7300 119670.86 238.3874
89.0500 70.7500 119809.61 238.4762
89.0500 70.7700 119948.48 238.5650
89.0500 70.7900 120087.47 238.6538
89.0500 70.8100 120203.75 238.7426
89.0500 70.8300 120342.98 238.8315
89.0500 70.8500 120482.32 238.9204
89.0500 70.8700 120621.79 239.0093
89.0500 70.8900 120738.49 239.0982
89.0500 70.9100 120878.20 239.1872
89.0500 70.9300 121018.02 239.2762
89.0500 70.9500 121157.97 239.3652
89.0500 70.9700 121298.04 239.4542
89.0500 70.9900 121415.27 239.5433
89.0500 71.0100 121555.56 239.6324
89.0500 71.0300 121695.98 239.7215
89.0500 71.0500 121836.51 239.8107
89.0500 71.0700 121954.16 239.8999
89.0500 71.0900 122094.93 239.9891
89.0500 71.1100 122235.82 240.0783
89.0500 71.1300 122376.83 240.1676
89.0500 71.1500 122517.96 240.2568
89.0500 71.1700 122636.14 240.3461
89.0500 71.1900 122777.51 240.4355
89.0500 71.2100 122919.00 240.5249
89.0500 71.2300 123060.62 240.6142
89.0500 71.2500 123202.36 240.7037
89.0500 71.2700 123321.07 240.7931
89.0500 71.2900 123463.05 240.8826
89.0500 71.3100 123605.15 240.9721
89.0500 71.3300 123747.37 241.0616
89.0500 71.3500 123889.71 241.1512
89.0500 71.3700 124008.97 241.2407
89.0500 71.3900 124151.56 241.3303
89.0500 71.4100 124294.26 241.4200
89.0500 71.4300 124437.09 241.5096
89.0500 71.4500 124556.78 241.5993
89.0500 71.4700 124699.85 241.6890
89.0500 71.4900 124843.05 241.7788
89.0500 71.5100 124986.37 241.8686
89.0500 71.5300 125129.81 241.9584
89.0500 71.5500 125250.05 242.0482
89.0500 71.5700 125393.73 242.1380
89.0500 71.5900 125537.53 242.2279
89.0500 71.6100 125681.45 242.3178
89.0500 71.6300 125825.49 242.4078
89.0500 71.6500 125946.26 242.4977
89.0500 71.6700 126090.55 242.5877
89.0500 71.6900 126234.96 242.6777
89.0500 71.7100 126379.49 242.7678
89.0500 71.7300 126524.15 242.8578
89.0500 71.7500 126645.46 242.9479
89.0500 71.7700 126790.36 243.0381
89.0500 71.7900 126935.38 243.1282
89.0500 71.8100 127080.53 243.2184
89.0500 71.8300 127225.80 243.3086
89.0500 71.8500 127347.67 243.3988
89.0500 71.8700 127493.19 243.4891
89.0500 71.8900 127638.83 243.5794
89.0500 71.9100 127784.59 243.6697
89.0500 71.9300 127930.49 243.7600
89.0500 71.9500 128076.51 243.8504
89.0500 71.9700 128199.04 243.9408
89.0500 71.9900 128345.31 244.0312
89.0500 72.0100 128491.70 244.1217
89.0500 72.0300 128638.21 244.2122
89.0500 72.0500 128784.86 244.3027
89.0500 72.0700 128907.95 244.3932
89.0500 72.0900 129054.84 244.4838
89.0500 72.1100 129201.85 244.5744
89.0500 72.1300 129348.99 244.6650
89.0500 72.1500 129496.25 244.7557
89.0500 72.1700 129619.89 244.8463
89.0500 72.1900 129767.39 244.9370
89.0500 72.2100 129915.02 245.0278
89.0500 72.2300 130062.77 245.1185
89.0500 72.2500 130210.64 245.2093
89.0500 72.2700 130358.64 245.3001
89.0500 72.2900 130482.95 245.3910
89.0500 72.3100 130631.20 245.4819
89.0500 72.3300 130779.57 245.5728
89.0500 72.3500 130928.07 245.6637
89.0500 72.3700 131076.70 245.7547
89.0500 72.3900 131201.56 245.8456
89.0500 72.4100 131350.44 245.9367
89.0500 72.4300 131499.44 246.0277
89.0500 72.4500 131648.57 246.1188
89.0500 72.4700 131797.82 246.2099
89.0500 72.4900 131947.21 246.3010
89.0500 72.5100 132072.75 246.3922
89.0500 72.5300 132222.39 246.4833
89.0500 72.5500 132372.15 246.5746
89.0500 72.5700 132522.04 246.6658
89.0500 72.5900 132672.06 246.7571
89.0500 72.6100 132798.17 246.8484
89.0500 72.6300 132948.44 246.9397
89.0500 72.6500 133098.83 247.0310
89.0500 72.6700 133249.36 247.1224
89.0500 72.6900 133400.02 247.2138
89.0500 72.7100 133550.80 247.3053
89.0500 72.7300 133677.59 247.3967
89.0500 72.7500 133828.61 247.4882
89.0500 72.7700 133979.77 247.5798
89.0500 72.7900 134131.06 247.6713
89.0500 72.8100 134282.47 247.7629
89.0500 72.8300 134434.02 247.8545
89.0500 72.8500 134561.49 247.9461
89.0500 72.8700 134713.28 248.0378
89.0500 72.8900 134865.21 248.1295
89.0500 72.9100 135017.26 248.2212
89.0500 72.9300 135169.45 248.3130
89.0500 72.9500 135321.76 248.4048
89.0500 72.9700 135449.93 248.4966
89.0500 72.9900 135602.49 248.5884
89.0500 73.0100 135755.19 248.6803
89.0500 73.0300 135908.02 248.7722
89.0500 73.0500 136060.98 248.8641
89.0500 73.0700 136214.07 248.9561
89.0500 73.0900 136342.93 249.0480
89.0500 73.1100 136496.28 249.1401
89.0500 73.1300 136649.76 249.2321
89.0500 73.1500 136803.36 249.3242
89.0500 73.1700 136957.10 249.4163
89.0500 73.1900 137110.98 249.5084
89.0500 73.2100 137264.98 249.6006
89.0500 73.2300 137394.66 249.6928
89.0500 73.2500 137548.92 249.7850
89.0500 73.2700 137703.31 249.8772
89.0500 73.2900 137857.83 249.9695
89.0500 73.3100 138012.48 250.0618
89.0500 73.3300 138167.26 250.1541
89.0500 73.3500 138297.63 250.2465
89.0500 73.3700 138452.67 250.3389
89.0500 73.3900 138607.83 250.4313
89.0500 73.4100 138763.14 250.5238
89.0500 73.4300 138918.57 250.6163
89.0500 73.4500 139074.13 250.7088
89.0500 73.4700 139229.83 250.8013
89.0500 73.4900 139361.03 250.8939
89.0500 73.5100 139516.99 250.9865
89.0500 73.5300 139673.08 251.0791
89.0500 73.5500 139829.30 251.1718
89.0500 73.5700 139985.66 251.2644
89.0500 73.5900 140142.15 251.3572
89.0500 73.6100 140274.06 251.4499
89.0500 73.6300 140430.81 251.5427
89.0500 73.6500 140587.69 251.6355
89.0500 73.6700 140744.71 251.7283
89.0500 73.6900 140901.86 251.8212
89.0500 73.7100 141059.15 251.9141
89.0500 73.7300 141216.57 252.0070
89.0500 73.7500 141349.32 252.1000
89.0500 73.7700 141507.01 252.1929
89.0500 73.7900 141664.82 252.2860
89.0500 73.8100 141822.77 252.3790
89.0500 73.8300 141980.85 252.4721
89.0500 73.8500 142139.07 252.5652
89.0500 73.8700 142297.42 252.6583
89.0500 73.8900 142455.90 252.7515
89.0500 73.9100 142589.61 252.8447
89.0500 73.9300 142748.35 252.9379
89.0500 73.9500 142907.23 253.0312
89.0500 73.9700 143066.25 253.1244
89.0500 73.9900 143225.40 253.2178
89.0500 74.0100 143384.69 253.3111
89.0500 74.0300 143544.11 253.4045
89.0500 74.0500 143678.66 253.4979
89.0500 74.0700 143838.35 253.5913
89.0500 74.0900 143998.17 253.6848
89.0500 74.1100 144158.13 253.7783
89.0500 74.1300 144318.23 253.8718
89.0500 74.1500 144478.46 253.9654
89.0500 74.1700 144638.83 254.0589
89.0500 74.1900 144799.34 254.1525
89.0500 74.2100 144934.87 254.2462
89.0500 74.2300 145095.64 254.3399
89.0500 74.2500 145256.55 254.4336
89.0500 74.2700 145417.59 254.5273
89.0500 74.2900 145578.78 254.6211
89.0500 74.3100 145740.10 254.7149
89.0500 74.3300 145901.56 254.8087
89.0500 74.3500 146063.15 254.9026
89.0500 74.3700 146199.65 254.9965
89.0500 74.3900 146361.50 255.0904
89.0500 74.4100 146523.49 255.1843
89.0500 74.4300 146685.62 255.2783
89.0500 74.4500 146847.88 255.3723
89.0500 74.4700 147010.28 255.4664
89.0500 74.4900 147172.82 255.5605
89.0500 74.5100 147335.50 255.6546
89.0500 74.5300 147472.98 255.7487
89.0500 74.5500 147635.92 255.8429
89.0500 74.5700 147799.00 255.9371
89.0500 74.5900 147962.22 256.0313
89.0500 74.6100 148125.58 256.1255
89.0500 74.6300 148289.08 256.2198
89.0500 74.6500 148452.72 256.3142
89.0500 74.6700 148616.50 256.4085
89.0500 74.6900 148780.41 256.5029
89.0500 74.7100 148919.02 256.5973
89.0500 74.7300 149083.20 256.6917
89.0500 74.7500 149247.53 256.7862
89.0500 74.7700 149411.99 256.8807
89.0500 74.7900 149576.60 256.9753
89.0500 74.8100 149741.34 257.0698
89.0500 74.8300 149906.23 257.1644
89.0500 74.8500 150071.25 257.2591
89.0500 74.8700 150236.42 257.3537
89.0500 74.8900 150376.14 257.4484
89.0500 74.9100 150541.58 257.5432
89.0500 74.9300 150707.15 257.6379
89.0500 74.9500 150872.86 257.7327
89.0500 74.9700 151038.72 257.8275
89.0500 74.9900 151204.71 257.9224
89.0500 75.0100 151370.85 258.0173
89.0500 75.0300 151537.12 258.1122
89.0500 75.0500 151703.54 258.2071
89.0500 75.0700 151870.10 258.3021
89.0500 75.0900 152011.09 258.3971
89.0500 75.1100 152177.92 258.4921
89.0500 75.1300 152344.90 258.5872
89.0500 75.1500 152512.02 258.6823
89.0500 75.1700 152679.28 258.7775
89.0500 75.1900 152846.68 258.8726
89.0500 75.2100 153014.22 258.9678
89.0500 75.2300 153181.91 259.0631
89.0500 75.2500 153349.73 259.1583
89.0500 75.2700 153517.71 259.2536
89.0500 75.2900 153659.98 259.3489
89.0500 75.3100 153828.22 259.4443
89.0500 75.3300 153996.62 259.5397
89.0500 75.3500 154165.15 259.6351
89.0500 75.3700 154333.82 259.7306
89.0500 75.3900 154502.64 259.8260
89.0500 75.4100 154671.60 259.9216
89.0500 75.4300 154840.70 260.0171
89.0500 75.4500 155009.95 260.1127
89.0500 75.4700 155179.34 260.2083
89.0500 75.4900 155348.87 260.3039
89.0500 75.5100 155492.55 260.3996
89.0500 75.5300 155662.37 260.4953
89.0500 75.5500 155832.32 260.5911
89.0500 75.5700 156002.42 260.6869
89.0500 75.5900 156172.66 260.7827
89.0500 75.6100 156343.05 260.8785
89.0500 75.6300 156513.59 260.9744
89.0500 75.6500 156684.26 261.0703
89.0500 75.6700 156855.09 261.1662
89.0500 75.6900 157026.06 261.2622
89.0500 75.7100 157197.17 261.3582
89.0500 75.7300 157368.43 261.4542
89.0500 75.7500 157539.83 261.5503
89.0500 75.7700 157685.22 261.6464
89.0500 75.7900 157856.90 261.7425
89.0500 75.8100 158028.74 261.8387
89.0500 75.8300 158200.72 261.9349
89.0500 75.8500 158372.84 262.0311
89.0500 75.8700 158545.11 262.1274
89.0500 75.8900 158717.52 262.2237
89.0500 75.9100 158890.08 262.3200
89.0500 75.9300 159062.79 262.4163
89.0500 75.9500 159235.64 262.5127
89.0500 75.9700 159408.64 262.6092
89.0500 75.9900 159581.78 262.7056
89.0500 76.0100 159755.07 262.8021
89.0500 76.0300 159902.17 262.8986
89.0500 76.0500 160075.74 262.9952
89.0500 76.0700 160249.47 263.0918
89.0500 76.0900 160423.34 263.1884
89.0500 76.1100 160597.35 263.2851
89.0500 76.1300 160771.52 263.3818
89.0500 76.1500 160945.83 263.4785
89.0500 76.1700 161120.29 263.5752
89.0500 76.1900 161294.90 263.6720
89.0500 76.2100 161469.66 263.7688
89.0500 76.2300 161644.57 263.8657
89.0500 76.2500 161819.62 263.9626
89.0500 76.2700 161994.83 264.0595
89.0500 76.2900 162170.18 264.1565
89.0500 76.3100 162345.68 264.2534
89.0500 76.3300 162521.33 264.3505
89.0500 76.3500 162670.57 264.4475
89.0500 76.3700 162846.51 264.5446
89.0500 76.3900 163022.59 264.6417
89.0500 76.4100 163198.83 264.7389
89.0500 76.4300 163375.21 264.8361
89.0500 76.4500 163551.74 264.9333
89.0500 76.4700 163728.42 265.0306
89.0500 76.4900 163905.25 265.1279
89.0500 76.5100 164082.23 265.2252
89.0500 76.5300 164259.36 265.3225
89.0500 76.5500 164436.64 265.4199
89.0500 76.5700 164614.07 265.5173
89.0500 76.5900 164791.65 265.6148
89.0500 76.6100 164969.39 265.7123
89.0500 76.6300 165147.27 265.8098
89.0500 76.6500 165325.30 265.9074
89.0500 76.6700 165503.49 266.0050
89.0500 76.6900 165681.82 266.1026
89.0500 76.7100 165860.31 266.2003
89.0500 76.7300 166012.14 266.2980
89.0500 76.7500 166190.92 266.3957
89.0500 76.7700 166369.85 266.4935
89.0500 76.7900 166548.93 266.5912
89.0500 76.8100 166728.17 266.6891
89.0500 76.8300 166907.56 266.7869
89.0500 76.8500 167087.09 266.8848
89.0500 76.8700 167266.78 266.9828
89.0500 76.8900 167446.62 267.0808
89.0500 76.9100 167626.61 267.1788
89.0500 76.9300 167806.76 267.2768
89.0500 76.9500 167987.06 267.3749
89.0500 76.9700 168167.51 267.4730
89.0500 76.9900 168348.11 267.5711
89.0500 77.0100 168528.87 267.6693
89.0500 77.0300 168709.77 267.7675
89.0500 77.0500 168890.84 267.8657
89.0500 77.0700 169072.05 267.9640
89.0500 77.0900 169253.42 268.0623
89.0500 77.1100 169434.95 268.1607
89.0500 77.1300 169616.62 268.2591
89.0500 77.1500 169798.45 268.3575
89.0500 77.1700 169980.44 268.4559
89.0500 77.1900 170162.58 268.5544
89.0500 77.2100 170344.88 268.6529
89.0500 77.2300 170527.33 268.7515
89.0500 77.2500 170709.93 268.8501
89.0500 77.2700 170865.51 268.9487
89.0500 77.2900 171048.41 269.0474
89.0500 77.3100 171231.47 269.1461
89.0500 77.3300 171414.68 269.2448
89.0500 77.3500 171598.05 269.3435
89.0500 77.3700 171781.57 269.4423
89.0500 77.3900 171965.24 269.5412
89.0500 77.4100 172149.07 269.6401
89.0500 77.4300 172333.06 269.7390
89.0500 77.4500 172517.20 269.8379
89.0500 77.4700 172701.49 269.9369
89.0500 77.4900 172885.95 270.0359
89.0500 77.5100 173070.56 270.1349
89.0500 77.5300 173255.32 270.2340
89.0500 77.5500 173440.24 270.3331
89.0500 77.5700 173625.32 270.4323
89.0500 77.5900 173810.56 270.5315
89.0500 77.6100 173995.95 270.6307
89.0500 77.6300 174181.50 270.7299
89.0500 77.6500 174367.21 270.8292
89.0500 77.6700 174553.08 270.9286
89.0500 77.6900 174739.10 271.0279
89.0500 77.7100 174925.28 271.1273
89.0500 77.7300 175111.62 271.2268
89.0500 77.7500 175298.12 271.3262
89.0500 77.7700 175484.77 271.4258
89.0500 77.7900 175671.58 271.5253
89.0500 77.8100 175858.55 271.6249
89.0500 77.8300 176045.68 271.7245
89.0500 77.8500 176232.96 271.8241
89.0500 77.8700 176420.41 271.9238
89.0500 77.8900 176608.01 272.0235
89.0500 77.9100 176795.77 272.1233
89.0500 77.9300 176983.69 272.2231
89.0500 77.9500 177171.76 272.3229
89.0500 77.9700 177360.00 272.4228
89.0500 77.9900 177548.40 272.5227
89.0500 78.0100 177736.95 272.6226
89.0500 78.0300 177925.67 272.7226
89.0500 78.0500 178114.54 272.8226
89.0500 78.0700 178303.58 272.9227
89.0500 78.0900 178492.77 273.0227
89.0500 78.1100 178682.13 273.1229
89.0500 78.1300 178871.65 273.2230
89.0500 78.1500 179061.32 273.3232
89.0500 78.1700 179251.16 273.4234
89.0500 78.1900 179441.16 273.5237
89.0500 78.2100 179631.32 273.6240
89.0500 78.2300 179821.64 273.7243
89.0500 78.2500 180012.13 273.8247
89.0500 78.2700 180202.77 273.9251
89.0500 78.2900 180393.57 274.0256
89.0500 78.3100 180584.53 274.1261
89.0500 78.3300 180775.66 274.2266
89.0500 78.3500 180966.94 274.3271
89.0500 78.3700 181158.39 274.4277
89.0500 78.3900 181350.00 274.5284
89.0500 78.4100 181541.77 274.6290
89.0500 78.4300 181733.70 274.7297
89.0500 78.4500 181925.80 274.8305
89.0500 78.4700 182118.06 274.9312
89.0500 78.4900 182310.48 275.0321
89.0500 78.5100 182503.07 275.1329
89.0500 78.5300 182695.82 275.2338
89.0500 78.5500 182888.73 275.3347
89.0500 78.5700 183081.80 275.4357
89.0500 78.5900 183275.04 275.5367
89.0500 78.6100 183468.44 275.6377
89.0500 78.6300 183662.01 275.7388
89.0500 78.6500 183855.74 275.8399
89.0500 78.6700 184049.63 275.9410
89.0500 78.6900 184243.69 276.0422
89.0500 78.7100 184437.91 276.1435
89.0500 78.7300 184632.30 276.2447
89.0500 78.7500 184826.84 276.3460
89.0500 78.7700 185021.56 276.4473
89.0500 78.7900 185216.43 276.5487
89.0500 78.8100 185439.69 276.6501
89.0500 78.8300 185634.91 276.7516
89.0500 78.8500 185830.30 276.8531
89.0500 78.8700 186025.85 276.9546
89.0500 78.8900 186221.57 277.0561
89.0500 78.9100 186417.45 277.1577
89.0500 78.9300 186613.50 277.2594
89.0500 78.9500 186809.71 277.3611
89.0500 78.9700 187006.09 277.4628
89.0500 78.9900 187202.64 277.5645
89.0500 79.0100 187399.35 277.6663
89.0500 79.0300 187596.23 277.7681
89.0500 79.0500 187793.28 277.8700
89.0500 79.0700 187990.49 277.9719
89.0500 79.0900 188187.87 278.0738
89.0500 79.1100 188385.42 278.1758
89.0500 79.1300 188583.14 278.2778
89.0500 79.1500 188781.02 278.3799
89.0500 79.1700 188979.07 278.4820
89.0500 79.1900 189177.28 278.5841
89.0500 79.2100 189375.66 278.6863
89.0500 79.2300 189574.21 278.7885
89.0500 79.2500 189772.93 278.8907
89.0500 79.2700 189971.81 278.9930
89.0500 79.2900 190170.87 279.0953
89.0500 79.3100 190370.09 279.1977
89.0500 79.3300 190598.04 279.3001
89.0500 79.3500 190797.61 279.4025
89.0500 79.3700 190997.36 279.5050
89.0500 79.3900 191197.27 279.6075
89.0500 79.4100 191397.35 279.7101
89.0500 79.4300 191597.60 279.8126
89.0500 79.4500 191798.02 279.9153
89.0500 79.4700 191998.61 280.0179
89.0500 79.4900 192199.37 280.1207
89.0500 79.5100 192400.30 280.2234
89.0500 79.5300 192601.40 280.3262
89.0500 79.5500 192802.67 280.4290
89.0500 79.5700 193004.11 280.5319
89.0500 79.5900 193205.72 280.6348
89.0500 79.6100 193407.50 280.7377
89.0500 79.6300 193609.45 280.8407
89.0500 79.6500 193811.56 280.9437
89.0500 79.6700 194013.85 281.0468
89.0500 79.6900 194216.32 281.1499
89.0500 79.7100 194447.76 281.2530
89.0500 79.7300 194650.58 281.3562
89.0500 79.7500 194853.57 281.4594
89.0500 79.7700 195056.74 281.5626
89.0500 79.7900 195260.07 281.6659
89.0500 79.8100 195463.58 281.7693
89.0500 79.8300 195667.26 281.8726
89.0500 79.8500 195871.11 281.9761
89.0500 79.8700 196075.13 282.0795
89.0500 79.8900 196279.33 282.1830
89.0500 79.9100 196483.70 282.2865
89.0500 79.9300 196688.24 282.3901
89.0500 79.9500 196892.95 282.4937
89.0500 79.9700 197097.84 282.5974
89.0500 79.9900 197331.90 282.7010
89.0500 80.0100 197537.16 282.8048
89.0500 80.0300 197742.58 282.9085
89.0500 80.0500 197948.18 283.0124
89.0500 80.0700 198153.95 283.1162
89.0500 80.0900 198359.89 283.2201
89.0500 80.1100 198566.01 283.3240
89.0500 80.1300 198772.30 283.4280
89.0500 80.1500 198978.77 283.5320
89.0500 80.1700 199185.41 283.6360
89.0500 80.1900 199392.22 283.7401
89.0500 80.2100 199599.21 283.8443
89.0500 80.2300 199806.38 283.9484
89.0500 80.2500 200042.89 284.0526
89.0500 80.2700 200250.43 284.1569
89.0500 80.2900 200458.13 284.2612
89.0500 80.3100 200666.02 284.3655
89.0500 80.3300 200874.08 284.4699
89.0500 80.3500 201082.31 284.5743
89.0500 80.3700 201290.73 284.6787
89.0500 80.3900 201499.32 284.7832
89.0500 80.4100 201708.08 284.8878
89.0500 80.4300 201917.02 284.9923
89.0500 80.4500 202126.14 285.0970
89.0500 80.4700 202364.75 285.2016
89.0500 80.4900 202574.24 285.3063
89.0500 80.5100 202783.91 285.4110
89.0500 80.5300 202993.75 285.5158
89.0500 80.5500 203203.77 285.6206
89.0500 80.5700 203413.96 285.7255
89.0500 80.5900 203624.33 285.8304
89.0500 80.6100 203834.88 285.9353
89.0500 80.6300 204045.61 286.0403
89.0500 80.6500 204256.52 286.1453
89.0500 80.6700 204497.06 286.2504
89.0500 80.6900 204708.34 286.3555
89.0500 80.7100 204919.80 286.4607
89.0500 80.7300 205131.44 286.5658
89.0500 80.7500 205343.26 286.6711
89.0500 80.7700 205555.26 286.7763
89.0500 80.7900 205767.43 286.8817
89.0500 80.8100 205979.79 286.9870
89.0500 80.8300 206192.33 287.0924
89.0500 80.8500 206405.04 287.1978
89.0500 80.8700 206647.52 287.3033
89.0500 80.8900 206860.62 287.4088
89.0500 80.9100 207073.89 287.5144
89.0500 80.9300 207287.34 287.6200
89.0500 80.9500 207500.97 287.7256
89.0500 80.9700 207714.78 287.8313
89.0500 80.9900 207928.78 287.9371
89.0500 81.0100 208142.95 288.0428
89.0500 81.0300 208357.30 288.1486
89.0500 81.0500 208601.55 288.2545
89.0500 81.0700 208816.28 288.3604
89.0500 81.0900 209031.20 288.4663
89.0500 81.1100 209246.30 288.5723
89.0500 81.1300 209461.58 288.6783
89.0500 81.1500 209677.05 288.7844
89.0500 81.1700 209892.69 288.8905
89.0500 81.1900 210108.52 288.9966
89.0500 81.2100 210354.34 289.1028
89.0500 81.2300 210570.55 289.2091
89.0500 81.2500 210786.95 289.3153
89.0500 81.2700 211003.53 289.4217
89.0500 81.2900 211220.29 289.5280
89.0500 81.3100 211437.23 289.6344
89.0500 81.3300 211654.35 289.7409
89.0500 81.3500 211871.66 289.8474
89.0500 81.3700 212119.07 289.9539
89.0500 81.3900 212336.77 290.0605
89.0500 81.4100 212554.65 290.1671
89.0500 81.4300 212772.71 290.2737
89.0500 81.4500 212990.96 290.3804
89.0500 81.4700 213209.39 290.4872
89.0500 81.4900 213428.00 290.5940
89.0500 81.5100 213676.81 290.7008
89.0500 81.5300 213895.82 290.8077
89.0500 81.5500 214115.01 290.9146
89.0500 81.5700 214334.39 291.0216
89.0500 81.5900 214553.95 291.1286
89.0500 81.6100 214773.70 291.2356
89.0500 81.6300 214993.63 291.3427
89.0500 81.6500 215213.75 291.4498
89.0500 81.6700 215464.17 291.5570
89.0500 81.6900 215684.68 291.6642
89.0500 81.7100 215905.38 291.7715
89.0500 81.7300 216126.26 291.8788
89.0500 81.7500 216347.33 291.9861
89.0500 81.7700 216568.59 292.0935
89.0500 81.7900 216820.22 292.2009
89.0500 81.8100 217041.87 292.3084
89.0500 81.8300 217263.71 292.4160
89.0500 81.8500 217485.73 292.5235
89.0500 81.8700 217707.94 292.6311
89.0500 81.8900 217930.34 292.7388
89.0500 81.9100 218152.93 292.8465
89.0500 81.9300 218405.99 292.9542
89.0500 81.9500 218628.98 293.0620
89.0500 81.9700 218852.15 293.1698
89.0500 81.9900 219075.51 293.2777
89.0500 82.0100 219299.07 293.3856
89.0500 82.0300 219522.81 293.4936
89.0500 82.0500 219777.09 293.6016
89.0500 82.0700 220001.24 293.7097
89.0500 82.0900 220225.57 293.8177
89.0500 82.1100 220450.08 293.9259
89.0500 82.1300 220674.79 294.0341
89.0500 82.1500 220899.69 294.1423
89.0500 82.1700 221155.21 294.2506
89.0500 82.1900 221380.51 294.3589
89.0500 82.2100 221605.99 294.4672
89.0500 82.2300 221831.67 294.5757
89.0500 82.2500 222057.54 294.6841
89.0500 82.2700 222283.60 294.7926
89.0500 82.2900 222540.37 294.9011
89.0500 82.3100 222766.83 295.0097
89.0500 82.3300 222993.49 295.1184
89.0500 82.3500 223220.34 295.2270
89.0500 82.3700 223447.37 295.3357
89.0500 82.3900 223674.61 295.4445
89.0500 82.4100 223932.62 295.5533
89.0500 82.4300 224160.26 295.6622
89.0500 82.4500 224388.09 295.7711
89.0500 82.4700 224616.11 295.8800
89.0500 82.4900 224844.33 295.9890
89.0500 82.5100 225072.73 296.0980
89.0500 82.5300 225332.01 296.2071
89.0500 82.5500 225560.82 296.3162
89.0500 82.5700 225789.83 296.4254
89.0500 82.5900 226019.03 296.5346
89.0500 82.6100 226248.42 296.6439
89.0500 82.6300 226508.75 296.7532
89.0500 82.6500 226738.55 296.8625
89.0500 82.6700 226968.55 296.9719
89.0500 82.6900 227198.74 297.0814
89.0500 82.7100 227429.13 297.1909
89.0500 82.7300 227690.51 297.3004
89.0500 82.7500 227921.31 297.4100
89.0500 82.7700 228152.31 297.5196
89.0500 82.7900 228383.50 297.6293
89.0500 82.8100 228614.88 297.7390
89.0500 82.8300 228846.47 297.8488
89.0500 82.8500 229109.13 297.9586
89.0500 82.8700 229341.12 298.0684
89.0500 82.8900 229573.31 298.1784
89.0500 82.9100 229805.70 298.2883
89.0500 82.9300 230038.28 298.3983
89.0500 82.9500 230302.01 298.5083
89.0500 82.9700 230535.01 298.6184
89.0500 82.9900 230768.21 298.7286
89.0500 83.0100 231001.60 298.8387
89.0500 83.0300 231235.19 298.9490
89.0500 83.0500 231499.99 299.0592
89.0500 83.0700 231734.00 299.1696
89.0500 83.0900 231968.20 299.2799
89.0500 83.1100 232202.61 299.3903
89.0500 83.1300 232468.26 299.5008
89.0500 83.1500 232703.09 299.6113
89.0500 83.1700 232938.11 299.7219
89.0500 83.1900 233173.33 299.8325
89.0500 83.2100 233408.75 299.9431
89.0500 83.2300 233675.50 300.0538
89.0500 83.2500 233911.34 300.1646
89.0500 83.2700 234147.38 300.2753
89.0500 83.2900 234383.62 300.3862
89.0500 83.3100 234620.06 300.4971
89.0500 83.3300 234887.89 300.6080
89.0500 83.3500 235124.75 300.7190
89.0500 83.3700 235361.82 300.8300
89.0500 83.3900 235599.08 300.9411
89.0500 83.4100 235867.78 301.0522
89.0500 83.4300 236105.47 301.1634
89.0500 83.4500 236343.36 301.2746
89.0500 83.4700 236581.46 301.3858
89.0500 83.4900 236819.75 301.4972
89.0500 83.5100 237089.55 301.6085
89.0500 83.5300 237328.27 301.7199
89.0500 83.5500 237567.19 301.8314
89.0500 83.5700 237806.32 301.9429
89.0500 83.5900 238077.00 302.0544
89.0500 83.6100 238316.55 302.1660
89.0500 83.6300 238556.31 302.2777
89.0500 83.6500 238796.27 302.3894
89.0500 83.6700 239067.83 302.5011
89.0500 83.6900 239308.22 302.6129
89.0500 83.7100 239548.81 302.7247
89.0500 83.7300 239789.60 302.8366
89.0500 83.7500 240030.60 302.9486
89.0500 83.7700 240303.28 303.0605
89.0500 83.7900 240544.71 303.1726
89.0500 83.8100 240786.34 303.2847
89.0500 83.8300 241028.18 303.3968
89.0500 83.8500 241301.75 303.5090
89.0500 83.8700 241544.02 303.6212
89.0500 83.8900 241786.50 303.7335
89.0500 83.9100 242029.19 303.8458
89.0500 83.9300 242303.65 303.9582
89.0500 83.9500 242546.77 304.0706
89.0500 83.9700 242790.10 304.1831
89.0500 83.9900 243033.63 304.2956
89.0500 84.0100 243308.99 304.4081
89.0500 84.0300 243552.96 304.5208
89.0500 84.0500 243797.13 304.6334
89.0500 84.0700 244041.51 304.7461
89.0500 84.0900 244317.77 304.8589
89.0500 84.1100 244562.59 304.9717
89.0500 84.1300 244807.62 305.0846
89.0500 84.1500 245052.85 305.1975
89.0500 84.1700 245330.02 305.3105
89.0500 84.1900 245575.69 305.4235
89.0500 84.2100 245821.57 305.5366
89.0500 84.2300 246067.66 305.6497
89.0500 84.2500 246345.74 305.7628
89.0500 84.2700 246592.27 305.8760
89.0500 84.2900 246839.02 305.9893
89.0500 84.3100 247117.77 306.1026
89.0500 84.3300 247364.96 306.2160
89.0500 84.3500 247612.35 306.3294
89.0500 84.3700 247859.96 306.4428
89.0500 84.3900 248139.63 306.5563
89.0500 84.4100 248387.68 306.6699
89.0500 84.4300 248635.94 306.7835
89.0500 84.4500 248884.40 306.8972
89.0500 84.4700 249165.00 307.0109
89.0500 84.4900 249413.91 307.1247
89.0500 84.5100 249663.04 307.2385
89.0500 84.5300 249944.31 307.3523
89.0500 84.5500 250193.89 307.4663
89.0500 84.5700 250443.68 307.5802
89.0500 84.5900 250693.67 307.6942
89.0500 84.6100 250975.88 307.8083
89.0500 84.6300 251226.33 307.9224
89.0500 84.6500 251476.98 308.0366
89.0500 84.6700 251759.88 308.1508
89.0500 84.6900 252011.00 308.2651
89.0500 84.7100 252262.32 308.3794
89.0500 84.7300 252513.85 308.4938
89.0500 84.7500 252797.69 308.6082
89.0500 84.7700 253049.68 308.7227
89.0500 84.7900 253301.88 308.8372
89.0500 84.8100 253586.41 308.9517
89.0500 84.8300 253839.06 309.0664
89.0500 84.8500 254091.93 309.1811
89.0500 84.8700 254345.01 309.2958
89.0500 84.8900 254630.49 309.4106
89.0500 84.9100 254884.02 309.5254
89.0500 84.9300 255137.78 309.6403
89.0500 84.9500 255423.95 309.7552
89.0500 84.9700 255678.17 309.8702
89.0500 84.9900 255932.59 309.9852
89.0500 85.0100 256219.47 310.1003
89.0500 85.0300 256474.36 310.2155
89.0500 85.0500 256729.46 310.3307
89.0500 85.0700 256984.78 310.4459
89.0500 85.0900 257272.61 310.5612
89.0500 85.1100 257528.39 310.6766
89.0500 85.1300 257784.38 310.7920
89.0500 85.1500 258072.92 310.9074
89.0500 85.1700 258329.38 311.0229
89.0500 85.1900 258586.05 311.1385
89.0500 85.2100 258875.30 311.2541
89.0500 85.2300 259132.44 311.3698
89.0500 85.2500 259389.79 311.4855
89.0500 85.2700 259679.76 311.6013
89.0500 85.2900 259937.58 311.7171
89.0500 85.3100 260195.61 311.8330
89.0500 85.3300 260453.87 311.9489
89.0500 85.3500 260744.81 312.0649
89.0500 85.3700 261003.53 312.1809
89.0500 85.3900 261262.46 312.2970
89.0500 85.4100 261554.13 312.4131
89.0500 85.4300 261813.53 312.5293
89.0500 85.4500 262073.16 312.6456
89.0500 85.4700 262365.54 312.7619
89.0500 85.4900 262625.63 312.8782
89.0500 85.5100 262885.95 312.9946
89.0500 85.5300 263179.05 313.1111
89.0500 85.5500 263439.84 313.2276
89.0500 85.5700 263700.84 313.3442
89.0500 85.5900 263994.68 313.4608
89.0500 85.6100 264256.16 313.5775
89.0500 85.6300 264517.85 313.6942
89.0500 85.6500 264812.42 313.8110
89.0500 85.6700 265074.59 313.9278
89.0500 85.6900 265336.99 314.0447
89.0500 85.7100 265632.29 314.1616
89.0500 85.7300 265895.16 314.2786
89.0500 85.7500 266158.25 314.3957
89.0500 85.7700 266454.28 314.5128
89.0500 85.7900 266717.85 314.6299
89.0500 85.8100 266981.64 314.7471
89.0500 85.8300 267278.41 314.8644
89.0500 85.8500 267542.68 314.9817
89.0500 85.8700 267807.17 315.0991
89.0500 85.8900 268104.68 315.2165
89.0500 85.9100 268369.65 315.3340
89.0500 85.9300 268667.65 315.4516
89.0500 85.9500 268933.10 315.5692
89.0500 85.9700 269198.77 315.6868
89.0500 85.9900 269497.52 315.8045
89.0500 86.0100 269763.67 315.9223
89.0500 86.0300 270030.05 316.0401
89.0500 86.0500 270329.55 316.1580
89.0500 86.0700 270596.41 316.2759
89.0500 86.0900 270863.50 316.3939
89.0500 86.1100 271163.74 316.5119
89.0500 86.1300 271431.31 316.6300
89.0500 86.1500 271699.11 316.7481
89.0500 86.1700 272000.10 316.8663
89.0500 86.1900 272268.39 316.9846
89.0500 86.2100 272569.87 317.1029
89.0500 86.2300 272838.65 317.2213
89.0500 86.2500 273107.64 317.3397
89.0500 86.2700 273409.89 317.4582
89.0500 86.2900 273679.37 317.5767
89.0500 86.3100 273949.08 317.6953
89.0500 86.3300 274252.09 317.8139
89.0500 86.3500 274522.29 317.9326
89.0500 86.3700 274825.79 318.0514
89.0500 86.3900 275096.49 318.1702
89.0500 86.4100 275367.41 318.2891
89.0500 86.4300 275671.68 318.4080
89.0500 86.4500 275943.09 318.5270
89.0500 86.4700 276214.73 318.6460
89.0500 86.4900 276519.77 318.7651
89.0500 86.5100 276791.90 318.8842
89.0500 86.5300 277097.44 319.0034
89.0500 86.5500 277370.07 319.1227
89.0500 86.5700 277642.93 319.2420
89.0500 86.5900 277949.23 319.3614
89.0500 86.6100 278222.59 319.4808
89.0500 86.6300 278529.40 319.6003
89.0500 86.6500 278803.26 319.7199
89.0500 86.6700 279077.34 319.8395
89.0500 86.6900 279384.93 319.9591
89.0500 86.7100 279659.51 320.0789
89.0500 86.7300 279934.32 320.1986
89.0500 86.7500 280242.69 320.3185
89.0500 86.7700 280518.00 320.4384
89.0500 86.7900 280826.88 320.5583
89.0500 86.8100 281102.70 320.6783
89.0500 86.8300 281378.74 320.7984
89.0500 86.8500 281688.40 320.9185
89.0500 86.8700 281964.95 321.0387
89.0500 86.8900 282275.12 321.1589
89.0500 86.9100 282552.18 321.2792
89.0500 86.9300 282829.46 321.3995
89.0500 86.9500 283140.42 321.5200
89.0500 86.9700 283418.21 321.6404
89.0500 86.9900 283729.69 321.7609
89.0500 87.0100 284007.99 321.8815
89.0500 87.0300 284319.98 322.0022
89.0500 87.0500 284598.79 322.1229
89.0500 87.0700 284877.82 322.2436
89.0500 87.0900 285190.62 322.3644
89.0500 87.1100 285470.16 322.4853
89.0500 87.1300 285783.47 322.6062
89.0500 87.1500 286063.53 322.7272
89.0500 87.1700 286343.82 322.8483
89.0500 87.1900 286657.93 322.9694
89.0500 87.2100 286938.73 323.0906
89.0500 87.2300 287253.36 323.2118
89.0500 87.2500 287534.68 323.3331
89.0500 87.2700 287849.84 323.4544
89.0500 87.2900 288131.66 323.5758
89.0500 87.3100 288413.72 323.6973
89.0500 87.3300 288729.69 323.8188
89.0500 87.3500 289012.27 323.9404
89.0500 87.3700 289328.76 324.0620
89.0500 87.3900 289611.86 324.1837
89.0500 87.4100 289928.88 324.3055
89.0500 87.4300 290212.49 324.4273
89.0500 87.4500 290496.34 324.5492
89.0500 87.4700 290814.17 324.6711
89.0500 87.4900 291098.54 324.7931
89.0500 87.5100 291416.91 324.9152
89.0500 87.5300 291701.79 325.0373
89.0500 87.5500 292020.69 325.1595
89.0500 87.5700 292306.10 325.2817
89.0500 87.5900 292625.54 325.4040
89.0500 87.6100 292911.46 325.5264
89.0500 87.6300 293197.63 325.6488
89.0500 87.6500 293517.89 325.7713
89.0500 87.6700 293804.57 325.8938
89.0500 87.6900 294125.38 326.0164
89.0500 87.7100 294412.59 326.1391
89.0500 87.7300 294734.04 326.2618
89.0500 87.7500 295022.06 326.3846
89.0500 87.7700 295344.09 326.5074
89.0500 87.7900 295632.47 326.6304
89.0500 87.8100 295954.99 326.7533
89.0500 87.8300 296243.86 326.8763
89.0500 87.8500 296532.96 326.9994
89.0500 87.8700 296856.29 327.1226
89.0500 87.8900 297145.91 327.2458
89.0500 87.9100 297469.77 327.3691
89.0500 87.9300 297759.91 327.4924
89.0500 87.9500 298084.31 327.6158
89.0500 87.9700 298374.97 327.7393
89.0500 87.9900 298699.92 327.8628
89.0500 88.0100 298991.11 327.9864
89.0500 88.0300 299316.60 328.1100
89.0500 88.0500 299608.32 328.2337
89.0500 88.0700 299934.36 328.3575
89.0500 88.0900 300226.61 328.4813
89.0500 88.1100 300553.20 328.6052
89.0500 88.1300 300845.98 328.7291
89.0500 88.1500 301173.12 328.8531
89.0500 88.1700 301466.43 328.9772
89.0500 88.1900 301794.13 329.1014
89.0500 88.2100 302087.98 329.2256
89.0500 88.2300 302382.07 329.3498
89.0500 88.2500 302710.61 329.4742
89.0500 88.2700 303005.24 329.5985
89.0500 88.2900 303334.34 329.7230
89.0500 88.3100 303629.50 329.8475
89.0500 88.3300 303959.16 329.9721
89.0500 88.3500 304254.86 330.0967
89.0500 88.3700 304585.09 330.2214
89.0500 88.3900 304881.33 330.3462
89.0500 88.4100 305212.11 330.4710
89.0500 88.4300 305508.89 330.5959
89.0500 88.4500 305840.24 330.7209
89.0500 88.4700 306137.57 330.8459
89.0500 88.4900 306469.48 330.9710
89.0500 88.5100 306767.35 331.0961
89.0500 88.5300 307099.82 331.2213
89.0500 88.5500 307398.24 331.3466
89.0500 88.5700 307731.28 331.4719
89.0500 88.5900 308030.24 331.5973
89.0500 88.6100 308363.86 331.7228
89.0500 88.6300 308663.36 331.8483
89.0500 88.6500 308997.55 331.9739
89.0500 88.6700 309297.60 332.0996
89.0500 88.6900 309632.36 332.2253
89.0500 88.7100 309967.39 332.3511
89.0500 88.7300 310268.29 332.4769
89.0500 88.7500 310603.90 332.6029
89.0500 88.7700 310905.35 332.7288
89.0500 88.7900 311241.54 332.8549
89.0500 88.8100 311543.54 332.9810
89.0500 88.8300 311880.30 333.1072
89.0500 88.8500 312182.86 333.2334
89.0500 88.8700 312520.20 333.3597
89.0500 88.8900 312823.31 333.4861
89.0500 88.9100 313161.23 333.6125
89.0500 88.9300 313464.89 333.7390
89.0500 88.9500 313803.40 333.8656
89.0500 88.9700 314107.62 333.9922
89.0500 88.9900 314446.70 334.1189
89.0500 89.0100 314751.48 334.2457
89.0500 89.0300 315091.15 334.3725
89.0500 89.0500 315396.49 334.4994
89.0500 89.0700 315736.75 334.6263
89.0500 89.0900 316077.29 334.7534
89.0500 89.1100 316383.49 334.8805
89.0500 89.1300 316724.62 335.0076
89.0500 89.1500 317031.38 335.1348
89.0500 89.1700 317373.10 335.2621
89.0500 89.1900 317680.42 335.3895
89.0500 89.2100 318022.73 335.5169
89.0500 89.2300 318330.61 335.6444
89.0500 89.2500 318673.52 335.7719
89.0500 89.2700 318981.96 335.8996
89.0500 89.2900 319325.46 336.0272
89.0500 89.3100 319669.25 336.1550
89.0500 89.3300 319978.57 336.2828
89.0500 89.3500 320322.95 336.4107
89.0500 89.3700 320632.84 336.5387
89.0500 89.3900 320977.82 336.6667
89.0500 89.4100 321288.28 336.7948
89.0500 89.4300 321633.86 336.9229
89.0500 89.4500 321979.73 337.0512
89.0500 89.4700 322291.07 337.1795
89.0500 89.4900 322637.54 337.3078
89.0500 89.5100 322949.45 337.4362
89.0500 89.5300 323296.53 337.5647
89.0500 89.5500 323609.01 337.6933
89.0500 89.5700 323956.69 337.8219
89.0500 89.5900 324304.66 337.9506
89.0500 89.6100 324618.03 338.0794
89.0500 89.6300 324966.60 338.2082
89.0500 89.6500 325280.55 338.3371
89.0500 89.6700 325629.74 338.4661
89.0500 89.6900 325944.25 338.5951
89.0500 89.7100 326294.05 338.7242
89.0500 89.7300 326644.14 338.8534
89.0500 89.7500 326959.56 338.9827
89.0500 89.7700 327310.26 339.1120
89.0500 89.7900 327626.25 339.2414
89.0500 89.8100 327977.57 339.3708
89.0500 89.8300 328329.19 339.5003
89.0500 89.8500 328646.08 339.6299
89.0500 89.8700 328998.31 339.7596
89.0500 89.8900 329315.78 339.8893
89.0500 89.9100 329668.63 340.0191
89.0500 89.9300 329986.68 340.1490
89.0500 89.9500 330340.15 340.2789
89.0500 89.9700 330693.92 340.4089
89.0500 89.9900 331012.88 340.5390
89.0500 90.0100 331367.27 340.6691
89.0500 90.0300 331686.81 340.7994
89.0500 90.0500 332041.82 340.9296
89.0500 90.0700 332397.14 341.0600
89.0500 90.0900 332717.59 341.1904
89.0500 90.1100 333073.53 341.3209
89.0500 90.1300 333429.78 341.4515
89.0500 90.1500 333751.14 341.5821
89.0500 90.1700 334108.01 341.7128
89.0500 90.1900 334429.97 341.8436
89.0500 90.2100 334787.47 341.9745
89.0500 90.2300 335145.28 342.1054
89.0500 90.2500 335468.15 342.2364
89.0500 90.2700 335826.59 342.3674
89.0500 90.2900 336150.05 342.4986
89.0500 90.3100 336509.12 342.6298
89.0500 90.3300 336868.50 342.7610
89.0500 90.3500 337192.88 342.8924
89.0500 90.3700 337552.90 343.0238
89.0500 90.3900 337913.22 343.1553
89.0500 90.4100 338238.53 343.2869
89.0500 90.4300 338599.49 343.4185
89.0500 90.4500 338960.76 343.5502
89.0500 90.4700 339287.00 343.6820
89.0500 90.4900 339648.91 343.8138
89.0500 90.5100 339975.74 343.9457
89.0500 90.5300 340338.30 344.0777
89.0500 90.5500 340701.17 344.2098
89.0500 90.5700 341028.93 344.3419
89.0500 90.5900 341392.44 344.4741
89.0500 90.6100 341756.27 344.6064
89.0500 90.6300 342084.96 344.7388
89.0500 90.6500 342449.43 344.8712
89.0500 90.6700 342814.22 345.0037
89.0500 90.6900 343143.85 345.1363
89.0500 90.7100 343509.29 345.2689
89.0500 90.7300 343875.04 345.4016
89.0500 90.7500 344205.62 345.5344
89.0500 90.7700 344572.02 345.6673
89.0500 90.7900 344938.74 345.8002
89.0500 90.8100 345270.26 345.9333
89.0500 90.8300 345637.64 346.0663
89.0500 90.8500 345969.75 346.1995
89.0500 90.8700 346337.79 346.3327
89.0500 90.8900 346706.14 346.4660
89.0500 90.9100 347039.21 346.5994
89.0500 90.9300 347408.22 346.7329
89.0500 90.9500 347777.55 346.8664
89.0500 90.9700 348111.57 347.0000
89.0500 90.9900 348481.56 347.1337
89.0500 91.0100 348851.88 347.2674
89.0500 91.0300 349222.52 347.4013
89.0500 91.0500 349557.83 347.5352
89.0500 91.0700 349929.13 347.6691
89.0500 91.0900 350300.76 347.8032
89.0500 91.1100 350637.02 347.9373
89.0500 91.1300 351009.32 348.0715
89.0500 91.1500 351381.94 348.2058
89.0500 91.1700 351719.16 348.3401
89.0500 91.1900 352092.45 348.4746
89.0500 91.2100 352466.06 348.6091
89.0500 91.2300 352804.25 348.7437
89.0500 91.2500 353178.54 348.8783
89.0500 91.2700 353553.15 349.0130
89.0500 91.2900 353892.30 349.1478
89.0500 91.3100 354267.59 349.2827
89.0500 91.3300 354643.21 349.4177
89.0500 91.3500 355019.16 349.5527
89.0500 91.3700 355359.62 349.6878
89.0500 91.3900 355736.25 349.8230
89.0500 91.4100 356113.21 349.9583
89.0500 91.4300 356454.64 350.0936
89.0500 91.4500 356832.28 350.2290
89.0500 91.4700 357210.25 350.3645
89.0500 91.4900 357588.56 350.5001
89.0500 91.5100 357931.31 350.6357
89.0500 91.5300 358310.30 350.7715
89.0500 91.5500 358689.63 350.9072
89.0500 91.5700 359033.36 351.0431
89.0500 91.5900 359413.37 351.1791
89.0500 91.6100 359793.71 351.3151
89.0500 91.6300 360174.40 351.4512
89.0500 91.6500 360519.46 351.5874
89.0500 91.6700 360900.84 351.7237
89.0500 91.6900 361282.54 351.8600
89.0500 91.7100 361628.59 351.9964
89.0500 91.7300 362011.00 352.1329
89.0500 91.7500 362393.74 352.2695
89.0500 91.7700 362776.82 352.4062
89.0500 91.7900 363124.21 352.5429
89.0500 91.8100 363507.99 352.6797
89.0500 91.8300 363892.11 352.8166
89.0500 91.8500 364276.57 352.9536
89.0500 91.8700 364625.30 353.0906
89.0500 91.8900 365010.46 353.2277
89.0500 91.9100 365395.96 353.3649
89.0500 91.9300 365781.81 353.5022
89.0500 91.9500 366131.90 353.6396
89.0500 91.9700 366518.45 353.7770
89.0500 91.9900 366905.34 353.9146
89.0500 92.0100 367292.58 354.0522
89.0500 92.0300 367644.03 354.1898
89.0500 92.0500 368031.98 354.3276
89.0500 92.0700 368420.27 354.4654
89.0500 92.0900 368808.91 354.6034
89.0500 92.1100 369161.72 354.7414
89.0500 92.1300 369551.07 354.8794
89.0500 92.1500 369940.77 355.0176
89.0500 92.1700 370330.82 355.1558
89.0500 92.1900 370684.99 355.2942
89.0500 92.2100 371075.75 355.4326
89.0500 92.2300 371466.87 355.5711
89.0500 92.2500 371858.33 355.7096
89.0500 92.2700 372213.88 355.8483
89.0500 92.2900 372606.06 355.9870
89.0500 92.3100 372998.60 356.1258
89.0500 92.3300 373391.49 356.2647
89.0500 92.3500 373784.73 356.4036
89.0500 92.3700 374142.02 356.5427
89.0500 92.3900 374535.98 356.6818
89.0500 92.4100 374930.30 356.8211
89.0500 92.4300 375324.98 356.9603
89.0500 92.4500 375683.65 357.0997
89.0500 92.4700 376079.05 357.2392
89.0500 92.4900 376474.81 357.3787
89.0500 92.5100 376870.93 357.5184
89.0500 92.5300 377267.40 357.6581
89.0500 92.5500 377627.84 357.7978
89.0500 92.5700 378025.04 357.9377
89.0500 92.5900 378422.60 358.0777
89.0500 92.6100 378820.53 358.2177
89.0500 92.6300 379218.81 358.3578
89.0500 92.6500 379581.01 358.4980
89.0500 92.6700 379980.03 358.6383
89.0500 92.6900 380379.42 358.7787
89.0500 92.7100 380779.16 358.9191
89.0500 92.7300 381179.27 359.0597
89.0500 92.7500 381579.74 359.2003
89.0500 92.7700 381944.09 359.3410
89.0500 92.7900 382345.30 359.4818
89.0500 92.8100 382746.88 359.6227
89.0500 92.8300 383148.83 359.7636
89.0500 92.8500 383551.14 359.9047
89.0500 92.8700 383917.27 360.0458
89.0500 92.8900 384320.33 360.1870
89.0500 92.9100 384723.75 360.3283
89.0500 92.9300 385127.54 360.4697
89.0500 92.9500 385531.70 360.6111
89.0500 92.9700 385936.23 360.7527
89.0500 92.9900 386304.54 360.8943
89.0500 93.0100 386709.82 361.0360
89.0500 93.0300 387115.47 361.1778
89.0500 93.0500 387521.50 361.3197
89.0500 93.0700 387927.89 361.4617
89.0500 93.0900 388334.66 361.6037
89.0500 93.1100 388705.16 361.7459
89.0500 93.1300 389112.68 361.8881
89.0500 93.1500 389520.58 362.0304
89.0500 93.1700 389928.85 362.1728
89.0500 93.1900 390337.50 362.3153
89.0500 93.2100 390746.53 362.4579
89.0500 93.2300 391155.93 362.6005
89.0500 93.2500 391529.00 362.7433
89.0500 93.2700 391939.17 362.8861
89.0500 93.2900 392349.71 363.0291
89.0500 93.3100 392760.63 363.1721
89.0500 93.3300 393171.93 363.3152
89.0500 93.3500 393583.61 363.4583
89.0500 93.3700 393995.67 363.6016
89.0500 93.3900 394371.34 363.7450
89.0500 93.4100 394784.17 363.8884
89.0500 93.4300 395197.37 364.0319
89.0500 93.4500 395610.97 364.1756
89.0500 93.4700 396024.94 364.3193
89.0500 93.4900 396439.30 364.4631
89.0500 93.5100 396854.04 364.6069
89.0500 93.5300 397269.17 364.7509
89.0500 93.5500 397647.85 364.8950
89.0500 93.5700 398063.75 365.0391
89.0500 93.5900 398480.04 365.1834
89.0500 93.6100 398896.72 365.3277
89.0500 93.6300 399313.78 365.4721
89.0500 93.6500 399731.23 365.6166
89.0500 93.6700 400149.07 365.7612
89.0500 93.6900 400567.30 365.9059
89.0500 93.7100 400985.92 366.0506
89.0500 93.7300 401368.01 366.1955
89.0500 93.7500 401787.42 366.3404
89.0500 93.7700 402207.21 366.4855
89.0500 93.7900 402627.40 366.6306
89.0500 93.8100 403047.97 366.7758
89.0500 93.8300 403468.94 366.9211
89.0500 93.8500 403890.31 367.0665
89.0500 93.8700 404312.07 367.2120
89.0500 93.8900 404734.22 367.3576
89.0500 93.9100 405156.77 367.5033
89.0500 93.9300 405542.70 367.6490
89.0500 93.9500 405966.04 367.7949
89.0500 93.9700 406389.78 367.9408
89.0500 93.9900 406813.92 368.0869
89.0500 94.0100 407238.45 368.2330
89.0500 94.0300 407663.38 368.3792
89.0500 94.0500 408088.71 368.5255
89.0500 94.0700 408514.44 368.6719
89.0500 94.0900 408940.57 368.8184
89.0500 94.1100 409367.10 368.9650
89.0500 94.1300 409794.03 369.1117
89.0500 94.1500 410221.37 369.2584
89.0500 94.1700 410649.10 369.4053
89.0500 94.1900 411077.24 369.5522
89.0500 94.2100 411468.66 369.6993
89.0500 94.2300 411897.61 369.8464
89.0500 94.2500 412326.95 369.9936
89.0500 94.2700 412756.71 370.1410
89.0500 94.2900 413186.87 370.2884
89.0500 94.3100 413617.43 370.4359
89.0500 94.3300 414048.41 370.5835
89.0500 94.3500 414479.79 370.7312
89.0500 94.3700 414911.58 370.8790
89.0500 94.3900 415343.77 371.0269
89.0500 94.4100 415776.38 371.1748
89.0500 94.4300 416209.39 371.3229
89.0500 94.4500 416642.82 371.4711
89.0500 94.4700 417076.66 371.6193
89.0500 94.4900 417510.90 371.7677
89.0500 94.5100 417945.56 371.9161
89.0500 94.5300 418380.64 372.0647
89.0500 94.5500 418816.12 372.2133
89.0500 94.5700 419252.02 372.3620
89.0500 94.5900 419688.34 372.5109
89.0500 94.6100 420125.06 372.6598
89.0500 94.6300 420562.21 372.8088
89.0500 94.6500 420999.77 372.9579
89.0500 94.6700 421437.74 373.1071
89.0500 94.6900 421876.14 373.2564
89.0500 94.7100 422314.95 373.4058
89.0500 94.7300 422754.18 373.5553
89.0500 94.7500 423193.83 373.7049
89.0500 94.7700 423633.89 373.8546
89.0500 94.7900 424074.38 374.0044
89.0500 94.8100 424515.29 374.1543
89.0500 94.8300 424956.62 374.3042
89.0500 94.8500 425398.37 374.4543
89.0500 94.8700 425840.55 374.6045
89.0500 94.8900 426283.14 374.7547
89.0500 94.9100 426726.16 374.9051
89.0500 94.9300 427169.61 375.0556
89.0500 94.9500 427613.48 375.2061
89.0500 94.9700 428057.77 375.3568
89.0500 94.9900 428502.49 375.5076
89.0500 95.0100 428947.64 375.6584
89.0500 95.0300 429393.21 375.8094
89.0500 95.0500 429839.21 375.9604
89.0500 95.0700 430285.64 376.1116
89.0500 95.0900 430732.50 376.2628
89.0500 95.1100 431179.78 376.4142
89.0500 95.1300 431627.50 376.5656
89.0500 95.1500 432075.65 376.7171
89.0500 95.1700 432524.23 376.8688
89.0500 95.1900 432973.24 377.0205
89.0500 95.2100 433422.68 377.1724
89.0500 95.2300 433872.55 377.3243
89.0500 95.2500 434322.86 377.4764
89.0500 95.2700 434773.60 377.6285
89.0500 95.2900 435224.78 377.7807
89.0500 95.3100 435676.39 377.9331
89.0500 95.3300 436128.44 378.0855
89.0500 95.3500 436580.92 378.2381
89.0500 95.3700 437033.84 378.3907
89.0500 95.3900 437487.20 378.5434
89.0500 95.4100 437940.99 378.6963
89.0500 95.4300 438395.23 378.8492
89.0500 95.4500 438887.50 379.0023
89.0500 95.4700 439342.63 379.1554
89.0500 95.4900 439798.20 379.3087
89.0500 95.5100 440254.20 379.4620
89.0500 95.5300 440710.65 379.6155
89.0500 95.5500 441167.55 379.7690
89.0500 95.5700 441624.88 379.9227
89.0500 95.5900 442082.66 380.0764
89.0500 95.6100 442540.88 380.2303
89.0500 95.6300 442999.55 380.3843
89.0500 95.6500 443458.66 380.5383
89.0500 95.6700 443918.22 380.6925
89.0500 95.6900 444378.22 380.8468
89.0500 95.7100 444876.36 381.0011
89.0500 95.7300 445337.28 381.1556
89.0500 95.7500 445798.64 381.3102
89.0500 95.7700 446260.45 381.4649
89.0500 95.7900 446722.71 381.6197
89.0500 95.8100 447185.42 381.7746
89.0500 95.8300 447648.58 381.9296
89.0500 95.8500 448112.20 382.0847
89.0500 95.8700 448576.26 382.2399
89.0500 95.8900 449040.78 382.3952
89.0500 95.9100 449543.51 382.5506
89.0500 95.9300 450008.95 382.7061
89.0500 95.9500 450474.84 382.8617
89.0500 95.9700 450941.20 383.0175
89.0500 95.9900 451408.00 383.1733
89.0500 96.0100 451875.26 383.3292
89.0500 96.0300 452342.98 383.4853
89.0500 96.0500 452811.16 383.6414
89.0500 96.0700 453279.79 383.7977
89.0500 96.0900 453786.71 383.9540
89.0500 96.1100 454256.28 384.1105
89.0500 96.1300 454726.31 384.2671
89.0500 96.1500 455196.81 384.4238
89.0500 96.1700 455667.76 384.5806
89.0500 96.1900 456139.17 384.7374
89.0500 96.2100 456611.05 384.8944
89.0500 96.2300 457121.25 385.0515
89.0500 96.2500 457594.08 385.2088
89.0500 96.2700 458067.36 385.3661
89.0500 96.2900 458541.12 385.5235
89.0500 96.3100 459015.34 385.6811
89.0500 96.3300 459490.02 385.8387
89.0500 96.3500 459965.17 385.9965
89.0500 96.3700 460478.70 386.1543
89.0500 96.3900 460954.81 386.3123
89.0500 96.4100 461431.39 386.4704
89.0500 96.4300 461908.43 386.6286
89.0500 96.4500 462385.95 386.7869
89.0500 96.4700 462863.93 386.9453
89.0500 96.4900 463380.34 387.1038
89.0500 96.5100 463859.29 387.2624
89.0500 96.5300 464338.71 387.4212
89.0500 96.5500 464818.61 387.5800
89.0500 96.5700 465298.98 387.7390
89.0500 96.5900 465779.82 387.8980
89.0500 96.6100 466299.14 388.0572
89.0500 96.6300 466780.95 388.2165
89.0500 96.6500 467263.25 388.3759
89.0500 96.6700 467746.02 388.5354
89.0500 96.6900 468229.26 388.6950
89.0500 96.7100 468751.01 388.8547
89.0500 96.7300 469235.24 389.0146
89.0500 96.7500 469719.95 389.1745
89.0500 96.7700 470205.14 389.3346
89.0500 96.7900 470690.81 389.4948
89.0500 96.8100 471215.01 389.6551
89.0500 96.8300 471701.67 389.8155
89.0500 96.8500 472188.81 389.9760
89.0500 96.8700 472676.43 390.1366
89.0500 96.8900 473164.54 390.2973
89.0500 96.9100 473691.22 390.4582
89.0500 96.9300 474180.32 390.6192
89.0500 96.9500 474669.91 390.7802
89.0500 96.9700 475159.99 390.9414
89.0500 96.9900 475688.65 391.1027
89.0500 97.0100 476179.73 391.2642
89.0500 97.0300 476671.29 391.4257
89.0500 97.0500 477163.35 391.5873
89.0500 97.0700 477655.89 391.7491
89.0500 97.0900 478187.07 391.9110
89.0500 97.1100 478680.62 392.0730
89.0500 97.1300 479174.67 392.2351
89.0500 97.1500 479669.21 392.3973
89.0500 97.1700 480202.40 392.5596
89.0500 97.1900 480697.95 392.7221
89.0500 97.2100 481194.00 392.8846
89.0500 97.2300 481690.54 393.0473
89.0500 97.2500 482225.77 393.2101
89.0500 97.2700 482723.33 393.3730
89.0500 97.2900 483221.39 393.5360
89.0500 97.3100 483719.95 393.6992
89.0500 97.3300 484257.22 393.8624
89.0500 97.3500 484756.80 394.0258
89.0500 97.3700 485256.89 394.1893
89.0500 97.3900 485795.68 394.3529
89.0500 97.4100 486296.80 394.5167
89.0500 97.4300 486798.42 394.6805
89.0500 97.4500 487300.54 394.8445
89.0500 97.4700 487841.40 395.0085
89.0500 97.4900 488344.56 395.1727
89.0500 97.5100 488848.23 395.3371
89.0500 97.5300 489390.64 395.5015
89.0500 97.5500 489895.34 395.6661
89.0500 97.5700 490400.56 395.8307
89.0500 97.5900 490906.27 395.9955
89.0500 97.6100 491450.78 396.1604
89.0500 97.6300 491957.55 396.3255
89.0500 97.6500 492464.82 396.4906
89.0500 97.6700 493010.90 396.6559
89.0500 97.6900 493519.23 396.8213
89.0500 97.7100 494028.07 396.9868
89.0500 97.7300 494575.72 397.1524
89.0500 97.7500 495085.62 397.3182
89.0500 97.7700 495596.03 397.4840
89.0500 97.7900 496145.26 397.6500
89.0500 97.8100 496656.74 397.8161
89.0500 97.8300 497168.73 397.9824
89.0500 97.8500 497681.23 398.1487
89.0500 97.8700 498232.61 398.3152
89.0500 97.8900 498746.18 398.4818
89.0500 97.9100 499260.27 398.6485
89.0500 97.9300 499813.26 398.8154
89.0500 97.9500 500328.42 398.9823
89.0500 97.9700 500844.10 399.1494
89.0500 97.9900 501398.70 399.3166
89.0500 98.0100 501915.46 399.4840
89.0500 98.0300 502471.11 399.6514
89.0500 98.0500 502988.96 399.8190
89.0500 98.0700 503507.33 399.9867
89.0500 98.0900 504064.61 400.1545
89.0500 98.1100 504584.06 400.3225
89.0500 98.1300 505104.04 400.4905
89.0500 98.1500 505662.95 400.6587
89.0500 98.1700 506184.03 400.8271
89.0500 98.1900 506705.62 400.9955
89.0500 98.2100 507266.18 401.1641
89.0500 98.2300 507788.88 401.3328
89.0500 98.2500 508350.52 401.5016
89.0500 98.2700 508874.31 401.6706
89.0500 98.2900 509398.63 401.8396
89.0500 98.3100 509961.94 402.0088
89.0500 98.3300 510487.36 402.1782
89.0500 98.3500 511013.32 402.3476
89.0500 98.3700 511578.29 402.5172
89.0500 98.3900 512105.36 402.6869
89.0500 98.4100 512671.43 402.8567
89.0500 98.4300 513199.61 403.0267
89.0500 98.4500 513728.32 403.1968
89.0500 98.4700 514296.08 403.3670
89.0500 98.4900 514825.91 403.5373
89.0500 98.5100 515394.77 403.7078
89.0500 98.5300 515925.72 403.8784
89.0500 98.5500 516457.21 404.0491
89.0500 98.5700 517027.78 404.2200
89.0500 98.5900 517560.39 404.3910
89.0500 98.6100 518132.07 404.5621
89.0500 98.6300 518665.82 404.7333
89.0500 98.6500 519238.61 404.9047
89.0500 98.6700 519773.49 405.0762
89.0500 98.6900 520308.91 405.2478
89.0500 98.7100 520883.44 405.4196
89.0500 98.7300 521419.99 405.5915
89.0500 98.7500 521995.65 405.7635
89.0500 98.7700 522533.35 405.9356
89.0500 98.7900 523110.14 406.1079
89.0500 98.8100 523648.98 406.2803
89.0500 98.8300 524226.91 406.4529
89.0500 98.8500 524766.90 406.6256
89.0500 98.8700 525307.44 406.7983
89.0500 98.8900 525887.12 406.9713
89.0500 98.9100 526428.81 407.1444
89.0500 98.9300 527009.64 407.3176
89.0500 98.9500 527552.49 407.4909
89.0500 98.9700 528134.48 407.6644
89.0500 98.9900 528678.48 407.8380
89.0500 99.0100 529261.63 408.0117
89.0500 99.0300 529806.79 408.1856
89.0500 99.0500 530391.11 408.3596
89.0500 99.0700 530937.44 408.5337
89.0500 99.0900 531522.93 408.7080
89.0500 99.1100 532070.43 408.8824
89.0500 99.1300 532657.09 409.0569
89.0500 99.1500 533205.76 409.2316
89.0500 99.1700 533793.59 409.4064
89.0500 99.1900 534343.44 409.5814
89.0500 99.2100 534932.46 409.7564
89.0500 99.2300 535483.48 409.9317
89.0500 99.2500 536073.69 410.1070
89.0500 99.2700 536625.90 410.2825
89.0500 99.2900 537217.30 410.4581
89.0500 99.3100 537770.69 410.6339
89.0500 99.3300 538363.28 410.8098
89.0500 99.3500 538917.86 410.9858
89.0500 99.3700 539511.66 411.1620
89.0500 99.3900 540067.43 411.3383
89.0500 99.4100 540662.43 411.5147
89.0500 99.4300 541219.39 411.6913
89.0500 99.4500 541815.60 411.8680
89.0500 99.4700 542373.76 412.0449
89.0500 99.4900 542971.19 412.2219
89.0500 99.5100 543530.55 412.3990
89.0500 99.5300 544129.20 412.5763
89.0500 99.5500 544728.43 412.7537
89.0500 99.5700 545289.63 412.9313
89.0500 99.5900 545890.09 413.1089
89.0500 99.6100 546452.49 413.2868
89.0500 99.6300 547054.18 413.4648
89.0500 99.6500 547617.80 413.6429
89.0500 99.6700 548220.73 413.8211
89.0500 99.6900 548785.56 413.9995
89.0500 99.7100 549389.73 414.1781
89.0500 99.7300 549994.48 414.3567
89.0500 99.7500 550561.18 414.5356
89.0500 99.7700 551167.19 414.7145
89.0500 99.7900 551735.11 414.8936
89.0500 99.8100 552342.37 415.0729
89.0500 99.8300 552950.23 415.2522
89.0500 99.8500 553520.03 415.4318
89.0500 99.8700 554129.15 415.6115
89.0500 99.8900 554700.18 415.7913
89.0500 99.9100 555310.56 415.9712
89.0500 99.9300 555921.55 416.1513
