# ****************************************************************************
# CUI
#
# The Advanced Framework for Simulation, Integration, and Modeling (AFSIM)
#
# The use, dissemination or disclosure of data in this file is subject to
# limitation or restriction. See accompanying README and LICENSE for details.
# ****************************************************************************

# ##################################################################################################
# 
# This file was auto-generated by AFSIM Mover Creator 2.5.0.200324
# 
# Creation Date:  24 Mar 2020
# 
# ##################################################################################################

regular_table

independent_variable mach precision double
0.10000000000000001 0.5 0.70000000000000007 0.75 0.80000000000000004 
end_independent_variable

independent_variable surface_angle units deg
-25 -22 -20 -18 -16 -14 -12 -10 -9 -8 -7 -6 -5 -4 -3 -2 -1 0 1 2 3 4 5 6 7 8 9 10 12 14 16 18 20 22 24 25 
end_independent_variable

dependent_variable precision double
-0.0012229491841788233 -0.0009602791974457572 -0.00080311587454681157 -0.00066020535582540091 -0.00053146283928496847 -0.00041679742375007355 -0.00031610943084991864 -0.00022929338174048451 -0.00019105425023708712 -0.00015624405108010661 -0.0001248508325340545 -9.6863530272562362e-05 -7.2272157494370601e-05 -5.1067976077436708e-05 -3.3243647564131773e-05 -1.879336399764268e-05 -7.7129590000686334e-06 0 -8.2324693365239925e-06 -1.9840128120818415e-05 -3.4828904490458455e-05 -5.3206404593070017e-05 -7.4981809819862325e-05 -0.0001001657545930305 -0.00012877018390162242 -0.00016080819028626748 -0.00019629383057596188 -0.00023524192382822165 -0.00032358723577079602 -0.00042596940021596513 -0.00054251144194349859 -0.00067332818506174994 -0.00081852382489256271 -0.00097819573380293298 -0.0011524467406120273 -0.0012450780385129046 -0.0017026301259417636 -0.0013291498372533016 -0.0011066715293565079 -0.0009051284376227456 -0.00072430358097513826 -0.00056398359396914069 -0.00042395765196025898 -0.0003040218975450214 -0.00025152782147929662 -0.00020398677518484768 -0.00016137864126441434 -0.00012368519504577847 -9.0890318312450243e-05 -6.2980191243135948e-05 -3.9943460663224242e-05 -2.1771385028596295e-05 -8.4579563932246957e-06 0 -8.9758613315190443e-06 -2.2816769009646316e-05 -4.1531218800425348e-05 -6.5130480392163354e-05 -9.3628485260104931e-05 -0.00012704169189568394 -0.00016538892739449457 -0.00020869120520180962 -0.00025697151954372222 -0.00031025461758569329 -0.00043193542278963879 -0.00057395696997002642 -0.00073655406313583201 -0.00091996567193211132 -0.0011244309971790766 -0.0013501916138405103 -0.0015975019488279523 -0.001729325818115717 -0.0025638306763090444 -0.0019914005649505277 -0.0016516557007973487 -0.0013448441275282635 -0.0010705115084113338 -0.00082822456268474213 -0.00061757287497658461 -0.00043817592461027312 -0.00036008959171692439 -0.00028969272173457811 -0.00022695053426893214 -0.00017183194646368428 -0.00012430983003776315 -8.4361239575106228e-05 -5.1967612539739226e-05 -2.7114939326313026e-05 -9.7939044852340831e-06 0 -1.0312219646272572e-05 -2.816442321989162e-05 -5.3569715711866591e-05 -8.6545943451297547e-05 -0.00012711556534535356 -0.00017530549539694499 -0.00023114691542884945 -0.00029467505873348113 -0.00036592896390899658 -0.00044495120122538907 -0.00062648680097243507 -0.0008396812693889429 -0.0010849700720028989 -0.0013628150388745571 -0.0016736977255241276 -0.0020181185770226429 -0.0023966041741605775 -0.0025987966457383096 -0.0029649430786721728 -0.0022998501167800492 -0.001905487199348014 -0.0015496458000752254 -0.0012317610309130758 -0.0009512971830522018 -0.00070775087904057779 -0.00050065931529579661 -0.00041065315009436448 -0.00032961096939600757 -0.00025749116324595602 -0.00019425666001786536 -0.00013987520316875886 -9.4319597150020339e-05 -5.7567921493723266e-05 -2.9603712858756055e-05 -1.0416115384303115e-05 0 -1.0934662410050713e-05 -3.0655187859016934e-05 -5.9176828109187116e-05 -9.6520492632335767e-05 -0.00014271261205357546 -0.00019778497005074942 -0.00026177450287953109 -0.00033472306685831916 -0.00041667717328485278 -0.00050768769372668389 -0.00071710130597564059 -0.00096344531699607387 -0.0012472486528165125 -0.001569076941783481 -0.0019295246185964151 -0.0023292126989306501 -0.002768794522102483 -0.0030037618906982749 -0.0035173606322387329 -0.002724651091355443 -0.0022550674259993568 -0.0018317014652435069 -0.0014538360680694229 -0.0011207944602506055 -0.00083194523546091059 -0.00058671226883777287 -0.00048028994754976257 -0.00038458689983249884 -0.00029955211000756168 -0.00022514025877770651 -0.00016131202693883058 -0.00010803436538703828 -6.5280729156185421e-05 -3.3031275595110321e-05 -1.1273027331175053e-05 0 -1.1791905100453793e-05 -3.4085515560459731e-05 -6.6899039688345612e-05 -0.00011025760563163372 -0.0001641931138778645 -0.00022874405468829853 -0.00030395528940116022 -0.00038987779543773777 -0.00048656837597121677 -0.00059408933515489831 -0.00084189695116004078 -0.0011338949918613865 -0.0014707410974016477 -0.0018531438493638085 -0.0022818531406417486 -0.0027576560385200052 -0.0032813804553811993 -0.0035614858790594698 
end_dependent_variable

end_regular_table
