# ****************************************************************************
# CUI
#
# The Advanced Framework for Simulation, Integration, and Modeling (AFSIM)
#
# The use, dissemination or disclosure of data in this file is subject to
# limitation or restriction. See accompanying README and LICENSE for details.
# ****************************************************************************

# ##################################################################################################
# 
# This file was auto-generated by AFSIM Mover Creator 2.5.0.200324
# 
# Creation Date:  24 Mar 2020
# 
# ##################################################################################################

regular_table

independent_variable mach precision double
0.10000000000000001 0.5 0.70000000000000007 0.75 0.80000000000000004 0.84999999999999998 0.90000000000000002 0.92000000000000004 0.94000000000000006 0.95999999999999996 0.97999999999999998 1 1.02 1.04 1.0600000000000001 1.0800000000000001 1.1000000000000001 1.2 1.3 1.4000000000000001 1.5 1.75 2 
end_independent_variable

independent_variable surface_angle units deg
-20 -16 -14 -12 -10 -9 -8 -7 -6 -5 -4 -3 -2 -1 0 1 2 3 4 5 6 7 8 9 10 12 14 16 18 20 
end_independent_variable

dependent_variable precision double
-0.73213679370650397 -0.67146700558172445 -0.62007341489722156 -0.53576244365434922 -0.5946396037187528 -0.54489889262542301 -0.1930656773804702 -0.15215285799769976 -0.11601174245583823 -0.085487896594345789 -0.059953617738477578 -0.038803571768269457 -0.021793174135763722 -0.0088402865990332789 0 0.0046136172520662398 0.0049258099692732673 0.00089123479228329753 -0.0073930143052032765 -0.019661906365791106 -0.035286257336241335 -0.053610697500641284 -0.07545947191847438 -0.40661997913197162 -0.44025588697922385 -0.36308033117792515 -0.42630424415436013 -0.45594718487097036 -0.47822392112598205 -0.47923565768622783 -0.73214837547409961 -0.67147679897829715 -0.62008212403339347 -0.53576981646134558 -0.59464603404007987 -0.54490540172289359 -0.19307101555261874 -0.15215754854585159 -0.11601557375981007 -0.085490965105608566 -0.059955959514699224 -0.0388053105181363 -0.021794351442809237 -0.0088408916906105393 0 0.0046142075754423001 0.0049269924951917763 0.00089301800955281967 -0.0073906746128097056 -0.019659137144335589 -0.035283095648094627 -0.053607242476481819 -0.075455498876982219 -0.4066153738347148 -0.44024993541739693 -0.36307330785866582 -0.42629632530998562 -0.45593833462986882 -0.47821407980136355 -0.47922513048448295 -0.73214920104212933 -0.67147749795377132 -0.62008274583280643 -0.53577034247908961 -0.59464649244504508 -0.54490586637934302 -0.19307139726526859 -0.15215788333515853 -0.1160158470389776 -0.085491184261062975 -0.059956126555846152 -0.038805434524512364 -0.021794435493642527 -0.008840934916088887 0 0.0046142497450524051 0.004927076946045634 0.00089314538354390023 -0.0073905077763244545 -0.01965893916206286 -0.035282870073705515 -0.053606995580066145 -0.075455214806562129 -0.40661504488756861 -0.44024951057694811 -0.36307280632590161 -0.4262957588808613 -0.45593770375091902 -0.47821337732803493 -0.47922437829697023 -0.73214934110514496 -0.67147761334575107 -0.62008284983815409 -0.53577043063245933 -0.59464656941644467 -0.5449059444484734 -0.19307146031967345 -0.15215793917058759 -0.11601589293901207 -0.085491221397856171 -0.059956154268898991 -0.038805455502335176 -0.021794449750189512 -0.0088409421699502336 0 0.0046142568570459912 0.0049270910351421494 0.00089316657533119808 -0.0073904795330117963 -0.019658906109200579 -0.035282832192688005 -0.053606954461672879 -0.07545516732505099 -0.40661499009405361 -0.44024944041520103 -0.36307272234018795 -0.42629566629935683 -0.45593759840596759 -0.47821325873589077 -0.47922425378824274 -0.73214946293466499 -0.6714777166068745 -0.62008294067073155 -0.53577050777130941 -0.59464663611754875 -0.54490601154029517 -0.19307151574577916 -0.15215798808473055 -0.11601593314573058 -0.085491252804122161 -0.059956178818998507 -0.038805473596288775 -0.021794461708943936 -0.0088409486795872679 0 0.0046142629643367563 0.0049271033474031197 0.00089318512512218682 -0.0073904552340879953 -0.01965887752168418 -0.035282799744507987 -0.053606918404004951 -0.075455125834545583 -0.40661494251951452 -0.44024937769569716 -0.36307264936899414 -0.42629558294623393 -0.45593750504302771 -0.47821315740975068 -0.47922414327093243 -0.74707733039152313 -0.68156606077294346 -0.62820975637110021 -0.54208220007790997 -0.59927153073551254 -0.54874585384884278 -0.19617449514360699 -0.15458282031642209 -0.11783380321095761 -0.086777603614509813 -0.060794385945210187 -0.039285914903910389 -0.022013303696080649 -0.0088987168638218813 0 0.0045601556590321394 0.0047203516935459908 0.00043778690049584668 -0.0081865025646519884 -0.020882246451856337 -0.037013697468089024 -0.055918200760064957 -0.078411708142247058 -0.41027356825459038 -0.44466113705715798 -0.36910887188378877 -0.43408095854185447 -0.46559943610271243 -0.48994537359687151 -0.49339409659514005 -0.77693311539153598 -0.70174276506869326 -0.64446339528850338 -0.55470558212353727 -0.60852130958951123 -0.5564255174788123 -0.20238043948270543 -0.15943246623001425 -0.12146952730337779 -0.089350290127531595 -0.062470786978349228 -0.040246786346486138 -0.02245097932573898 -0.00901424905998356 0 0.0044519348643840117 0.0043068358084408518 -0.00047303100102264042 -0.0097786287250740036 -0.023329025709678038 -0.040475543950433339 -0.060540826368339351 -0.084324942938002675 -0.4175909075432111 -0.45348476348794337 -0.38118145351575067 -0.44965187312754351 -0.4849234874783247 -0.51341003623411574 -0.52173426301505177 -0.79037996213280159 -0.71084595494548986 -0.65180800678124629 -0.56041601293632115 -0.61285942455042608 -0.56006357542146523 -0.20509080251467507 -0.16154727158516269 -0.12305424166317051 -0.090473805633282778 -0.063207029816256297 -0.040673958498410115 -0.022650889751559912 -0.0090712932004782098 0 0.0044170364123271863 0.0041566196754381779 -0.00081611636617953058 -0.010387960918515071 -0.02427258978235643 -0.041814699220997363 -0.062329585749798376 -0.086610853931862616 -0.42068833849203202 -0.45715635781541003 -0.38593529830258222 -0.45566652067626862 -0.49221891390071121 -0.52207841435129698 -0.53199153774241448 -0.8038910413264907 -0.71999037273560085 -0.65918496693633821 -0.56615104616758205 -0.61721541997675189 -0.56371654099574386 -0.20781336911365347 -0.16367185018328953 -0.12464658357794185 -0.091603074510205343 -0.063947414083848492 -0.041103913375739758 -0.022852455215036468 -0.0091290741658351104 0 0.0043827140708226128 0.0040074478249668482 -0.0011577626545523534 -0.010995497023327134 -0.02521400459103721 -0.043151320809658528 -0.064115364431021254 -0.088893244134460606 -0.42378158809841798 -0.46082297110164899 -0.39068207033877561 -0.46167124588411657 -0.49950074197553601 -0.53072857960272057 -0.54222481772533582 -0.81746646469555673 -0.72917608925941135 -0.66659433398188905 -0.57191072423810574 -0.62158932891204777 -0.56738443996669363 -0.21054815932904353 -0.16580621885874863 -0.12624656662234318 -0.092738106950451177 -0.064691951458005215 -0.041536656973201892 -0.023055679762888338 -0.009187593725447564 0 0.0043489699860271517 0.0038593243149099249 -0.0014979645747062469 -0.011601228823273775 -0.026153258403024078 -0.044485393846815054 -0.065898144438990808 -0.091172088897087375 -0.42687063066430331 -0.46448457309394181 -0.39542172229166445 -0.46766599235376877 -0.50676890257924478 -0.53936043901988506 -0.55243399007987182 -0.81839418968778666 -0.72981627476389599 -0.66712041526782073 -0.57232487832532775 -0.62204632785897884 -0.56780019042995045 -0.21065467208749702 -0.16588642385336652 -0.12630621267336511 -0.092782769618975761 -0.064725541851177348 -0.04156144859582591 -0.023072653095145279 -0.0091966177410655308 0 0.0043601934570606481 0.0038843027303941298 -0.0014559327763374922 -0.011538008724298098 -0.026063779562268224 -0.044363376745124354 -0.065736125325157838 -0.090962799631823008 -0.42688048010096685 -0.46443299163618373 -0.39508105508619151 -0.46710889788624788 -0.50590709194173111 -0.53812180597092041 -0.55072359256942505 -0.81933328618935963 -0.73046397854146128 -0.66765246541135248 -0.57274358992316365 -0.62250660478654785 -0.56821863019241403 -0.21076332914969315 -0.16596827763229527 -0.12636706898196401 -0.092828263206503003 -0.064759649763051902 -0.041586513892056365 -0.023089730652296064 -0.009205654027081853 0 0.0043713434136165574 0.0039090582953502069 -0.0014143476986123033 -0.011475528086599299 -0.025975400327818546 -0.044242878381988128 -0.065576102533505154 -0.090756028285790588 -0.42689341238265344 -0.46438508745029167 -0.39474534453371568 -0.46655810485528776 -0.5050530002499416 -0.5368924419976161 -0.54902429778426864 -0.82028367110018863 -0.73111913646974025 -0.66819042596110645 -0.573166818620233 -0.62297013035743209 -0.5686397366594339 -0.21087411305612944 -0.1660517661966755 -0.12642912634952733 -0.092874582477414827 -0.064794271621352151 -0.041611851812536953 -0.023106912869711907 -0.009214703524009998 0 0.0043824214436835067 0.003933595140223089 -0.0013732002992052825 -0.011413774675129683 -0.025888101621484787 -0.044123876430677 -0.065418042328344667 -0.090551737260777809 -0.42690937647045968 -0.46434080625998631 -0.39441450673038775 -0.46601350895040861 -0.50420649983963761 -0.53567218581167875 -0.54733590844542157 -0.82124519267293628 -0.73178164477409469 -0.66873421911587316 -0.57359450167842629 -0.62343685692639106 -0.56906346991081802 -0.21098699131397242 -0.16613686682533896 -0.12649236652767493 -0.092921715453420914 -0.064829402008125106 -0.041637459864116239 -0.023124198865487 -0.0092237662123140808 0 0.0043934291612979732 0.0039579184745829636 -0.0013324816846358961 -0.011352732459297552 -0.025801860465341296 -0.044006336746179507 -0.06526190210283446 -0.090349867346298365 -0.42692830745314098 -0.46430006509169902 -0.39408843413579459 -0.46547496716146647 -0.50336741291563092 -0.53446081914700205 -0.54565815987694943 -0.82221769515633891 -0.73245139848912799 -0.66928375990012068 -0.57402657101610355 -0.62390673306008282 -0.5694897885974638 -0.21110193041080133 -0.16622355360439514 -0.12655677354535314 -0.092969649441775673 -0.064865031587076794 -0.041663332666052447 -0.023141587322344316 -0.0092328423654965391 0 0.0044043688903003739 0.0039820332158919764 -0.0012921811976119898 -0.011292385136869351 -0.025716654469399646 -0.043890227721289116 -0.0651076400985484 -0.090150370487788442 -0.4269501391989251 -0.4642627884736425 -0.39376701734896247 -0.46494234040782206 -0.50253555958402085 -0.53325813222163698 -0.5439907874773402 -0.82320103789200139 -0.73312829419742953 -0.6698389585157436 -0.57446295929584912 -0.62437971126955394 -0.56991865306709988 -0.21121890009389796 -0.16631180054553107 -0.12662232529909984 -0.093018372218594755 -0.064901153894619062 -0.04168946823126668 -0.023159077816076002 -0.0092419323184583131 0 0.0044152417526088601 0.0040059445606963895 -0.0012522905325902363 -0.01123271780475322 -0.025632459844529689 -0.043775517227842259 -0.064955216551581471 -0.089953192096394713 -0.42697480664772269 -0.46422889873112527 -0.39345015214871859 -0.46441549374672308 -0.50171077784205909 -0.53206391346749615 -0.54233354283940305 -0.82419506472677795 -0.73381222935977319 -0.67039973470559178 -0.57490360230598891 -0.62485574674505839 -0.57035002592245432 -0.21133786923980136 -0.16640158608856834 -0.12668900799099622 -0.093067872456784093 -0.064937761246635833 -0.041715862552110981 -0.023176668666595658 -0.0092510358674679945 0 0.0044260497939100077 0.0040296564868751517 -0.0012127991587966135 -0.011173715954296184 -0.025549255104975507 -0.043662177789077293 -0.064804589115570257 -0.089758282807718484 -0.42700224968109352 -0.46419831751221147 -0.39313773599583707 -0.46389429339640681 -0.50089289708376394 -0.53087796173563195 -0.54068617574003919 -0.82932048353613275 -0.73733405933560603 -0.67328448574783406 -0.57716845967035235 -0.62728015091753098 -0.57254316957158879 -0.2119616425962324 -0.1668727661851202 -0.12703877176093364 -0.093326635250027212 -0.065127844769044888 -0.041851600898845237 -0.02326610139521311 -0.0092967686747370964 0 0.0044791739347095211 0.0041453940191760437 -0.0010210339313142579 -0.010888173905067612 -0.025147329620468045 -0.043114985895835803 -0.064077069848065632 -0.088816055867977833 -0.42717898494507878 -0.46409256279087363 -0.3916389443646523 -0.46136851738841739 -0.49690143038375839 -0.52506533758276619 -0.53258918103344888 -0.83469224647229034 -0.74101753810669635 -0.67629702360238342 -0.57953058358008014 -0.62977427495387706 -0.57479348103455374 -0.21263098197926419 -0.16737900211205348 -0.12741430775833373 -0.093603158491347455 -0.065329062612787342 -0.041993317692509691 -0.023357904589899461 -0.0093428702218960238 0 0.0045309086180204414 0.0042568156458440108 -0.00083799503158543892 -0.010617177906082515 -0.024767080301652193 -0.042597788065736782 -0.063388927265666986 -0.08792350675695311 -0.42741642844679384 -0.46405917893483278 -0.39023714049240449 -0.45896544350338719 -0.49305942104285783 -0.51943108762466683 -0.52470471505915273 -0.84029440131037936 -0.74485167571262134 -0.67942840857237541 -0.58198300124874358 -0.6323330141823259 -0.57709674428061863 -0.21334251262932918 -0.16791769247049498 -0.12781371214577145 -0.093896151639970116 -0.065540629379340576 -0.042140622196734645 -0.02345195844914599 -0.0093893505048075684 0 0.0045814245037804216 0.0043644074197775311 -0.00066273755521181765 -0.010359180305671871 -0.024406218472710989 -0.042107431504114022 -0.062736009340934928 -0.087075366626990419 -0.42770810201128795 -0.46409037164565281 -0.38892166366350672 -0.45667125186794538 -0.48934959472170014 -0.51395404463343808 -0.51700699654736237 -0.84611225304366078 -0.74882634966081774 -0.6826704241981334 -0.584519286373827 -0.63495166290976113 -0.57944906865392309 -0.21409311449763113 -0.16848643780683895 -0.12823522680494223 -0.094204420104240058 -0.065761817663861646 -0.042293150318380858 -0.023548144362202917 -0.0094362169750176646 0 0.0046308732462987398 0.0044686023678928207 -0.00049441397954634386 -0.010112790483496604 -0.024062685051027891 -0.041641064417824572 -0.062114568085809459 -0.086266889931761279 -0.4280481549191289 -0.46417910978971944 -0.38768288279670915 -0.45447346786858894 -0.4857563515112045 -0.50861512461388003 -0.50947278694507603 -0.86151433204596295 -0.75931859872479812 -0.69121130502114991 -0.59118933779463956 -0.64173285213799725 -0.58552174349881025 -0.21612229604186664 -0.17002570271904843 -0.12937540896485625 -0.095034842104580602 -0.066352549619069154 -0.042695117451541406 -0.023797197772495348 -0.0095550774004472712 0 0.0047506685104928585 0.0047166774488124801 -9.9140074254092624e-05 -0.0095397053426164811 -0.023267954932377356 -0.040563903451775365 -0.060677338931625885 -0.084392149630795249 -0.42907663421931003 -0.46461261673061666 -0.38486659622355868 -0.44932961975816166 -0.47719437471977039 -0.49576323775869896 -0.49122011225670598 -0.86991931862585747 -0.76503578477980172 -0.69586331723807737 -0.59481865314823779 -0.64552359551271044 -0.58893214992229481 -0.21714908372018557 -0.17079809545661415 -0.12994412583462026 -0.095449429049407855 -0.066650520195710522 -0.042902084976963177 -0.023929399872289245 -0.0096206199681402281 0 0.0048229237954282942 0.0048716949542699142 0.00015527384421906335 -0.0091624562245743255 -0.022736781341822703 -0.039837871981699441 -0.059705786186358571 -0.083124922985114896 -0.42951478102668345 -0.46465411412011232 -0.38287140117100116 -0.44584256157950131 -0.47155225336159645 -0.48743089677450641 -0.47951095392492404 
end_dependent_variable

end_regular_table
