# ****************************************************************************
# CUI
#
# The Advanced Framework for Simulation, Integration, and Modeling (AFSIM)
#
# The use, dissemination or disclosure of data in this file is subject to
# limitation or restriction. See accompanying README and LICENSE for details.
# ****************************************************************************

# ##################################################################################################
# 
# This file was auto-generated by AFSIM Mover Creator 2.5.0.200401
# 
# Creation Date:  01 Apr 2020
# 
# ##################################################################################################

regular_table

independent_variable mach precision double
0.10000000000000001 0.5 0.70000000000000007 0.75 0.80000000000000004 0.84999999999999998 0.90000000000000002 0.92000000000000004 0.94000000000000006 0.95999999999999996 0.97999999999999998 1 
end_independent_variable

independent_variable surface_angle units deg
-20 -16 -14 -12 -10 -9 -8 -7 -6 -5 -4 -3 -2 -1 0 1 2 3 4 5 6 7 8 9 10 12 14 16 18 20 
end_independent_variable

dependent_variable precision double
0.00012511463656143817 -3.2355920045829362e-05 -4.0785532864867475e-05 -4.571855979544936e-05 -3.2230590393123849e-05 -2.5424492031287075e-05 -1.8854137195381018e-05 -1.2924860558317924e-05 -7.9124398600357795e-06 -3.8317869973503519e-06 -7.4704688073341832e-07 1.2539872527992036e-06 2.1000073979620129e-06 1.6274931724332583e-06 0 -2.7110625060580454e-06 -6.4186569268945522e-06 -1.1059757638022015e-05 -1.6620664292723036e-05 -2.282874940552952e-05 -2.9284044544920218e-05 -3.5845521795073749e-05 -4.2131687890713914e-05 -3.9851891087966675e-05 -3.7629064819842997e-05 -2.8801588510327589e-05 4.0062727861183037e-06 0.00012900657398174815 0.00039072631471383056 0.0010329820689885247 0.00012512145395496974 -3.2354878305206832e-05 -4.0785966770734631e-05 -4.5720884475391889e-05 -3.2233488775746671e-05 -2.5427631492840813e-05 -1.885735167814675e-05 -1.2927934495033248e-05 -7.9152193270047895e-06 -3.8343505746621042e-06 -7.4930694244249038e-07 1.2521350665324866e-06 2.0986834103966271e-06 1.6267841500851585e-06 0 -2.7102581671154494e-06 -6.4169347026572495e-06 -1.1056839944435088e-05 -1.6616505864992471e-05 -2.2823366816003985e-05 -2.9277402446451165e-05 -3.5837332564801607e-05 -4.2122042750365972e-05 -3.984086647645669e-05 -3.7616923825295031e-05 -2.8785847380534044e-05 4.0252890325841913e-06 0.00012902885850983703 0.00039074737146206043 0.0010330001305033764 0.0001251234417900882 -3.2353933447370194e-05 -4.0785384382193945e-05 -4.5720653582188549e-05 -3.2233473607173418e-05 -2.5427704957087614e-05 -1.8857491089200175e-05 -1.2928113664404497e-05 -7.9154163262735177e-06 -3.8345600345266056e-06 -7.4951158866638928e-07 1.2519537615564741e-06 2.0985450939537954e-06 1.6267061000675495e-06 0 -2.7101622515141065e-06 -6.4167237770451029e-06 -1.1056483214881571e-05 -1.6615989247786483e-05 -2.2822680644174245e-05 -2.9276533501112498e-05 -3.5836249663478463e-05 -4.2120741910124146e-05 -3.9839342772941137e-05 -3.7615185814851148e-05 -2.8783553076731774e-05 4.0281554333593565e-06 0.00012903233377034644 0.00039075117007276712 0.0010330041598763788 0.00012512385349875658 -3.2353729326169438e-05 -4.0785254438268777e-05 -4.5720593818678402e-05 -3.2233459133524705e-05 -2.5427709125242199e-05 -1.8857509508878297e-05 -1.2928141391754242e-05 -7.9154490873000906e-06 -3.8345963624378887e-06 -7.4954799874309801e-07 1.2519209141865701e-06 2.0985197018777613e-06 1.6266916286818655e-06 0 -2.7101442043656708e-06 -6.4166839170649707e-06 -1.1056415836795003e-05 -1.6615891377274685e-05 -2.2822550082963903e-05 -2.9276367531129539e-05 -3.5836042466644764e-05 -4.2120492295737341e-05 -3.9839049321906845e-05 -3.7614849499924448e-05 -2.8783107943446555e-05 4.0287139939264502e-06 0.00012903301395663378 0.00039075192618408613 0.001033004978214778 0.00012512423919580073 -3.2353535995099568e-05 -4.0785130410254295e-05 -4.5720534826687687e-05 -3.2233442785390169e-05 -2.5427710182251666e-05 -1.8857524108560424e-05 -1.2928164921704083e-05 -7.9154777108100368e-06 -3.8346285813815459e-06 -7.4958062155071435e-07 1.2518913283662951e-06 2.0984967260223105e-06 1.6266784848248681e-06 0 -2.7101277719767545e-06 -6.4166475693086501e-06 -1.1056354376011755e-05 -1.6615802017847665e-05 -2.2822430780505901e-05 -2.9276215579403872e-05 -3.5835852737623628e-05 -4.2120263526301383e-05 -3.9838780182090265e-05 -3.7614540482023485e-05 -2.8782698678851448e-05 4.02922823529825e-06 0.00012903364093871873 0.00039075262662066949 0.0010330057407447488 0.00012512460174308421 -3.2353352558696694e-05 -4.0785011824654818e-05 -4.5720476888921164e-05 -3.2233425076651878e-05 -2.5427708946288687e-05 -1.8857535631216968e-05 -1.2928185137880506e-05 -7.9155029669301436e-06 -3.8346574339798401e-06 -7.4961002180246347e-07 1.2518645055325541e-06 2.0984758133546372e-06 1.6266664934598279e-06 0 -2.7101126960136868e-06 -6.4166141572255201e-06 -1.1056297942986637e-05 -1.6615719924838483e-05 -2.2822321029082372e-05 -2.9276075784679685e-05 -3.5835678012844875e-05 -4.2120052664054097e-05 -3.9838531705485718e-05 -3.7614254941848573e-05 -2.8782320258321737e-05 4.0297043658386501e-06 0.0001290342220655327 0.00039075327856015447 0.0010330064540269913 0.0001251249435763245 -3.2353178085288453e-05 -4.078489852271004e-05 -4.57204202268077e-05 -3.2233406349897884e-05 -2.5427705849766232e-05 -1.8857544713978146e-05 -1.2928202568788246e-05 -7.9155253820761938e-06 -3.8346834038250473e-06 -7.4963672800307846e-07 1.2518400404287541e-06 2.0984566588878206e-06 1.6266554762425103e-06 0 -2.7100987978711144e-06 -6.416583345538866e-06 -1.1056245784652632e-05 -1.6615644100772791e-05 -2.2822219494897782e-05 -2.9275946302412807e-05 -3.5835516153222185e-05 -4.2119857183453125e-05 -3.9838301312238114e-05 -3.761398968539285e-05 -2.8781968612579891e-05 4.0301472235593548e-06 0.00012903476318196203 0.00039075388806885639 0.0010330071237810549 0.00012556294237965612 -3.2043423315311391e-05 -4.055099569450903e-05 -4.5499501304029876e-05 -3.2091331430131734e-05 -2.5320321721069305e-05 -1.8780827014324911e-05 -1.287771884721997e-05 -7.8866236998275331e-06 -3.822611247192602e-06 -7.4960104898976719e-07 1.2446522329008425e-06 2.0888569967551107e-06 1.6194534300381133e-06 0 -2.6980978805432141e-06 -6.3878096236166501e-06 -1.1005975646539145e-05 -1.6539268008056756e-05 -2.2715355544790642e-05 -2.9134622401101885e-05 -3.5656710391279268e-05 -4.1900342831564605e-05 -3.9573384859553862e-05 -3.7382450155720251e-05 -2.8475884967105464e-05 4.4090581766925229e-06 0.00012946525740637309 0.00039114614628688049 0.0010331265522652248 0.0001260000864670298 -3.1733996996472707e-05 -4.031727468307716e-05 -4.5278672846778906e-05 -3.1949295038708764e-05 -2.5212960769428684e-05 -1.8704122174814251e-05 -1.2827241529541456e-05 -7.8577247234674031e-06 -3.8105398133373826e-06 -7.4956509409559317e-07 1.237465056793342e-06 2.0792580079611067e-06 1.6122518632480889e-06 0 -2.6860980594274372e-06 -6.3590391106721183e-06 -1.0955712618938083e-05 -1.6462905691140374e-05 -2.2608515806327864e-05 -2.8993338378710934e-05 -3.5477966445311013e-05 -4.1680920489912965e-05 -3.9308600173753148e-05 -3.7151093960509706e-05 -2.8170131519132871e-05 4.7874181557734393e-06 0.00012989489498964847 0.00039153717017743612 0.0010332443652417524 0.00012643637558275772 -3.142489896165625e-05 -4.0083735498441376e-05 -4.5057934728046516e-05 -3.1807297331882533e-05 -2.510562303745896e-05 -1.8627430096847636e-05 -1.277677057063134e-05 -7.8288283585751863e-06 -3.7984690479466451e-06 -7.4952886457392652e-07 1.2302785146129932e-06 2.0696597012794015e-06 1.605050813055773e-06 0 -2.6740993322259347e-06 -6.3302717906203395e-06 -1.0905456621633699e-05 -1.6386557041815939e-05 -2.2501700316692759e-05 -2.8852094017988972e-05 -3.5299284164077281e-05 -4.1461589921193263e-05 -3.9043947295779381e-05 -3.6919920996984762e-05 -2.7864708136640356e-05 5.1652274749804072e-06 0.00013032367629443005 0.00039188014392396524 0.0010327657321279697 0.00012416204030029043 -3.233651602200215e-05 -4.069183872252403e-05 -4.5405215181794512e-05 -3.1993722435285697e-05 -2.5225791621552431e-05 -1.8673298238547969e-05 -1.2775425201463485e-05 -7.8208392523647114e-06 -3.7949386196204104e-06 -7.4918115358114432e-07 1.2300254003968321e-06 2.069689380406178e-06 1.6046296454756792e-06 0 -2.6711177946406094e-06 -6.3230663636916318e-06 -1.090520725806035e-05 -1.643399968991483e-05 -2.2624106830889606e-05 -2.9041534495048121e-05 -3.5565069040140849e-05 -4.1814010376059512e-05 -3.9483101520753434e-05 -3.7536091564918158e-05 -2.8788623708505249e-05 3.696228821136771e-06 0.00012802095488879649 0.00038840858993814415 0.0010276001038689805 0.00012193771116914559 -3.3395576039585695e-05 -4.1468774357989023e-05 -4.5914238370540247e-05 -3.2294803791959918e-05 -2.5429328779871272e-05 -1.8757993206184187e-05 -1.2780106478020924e-05 -7.811668552177613e-06 -3.7908943426452608e-06 -7.485863586181642e-07 1.2309518691933043e-06 2.0716057854988274e-06 1.6052646898689851e-06 0 -2.6679923136733938e-06 -6.3151716386083492e-06 -1.0911620261913315e-05 -1.6521114249284092e-05 -2.283099252653814e-05 -2.9346998052534647e-05 -3.5973753423398691e-05 -4.2330075025403665e-05 -4.0094662888476796e-05 -3.8323418507248271e-05 -2.9862602061331657e-05 2.1310372568015655e-06 0.00012576606768196588 0.00038523149233268887 0.0010227237682927297 
end_dependent_variable

end_regular_table
