# ****************************************************************************
# CUI
#
# The Advanced Framework for Simulation, Integration, and Modeling (AFSIM)
#
# The use, dissemination or disclosure of data in this file is subject to
# limitation or restriction. See accompanying README and LICENSE for details.
# ****************************************************************************

# ##################################################################################################
# 
# This file was auto-generated by AFSIM Mover Creator 2.5.0.200401
# 
# Creation Date:  01 Apr 2020
# 
# ##################################################################################################

regular_table

independent_variable mach precision double
0.10000000000000001 0.5 0.70000000000000007 0.75 0.80000000000000004 0.84999999999999998 0.90000000000000002 0.92000000000000004 0.94000000000000006 0.95999999999999996 0.97999999999999998 1 
end_independent_variable

independent_variable surface_angle units deg
-20 -16 -14 -12 -10 -9 -8 -7 -6 -5 -4 -3 -2 -1 0 1 2 3 4 5 6 7 8 9 10 12 14 16 18 20 
end_independent_variable

dependent_variable precision double
-0.0020114679120156942 -0.0018126207387923394 -0.0016292026615113558 -0.0017873601985480701 -0.001516050451569193 -0.0013695920645485681 -0.0012192318818608078 -0.0010670758944332224 -0.00091435581817180618 -0.0007615987194269072 -0.00060895525007203025 -0.0004566071987353462 -0.00030440245382163446 -0.00015223559244085559 0 0.00015245746240943187 0.00030495345470507704 0.00045732723043586125 0.00060902962547143493 0.00075884048670433666 0.00090468023993280783 0.0010417478204880306 0.001174509086246588 0.0013130977200311591 0.0010145673044255185 0.0011958950479568095 0.0013392692605892734 0.0013897732862036272 0.0011532841112781406 0.00027302949119344637 -0.0020122121668470069 -0.0018132227224975836 -0.0016297317555568022 -0.0017878059794556079 -0.0015164247120327361 -0.0013699303134600013 -0.0012195330062574033 -0.0010673394998568734 -0.00091458175655345143 -0.00076178701033584458 -0.00060910582992544985 -0.00045672012364318204 -0.00030447772765471366 -0.00015227322331875861 0 0.00015249513355622724 0.00030502871704683396 0.00045744008406518985 0.00060917989782353237 0.00075902777195859254 0.00090490342062132204 0.0010420056058643751 0.0011748034953743135 0.0013134329702081315 0.001014944960089808 0.0011963452803058251 0.001339792557337488 0.0013903651959207041 0.0011539473659951381 0.00027377866598185296 -0.0020123513359302141 -0.0018133350375241879 -0.0016298303785674279 -0.0017878900893697582 -0.0015164950872021009 -0.0013699937832923686 -0.0012195894800616394 -0.001067388939790925 -0.00091462414407578543 -0.00076182234041487283 -0.00060913409327508666 -0.00045674132111014898 -0.00030449185798912153 -0.0001522802871948164 0 0.00015250219697532692 0.00030504283322093577 0.00045746124640156293 0.0006092080857947465 0.00075906294676515859 0.00090494549111044809 0.0010420544667633497 0.0011748592763290381 0.001313495956260218 0.001015015245292209 0.0011964292303260561 0.0013398901171720633 0.0013904759456458051 0.0011540713870241684 0.00027391687374628569 -0.002012379140487608 -0.0018133574717841433 -0.0016298500761170738 -0.0017879069091115611 -0.0015165091554814186 -0.0013700064684399849 -0.0012196007663226819 -0.0010673988204327033 -0.00091463261551435473 -0.00076182940150374702 -0.00060913974217668466 -0.00045674555781855219 -0.00030449468220839507 -0.00015228169904281201 0 0.00015250360856046278 0.00030504565434316466 0.0004574654756485795 0.00060921371927674889 0.00075906997751270838 0.00090495390325064714 0.0010420642421867291 0.0011748704357593897 0.0013135085463361694 0.0010150292808056261 0.0011964459977521573 0.0013399096026485663 0.0013904980736807876 0.0011540961651517823 0.00027394444770850003 -0.0020124049256639307 -0.0018133782753695542 -0.001629868341225318 -0.0017879225112369507 -0.0015165222041212212 -0.001370018233462951 -0.0012196112338010753 -0.0010674079842396291 -0.00091464047242099033 -0.00076183595038658474 -0.00060914498137779321 -0.00045674948725750697 -0.00030449730160040235 -0.00015228300849318976 0 0.00015250491774554371 0.00030504827082856995 0.00045746939805507898 0.00060921894408184809 0.00075907649845860482 0.00090496170630411277 0.0010420733110668239 0.0011748807885717527 0.0013135202235486658 0.0010150422950250782 0.0011964615461330023 0.0013399276713201662 0.0013905185950168187 0.0011541191435696806 0.00027397000883780951 -0.0020124289500435258 -0.0018133976571853201 -0.001629885357846623 -0.0017879370514048447 -0.001516534363453978 -0.0013700291960945731 -0.0012196209872445069 -0.0010674165229835198 -0.0009146477934753542 -0.00076184205264497376 -0.00060914986331631732 -0.00045675314874874006 -0.00030449974238252916 -0.00015228422866047424 0 0.00015250613761315067 0.00030505070884074707 0.00045747305287698617 0.0006092238125038114 0.00075908257480494302 0.00090496897799098185 0.0010420817636888145 0.0011748904377159243 0.0013135311047543508 0.0010150544191569132 0.0011964760316831701 0.0013399445049200734 0.0013905377152540761 0.0011541405529872386 0.00027399381616698685 -0.0020124514267579395 -0.0018134157894153587 -0.001629901276874313 -0.0017879506575718797 -0.0015165457409061103 -0.0013700394533123371 -0.0012196301130123219 -0.0010674245121549059 -0.00091465464336391931 -0.00076184776220415338 -0.00060915443110926091 -0.00045675657464175476 -0.00030450202611588865 -0.0001522853703155606 0 0.00015250727894384027 0.0003050529899183529 0.0004574764724690268 0.00060922836765337591 0.00075908826024091052 0.00090497578245042208 0.0010420896742083905 0.0011748994679093335 0.0013135412860596169 0.0010150657608886708 0.0011964895830737184 0.001339960252916947 0.0013905556040404907 0.0011541605830812538 0.00027401608275237491 -0.0020126730134466557 -0.0018142626805058219 -0.0016308605644409927 -0.0017892526296405065 -0.0015177443629542779 -0.0013711558350376258 -0.0012206494193083305 -0.0010683343629337733 -0.0009154454026933964 -0.00076251286074840833 -0.00060968931278287909 -0.00045715841674747273 -0.00030476939889660719 -0.00015241830808443205 0 0.00015263732764134654 0.00030530846371443042 0.00045785072580144644 0.00060971166895587732 0.00075966814506889648 0.00090563735600208116 0.0010428116763533633 0.0011756630806354106 0.0013143356746972434 0.0010154851294497957 0.0011967947528825644 0.0013400309412117874 0.0013902313041066828 0.0011531569615300591 0.00027186660618130676 -0.0020128919513376126 -0.0018151082349101932 -0.0016318189763542934 -0.0017905540680360566 -0.0015189426879866858 -0.0013722720040544522 -0.001221668578771102 -0.0010692441149096914 -0.0009162360959064442 -0.00076317791495898496 -0.00061022416419733859 -0.00045756023745898507 -0.00030503675655345612 -0.00015255123699792474 0 0.00015276736226509913 0.00030556390165107896 0.00045822491059912721 0.00061019485371103903 0.000760247847488244 0.00090629866282332069 0.0010435333057280027 0.0011764261899450633 0.0013151294029401456 0.001015903652650959 0.0011970986163992842 0.0013400997260411978 0.0013899043857919207 0.0011521499632539199 0.00026971314090995779 -0.0020131082422507034 -0.0018159524539186071 -0.0016327765138024089 -0.0017918549734002543 -0.0015201407168280502 -0.0013733879612025739 -0.0012226875921225772 -0.0010701537686023895 -0.0009170267234150034 -0.00076384292523863238 -0.00061075898562921603 -0.00045796203699437785 -0.00030530409921553244 -0.00015268415709666867 0 0.00015289738293688371 0.00030581930390815703 0.00045859902711566742 0.00061067792235837599 0.00076082736802453256 0.00090695970344640479 0.0010442545629790472 0.0011771887963505012 0.001315922471405816 0.0010163213314572552 0.0011974011745496998 0.0013401666085933726 0.0013895748506904911 0.0011510687350884709 0.00026657257891382781 -0.0020092382179518163 -0.0018150791367659539 -0.0016325786752174739 -0.0017923799422210195 -0.001520843304756227 -0.00137411281000216 -0.0012234060992185425 -0.0010708272625062968 -0.0009176232245859513 -0.00076434891486341103 -0.00061116771453053752 -0.00045826930036171068 -0.000305507713356937 -0.00015278455682423407 0 0.00015299319817287983 0.00030600361698326087 0.00045885593491470786 0.00061096874977554778 0.00076110879272083714 0.00090720371608940564 0.0010444153344671804 0.0011772194098700242 0.0013157893551679642 0.0010155885907420174 0.0011959375180528899 0.0013374478726521765 0.0013849015498986607 0.0011435549890710113 0.0002549893571102434 -0.0020048618056213684 -0.001813630350106731 -0.0016318683078544926 -0.0017924792326845195 -0.0015212262647084798 -0.0013745687728339896 -0.0012239067779553851 -0.0010713225486117452 -0.00091806908411410401 -0.00076472924031552368 -0.00061147589051524693 -0.0004585011647335097 -0.0003056609313112225 -0.00015285967145208646 0 0.00015306395807516805 0.00030613802254649702 0.00045903434477647114 0.00061113668411060548 0.00076120979077338015 0.00090721205893420887 0.0010442836745443822 0.0011769016524228934 0.0013152598274224817 0.0010144199121261907 0.0011939784576047992 0.0013342156621069384 0.0013798310181692532 0.0011359491657039736 0.00024324152312213084 
end_dependent_variable

end_regular_table
