# ****************************************************************************
# CUI
#
# The Advanced Framework for Simulation, Integration, and Modeling (AFSIM)
#
# The use, dissemination or disclosure of data in this file is subject to
# limitation or restriction. See accompanying README and LICENSE for details.
# ****************************************************************************

# ##################################################################################################
# 
# This file was auto-generated by AFSIM Mover Creator 2.5.0.200402
# 
# Creation Date:  03 Apr 2020
# 
# ##################################################################################################

regular_table

independent_variable mach precision double
0.10000000000000001 0.5 0.70000000000000007 0.75 0.80000000000000004 0.84999999999999998 0.90000000000000002 0.92000000000000004 0.94000000000000006 0.95999999999999996 0.97999999999999998 1 1.02 1.04 1.0600000000000001 1.0800000000000001 1.1000000000000001 1.2 1.3 1.4000000000000001 1.5 1.75 2 2.5 3 
end_independent_variable

independent_variable surface_angle units deg
-20 -16 -14 -12 -10 -9 -8 -7 -6 -5 -4 -3 -2 -1 0 1 2 3 4 5 6 7 8 9 10 12 14 16 18 20 
end_independent_variable

dependent_variable precision double
-0.0031551965371280017 -0.0021533319275268254 -0.0017216120629909328 -0.0013361298354545707 -0.0009970022392994059 -0.00084485813627436775 -0.00070434470079258388 -0.00057547326279063741 -0.00045825360073205437 -0.00035269400160818095 -0.00025880138277202481 -0.00017658144736037439 -0.00010603885044126497 -4.7177359130822878e-05 0 -4.0523115044812562e-05 -9.2751862812489431e-05 -0.00015668926987398249 -0.00023233910326908108 -0.00031970601795131503 -0.00041879571770633714 -0.00052961511912378526 -0.00065217250942401633 -0.00078647766714689366 -0.00093254192222900014 -0.0012600003374535975 -0.0016346631802962354 -0.0020566474451385805 -0.002526040801048205 -0.0030428682746504229 -0.0033631975069010581 -0.0022864506019546634 -0.0018235300331660195 -0.0014110073841655298 -0.0010489996261284151 -0.00088697553442930856 -0.000737622171428488 -0.00060095086248231695 -0.00047697138521461452 -0.00036569202409760611 -0.00026711969755301726 -0.00018126010661836914 -0.00010811790556015855 -4.7696861513596097e-05 0 -4.1043666851320399e-05 -9.4833013305519045e-05 -0.00016137106593354782 -0.0002406615910118261 -0.00033270924280685079 -0.00043751972311951287 -0.00055509994960816812 -0.00068545820750841161 -0.00082860427291732278 -0.0009845494750081148 -0.001334889887714009 -0.0017365948618167559 -0.0021897813646747271 -0.0026945370578744686 -0.0032508869585755073 -0.0035930049080539817 -0.0024335271985500284 -0.0019361354804581031 -0.0014937378485654453 -0.0011064512729785582 -0.00093351133548126054 -0.00077439116454451444 -0.00062910208964688115 -0.0004976538863510811 -0.00038005484203014527 -0.00027631187022023176 -0.00018643067547036331 -0.0001104159115126778 -4.8271344241909744e-05 0 -4.1618224447140473e-05 -9.7131168649534688e-05 -0.00016654185921630301 -0.00024985406177500041 -0.00034707243112648274 -0.00045820267021669578 -0.00058325169418487464 -0.00072222778719789648 -0.00087514073016207127 -0.0010420018461436528 -0.0014176212112104499 -0.0018492012889704888 -0.0023368590538051441 -0.0028806821555450645 -0.0034806956235636966 -0.003666029557317799 -0.0024802629506159332 -0.0019719175255617761 -0.0015200266862968397 -0.0011247074001794956 -0.00094829879099406244 -0.00078607507614839088 -0.0006380475779453644 -0.00050422607744396702 -0.00038461885739884174 -0.00027923283623171411 -0.00018807371373962909 -0.00011114614657461457 -4.845390010658818e-05 0 -4.1800792754748863e-05 -9.7861428845426567e-05 -0.00016818493479527438 -0.00025277507740552855 -0.00035163650932052483 -0.00046477493520379152 -0.00059219726889683452 -0.00073391179773451653 -0.00088992829705054682 -0.0010602580948730837 -0.0014439101955852091 -0.001884983498504046 -0.0023835949835835694 -0.0029398323070667365 -0.0035537204815328538 -0.0037450302927026918 -0.0025308234022451926 -0.0020106278617076537 -0.001548466923257896 -0.0011444575559337051 -0.00096429641533891518 -0.0007987151678340215 -0.00064772514182886748 -0.0005113361200618508 -0.000389556382959336 -0.00028239284848502694 -0.00018985121656955818 -0.00011193614468558032 -4.8651396399549523e-05 0 -4.1998300231079757e-05 -9.8651447929981302e-05 -0.00016996247031652098 -0.00025593513233122079 -0.00035657408839325161 -0.00047188504209742376 -0.00060187490835396124 -0.00074655197369618805 -0.00090592601109136691 -0.0010800083526135167 -0.0014723505558305097 -0.0019236939792321892 -0.0024341555955205156 -0.0030038230627705332 -0.003632721402416641 -0.004122366828668028 -0.002754459126937509 -0.002172112361092961 -0.0016575904418741961 -0.0012109991497585276 -0.0010132106687099759 -0.00083244282214874369 -0.00066870585304896265 -0.00052200859959324086 -0.00039235855162386929 -0.00027976196678955743 -0.00018422399934502569 -0.00010574885587847229 -4.4339944225963405e-05 0 -4.1462523698240769e-05 -0.00010001345155748291 -0.00017565552113682069 -0.0002683921357302692 -0.00037822750581921336 -0.00050516678565837346 -0.00064921622965213692 -0.00081038332958938792 -0.00098867692495046341 -0.0011841072574117664 -0.0016264257044829901 -0.0021374430172899487 -0.0027172649633326676 -0.0033659708001053988 -0.0040835831522136176 -0.0044997033682975408 -0.002978094857126089 -0.0023335968583408332 -0.0017667139699562833 -0.001277540745568112 -0.0010621249289513664 -0.00086617048424983921 -0.00068968656686451552 -0.00053268107973532687 -0.00039516072349455629 -0.00027713108715518673 -0.00017859678208232471 -9.9561569094294588e-05 -4.0028492777578742e-05 0 -4.0926746783716823e-05 -0.00010137545491780504 -0.00018134856989602164 -0.00028084913767891483 -0.00039988092011535839 -0.0005384485275399094 -0.00069655754896555096 -0.00087421468090236835 -0.0010714278317865567 -0.0012882061570191007 -0.0017805008496239686 -0.0023511920577904922 -0.0030003743296180803 -0.0037281185407990925 -0.0045344448983464184 -0.0049066659122184858 -0.0032363405029819442 -0.0025301079208874351 -0.001909906192253533 -0.0013758296781540117 -0.0011411179813232053 -0.00092797146990362988 -0.00073639928363191949 -0.00056640930723399891 -0.0004180082273114117 -0.000291201618021962 -0.00018599408224208251 -0.00010238937552284517 -4.039053443534795e-05 0 -4.2983591455860076e-05 -0.00010759283076388161 -0.00019383015982234915 -0.00030169861537793582 -0.00043120195333286359 -0.00058234477234976329 -0.00075513265501404305 -0.00094957228020194268 -0.0011656715375554896 -0.0014034395640021159 -0.0019440243557565903 -0.0025714197580169302 -0.0032857201276431077 -0.0040869961694242219 -0.0049752680815180706 -0.0053373498704997677 -0.0035090997162560349 -0.0027373664535499894 -0.002060638061661217 -0.0014790083740527267 -0.0012238849814937445 -0.00099256995409262999 -0.00078507237912723443 -0.00060140009674267884 -0.00044155975735677165 -0.00030555690489786753 -0.00019339611386030517 -0.0001050811173902487 -4.0614936986056846e-05 0 -4.5078306631874789e-05 -0.0001140250994758784 -0.00020684280444914577 -0.0003235344466378743 -0.00046410375524160558 -0.00062855530547224607 -0.00081689464412842115 -0.0010291284173225331 -0.0012652644695051094 -0.0015253118836485947 -0.0021171829979770469 -0.0028048343308516789 -0.0035883597056895512 -0.0044678294355183128 -0.0054432635864022265 -0.0057924247043456244 -0.0037967692698312938 -0.0029556589419201551 -0.0022191031558482293 -0.0015871948365766993 -0.0013105126473105461 -0.0010600256984230987 -0.00083574299645820414 -0.00063767230653698605 -0.00046582021318316034 -0.00032019221119459248 -0.00020079283095810618 -0.00010762577292473134 -4.0694027611457791e-05 0 -4.720995557669621e-05 -0.00012067470941018959 -0.0002203966662989858 -0.00034637881950820646 -0.00049862486729037605 -0.00067713933636814254 -0.00088192772960055815 -0.0011129966241829872 -0.001370353789633564 -0.0016540082310304656 -0.0023002507205944663 -0.0030518158057268527 -0.0039087964172514885 -0.0048712622038198997 -0.0059392330545777333 -0.0062725599120295452 -0.0040997459473999763 -0.0031852718849638357 -0.0023854950302236006 -0.0017005070661375683 -0.0014010876962852901 -0.0011303984742113619 -0.00088844828438151076 -0.00067524479185432872 -0.00049079449015983559 -0.00033510280304142328 -0.00020817419667123644 -0.00011001232216370608 -4.0620133027647539e-05 0 -4.9377601616329229e-05 -0.0001275441118469163 -0.00023450190292490547 -0.00037025392611480449 -0.00053480383253104425 -0.00072815608984197467 -0.00095031612328719272 -0.0012012904241524103 -0.0014810866560000147 -0.0017897137032957329 -0.0024935014781471356 -0.0033127442122577802 -0.0042475336035480149 -0.0052979383757092808 -0.0064639781350128642 -0.0067784249467556521 -0.0044184265126235075 -0.0034264917647917237 -0.0025600072565630082 -0.0018190630610095343 -0.0014956968402501836 -0.0012037480389720165 -0.00094322538860035579 -0.0007141364083290664 -0.00051648748374765894 -0.00035028393859806386 -0.00021553016378415021 -0.00011222974370945031 -4.0385579179719166e-05 0 -5.1580308443196247e-05 -0.00013463575591345637 -0.00024916867221582356 -0.00039518195739268296 -0.00057267919890104655 -0.00078166478306456377 -0.0010221440382053848 -0.0012941233445694306 -0.0015976102274575254 -0.0019326134182949923 -0.0026972092099059419 -0.0035879995878766936 -0.0046050746237526795 -0.0057485018238640391 -0.0070183004495609855 -0.0073106892966598776 -0.0047532077433314578 -0.0036796050706596551 -0.0027428334112528869 -0.0019429808165354584 -0.0015944267976024146 -0.0012801341668611237 -0.0010001114535049449 -0.0007543660156566868 -0.00054290409020139668 -0.00036573088544420324 -0.00022285069323409274 -0.00011426701743906928 -3.9982693856304157e-05 0 -5.3817138337485317e-05 -0.00014195208998910505 -0.00026440713461031452 -0.00042118510391043904 -0.00061228950720794396 -0.00083772463323726631 -0.0010974956903035348 -0.0013916089129558846 -0.0017200716671034978 -0.0020828924725960853 -0.002911647859355574 -0.0038779619535881048 -0.0049819228145043552 -0.0062235964362902275 -0.0076030016463964623 -0.0078700224479239297 -0.005104486412712112 -0.0039448982959761998 -0.0029341670594428661 -0.0020723783352644145 -0.0016973642891819566 -0.0013596166203093834 -0.0010591436281267733 -0.00079595247047919862 -0.0005700492072414859 -0.00038143890670145036 -0.00023012574241627296 -0.00011611312182506762 -3.9403802754400383e-05 0 -5.6087155579413739e-05 -0.00014949556663642501 -0.00028022744816523878 -0.00044828555898480195 -0.00065367330296165708 -0.00089639485682860428 -0.0011764552864917445 -0.0014938606550015231 -0.0018486181233786313 -0.0022407359784006719 -0.0031370913829274769 -0.0041830113511601907 -0.0053785815327170219 -0.0067238660878028685 -0.0082188833556170633 -0.0084570938619352564 -0.0054726593064730175 -0.0042226579234627467 -0.0031342017654275981 -0.0022073736139133289 -0.0018045960235232577 -0.00144225516617504 -0.0011203590607645002 -0.00083891462571336433 -0.00059792772994710303 -0.00039740326652959668 -0.00023734527080226573 -0.00011775703690485817 -3.8641233082478169e-05 0 -5.8389422853755598e-05 -0.00015726863292934886 -0.00029663977089165413 -0.00047650550498577553 -0.00069686912773311675 -0.00095773467528427057 -0.0012591070439398055 -0.0016009920961518158 -0.0019833967584337478 -0.0024063290432080496 -0.0033738137167169174 -0.0045035278074601424 -0.0057955541115485808 -0.0072499546827746644 -0.0088667472193512571 -0.0090725730176693525 -0.00585812317514564 -0.0045131704462225176 -0.0033431310949674094 -0.0023480846550618102 -0.0019162087213136175 -0.0015281095653315187 -0.0011837948906784858 -0.00088327134233713361 -0.00062654455287833365 -0.00041361922408072755 -0.00024449923163454755 -0.00011918774179981004 -3.7687311369608618e-05 0 -6.0723003700259366e-05 -0.00016527373923956758 -0.00031365426483121215 -0.00050586713912327563 -0.00074191552755133487 -0.0010218033049811826 -0.0013455351756647791 -0.0017131167688752378 -0.0021245547312440521 -0.0025798567696319529 -0.0036220888172164107 -0.0048398913636454426 -0.0062333439211651152 -0.0078025060934557161 -0.0095473948705670879 -0.0097171294031400107 -0.0062612748208041779 -0.0048167223521678165 -0.0035611486317770843 -0.0024946294515794006 -0.0020322890953928907 -0.0016172395874768002 -0.0012494882685491037 -0.00092904147671770147 -0.00065590457435104276 -0.00043008204632383586 -0.00025157758734656863 -0.00012039421364653033 -3.653436457234997e-05 0 -6.3086961158666165e-05 -0.00017351333587770228 -0.00033128108613234816 -0.00053639265001167243 -0.00078885104542237802 -0.0010886599645558324 -0.0014358238931264503 -0.0018303481943423882 -0.0022722392079909605 -0.0027615042680724853 -0.0038821906246739564 -0.0051924820366900078 -0.0066924542893504035 -0.0083821641972259657 -0.010261627963301595 -0.013399501372131915 -0.0085562366027250314 -0.0065400997481352375 -0.0047943341770183964 -0.0033189897991115895 -0.0026827412054742351 -0.0021141158279585162 -0.0016131184996121678 -0.0011797533811066874 -0.00081402401203579141 -0.00051593334297695488 -0.00028548380511074853 -0.00012267738258830871 -2.7515684440785481e-05 0 -7.5329612417254533e-05 -0.00021831440859893431 -0.00042895567879290433 -0.00070725503111427083 -0.0010532144465080166 -0.0014668363616509755 -0.0019481237262045786 -0.0024970800742662798 -0.0031137095701717506 -0.0037980170542970789 -0.0053696884156267085 -0.0072121433754630442 -0.0093254318398789896 -0.01170959117613824 -0.01436463207996963 -0.01790922543406074 -0.0113529086959318 -0.0086324350736424645 -0.0062837599824092528 -0.0043068939732260631 -0.0034578926884592967 -0.002701847483955373 -0.0020387593659885414 -0.0014686292237321029 -0.0009914578133803152 -0.00060724575318648927 -0.00031599355819632074 -0.00011770165314884164 -1.2370375205468232e-05 0 -8.8191171480924495e-05 -0.00026934518828539763 -0.00054346232257388555 -0.00091054291895066163 -0.00137058739371952 -0.0019235962658956799 -0.0025695701537324519 -0.0033085098154088566 -0.0041404161321591465 -0.0050652901221661427 -0.0071939458972872213 -0.0096944875726802833 -0.012566925727125894 -0.015811268283793291 -0.019427517489432864 -0.01911755641696054 -0.012101519216355539 -0.0091920992255304576 -0.0066817449786318577 -0.0045704564542853824 -0.0036644618583748325 -0.0028582336888274421 -0.0021517719541929545 -0.0015450766544713695 -0.0010381477918001234 -0.00063098536511049807 -0.00032358937119633977 -0.00011595981166072538 -8.0966886410907372e-06 0 -9.1669746271812134e-05 -0.00028310592692216817 -0.00057430854301978608 -0.00096527759456466579 -0.0014560130810224482 -0.0020465150023931339 -0.0027367833608141581 -0.0035268181498732134 -0.0044166193781200432 -0.0054061870412797754 -0.0076846216573758994 -0.010362122030223121 -0.013438688138447081 -0.016914319982047784 -0.020789017573849839 -0.019574255357413476 -0.012390249872278852 -0.0094112135876530337 -0.0068408215976343677 -0.0046790739090931815 -0.0037514416804530172 -0.002925970526609695 -0.0022026604475632156 -0.0015815114433135786 -0.0010625235138607843 -0.0006456966592048325 -0.00033103088278088795 -0.00011852617943620366 -8.1825520334168226e-06 0 -9.39785233359532e-05 -0.00029011812146874898 -0.00058841879611596965 -0.00098888054556003284 -0.0014915033709459937 -0.002096287269983742 -0.0028032322495436073 -0.0036123382993200957 -0.0045236054261835364 -0.0055370336278438197 -0.007870373255554914 -0.010612357191613818 -0.013762985422279873 -0.017322257956713518 -0.021290174790334532 -0.021474656467510487 -0.013592377705891648 -0.010323865980564118 -0.0075037726815373332 -0.0051320978194984747 -0.0041144173030174666 -0.0032088413891039535 -0.0024153700937887029 -0.0017340033956973577 -0.0011647413055170966 -0.00070758382859150901 -0.00036253095824110822 -0.00012958269713768891 -8.7390449472767479e-06 0 -0.00010336556363175607 -0.00031883573450664751 -0.00064641051563044355 -0.0010860899033294264 -0.0016378738989394931 -0.0023017625051324391 -0.0030777557152287765 -0.0039658535385797876 -0.0049660559618264991 -0.0060783630036714735 -0.0086392909057510844 -0.011648637234131443 -0.015106402010186907 -0.01901258519651235 -0.023367186835856486 -0.021332862290562162 -0.013502247745864775 -0.010255198359407171 -0.0074536542383529057 -0.0050976153827019793 -0.0040866604271126584 -0.0031870817832939532 -0.0023988794604063017 -0.0017220534447090459 -0.0011566037499428446 -0.00070253037000073799 -0.00035983330335598638 -0.00012851255458880934 -8.568119500672275e-06 0 -0.00010280819532342258 -0.00031699270623430996 -0.00064255353311434707 -0.0010794906732917392 -0.0016278041313467059 -0.0022874939042257674 -0.0030585599904021841 -0.0039410023929294354 -0.0049348211133342611 -0.006040016145509702 -0.0085845351604398289 -0.011574559431612853 -0.015010088965135738 -0.018891123764061962 -0.023217663822284566 -0.016125968808435014 -0.010206612459232045 -0.007752089764971032 -0.0056343374049321144 -0.0038533553638478942 -0.0030891532100511586 -0.0024091436455352215 -0.001813326655032684 -0.0013017022499940956 -0.00087427042278575651 -0.0005310311772245167 -0.00027198451044773873 -9.7130426749378606e-05 -6.46892278969282e-06 0 -7.7723658141747048e-05 -0.00023963989649927462 -0.00048574871674245449 -0.00081605011672430873 -0.0012305440973990496 -0.0017292306587666775 -0.0023121098036898292 -0.0029791815264432306 -0.0037304458308437308 -0.0045659027130744807 -0.0064893942262941283 -0.0087496560622853225 -0.011346688221048062 -0.014280490706399201 -0.017551063506888186 -0.013063380400377564 -0.0082681831780737226 -0.0062798072837232403 -0.0045642465278000893 -0.0031215009148844917 -0.0025024337876270518 -0.0019515704472665551 -0.0014689108892227815 -0.0010544551203660608 -0.00070820313840628298 -0.00043015493761817345 -0.00022031052487206181 -7.8669897877838176e-05 -5.2330560629750874e-06 0 -6.297072940264919e-05 -0.00019414524512971384 -0.00039352354689493023 -0.00066110563212192484 -0.00099689150424586226 -0.0014008811621216877 -0.0018730746046043464 -0.0024134718339839478 -0.0030220728479703825 -0.0036988776511438699 -0.0052570986113113435 -0.0070881347053259307 -0.0091919859560887288 -0.011568652345278858 -0.0142181338683161 
end_dependent_variable

end_regular_table
