# ****************************************************************************
# CUI
#
# The Advanced Framework for Simulation, Integration, and Modeling (AFSIM)
#
# The use, dissemination or disclosure of data in this file is subject to
# limitation or restriction. See accompanying README and LICENSE for details.
# ****************************************************************************

# ##################################################################################################
# 
# This file was auto-generated by AFSIM Mover Creator 2.5.0.200324
# 
# Creation Date:  24 Mar 2020
# 
# ##################################################################################################

regular_table

independent_variable mach precision double
0.10000000000000001 0.5 0.70000000000000007 0.75 0.80000000000000004 
end_independent_variable

independent_variable alpha units rad
-1.0471975511965976 -0.95993108859688125 -0.87266462599716477 -0.78539816339744828 -0.69813170079773179 -0.6108652381980153 -0.52359877559829882 -0.48869219055841229 -0.4537856055185257 -0.41887902047863912 -0.38397243543875248 -0.3490658503988659 -0.31415926535897931 -0.27925268031909273 -0.24434609527920614 -0.20943951023931956 -0.17453292519943295 -0.13962634015954636 -0.10471975511965978 -0.087266462599716474 -0.069813170079773182 -0.05235987755982989 -0.034906585039886591 -0.017453292519943295 0 0.017453292519943295 0.034906585039886591 0.05235987755982989 0.069813170079773182 0.087266462599716474 0.10471975511965978 0.13962634015954636 0.17453292519943295 0.20943951023931956 0.24434609527920614 0.27925268031909273 0.31415926535897931 0.3490658503988659 0.38397243543875248 0.41887902047863912 0.4537856055185257 0.48869219055841229 0.52359877559829882 0.6108652381980153 0.69813170079773179 0.78539816339744828 0.87266462599716477 0.95993108859688125 1.0471975511965976 
end_independent_variable

independent_variable surface_angle units deg
-20 -16 -14 -12 -10 -9 -8 -7 -6 -5 -4 -3 -2 -1 0 1 2 3 4 5 6 7 8 9 10 12 14 16 18 20 
end_independent_variable

dependent_variable precision double
0 0 0 0 0 0 0 0 0 0 0 0 0 0 0 -0.00026970313610964562 -0.00053846682493101155 -0.00080593518747196636 -0.0010716572126229528 -0.0013350666525368665 -0.0015954601408228145 -0.0018519748171705232 -0.0021035677054030764 -0.002349000363891289 -0.0025868338409338484 -0.0030330403750061727 -0.0034277864116138727 -0.0037573147841109067 -0.004013338097416554 -0.0041980244172649447 0 0 0 0 0 0 0 0 0 0 0 0 0 0 0 -0.000268028588018346 -0.00053513385514483149 -0.00080096241030726332 -0.0010650663953766103 -0.0013268835210965811 -0.0015857153382512399 -0.0018407050187137716 -0.002090816877665512 -0.0023348211313179734 -0.0025712888875594987 -0.0030149986117342957 -0.0034076458296298587 -0.0037355695497887616 -0.0039905403136084507 -0.0041747110300588558 0 0 0 0 0 0 0 0 0 0 0 0 0 0 0 -0.0002662475684663158 -0.00053158678689880742 -0.00079566685136519904 -0.0010580431824600436 -0.0013181576073892207 -0.001575316790212111 -0.0018286701755530347 -0.0020771896607360216 -0.0023196544650939959 -0.0025546461572883939 -0.0029956423463382946 -0.0033859826977786877 -0.0037121062308742361 -0.0039658437340476327 -0.0041493323550423006 0 0 0 0 0 0 0 0 0 0 0 0 0 0 0 -0.00026437363208775495 -0.00052785261552406996 -0.00079008881304686832 -0.00105064102476428 -0.0013089553208869488 -0.0015643436359348208 -0.0018159618801116032 -0.0020627897659637779 -0.0023036157927072043 -0.002537032311347053 -0.0029751188916854656 -0.0033629618855743047 -0.0036871033973918093 -0.0039394363146167607 -0.0041220815392562175 0 0 0 0 0 0 0 0 0 0 0 0 0 0 0 -0.00026242104067001807 -0.00052395976031953493 -0.00078427074759198549 -0.0010429162571789288 -0.0012993466965465403 -0.0015528793877491915 -0.0018026768501912644 -0.0020477267852428908 -0.0022868271781388777 -0.0025185814017386191 -0.002953584443658118 -0.0033387585952979306 -0.0036607513360014049 -0.003911519031722939 -0.0040931659778632315 0 0 0 0 0 0 0 0 0 0 0 0 0 0 0 -0.00026040465461280097 -0.00051993784826387943 -0.00077825693399170609 -0.001034927669849657 -0.001289404861801072 -0.0015410112955062177 -0.0017889161928914328 -0.0020321153569519235 -0.002269416392883123 -0.0024994338510261776 -0.0029312028924085944 -0.0033135570286029147 -0.0036332506018020155 -0.0038823043527459055 -0.0040628057357452374 0 0 0 0 0 0 0 0 0 0 0 0 0 0 0 -0.0002583398198315263 -0.00051581748853634366 -0.00077209314099876817 -0.0010267360607496812 -0.0012792054800160005 -0.0015288296825540187 -0.0017747846351230721 -0.0020160742934866079 -0.0022515159435286566 -0.0024797353836322569 -0.002908144575056254 -0.0032875489846289291 -0.0036048104919862937 -0.0038520146190329824 -0.0040312318726767674 0 0 0 0 0 0 0 0 0 0 0 0 0 0 0 -0.0002575038306853325 -0.00051414878383482915 -0.00076959610721573162 -0.0010234164947331608 -0.0012750709493495216 -0.0015238899543452825 -0.001769052174763543 -0.0020095648278987887 -0.0022442490724136461 -0.0024717352064925289 -0.0028987709201100825 -0.003276964119219235 -0.0035932197040225398 -0.0038396491122574972 -0.0040183160709898851 0 0 0 0 0 0 0 0 0 0 0 0 0 0 0 -0.00025666361981667034 -0.00051247137218934132 -0.00076708561581667156 -0.0010200784525048437 -0.0012709126528466564 -0.0015189208957897523 -0.0017632845399293883 -0.0020030140583717935 -0.0022369344757670337 -0.0024636805822102221 -0.0028893284382069746 -0.0032662947314581114 -0.0035815273072935198 -0.0038271634738385584 -0.0040052601902058798 0 0 0 0 0 0 0 0 0 0 0 0 0 0 0 -0.00025582021089305863 -0.00051078729726758486 -0.00076456472544864627 -0.001016726000954999 -0.0012667356567511567 -0.0015139285609198532 -0.0017574887575952177 -0.0019964299660092224 -0.0022295810652981076 -0.0024555813241043047 -0.0028798286335566269 -0.0032555538203510527 -0.0035697475471835704 -0.0038145729156033128 -0.0039920801369043822 0 0 0 0 0 0 0 0 0 0 0 0 0 0 0 -0.0002549746314783537 -0.00050909861085543984 -0.00076203650742825567 -0.0010133632245294345 -0.0012625450500893479 -0.0015089190321266137 -0.0017516718890290331 -0.0019898205725134175 -0.0022221978000048171 -0.0024474472998731837 -0.0028702830802076729 -0.0032447544720437312 -0.003557894775515854 -0.0038018927772075443 -0.00397879196895011 0 0 0 0 0 0 0 0 0 0 0 0 0 0 0 -0.00025412791178082081 -0.00050740737035717741 -0.0007595040419997157 -0.0010099942202532292 -0.0012583459384699343 -0.0015038984127492099 -0.0017458410211891632 -0.001983193930412254 -0.0022147936752586182 -0.0024392884195724345 -0.0028607034079464883 -0.0032339098438785483 -0.0035459834330668683 -0.0037891385074466611 -0.003965411875928828 0 0 0 0 0 0 0 0 0 0 0 0 0 0 0 -0.00025328108339798432 -0.00050571563628882903 -0.00075697041458205449 -0.0010066230927391381 -0.0012541434378636003 -0.0014988728196389861 -0.0017400032580898938 -0.0019765581132483766 -0.0022073777118449948 -0.0024311146235409245 -0.0028511012881280886 -0.0032230331483644355 -0.0035340280319725854 -0.0037763256454337235 -0.0039519561594228399 0 0 0 0 0 0 0 0 0 0 0 0 0 0 0 -0.00025243517805978465 -0.00050402546976776534 -0.00075443871201000495 -0.0010032539491867548 -0.0012499426683699895 -0.0014938483757070138 -0.0017341657121463234 -0.0019699212057428307 -0.0021999589449730266 -0.0024229358702900407 -0.0028414884194563786 -0.0032121376370794503 -0.00352204313804765 -0.003763469801667424 -0.0039384412131500115 0 0 0 0 0 0 0 0 0 0 0 0 0 0 0 -0.00025159122637157476 -0.00050233893000154199 -0.00075191201877317245 -0.00099989089437852092 -0.0012457487479796505 -0.0014888312024642673 -0.0017283354955089792 -0.0019632912939450738 -0.0021925464132673722 -0.0024147621243707797 -0.0028318765137310864 -0.0032012365845257695 -0.0035100433530391795 -0.0037505866390131 -0.0039248835029905603 0 0 0 0 0 0 0 0 0 0 0 0 0 0 0 -0.00025075025655848593 -0.00050065807177907267 -0.00074939341325805885 -0.00099653802567868156 -0.0012415667863385552 -0.0014838274125635073 -0.0017225197113987574 -0.0019566764553813716 -0.0021851491477561029 -0.0024066033442334748 -0.0028222772815787375 -0.0031903432719567505 -0.0034980432968367797 -0.0037376918536199477 -0.0039112995469259091 0 0 0 0 0 0 0 0 0 0 0 0 0 0 0 -0.00024991329321269397 -0.00049898494296718508 -0.00074688596399752273 -0.00099319942804127772 -0.0012374018785227814 -0.001478843102351953 -0.0017167254454527438 -0.0019500847492135772 -0.002177776160867782 -0.0023984694700949593 -0.0028127024181850615 -0.0031794709711957729 -0.0034860575896604675 -0.0037248011557976788 -0.0038977058949140747 0 0 0 0 0 0 0 0 0 0 0 0 0 0 0 -0.00024908135604511132 -0.00049732158201561073 -0.00074439272593224506 -0.00098987916903325868 -0.001233259098830948 -0.0014738843444438228 -0.0017109597570914552 -0.0019435242064202809 -0.0021704364354512115 -0.0023903704118279439 -0.0028031635890462081 -0.0031686329284665638 -0.00347410083424818 -0.0037119302508759303 -0.0038841191087260933 0 0 0 0 0 0 0 0 0 0 0 0 0 0 0 -0.00024825545864302667 -0.00049567001547344807 -0.00074191673668875461 -0.00098658129387877921 -0.0012291434946019629 -0.0014689571803217897 -0.0017052296709180238 -0.0019370028200123024 -0.0021631389138312145 -0.0023823160368873627 -0.0027936724157561397 -0.0031578423482547173 -0.0034621875980645903 -0.0036990948200697382 -0.0038705557417680497 0 0 0 0 0 0 0 0 0 0 0 0 0 0 0 -0.0002478450896215669 -0.00049484928454044926 -0.00074068615398786245 -0.00098494200705628344 -0.0012270974516935267 -0.0014665073235690389 -0.0017023801622126483 -0.0019337592954892125 -0.0021595087601582815 -0.0023783086746857122 -0.0027889483163121617 -0.0031524689676213566 -0.0034562518380022804 -0.0036926952965432038 -0.0038637880061885973 0 0 0 0 0 0 0 0 0 0 0 0 0 0 0 -0.00024743660723520469 -0.00049403225552012442 -0.00073946101287854769 -0.00098330982053071664 -0.0012250600800656189 -0.0014640676129763651 -0.0016995421681597995 -0.001930528535294437 -0.0021558924869137862 -0.0023743161582883993 -0.0027842404618475072 -0.0031471123772200591 -0.0034503323955528955 -0.0036863105013743929 -0.0038570323189133066 0 0 0 0 0 0 0 0 0 0 0 0 0 0 0 -0.00024703013591163196 -0.00049321917728742761 -0.00073824168655066034 -0.00098168523148190585 -0.0012230320003213736 -0.0014616387917032491 -0.0016967165532399578 -0.0019273115235488277 -0.0021522911956495905 -0.0023703397038545948 -0.0027795502864202525 -0.0031417742087201514 -0.0034444310738359482 -0.0036799423794337646 -0.0038502907377899642 0 0 0 0 0 0 0 0 0 0 0 0 0 0 0 -0.00024662579946595144 -0.0004924102975138652 -0.00073702854642281187 -0.00098006873477541343 -0.0012210138302335271 -0.0014592215995921792 -0.0016939041781628007 -0.0019241092401853265 -0.0021487059833539004 -0.0023663805226508401 -0.0027748792187032669 -0.0031364560881794699 -0.003438549670451201 -0.0036735928705129519 -0.0038435653163694876 0 0 0 0 0 0 0 0 0 0 0 0 0 0 0 -0.00024622372106296135 -0.00049160586259205193 -0.00073582196202923676 -0.00097846082281179505 -0.0012190061845562385 -0.0014568167729432885 -0.0016911058996050203 -0.0019209226606504671 -0.002145137942117111 -0.0023624398206820831 -0.0027702286815490273 -0.0031311596355490501 -0.0034326899769310994 -0.0036672639087338803 -0.0038368581032803932 0 0 0 0 0 0 0 0 0 0 0 0 0 0 0 -0.00024582402317963829 -0.0004908061175606577 -0.00073462230090723033 -0.00097686198537661134 -0.0012170096748378304 -0.0014544250442900695 -0.001688322569949373 -0.0019177527556072447 -0.0021415881587991481 -0.0023585187983243185 -0.0027656000915562014 -0.0031258864641796704 -0.0034268537781950541 -0.003660957421959619 -0.0038301711416047612 0 0 0 0 0 0 0 0 0 0 0 0 0 0 0 -0.00024542682756782951 -0.00049001130602976636 -0.00073342992848519147 -0.00097527270949123324 -0.0012150249092345029 -0.0014520471421762399 -0.0016855550370250348 -0.0019146004906394434 -0.0021380577146983978 -0.0023546186499589393 -0.002760994858638139 -0.0031206381803304127 -0.0034210428520057359 -0.0036546753312071303 -0.0038235064682558963 0 0 0 0 0 0 0 0 0 0 0 0 0 0 0 -0.00024503225521716609 -0.00048922167010666978 -0.0007322452079713105 -0.00097369347926449113 -0.0012130524923250859 -0.0014496837909338191 -0.0016828041438493437 -0.0019114668259575087 -0.002134547685222333 -0.00235074056360892 -0.0027564143855933988 -0.0031154163826793788 -0.0034152589684275547 -0.0036484195500621143 -0.0038168661133578629 0 0 0 0 0 0 0 0 0 0 0 0 0 0 0 -0.00024464042631820829 -0.00048843745032211953 -0.00073106850024293288 -0.00097212477574521036 -0.0012110930249268773 -0.0014473357104624889 -0.0016800707283710101 -0.0019083527161060597 -0.0021310591395599346 -0.0023468857205769301 -0.0027518600676784423 -0.0031102226618367175 -0.0034095038892874774 -0.0036421919840961088 -0.0038102520996270892 0 0 0 0 0 0 0 0 0 0 0 0 0 0 0 -0.00024425146022583451 -0.00048765888555705881 -0.00072990016373663158 -0.00097056707677567933 -0.0012091471039126283 -0.0014450036160103081 -0.0016773556232148672 -0.0019052591096731237 -0.002127593140356006 -0.0023430552950855004 -0.0027473332921826256 -0.0031050585998601099 -0.0034037793676383612 -0.0036359945302860343 -0.0038036664417562291 0 0 0 0 0 0 0 0 0 0 0 0 0 0 0 -0.00024386547542288448 -0.00048688621296985726 -0.0007287405543390243 -0.00096902085684609398 -0.0012072153220287303 -0.001442688217955838 -0.0016746596554282479 -0.0019021869490011888 -0.0021241507433874805 -0.0023392504539193415 -0.0027428354380056156 -0.0030999257697728599 -0.003398087147224955 -0.0036298290764363579 -0.0037971111458004669 0 0 0 0 0 0 0 0 0 0 0 0 0 0 0 -0.0002434825894840683 -0.00048611966792406992 -0.00072759002527836715 -0.00096748658695002335 -0.0012052982677146589 -0.0014403902215917553 -0.0016719836462290565 -0.0018991371699001562 -0.0021207329972418214 -0.0023354723560699308 -0.0027383678752373672 -0.0030948257350847355 -0.0033924289619527378 -0.0036236975006040482 -0.0037905882085664529 0 0 0 0 0 0 0 0 0 0 0 0 0 0 0 -0.00024272657974243079 -0.00048460589250729066 -0.000725317607144379 -0.00096445576288986252 -0.0012015106729452172 -0.0014358492283886211 -0.001666694757818379 -0.0018931084652792074 -0.0021139756139074398 -0.002328000985205339 -0.0027295290577371558 -0.0030847302555227323 -0.0033812215800916169 -0.003611543443052612 -0.0037776473476011287 0 0 0 0 0 0 0 0 0 0 0 0 0 0 0 -0.0002419843520823378 -0.0004831194036088872 -0.00072308567792612425 -0.00096147829718745161 -0.0011977889342050956 -0.0014313861689016366 -0.0016614954016786723 -0.0018871803408582073 -0.0021073292231835595 -0.0023206502852062476 -0.0027208276084195989 -0.0030747844609608573 -0.0033701708765234316 -0.0035995471654786618 -0.0037648596253059565 0 0 0 0 0 0 0 0 0 0 0 0 0 0 0 -0.00024125681079386179 -0.00048166201228660597 -0.00072089695688555306 -0.00095855781742610528 -0.0011941375858596588 -0.0014270064806813055 -0.0016563919124244935 -0.001881360019143605 -0.0021008019226734791 -0.002313429211768317 -0.0027122741286603352 -0.0030650004688177511 -0.0033592903148282481 -0.0035877232834985381 -0.0037522406215507544 0 0 0 0 0 0 0 0 0 0 0 0 0 0 0 -0.00024054484227399356 -0.00048023549414727954 -0.00071875411064210664 -0.00095569788176054764 -0.0011905610765144193 -0.0014227154997030846 -0.001651390507871366 -0.0018756545913008581 -0.0020944016648874165 -0.0023063465626572098 -0.0027038790395568883 -0.0030553901993807331 -0.0033485931512944717 -0.0035760862026911031 -0.0037398057106477899 0 0 0 0 0 0 0 0 0 0 0 0 0 0 0 -0.00023984931394670431 -0.00047884158718352216 -0.00071665974992385264 -0.00095290197458184787 -0.0011870637635950944 -0.0014185184538663214 -0.0016464972814603312 -0.001870071008514939 -0.0020881362475536 -0.0022994109669898692 -0.0026956525692321664 -0.0030459653612827627 -0.0033380924187680957 -0.0035646501010467664 -0.0037275700426205476 0 0 0 0 0 0 0 0 0 0 0 0 0 0 0 -0.00023917107320612282 -0.00047748198965625438 -0.00071461642638671441 -0.00095017350227222653 -0.0011836499080387572 -0.0014144204566248623 -0.0016417181948340266 -0.0018646160735213879 -0.0020820133041179376 -0.0022926308747212702 -0.0026876047403730698 -0.0030367374372372775 -0.0033278009107741897 -0.0035534289116937847 -0.0037155485247457576 0 0 0 0 0 0 0 0 0 0 0 0 0 0 0 -0.00023851094638411657 -0.00047615835802563319 -0.00071262662950567237 -0.000947515789054904 -0.0011803236691025386 -0.0014104265007570981 -0.0016370590705733446 -0.0018592964323182258 -0.0020760402944438377 -0.0022860145463494477 -0.0026797453580193905 -0.0030277176700482748 -0.003317731165929959 -0.0035424363059228933 -0.0037037558033911778 0 0 0 0 0 0 0 0 0 0 0 0 0 0 0 -0.00023786973774353345 -0.00047487230493291067 -0.00071069278354172127 -0.0009449320729440462 -0.0011770890992962143 -0.0014065414522830319 -0.0016325255851035142 -0.0018541185660688306 -0.0020702244957235172 -0.0022795700428513569 -0.0026720839976178807 -0.0030189170489126845 -0.003307895452668371 -0.0035316856765309429 -0.00369220624617125 0 0 0 0 0 0 0 0 0 0 0 0 0 0 0 -0.00023724822849833136 -0.00047362539723567912 -0.00070881724458828196 -0.00094242550179974346 -0.0011739501394448469 -0.0014027700445357833 -0.0016281232617782499 -0.0018490887832056377 -0.0020645729936118618 -0.0022733052158618095 -0.0026646299933560484 -0.0030103462960317292 -0.0032983057542909596 -0.00352119012150384 -0.0036809139244423734 0 0 0 0 0 0 0 0 0 0 0 0 0 0 0 -0.00023664717586178939 -0.00047241915409889604 -0.00070700229770066466 -0.00093999912949282722 -0.0011709106138874947 -0.0013991168723947517 -0.0016238574641503983 -0.0018442132117442885 -0.0020590926735936472 -0.0022672276981074695 -0.0026573924267898849 -0.0030020158535475714 -0.0032889737543680174 -0.0035109624280586691 -0.0036698925961591248 0 0 0 0 0 0 0 0 0 0 0 0 0 0 0 -0.00023606731212396018 -0.00047125504514401614 -0.00070525015411208088 -0.00093765591218419951 -0.0011679742258178466 -0.0013955863866874632 -0.0016197333894372723 -0.0018394977918175836 -0.002053790212594637 -0.0022613448941075517 -0.002650380115779389 -0.0029939358708211718 -0.0032799108225039664 -0.0035010150570644366 -0.0036591556891123131 0 0 0 0 0 0 0 0 0 0 0 0 0 0 0 -0.00023550934375948706 -0.00047013448865848388 -0.00070356294853959628 -0.00093539870472320605 -0.0011651445527724499 -0.0013921828887669219 -0.0016157560621886454 -0.0018349482684383487 -0.0020486720708467773 -0.0022556639711525531 -0.0026436016037453642 -0.0029861161920668564 -0.0032711280004852458 -0.0034913601278604251 -0.0036487162845692811 0 0 0 0 0 0 0 0 0 0 0 0 0 0 0 -0.00023421460840160473 -0.00046753246372034321 -0.00069964232684533974 -0.00093014975949887223 -0.0011585595414505684 -0.0013842565334678191 -0.0016064861086079912 -0.0018243361169967018 -0.0020367234616260879 -0.0022423896865096703 -0.0026277316629161598 -0.0029677675346887191 -0.0032504657731061964 -0.0034685785171443963 -0.0036240018799944037 0 0 0 0 0 0 0 0 0 0 0 0 0 0 0 -0.0002330707463853143 -0.00046523082772993507 -0.00069617003038760614 -0.0009254952156682359 -0.0011527127949835158 -0.0013772096558497167 -0.0015982336576545013 -0.0018148756558573013 -0.0020260561220173854 -0.0022305207464847886 -0.0026134945552815144 -0.0029512440668737041 -0.00323177739378899 -0.0034478705551158934 -0.0036014134167683272 0 0 0 0 0 0 0 0 0 0 0 0 0 0 0 -0.00023208646319124258 -0.00046324709752691213 -0.00069317248543906897 -0.00092147049712033868 -0.0011476488106422684 -0.0013710958869063089 -0.001591061515462898 -0.0018066388848418007 -0.0020167512369162091 -0.0022201474808781598 -0.0026009986338271281 -0.0029366715421890251 -0.0032152050923845818 -0.0034293938418697638 -0.0035811228067354891 0 0 0 0 0 0 0 0 0 0 0 0 0 0 0 -0.00023126924980882284 -0.00046159637049592852 -0.00069067250512675339 -0.00091810623439352154 -0.0011434061284053805 -0.0013659617561108501 -0.0015850242663659174 -0.0017996884907511262 -0.0020088796221166215 -0.0022113488365045992 -0.0025903390000605133 -0.0029241608663466648 -0.0032008749941132893 -0.0034132889963503538 -0.0035632844736900441 0 0 0 0 0 0 0 0 0 0 0 0 0 0 0 -0.00023062532572534221 -0.0004602912096664263 -0.00068868911581036589 -0.00091542803155853295 -0.0011400170376464761 -0.0013618463372987665 -0.0015801678574745783 -0.0017940773702810708 -0.0020025011853602582 -0.002204191776360556 -0.0025815967802310961 -0.0029138072531439351 -0.0031888961596757063 -0.0033996785861564391 -0.0035480341781175483 0 0 0 0 0 0 0 0 0 0 0 0 0 0 0 -0.00023015959159188802 -0.00045934154810039557 -0.00068723741228020698 -0.00091345627135609026 -0.0011375073313926196 -0.0013587809512921759 -0.0015765292489929232 -0.0017898482274464986 -0.0019976644704022412 -0.0021987307699952779 -0.0025748385079104748 -0.0029056894998289924 -0.0031793597552349211 -0.0033886661947277845 -0.0035354879839756882 0 0 0 0 0 0 0 0 0 0 0 0 0 0 0 -0.00026975720544163465 -0.00053868310225896755 -0.0008064218114598676 -0.0010725223219347768 -0.0013364183858365917 -0.001597406636774419 -0.0018546242144379848 -0.0021070281426503737 -0.0023533799797823989 -0.0025922407741327488 -0.0030408263588125903 -0.0034383840006837192 -0.0037711565331000935 -0.0040308565609809936 -0.0042196521500605499 0 0 0 0 0 0 0 0 0 0 0 0 0 0 0 -0.00026808507687628278 -0.00053535981057657841 -0.00080147081002869406 -0.0010659702171035978 -0.0013282957425449992 -0.0015877489371369624 -0.0018434729727526715 -0.0020944321645734627 -0.0023393967288108486 -0.0025769377733531715 -0.0030231330072771853 -0.003418717645785458 -0.003750030697420565 -0.0040088427035799516 -0.0041973065732335488 0 0 0 0 0 0 0 0 0 0 0 0 0 0 0 -0.00026630604693588249 -0.00053182070077707408 -0.0007961931575912989 -0.0010589788379731099 -0.0013196195691283867 -0.0015774220151165102 -0.0018315356205618005 -0.0020809322827882873 -0.0023243912211288946 -0.0025604940042450583 -0.0030040632459558915 -0.0033974444778137507 -0.0037270767190832974 -0.0039847907581872259 -0.0041727237428689588 0 0 0 0 0 0 0 0 0 0 0 0 0 0 0 -0.00026443365511248787 -0.00052809270762300151 -0.00079062902026946454 -0.001051601393160006 -0.0013104558965052709 -0.001566504464825205 -0.001818903008323515 -0.002066631239546683 -0.0023084776577105689 -0.0025430346138203422 -0.0029837622072470026 -0.0033747263984219514 -0.00370246929172343 -0.0039588837746302183 -0.0041460907491493752 0 0 0 0 0 0 0 0 0 0 0 0 0 0 0 -0.00026248215143845609 -0.00052420420339328703 -0.00078482074450792784 -0.0010438940294739373 -0.0013008744657574912 -0.0015550793754129607 -0.0018056712778447281 -0.0020516378744229249 -0.0022917771503823581 -0.0025246924785824226 -0.0029623843943131943 -0.0033507363059117842 -0.0036763956927215414 -0.0039313189206968604 -0.0041176102852384447 0 0 0 0 0 0 0 0 0 0 0 0 0 0 0 -0.00026046638803509667 -0.00052018478195306201 -0.00077881253479236722 -0.0010359154046063876 -0.0012909481973584634 -0.0015432336987088618 -0.0017919411305839204 -0.002036066295978846 -0.0022744168000890718 -0.0025056071932557438 -0.0029400925052191699 -0.0033256567793728646 -0.0036490543579097054 -0.003902305981569701 -0.0040874991046635032 0 0 0 0 0 0 0 0 0 0 0 0 0 0 0 -0.00025840170607906035 -0.00051606503352647946 -0.00077265011722657399 -0.0010277262407102246 -0.0012807526362043496 -0.0015310575874652415 -0.0017778170612522367 -0.002020035013328782 -0.002256528729578908 -0.0024859240083856533 -0.0029170561947011453 -0.0032996786891455864 -0.0036206533713549894 -0.0038720657632339878 -0.0040559863716903548 0 0 0 0 0 0 0 0 0 0 0 0 0 0 0 -0.00025756564612990432 -0.00051439604561311634 -0.00077015244621687787 -0.0010244055418463093 -0.0012766163354638166 -0.0015261153103498671 -0.0017720811315475608 -0.0020135210163513837 -0.0022492561234239614 -0.0024779167509497079 -0.0029076723441284207 -0.0032890799463553065 -0.0036090444578329192 -0.0038596773162987586 -0.004043042248818603 0 0 0 0 0 0 0 0 0 0 0 0 0 0 0 -0.00025672528914568268 -0.00051271804950539079 -0.00076764063977778272 -0.0010210651617690411 -0.0012724543860719649 -0.0015211409916341969 -0.0017663063370509935 -0.0020069608954285841 -0.002241929691417034 -0.0024698475151114564 -0.0028982088215847531 -0.0032783819199445315 -0.0035973146555206806 -0.0038471443364385596 -0.0040299279218108195 0 0 0 0 0 0 0 0 0 0 0 0 0 0 0 -0.00025588165897193356 -0.00051103308958308459 -0.00076511775815852072 -0.0010177091702169977 -0.00126827185872303 -0.0015161406917593508 -0.0017604997134600894 -0.0020003626430572185 -0.002234558359686977 -0.0024617261319917977 -0.0028886771569146177 -0.0032675976438105397 -0.0035854782553755541 -0.003834482093158792 -0.004016659368454357 0 0 0 0 0 0 0 0 0 0 0 0 0 0 0 -0.00025503578344207247 -0.00050934321871031493 -0.00076258687510172469 -0.0010143416559489347 -0.0012640738491823168 -0.0015111205028204891 -0.0017546683352512526 -0.0019937342981914182 -0.0022271511090660367 -0.0024535624962450596 -0.0028790889629831747 -0.0032567402569326082 -0.0035735496782278572 -0.003821706013452423 -0.0040032527544376145 0 0 0 0 0 0 0 0 0 0 0 0 0 0 0 -0.00025418869312513544 -0.0005076504957344356 -0.00076005107409854661 -0.0010109667217622618 -0.0012598654720777976 -0.0015060865411445333 -0.0017488193070605755 -0.0019870839364483847 -0.0022197169641480952 -0.0024453665540038879 -0.0028694559215277815 -0.0032458229873641967 -0.0035615434572113898 -0.0038088316630045709 -0.0039897244136546427 0 0 0 0 0 0 0 0 0 0 0 0 0 0 0 -0.00025334142007018922 -0.00050595698297764872 -0.00075751344463189871 -0.0010075884794944166 -0.0012556518546687229 -0.0015010449398383629 -0.0017429597550279346 -0.0019804196602694916 -0.0022122649822935931 -0.002437148290761415 -0.0028597897689255952 -0.0032348591361165972 -0.0035494742200570433 -0.0037958747272281148 -0.0039760908283048048 0 0 0 0 0 0 0 0 0 0 0 0 0 0 0 -0.00025249499654893904 -0.00050426474372438268 -0.0007549770784123943 -0.0010042110450132243 -0.0012514381305988483 -0.0014960018413165705 -0.0017370968181148871 -0.0019737495890487095 -0.0022048042425945294 -0.002428917719205476 -0.0028501022818946055 -0.003223862060953704 -0.0035373566712711656 -0.0037828509921534353 -0.0039623686088117544 0 0 0 0 0 0 0 0 0 0 0 0 0 0 0 -0.00025165045379806387 -0.00050257583970749842 -0.00075244506561157447 -0.0010008385332023464 -0.0012472294336418779 -0.0014909633898178749 -0.001731237639406945 -0.0019670818492403762 -0.0021973438348129896 -0.0024206848670196893 -0.0028404052631455165 -0.0032128451601176325 -0.0035252055742203887 -0.0037697763251955678 -0.0039485744735861996 0 0 0 0 0 0 0 0 0 0 0 0 0 0 0 -0.00025080882076281393 -0.00050089232859638444 -0.00074992049109701055 -0.00099747505294792865 -0.0012430308914467537 -0.0014859357239193137 -0.001725389357410827 -0.0019604245644583608 -0.0021898928483066668 -0.0024124597646662692 -0.0028307105270019622 -0.0032018218560050282 -0.0035130357331447349 -0.0037566666558222039 -0.003934725228657089 0 0 0 0 0 0 0 0 0 0 0 0 0 0 0 -0.0002499711228433989 -0.00049921626149000481 -0.00074740643067386728 -0.00099412470213255662 -0.0012388476192904049 -0.0014809249690573313 -0.0017195590973572864 -0.0019537858455786943 -0.0021824603609548834 -0.002404252433165454 -0.0028210298850065742 -0.0031908055788139435 -0.003500861975120935 -0.0037435379561460832 -0.0039208377471960558 0 0 0 0 0 0 0 0 0 0 0 0 0 0 0 -0.00024913838064569626 -0.00049754968041795041 -0.00074490594733750935 -0.00099079156264261716 -0.0012346847138455705 -0.0014759372300648798 -0.0017137539625201158 -0.0019471737808577155 -0.0021750554280985895 -0.0023960728718864345 -0.0028113751315304355 -0.0031798097501812067 -0.0034886991319979174 -0.0037304062214654418 -0.0039069289489600577 0 0 0 0 0 0 0 0 0 0 0 0 0 0 0 -0.00024831160873779973 -0.00049589461585254028 -0.00074242208754171201 -0.00098747969539514759 -0.0012305472469712883 -0.0014709785837336187 -0.0017079810255619017 -0.0019405964260777761 -0.0021676870715078293 -0.002387931046364665 -0.0028017580294034555 -0.0031688477668302298 -0.0034765620223264852 -0.0037172874507761977 -0.0038930157796772599 0 0 0 0 0 0 0 0 0 0 0 0 0 0 0 -0.00024790077673973124 -0.00049507203301310651 -0.00074118733805134129 -0.00098583300094691202 -0.0012284896296476341 -0.0014685120598229534 -0.0017051088310026986 -0.0019373232710517276 -0.0021640194167295893 -0.0023838773865021414 -0.0027969672613278197 -0.0031633836427815581 -0.0034705077402523402 -0.0037107379228284347 -0.0038860628534543151 0 0 0 0 0 0 0 0 0 0 0 0 0 0 0 -0.00024749181441392467 -0.00049425308423500401 -0.00073995787748702712 -0.00098419313539023522 -0.0012264402595336167 -0.0014660550714102822 -0.0017022473199170753 -0.0019340617947325117 -0.0021603642683900998 -0.002379836876160391 -0.0027921902955831755 -0.0031579329842491622 -0.0034644654333051941 -0.0037041976272796455 -0.0038791151904012731 0 0 0 0 0 0 0 0 0 0 0 0 0 0 0 -0.00024708484633426608 -0.00049343801897796407 -0.00073873408035436737 -0.00098256059824405146 -0.0012243997608872256 -0.0014636083669180766 -0.0016993973639490287 -0.0019308129905974102 -0.0021567227398829529 -0.0023758107461180041 -0.0027874285872795624 -0.0031524974515564339 -0.0034584369420302768 -0.0036976685563672122 -0.0038721749068436032 0 0 0 0 0 0 0 0 0 0 0 0 0 0 0 -0.00024667999646717497 -0.00049262708551875943 -0.00073751631943382381 -0.00098093588679499014 -0.0012223687552641157 -0.001461172691636227 -0.0016965598312227547 -0.001927577848263634 -0.0021530959404530078 -0.0023718002227731952 -0.0027826835868794584 -0.0031470787004192857 -0.0034524241027644297 -0.0036911526989093823 -0.0038652441168589087 0 0 0 0 0 0 0 0 0 0 0 0 0 0 0 -0.00024627738813384276 -0.00049182053087557756 -0.00073630496566716973 -0.00097931949594589761 -0.001220347861328274 -0.001458748787495019 -0.0016937355860782097 -0.001924357353186878 -0.0021494849748585057 -0.0023678065277702243 -0.0027779567397559512 -0.0031416783814418067 -0.0034464287470767417 -0.0036846520396994591 -0.0038583249316329594 0 0 0 0 0 0 0 0 0 0 0 0 0 0 0 -0.00024587714397266791 -0.0004910186007327761 -0.00073510038804449696 -0.00097771191806508492 -0.0012183376946635703 -0.0014563373928391352 -0.0016909254888078237 -0.0019211524863611397 -0.002145890943034546 -0.0023638308776272785 -0.0027732494857524641 -0.0031362981396134727 -0.0034404527012106326 -0.0036781685589012099 -0.0038514194588166028 0 0 0 0 0 0 0 0 0 0 0 0 0 0 0 -0.00024547938590189919 -0.00049022153936604488 -0.00073390295349181831 -0.00097611364283634744 -0.0012163388675862439 -0.0014539392422027475 -0.0016881303953944474 -0.0019179642240199008 -0.0021423149397580385 -0.0023598744833659034 -0.0027685632587441671 -0.0031309396138080622 -0.0034344977855275648 -0.0036717042314456942 -0.0038445298018837532 0 0 0 0 0 0 0 0 0 0 0 0 0 0 0 -0.00024508423508249808 -0.00048942958956799771 -0.00073271302675929841 -0.00097452515710980266 -0.0012143519889583853 -0.0014515550660857703 -0.0016853511572506108 -0.0019147935373387557 -0.0021387580543142234 -0.0023559385501421178 -0.0027638994862012036 -0.0031256044362844462 -0.0034285658139525414 -0.0036652610264296757 -0.0038376580594906549 0 0 0 0 0 0 0 0 0 0 0 0 0 0 0 -0.00024469181188123212 -0.00048864299257421473 -0.00073153097031014721 -0.00097294694475359104 -0.0012123776640024721 -0.0014491855907313458 -0.0016825886209591761 -0.0019116413921395829 -0.0021352213701648624 -0.0023520242768793097 -0.002759259588753869 -0.003120294232189381 -0.0034226585934215696 -0.0036588409065158186 -0.0038308063248366085 0 0 0 0 0 0 0 0 0 0 0 0 0 0 0 -0.00024430223583400988 -0.00048786198798976012 -0.00073035714421020958 -0.00097137948650648459 -0.0012104164941170114 -0.0014468315379046201 -0.0016798436280154585 -0.0019085087485963455 -0.002131705964618208 -0.0023481328559030335 -0.0027546449797598732 -0.003115010619062475 -0.0034167779233312463 -0.003652445827334842 -0.0038239766850263627 0 0 0 0 0 0 0 0 0 0 0 0 0 0 0 -0.00024391562560946927 -0.00048708681371619617 -0.00072919190601828721 -0.00096982325983144973 -0.0012084690766933487 -0.0014444936246728888 -0.0016771170145709008 -0.0019053965609426124 -0.0021282129085008449 -0.0023442654725778157 -0.0027500570648738192 -0.0031097552063434702 -0.0034109255949906496 -0.0036460777368898154 -0.0038171712204343655 0 0 0 0 0 0 0 0 0 0 0 0 0 0 0 -0.00024353209897282982 -0.00048631770587911595 -0.00072803561067722074 -0.00096827873877020738 -0.0012065360049336965 -0.0014421725631871697 -0.0016744096111783705 -0.001902305777180893 -0.0021247432658315036 -0.0023404233049460813 -0.0027454972416190247 -0.0031045295948819909 -0.003405103391075684 -0.003639738574962777 -0.003810392004071057 0 0 0 0 0 0 0 0 0 0 0 0 0 0 0 -0.00024277476279209277 -0.00048479862470593861 -0.0007257512545913369 -0.00096522669168445409 -0.0012027152491867665 -0.0014375838181764522 -0.0016690557272518159 -0.0018961921804575743 -0.0021178784409300604 -0.0023328192901715368 -0.0027364674168884806 -0.00309417413325648 -0.0033935564408050841 -0.0036271547511430931 -0.0037969205674659215 0 0 0 0 0 0 0 0 0 0 0 0 0 0 0 -0.00024203114998927629 -0.00048330659523664098 -0.00072350685908857063 -0.00096222706369846682 -0.0011989588818785571 -0.0014330708935514215 -0.0016637884991186572 -0.0018901754069022695 -0.0021111198536455755 -0.0023253300759000944 -0.002727566507018738 -0.0030839568507207964 -0.0033821511406996797 -0.0036147096873267257 -0.0037835787880813442 0 0 0 0 0 0 0 0 0 0 0 0 0 0 0 -0.00024130216654203582 -0.00048184343527930205 -0.00072130515861911924 -0.00095928350939688948 -0.0011952714795640093 -0.00142863928761557 -0.0016586143440850201 -0.0018842627870267422 -0.0021044757382755745 -0.002317964786585718 -0.0027188053563973933 -0.0030738901954598581 -0.0033709013863607966 -0.0036024185459069191 -0.0037703829208203614 0 0 0 0 0 0 0 0 0 0 0 0 0 0 0 -0.0002405887006044105 -0.00048041092746894725 -0.00071914883561585913 -0.00095639961504721848 -0.0011916575347748425 -0.0014242943995980944 -0.0016535395660617958 -0.0018784615244475421 -0.0020979541896511879 -0.0023107323956989027 -0.0027101946391369261 -0.0030639864321424515 -0.0033598208838812068 -0.003590296301746189 -0.0037573490428145632 0 0 0 0 0 0 0 0 0 0 0 0 0 0 0 -0.00023989162142474442 -0.00047901081709568255 -0.00071704051722621342 -0.0009535788942304892 -0.0011881214505460968 -0.0014200415230757649 -0.0016485703478842956 -0.0018727786871095052 -0.0020915631532748475 -0.0023036417147938785 -0.0027017448460699396 -0.0030542576269786204 -0.00334892313314636 -0.0035783577239317564 -0.0037444930338365848 0 0 0 0 0 0 0 0 0 0 0 0 0 0 0 -0.00023921177828664108 -0.00047764480997832724 -0.0007149827721113786 -0.00095082478356051808 -0.0011846675350517127 -0.0014158858395235186 -0.0016437127437794199 -0.0018672211986745547 -0.0020853104156399139 -0.0022967013827730927 -0.0026934662719676952 -0.0030447156330188499 -0.0033382214113868566 -0.0035666173577816912 -0.0037318305569530499 0 0 0 0 0 0 0 0 0 0 0 0 0 0 0 -0.0002385499994742425 -0.00047631457038613679 -0.00071297810731680536 -0.00094814063849691797 -0.0011812999963556857 -0.0014118324120016303 -0.0016389726719895136 -0.0018617958300862828 -0.0020792035947440352 -0.0022899198553620369 -0.0026853690029975189 -0.0030353720757129491 -0.0033277287570021873 -0.003555089507123682 -0.0037193770394415349 0 0 0 0 0 0 0 0 0 0 0 0 0 0 0 -0.00023790709126309239 -0.00047502171901114631 -0.00071102896521775148 -0.00094552972925698853 -0.0011780229372851869 -0.0014078861789871523 -0.0016343559075619003 -0.0018565091913206003 -0.0020732501308077887 -0.0022833053948072466 -0.0026774629044343623 -0.0030262383387462287 -0.00331745795367545 -0.003543788216868027 -0.0037071476539948115 0 0 0 0 0 0 0 0 0 0 0 0 0 0 0 -0.00023728383693781359 -0.00047376783099360785 -0.00070913772054362193 -0.00094299523683145849 -0.0011748403504319017 -0.0014040519483571425 -0.0016298680753128777 -0.001851367723332499 -0.0020674572772099204 -0.0022768660598100287 -0.0026697576086414849 -0.00301732555017024 -0.0033074215147984028 -0.0035327272558960724 -0.003695157300235253 0 0 0 0 0 0 0 0 0 0 0 0 0 0 0 -0.00023668099583779647 -0.00047255443400292429 -0.00070730667748472825 -0.00094054024910893977 -0.0011717561132876708 -0.0014003343915310054 -0.0016255146429747435 -0.0018463776902087397 -0.0020618320916502182 -0.0022706096957081741 -0.0026622625033348992 -0.0030086445688449525 -0.0032976316682258216 -0.0035219201002849513 -0.0036834205865619437 0 0 0 0 0 0 0 0 0 0 0 0 0 0 0 -0.0002360993024320609 -0.000471383006376419 -0.00070553806688498737 -0.00093816775711381062 -0.001168773983520364 -0.0013967380377790883 -0.0016213009145342062 -0.0018415451715360282 -0.0020563814275507937 -0.0022645439249176212 -0.0026549867201458898 -0.0030002059712089086 -0.003288100341377745 -0.0035113799168890627 -0.0036719518123525924 0 0 0 0 0 0 0 0 0 0 0 0 0 0 0 -0.00023553946542441875 -0.0004702549753182105 -0.00070383404352398126 -0.00093588065136211251 -0.0011658975943957413 -0.0013932672687044616 -0.0016172320237702966 -0.001836876054993975 -0.0020511119257062417 -0.0022586761376457184 -0.0026479391234955226 -0.0029920200383934605 -0.0032788391467077497 -0.0035011195472982822 -0.0036607649505419437 0 0 0 0 0 0 0 0 0 0 0 0 0 0 0 -0.00023423990299171798 -0.00046763364208079621 -0.00069986997815635896 -0.00093055447294068401 -0.0011591919062033994 -0.001385167138711896 -0.0016077255435235397 -0.0018259549707639496 -0.00203877232342526 -0.0022449191455209939 -0.002631374083892466 -0.0029727252743509142 -0.0032569411881751861 -0.0034767739643410856 -0.0036341197160397001 0 0 0 0 0 0 0 0 0 0 0 0 0 0 0 -0.0002330910213935051 -0.00046531192776269815 -0.00069635250546132331 -0.00092581961579928812 -0.0011532196701882851 -0.0013779395561445847 -0.001599227133055849 -0.001816173256381511 -0.002027698397680838 -0.0022325482473038653 -0.0026164141564609853 -0.0029552179684790942 -0.0032369677958858276 -0.0034544396577697034 -0.0036095234200446366 0 0 0 0 0 0 0 0 0 0 0 0 0 0 0 -0.00023210156431245619 -0.00046330750201176645 -0.00069330839552999126 -0.00092171211505975587 -0.0011480263386726081 -0.0013716395272699981 -0.0015918014704023637 -0.0018076053565994703 -0.0020179744277345093 -0.0022216575929995181 -0.0026031731952818847 -0.0029396313619468881 -0.0032190709794152599 -0.0034342866051429652 -0.0035871632552209234 0 0 0 0 0 0 0 0 0 0 0 0 0 0 0 -0.00023127906211440851 -0.00046163561971827123 -0.00069076081587702448 -0.00091826323128289204 -0.0011436514360450218 -0.001366314999111934 -0.0015855050693396146 -0.0018003164783086088 -0.0020096744188690596 -0.0022123300670631647 -0.0025917519720648481 -0.0029260840782414535 -0.0032033869443432177 -0.0034164681833601068 -0.0035672093959243081 0 0 0 0 0 0 0 0 0 0 0 0 0 0 0 -0.00023062977453772965 -0.00046030900491597588 -0.00068872915512185255 -0.00091549921255673107 -0.0011401282579561608 -0.0013620064945447127 -0.0015803858492815603 -0.0017943620942738642 -0.0020028615391636368 -0.0022046366575992947 -0.0025822374092148805 -0.0029146792203718639 -0.0031900350556468785 -0.0034011200013699537 -0.0035498137030725053 0 0 0 0 0 0 0 0 0 0 0 0 0 0 0 -0.00023015864305292864 -0.00045933775394455792 -0.00068722887542957238 -0.00091344109473273964 -0.0011374836179186343 -0.001358746803889637 -0.0015764827705839121 -0.0017897875209530968 -0.0019975876387465291 -0.002198635916099337 -0.0025747019183003199 -0.0029055035861929482 -0.0031791169292613125 -0.0033883588681049362 -0.003535108568391925 0 0 0 0 0 0 0 0 0 0 0 0 0 0 0 -0.00026985529854308462 -0.00053907547466476764 -0.00080730464937291743 -0.0010740918115579767 -0.0013388707133728415 -0.001600937988426619 -0.0018594307764090345 -0.0021133061011431734 -0.0023613255209998488 -0.0026020500842777487 -0.0030549517654213905 -0.0034576102485679187 -0.0037962683670712933 -0.0040626387258507939 -0.0042588893906405486 0 0 0 0 0 0 0 0 0 0 0 0 0 0 0 -0.00026818755950494755 -0.0005357697410912376 -0.00080239315368667687 -0.0010676099391622341 -0.0013308578082616184 -0.001591438311768894 -0.0018484946215572451 -0.0021009910528080084 -0.0023476978217326951 -0.0025871860362196488 -0.0030378905058049124 -0.0034388042410037536 -0.0037762662503587462 -0.0040420470752673384 -0.0042382996246994572 0 0 0 0 0 0 0 0 0 0 0 0 0 0 0 -0.00026641213913707718 -0.00053224506958185285 -0.00079714798740205129 -0.0010606763131922252 -0.0013222718741582541 -0.0015812413343595196 -0.0018367341384203412 -0.0020877221836647485 -0.0023329846894256652 -0.0025711032243645291 -0.0030193405229279303 -0.0034182385492479129 -0.0037542363225891422 -0.0040191646313743109 -0.0042151606233468411 0 0 0 0 0 0 0 0 0 0 0 0 0 0 0 -0.00026454254946050123 -0.00052852828501505475 -0.00079160906940158439 -0.0010533437027282191 -0.0013131782552056042 -0.0015704246613536849 -0.0018242388313761679 -0.0020736004778195358 -0.0023172980998996482 -0.0025539240486216743 -0.0029994429933609215 -0.003396069690632564 -0.003730346244814841 -0.0039941655433865355 -0.0041896484883547054 0 0 0 0 0 0 0 0 0 0 0 0 0 0 0 -0.00026259301918154745 -0.00052464767436565256 -0.00078581855419574992 -0.0010456679133633987 -0.0013036461593347749 -0.0015590706141642497 -0.0018111037972562045 -0.0020587334099807721 -0.0023007574375727585 -0.0025357792528915577 -0.0029783493493183502 -0.003372466383557691 -0.0037047778349529291 -0.003967240069458461 -0.0041619573824749874 0 0 0 0 0 0 0 0 0 0 0 0 0 0 0 -0.00026057838540279737 -0.00052063277142386493 -0.00077982051110167322 -0.0010377073624895986 -0.0012937481315509808 -0.0015472656039460866 -0.0017974290016012542 -0.0020432341275116901 -0.0022834885868728279 -0.0025168069300258132 -0.0029562201261680698 -0.0033476082634422005 -0.0036777256840410822 -0.0039385931287047255 -0.0041322980517437789 0 0 0 0 0 0 0 0 0 0 0 0 0 0 0 -0.00025851398070377625 -0.00051651413202534338 -0.00077366058884901752 -0.0010295226347056801 -0.0012835595018222486 -0.0015350994739550163 -0.0017833185178633187 -0.0020272205893106035 -0.002265622974180901 -0.0024971514708572499 -0.0029332237406602445 -0.003321684515589915 -0.003649395675282276 -0.0039084427416419595 -0.0041008962215767393 0 0 0 0 0 0 0 0 0 0 0 0 0 0 0 -0.00025767779230320627 -0.00051484463030632393 -0.00077116176177659485 -0.0010261998806191399 -0.001279419989796364 -0.0015301525725887354 -0.001777576294039354 -0.0020206983714427052 -0.0022583399634614151 -0.0024891313682798978 -0.0029238213930838949 -0.003311060596322479 -0.0036377538781982056 -0.003896012676448575 -0.0040879007181393624 0 0 0 0 0 0 0 0 0 0 0 0 0 0 0 -0.00025683717023473315 -0.00051316557386159268 -0.00076864756957923676 -0.0010228552591938485 -0.0012752514132982264 -0.0015251687108400135 -0.001771788510414466 -0.0020141212851278135 -0.0022509920596301214 -0.0024810356240165029 -0.0029143196984080201 -0.0033003106133984226 -0.0036259562143175989 -0.0038833938092909096 -0.0040746803574310039 0 0 0 0 0 0 0 0 0 0 0 0 0 0 0 -0.00025599313866685961 -0.00051147900836278845 -0.00076612107541285449 -0.0010194928453358134 -0.0012710588510961793 -0.0015201539607766859 -0.0017659622185114622 -0.0020074973435324811 -0.0022435882149759814 -0.0024728741014843954 -0.0029047302329839584 -0.0032894476640160314 -0.0036140170572766038 -0.0038706015143148086 -0.004061251246424747 0 0 0 0 0 0 0 0 0 0 0 0 0 0 0 -0.00025514672592203785 -0.00050978698863017634 -0.00076358535742141267 -0.0010161167356283803 -0.0012668474111814506 -0.0015151144320992419 -0.0017601045167695546 -0.0020008346169092012 -0.0022361374499432307 -0.0024646567442415954 -0.0028950646800981858 -0.0032784849830058181 -0.0036019509530989882 -0.0038576513769611981 -0.0040476297464237566 0 0 0 0 0 0 0 0 0 0 0 0 0 0 0 -0.00025429896322381768 -0.00050809157612916468 -0.000761043504986687 -0.0010127310433411781 -0.0012626222245448542 -0.001510056264697095 -0.0017542225418960067 -0.0019941412227640503 -0.0022286488421413594 -0.0024563935638721155 -0.0028853348157380295 -0.0032674359267059229 -0.0035897726024740517 -0.0038445591749776283 -0.0040338324531275522 0 0 0 0 0 0 0 0 0 0 0 0 0 0 0 -0.00025345088344045903 -0.00050639483645872766 -0.00075849861496432645 -0.0010093398934187328 -0.0012583884389254668 -0.0015049856211680741 -0.0017483234601711525 -0.0019874253159667559 -0.0022211315152854435 -0.0024480946277883908 -0.0028755524942444409 -0.0032563139566894697 -0.0035774968428461005 -0.0038313408591955163 -0.004019876176412706 0 0 0 0 0 0 0 0 0 0 0 0 0 0 0 -0.00025260351982654114 -0.00050469883683479117 -0.00075595378791081316 -0.0010059474174548581 -0.0012541512125389005 -0.0014999086793102464 -0.0017424144587173899 -0.0019806950788152445 -0.0022135946280803002 -0.0024397700469656865 -0.0028657296338693091 -0.0032451326233637165 -0.0035651386303373039 -0.003818012534096517 -0.0040057779198525954 0 0 0 0 0 0 0 0 0 0 0 0 0 0 0 -0.00025175790476410134 -0.00050300564357164807 -0.00075341212430591112 -0.0010025577486589452 -0.0012499157077928132 -0.001494831624595222 -0.0017365027367427788 -0.0019739587110667711 -0.0022060473630620206 -0.0024314299636234316 -0.0028558782022549056 -0.0032339055494609676 -0.0035527130215259688 -0.0038045904381916931 -0.003991554860001168 0 0 0 0 0 0 0 0 0 0 0 0 0 0 0 -0.00025091506850483613 -0.00050131731956447323 -0.00075087672077520996 -0.00099917501682028338 -0.0012456870849973079 -0.0014897606426321119 -0.0017305954967699135 -0.0019672244199477802 -0.0021984989154104633 -0.002423084538868487 -0.0028460102018531561 -0.0032226464134413758 -0.0035402351551024123 -0.0037910909242373893 -0.0039772243254659594 0 0 0 0 0 0 0 0 0 0 0 0 0 0 0 -0.00025007603791489844 -0.00049963592177600287 -0.00074835066631736267 -0.00099580334327654843 -0.0012414704960778922 -0.0014847019116313129 -0.0017246999358607612 -0.0019605004101546615 -0.0021909584817463418 -0.0024147439403154028 -0.0028361376553025009 -0.0032113689328278432 -0.0035277202334248036 -0.0037775304393119179 -0.0039628037757958503 0 0 0 0 0 0 0 0 0 0 0 0 0 0 0 -0.00024924183522381939 -0.00049796349873044282 -0.00074583703854061716 -0.00099244683589258683 -0.001237271078298648 -0.0014796615948773114 -0.0017188232368481478 -0.0019537948738575939 -0.0021834352489265609 -0.0024064183296987453 -0.0028262725907801625 -0.003200086847493335 -0.0035151835039974322 -0.0037639255047773276 -0.0039483107802092991 0 0 0 0 0 0 0 0 0 0 0 0 0 0 0 -0.00024841347677907901 -0.00049630208801765719 -0.00074333889991322496 -0.00098910958405561545 -0.001233093948003269 -0.0014746458332196709 -0.0017129725595845843 -0.0019471159807196471 -0.0021759383828514473 -0.0023981178504925882 -0.0028164270273476656 -0.0031888139029209598 -0.0035026402408939688 -0.0037502926961506698 -0.0039337629961889529 0 0 0 0 0 0 0 0 0 0 0 0 0 0 0 -0.00024800180484439987 -0.000495476145431781 -0.00074209659099335877 -0.00098744945062160996 -0.0012310153322643493 -0.0014721490715910238 -0.0017100592081314605 -0.001943789069750519 -0.0021722026932077471 -0.0023939801969690032 -0.0028115153084001011 -0.0031831851512966066 -0.0034963709350475051 -0.0037434710287410663 -0.0039264740953217601 0 0 0 0 0 0 0 0 0 0 0 0 0 0 0 -0.00024759197180784326 -0.0004946537138106786 -0.00074085929403229478 -0.00098579565369293336 -0.0012289441943815823 -0.0014696607375913528 -0.0017071550322190882 -0.0019404718679433043 -0.0021684770172975087 -0.0023898526155522542 -0.002806612960307459 -0.0031775638334572147 -0.003490105726148364 -0.0037366486229092831 -0.0039191781479687255 0 0 0 0 0 0 0 0 0 0 0 0 0 0 0 -0.0002471841025085223 -0.00049383504367498895 -0.00073962738592267324 -0.00098414869703215076 -0.001226881165243631 -0.0014671815891913005 -0.0017042609164875831 -0.001937165385749808 -0.0021647624899977067 -0.002385736363543626 -0.002801721476372458 -0.0031719516617106525 -0.0034838465226398685 -0.0037298275568262268 -0.0039118773765460897 0 0 0 0 0 0 0 0 0 0 0 0 0 0 0 -0.00024677832118737662 -0.00049302038439956594 -0.0007384012419156382 -0.00098250908231821573 -0.0012248268732691556 -0.001464712381563485 -0.0017013777425126332 -0.0019338706303565368 -0.0021610602427893384 -0.0023816326947933559 -0.00279684234658849 -0.0031663503455788009 -0.0034775952311360413 -0.0037230099082547039 -0.0039045740049395506 0 0 0 0 0 0 0 0 0 0 0 0 0 0 0 -0.00024637475144932751 -0.00049220998413751656 -0.00073718123550653219 -0.00098087730899365337 -0.0012227819442153921 -0.0014622538668524695 -0.0016985063885369613 -0.0019305886053779006 -0.0021573714034127688 -0.0023775428593186976 -0.0027919770571857528 -0.0031607615912768146 -0.0034713537558408326 -0.0037161977539165118 -0.003897270257826851 0 0 0 0 0 0 0 0 0 0 0 0 0 0 0 -0.00024597351622562672 -0.00049140408974461124 -0.00073596773832112583 -0.00097925387411242526 -0.0012207470009875398 -0.0014598067939456513 -0.0016956477292028036 -0.0019273203105505015 -0.002153697095524207 -0.0023734681029231562 -0.0027871270901785282 -0.0031551871011933933 -0.0034651239979680798 -0.0037093931688598541 -0.0038899683600001132 0 0 0 0 0 0 0 0 0 0 0 0 0 0 0 -0.00024557473773641019 -0.00049060294670408896 -0.00073476112000241708 -0.00097763927218852322 -0.0012187226634490186 -0.0014573719082451432 -0.0016928026352854857 -0.0019240667414286046 -0.002150038438353429 -0.0023694096668170025 -0.0027822939229137506 -0.003149628573372218 -0.0034589078551623786 -0.0037025982258272563 -0.0038826705356881505 0 0 0 0 0 0 0 0 0 0 0 0 0 0 0 -0.0002451785374534688 -0.00048980679905188062 -0.00073356174809803489 -0.00097603399504533439 -0.0012167095482326533 -0.0014549499514407162 -0.0016899719734281761 -0.0019208288890808821 -0.0021463965463628522 -0.0023653687872391901 -0.0027774790276209882 -0.0031440877009947087 -0.0034527072209210473 -0.0036958149946241907 -0.0038753790078789444 0 0 0 0 0 0 0 0 0 0 0 0 0 0 0 -0.00024478503606324687 -0.00048901588930227362 -0.00073236998794827958 -0.0009744385316658267 -0.0012147082685528402 -0.0014525416612838759 -0.0016871566058778975 -0.0019176077397885256 -0.0021427725289080552 -0.0023613466950807827 -0.0027726838709639908 -0.0031385661718642687 -0.0034465239840173402 -0.0036890455414885916 -0.0038680959976425001 0 0 0 0 0 0 0 0 0 0 0 0 0 0 0 -0.00024439435343007968 -0.00048823045837403944 -0.00073118620257483786 -0.00097285336804360154 -0.0012127194340187566 -0.0014501477713631332 -0.0016843573902228792 -0.0019144042747448132 -0.0021391674898998628 -0.0023573446155100144 -0.0027679099135939265 -0.0031330656678921587 -0.0034403600279251179 -0.0036822919284614617 -0.0038608237234542867 0 0 0 0 0 0 0 0 0 0 0 0 0 0 0 -0.00024400660855968201 -0.00048745074551704735 -0.00073001075257020191 -0.00097127898703485403 -0.0012107436504486678 -0.0014477690108805484 -0.0016815751791313261 -0.0019112194697562298 -0.0021355825274680788 -0.0023533637675990922 -0.0027631586097044579 -0.0031275878645851724 -0.0034342172302451175 -0.003675556212758752 -0.0038535644005194712 0 0 0 0 0 0 0 0 0 0 0 0 0 0 0 -0.00024362191956289753 -0.00048667698823938682 -0.00072884399598783004 -0.00096971586821129074 -0.001208781519685389 -0.0014454061044296075 -0.0016788108200916881 -0.0019080542949452268 -0.0021320187336269884 -0.0023494053639528528 -0.0027584314065887757 -0.0031221344305352628 -0.0034280974621330191 -0.0036688404461447171 -0.0038463202400981422 0 0 0 0 0 0 0 0 0 0 0 0 0 0 0 -0.00024286217694360521 -0.00048514828131198827 -0.00072653798195494853 -0.00096662531810865285 -0.0012049006029745768 -0.0014407307276308994 -0.0016733390206759243 -0.0019017866861543694 -0.0021249589872025664 -0.0023415607053227793 -0.0027490550547062697 -0.0031113073069529147 -0.0034159344635922629 -0.0036554769362331179 -0.0038318862280708891 0 0 0 0 0 0 0 0 0 0 0 0 0 0 0 -0.00024211605120155494 -0.00048364620008575554 -0.00072427096999907819 -0.00096358548309492494 -0.0012010814121855228 -0.0014361273371934521 -0.0016679486585203099 -0.0018956090844881018 -0.002117996851840144 -0.0023338201971279571 -0.002739792281586861 -0.0031005974883274081 -0.0034038858510430079 -0.0036422176801050011 -0.0038175392729927942 0 0 0 0 0 0 0 0 0 0 0 0 0 0 0 -0.00024138445137603155 -0.00048217257461528488 -0.00072204572212508059 -0.0009606000667408207 -0.0011973286004139016 -0.0014316015416394152 -0.0016626463009508095 -0.0018895290164024671 -0.0021111408098292263 -0.0023261932699852883 -0.0027306543724927748 -0.0030900180229230163 -0.0033919663038636961 -0.0036290788321215266 -0.0038032968544186412 0 0 0 0 0 0 0 0 0 0 0 0 0 0 0 -0.00024066826880872808 -0.00048072920028621751 -0.00071986494945471718 -0.00095767270631629963 -0.0011936467398827814 -0.0014271588549535264 -0.0016574384080733559 -0.0018835538895238659 -0.0021043992142009103 -0.0023186892161306586 -0.0027216524605586552 -0.0030795818001886936 -0.0033801903441865017 -0.003616076399945079 -0.0037891763245415867 0 0 0 0 0 0 0 0 0 0 0 0 0 0 0 -0.00023996837605778343 -0.00047931783562783856 -0.00071773130892356434 -0.00095480696835911316 -0.0011900403163720714 -0.0014228046898651688 -0.0016523313249032065 -0.0018776909836240015 -0.0020977802785510065 -0.0023113171780977785 -0.0027127975132275558 -0.0030693015350542648 -0.0033685723192043433 -0.003603226225036392 -0.0037751948870521834 0 0 0 0 0 0 0 0 0 0 0 0 0 0 0 -0.00023928562583470434 -0.00047794020017058019 -0.00071564740004394743 -0.00095200634432952966 -0.0011865137237532931 -0.0014185443512537948 -0.0016473312736345177 -0.0018719474417506011 -0.0020912920670330352 -0.0023040861375794152 -0.0027041003188887996 -0.0030591897524392428 -0.0033571263836910418 -0.0035905439633541762 -0.0037613695761783386 0 0 0 0 0 0 0 0 0 0 0 0 0 0 0 -0.00023862084996546803 -0.00047659797235103871 -0.00071361576173783472 -0.00094927424635652584 -0.0011830712586363224 -0.0014143830296857475 -0.0016424443460595617 -0.0018663302615247136 -0.0020849424845332987 -0.0022970049044845845 -0.0026955714737339877 -0.0030492587719931426 -0.0033458664827559093 -0.0035780450662807372 -0.0037477172359317253 0 0 0 0 0 0 0 0 0 0 0 0 0 0 0 -0.00023797485837707025 -0.00047529278746705775 -0.00071163886924355193 -0.0009466140030806343 -0.0011797171151346332 -0.0014103257950903551 -0.0016376764961468153 -0.0018608462866151832 -0.0020787392670399947 -0.0022900821062050319 -0.0026872213688471742 -0.003039520693085889 -0.0033348063348537806 -0.0035657447617968522 -0.0037342544995859523 0 0 0 0 0 0 0 0 0 0 0 0 0 0 0 -0.00023734843811075418 -0.00047402623568537015 -0.00070971913110008688 -0.0009440288555985077 -0.0011764553797554158 -0.0014063775905830032 -0.0016330335327869657 -0.0018555021984006956 -0.0020726899722181068 -0.0022833261771040862 -0.0026790601775449276 -0.0030299873800665928 -0.0033239594150711888 -0.0035536580359288184 -0.0037209977694114818 0 0 0 0 0 0 0 0 0 0 0 0 0 0 0 -0.00023674235236312161 -0.0004727998601042247 -0.00070785888621265416 -0.00094152195351414163 -0.0011732900264207983 -0.0014025432264427094 -0.0016285211127156738 -0.0018503045078295467 -0.002066801970201552 -0.0022767453482406851 -0.002671097842981716 -0.0030206704478086747 -0.0033133389387090496 -0.0035417996144902881 -0.0037079631966919872 0 0 0 0 0 0 0 0 0 0 0 0 0 0 0 -0.0002361573395562957 -0.00047161515487335816 -0.00070606040100310041 -0.00093909635110156725 -0.0011702249116262336 -0.0013988273742515408 -0.0016241447336217108 -0.0018452595474870547 -0.0020610824346138116 -0.0022703476373410999 -0.0026633440660356993 -0.0030115812475589275 -0.0033029578451818507 -0.0035301839451411347 -0.0036951666620465072 0 0 0 0 0 0 0 0 0 0 0 0 0 0 0 -0.00023559411243826727 -0.00047047356337360461 -0.00070432586664861778 -0.00093675500358368885 -0.001167263769741954 -0.0013952345612030083 -0.0016199097274488738 -0.0018403734638802803 -0.0020555383338279713 -0.0022641408390305703 -0.0026558082934897099 -0.0030027308531077705 -0.003292828782252971 -0.0035188251797852029 -0.0036826237560813511 0 0 0 0 0 0 0 0 0 0 0 0 0 0 0 -0.00023428579268006515 -0.00046781720083418482 -0.00070028298535148323 -0.00093128870795423826 -0.0011603391484120778 -0.0013868191674923933 -0.0016099741382525497 -0.0018288919108181668 -0.0020424893881813792 -0.0022495081143557084 -0.0026379821990144556 -0.0029817196532669547 -0.0032686889483920551 -0.0034916422233655618 -0.0036524755913785577 0 0 0 0 0 0 0 0 0 0 0 0 0 0 0 -0.00023312780450811363 -0.00046545906022113216 -0.00069668355349279969 -0.00092640814563302418 -0.0011541392480534974 -0.0013792637482704906 -0.0016010295056716653 -0.0018185273757164548 -0.0020306778299641263 -0.0022362265587647151 -0.0026217109249646094 -0.0029624274589423608 -0.0032463842732256025 -0.0034663573869028572 -0.0036242366658880347 0 0 0 0 0 0 0 0 0 0 0 0 0 0 0 -0.00023212896091161364 -0.00046341708840839626 -0.00069355496492240812 -0.00092215046064627476 -0.0011487112536515435 -0.0013726258048396653 -0.0015931439037610775 -0.0018093587389455459 -0.0020201935522662614 -0.0022243972529152607 -0.0026071183055605546 -0.0029450010953817442 -0.0032260845087995612 -0.003443163103269972 -0.0035981218948838945 0 0 0 0 0 0 0 0 0 0 0 0 0 0 0 -0.00023129686369345278 -0.00046170682603444824 -0.00069092103008842269 -0.00091854805654760009 -0.0011440964755211279 -0.0013669558559575269 -0.0015863773467127828 -0.0018014557793674408 -0.0020111163467716442 -0.0022141102249675897 -0.0025943153994472208 -0.0029295731877341268 -0.0032079441485785461 -0.0034222358949704446 -0.0035743300275420079 0 0 0 0 0 0 0 0 0 0 0 0 0 0 0 -0.00023063784561589529 -0.00046034128922863856 -0.0006888017948253433 -0.00091562834980738188 -0.001140330034910302 -0.0013622970533586764 -0.0015807813321116776 -0.0017948786432764666 -0.0020035152964950555 -0.002205443765415861 -0.002583399644470736 -0.0029162611516923335 -0.003192101251657288 -0.0034037350306956281 -0.003553042134338769 0 0 0 0 0 0 0 0 0 0 0 0 0 0 0 -0.00023015692220443743 -0.00045933087055059307 -0.00068721338779315121 -0.00091341356115688004 -0.0011374405967063536 -0.0013586848533439532 -0.0015763984490078421 -0.0017896773866496584 -0.0019974482500187398 -0.0021984638312502148 -0.0025744541161175846 -0.0029051662998886693 -0.0031786763920475599 -0.0033878013131937814 -0.0035344202289954363 0 0 0 0 0 0 0 0 0 0 0 0 0 0 0 -0.00026990017966285724 -0.00053925499914385811 -0.00080770857945087115 -0.0010748099094743389 -0.0013399927413671575 -0.0016025537087384339 -0.0018616299512778938 -0.0021161784928086218 -0.0023649608917014325 -0.0026065381962550125 -0.0030614146466686498 -0.0034664069480433543 -0.0038077579337330875 -0.0040771802086571269 -0.004276841838549603 0 0 0 0 0 0 0 0 0 0 0 0 0 0 0 -0.00026823444899119812 -0.00053595729903623988 -0.00080281515906293222 -0.0010683601709422436 -0.0013320300454178833 -0.0015931263332739155 -0.0018507922063835246 -0.0021039919799280466 -0.0023514958701189937 -0.0025918749848447085 -0.0030446425918249985 -0.0034479945803088702 -0.0037882699588388997 -0.0040572392688125319 -0.0042570554191996967 0 0 0 0 0 0 0 0 0 0 0 0 0 0 0 -0.00026646068013250272 -0.000532439233563555 -0.00079758485636088113 -0.001061452969119034 -0.0013234853990438929 -0.0015829888101948392 -0.0018391126471961931 -0.0020908288073719834 -0.0023369165100551349 -0.0025759573239070837 -0.0030263304262692086 -0.00342775258435132 -0.0037666628174180825 -0.004034891913892189 -0.0042345770215170605 0 0 0 0 0 0 0 0 0 0 0 0 0 0 0 -0.0002645923725388166 -0.00052872757732831655 -0.00079205747710642336 -0.0010541408719812666 -0.0013144238321634904 -0.001572218292173041 -0.0018266801622136254 -0.0020767891548317246 -0.0023213337692432 -0.0025589063564532195 -0.0030066175166383472 -0.0034058350139823924 -0.0037431009528635976 -0.0040103082207607428 -0.0042095777196808869 0 0 0 0 0 0 0 0 0 0 0 0 0 0 0 -0.00026264374515904283 -0.00052485057827563397 -0.00078627508799320855 -0.0010464795290033248 -0.0013049143087721594 -0.0015608967493540831 -0.0018135893701534784 -0.0020619798725404763 -0.002304866241749884 -0.002540851850641096 -0.0029856538900776852 -0.0033824086751467856 -0.0037177636851917469 -0.003983675286166965 -0.0041822477734731406 0 0 0 0 0 0 0 0 0 0 0 0 0 0 0 -0.00026062962822415473 -0.00052083774270929436 -0.00078028169649388976 -0.0010385272476313167 -0.0012950292020849155 -0.0015491103455149524 -0.0017999398998477666 -0.0020465136680785628 -0.0022876392554027764 -0.002521931212161552 -0.0029635990924435337 -0.0033576518564282483 -0.0036908438463085741 -0.0039551958028245194 -0.0041527951802867351 0 0 0 0 0 0 0 0 0 0 0 0 0 0 0 -0.00025856535038018389 -0.00051671961073097383 -0.00077412291593668601 -0.0010303445495282017 -0.0012848437437324386 -0.0015369487823056901 -0.0017858356320072913 -0.0020305082486006903 -0.0022697839179699171 -0.0025022884384980097 -0.0029406209740629394 -0.0033317529721658052 -0.0036625463124426226 -0.003925086516798024 -0.0041214440921397821 0 0 0 0 0 0 0 0 0 0 0 0 0 0 0 -0.00025772910320847486 -0.00051504987392739839 -0.00077162355992401236 -0.0010270208551034375 -0.0012807027624280793 -0.0015319997651784055 -0.0017800905283975159 -0.0020239822693798961 -0.0022624961467881725 -0.0024942624588067592 -0.0029312101634425746 -0.0033211175337551262 -0.0036508894699469707 -0.0039126374097556054 -0.0041084250802468072 0 0 0 0 0 0 0 0 0 0 0 0 0 0 0 -0.00025688835985442852 -0.00051337033234037416 -0.00076910827615649525 -0.0010236742931089746 -0.0012765311537906111 -0.0015270115371490475 -0.0017742968017795402 -0.002017397420788318 -0.0022551384188254477 -0.0024861545859860418 -0.0029216910036441554 -0.0033103437788587183 -0.0036390607569596186 -0.0038999792460722156 -0.0040951562053091594 0 0 0 0 0 0 0 0 0 0 0 0 0 0 0 -0.00025604414463431524 -0.00051168303223261141 -0.00076658012911995593 -0.001020308940815105 -0.0012723340002825723 -0.0015219901756050919 -0.0017684615109167926 -0.0020107617254496472 -0.0022477196983398946 -0.0024779746982299677 -0.0029120750922975824 -0.0032994448336373526 -0.003627074584945269 -0.0038871274477704633 -0.0040816536334070362 0 0 0 0 0 0 0 0 0 0 0 0 0 0 0 -0.0002551974860943394 -0.00050999002931938263 -0.00076404219897212701 -0.0010169288983852057 -0.0012681164154889899 -0.0015169417983020986 -0.0017625917652123323 -0.0020040832679365018 -0.0022402490238996584 -0.0024697327614717534 -0.0029023741449096135 -0.0032884339767769275 -0.0036149455572081928 -0.0038740976727869103 -0.0040679338153443885 0 0 0 0 0 0 0 0 0 0 0 0 0 0 0 -0.00025434941575751415 -0.00050829338626395067 -0.0007614975777899554 -0.0010135382838803221 -0.0012638835378872668 -0.0015118725559101686 -0.001756694716047135 -0.0019973701849206253 -0.0022327354973707757 -0.0024614388172417645 -0.0028925999805903243 -0.0032773246233104348 -0.0036026884511003538 -0.0038609057958952919 -0.00405401346660615 0 0 0 0 0 0 0 0 0 0 0 0 0 0 0 -0.0002535009668669097 -0.00050659517016453056 -0.00075894936580238282 -0.001010141228241944 -0.0012596405245867345 -0.0015067886245202996 -0.0017507775480672374 -0.0019906306552596011 -0.0022251882728279511 -0.0024531029704334619 -0.0028827645076533433 -0.0032661303082738092 -0.0035903182000174829 -0.0038475678893655466 -0.0040399095469929912 0 0 0 0 0 0 0 0 0 0 0 0 0 0 0 -0.00025265317312680568 -0.00050489745003584933 -0.00075640066761319417 -0.0010067418702590909 -0.0012553925450455147 -0.0015016961981197704 -0.0017448474704303536 -0.0019838728900321762 -0.0022176165454017294 -0.0024447353769921428 -0.0028728797091074061 -0.0032548646702155706 -0.0035778498752050318 -0.0038341002033822355 -0.0040256392399584204 0 0 0 0 0 0 0 0 0 0 0 0 0 0 0 -0.00025180706744328186 -0.00050320229428837016 -0.0007538545884185361 -0.0010033443515258338 -0.0012511447747723268 -0.0014966014810457217 -0.0017389117080226254 -0.0019771051225343258 -0.0022100295400756449 -0.0024363462315414859 -0.002862957628056904 -0.0032435414345803539 -0.003565298667396188 -0.0038205191462461902 -0.0040112199316733868 0 0 0 0 0 0 0 0 0 0 0 0 0 0 0 -0.00025096368066578094 -0.0005015117682082526 -0.0007513142302237139 -0.00099995281139540152 -0.0012469023890209299 -0.0014915106804261275 -0.0017329774926562126 -0.0019703355982482519 -0.002202436500446998 -0.0024279457549629749 -0.0028530103530292183 -0.0032321743969865708 -0.0035526798683043004 -0.0038068412643835294 -0.0039966691898439101 0 0 0 0 0 0 0 0 0 0 0 0 0 0 0 -0.00025012404033117764 -0.00049982793144111976 -0.00074878268806387565 -0.000996571381937016 -0.0012426705564848727 -0.0014864299986173648 -0.0017270520542584434 -0.0019635725647965318 -0.002194846677464959 -0.002419544181943325 -0.0028430500032467095 -0.0032207774064185709 -0.0035400088519922856 -0.003793083222186387 -0.0039820047423075409 0 0 0 0 0 0 0 0 0 0 0 0 0 0 0 -0.00024928916941188294 -0.00049815283548269699 -0.00074626304623318909 -0.0009932041829016035 -0.0012384544330002365 -0.0014813656256475989 -0.0017211426120632618 -0.0019568242618936606 -0.0021872693181597081 -0.0024111517485050989 -0.0028330887138613126 -0.0032093643483537891 -0.0035273010561416994 -0.0037792617817099159 -0.0039672444554347168 0 0 0 0 0 0 0 0 0 0 0 0 0 0 0 -0.00024846008506950991 -0.00049648852117938102 -0.00074375837452710385 -0.00098985531670251099 -0.0012342591552640435 -0.0014763237316751862 -0.0017152563658157025 -0.0019500989113072295 -0.0021797136543763567 -0.0024027786795356863 -0.0028231386211697265 -0.0031979491278454316 -0.0035145719632442996 -0.0037653937822503072 -0.0039524063123613454 0 0 0 0 0 0 0 0 0 0 0 0 0 0 0 -0.00024804802883364078 -0.00049566104138874464 -0.00074251260689652703 -0.00098818903444946476 -0.0012321709319953727 -0.0014738131352036972 -0.0017123241836042667 -0.0019467474050619384 -0.0021759468363362626 -0.0023986025958930963 -0.0028181715628507954 -0.0031922450531878289 -0.0035082042762931841 -0.0037584476012551288 -0.0039449636910181343 0 0 0 0 0 0 0 0 0 0 0 0 0 0 0 -0.00024763779741561925 -0.00049483701624178258 -0.00074127172450227854 -0.00098652886341734887 -0.0012300898345759819 -0.0014713104594712883 -0.0017094004870001115 -0.0019434047068409668 -0.0021721888915273635 -0.0023944351763298525 -0.0028132118478272003 -0.0031865456525813065 -0.0035018370817390156 -0.0037514961198287016 -0.0039375083910791189 0 0 0 0 0 0 0 0 0 0 0 0 0 0 0 -0.00024722951577590925 -0.00049401669674453675 -0.000740036105329156 -0.0009848753093103426 -0.0012280164969283055 -0.0014688164668172317 -0.0017064861665895452 -0.0019400718348625745 -0.0021684409646560514 -0.002390277690282324 -0.0028082609868761831 -0.0031808526621185003 -0.0034954723190909354 -0.0037445414554596081 -0.0039300426835008808 0 0 0 0 0 0 0 0 0 0 0 0 0 0 0 -0.00024682330828105337 -0.00049320033277427304 -0.00073880612575872944 -0.00098322887581704459 -0.0012259515506110759 -0.0014663319169358497 -0.0017035821101027968 -0.001936749804351852 -0.0021647041973771593 -0.0023861314041610359 -0.0028033204880779498 -0.003175167815939454 -0.0034891119271173031 -0.0037375857266059875 -0.0039225688424102722 0 0 0 0 0 0 0 0 0 0 0 0 0 0 0 -0.00024641929866578958 -0.00049238817300336485 -0.00073758216045469096 -0.00098159006445704675 -0.0012238956246269444 -0.0014638575666451046 -0.001700689202143604 -0.0019334396272314743 -0.0021609797279461985 -0.0023819975809649067 -0.0027983918563562935 -0.0031694928457033839 -0.0034827578432551284 -0.0037306310520502295 -0.0039150891444116884 0 0 0 0 0 0 0 0 0 0 0 0 0 0 0 -0.00024601760999536039 -0.00049158046482354601 -0.00073636458224872914 -0.00097995937442816455 -0.0012218493452308824 -0.0014613941696560648 -0.0016978083239197555 -0.0019301423118134587 -0.0021572686908726377 -0.0023778774798965266 -0.002793476593020182 -0.0031638294800611995 -0.0034764120030199089 -0.0037236795502535763 -0.003907605867893597 0 0 0 0 0 0 0 0 0 0 0 0 0 0 0 -0.00024561836462802609 -0.00049077745427055256 -0.0007351537620269603 -0.00097833730245437786 -0.0012198133357394165 -0.0014589424763433159 -0.001694940352974666 -0.0019268588624920229 -0.0021535722165743187 -0.0023737723559785944 -0.0027885761953064425 -0.0031581794441289373 -0.0034700763394160542 -0.0037167333387108144 -0.0039001212923345185 0 0 0 0 0 0 0 0 0 0 0 0 0 0 0 -0.00024522168417779314 -0.00048997938594917787 -0.00073395006861695362 -0.0009767243426345234 -0.0012177882163407611 -0.0014565032335163918 -0.001692086162920068 -0.0019235902794376384 -0.0021498914310331216 -0.002369683459671622 -0.0027836921559236906 -0.0031525444589622746 -0.0034637527823480727 -0.0037097945333052699 -0.0038926376976086722 0 0 0 0 0 0 0 0 0 0 0 0 0 0 0 -0.00024482768947736933 -0.00048918650295876368 -0.00073275386867538222 -0.00097512098629178696 -0.0012157746039059033 -0.0014540771841922867 -0.0016892466231699012 -0.0019203375582923666 -0.0021462274554519792 -0.0023656120364930343 -0.0027788259625976326 -0.0031469262410322818 -0.0034574432580327052 -0.0037028652476642876 -0.0038851573632915073 0 0 0 0 0 0 0 0 0 0 0 0 0 0 0 -0.00024443650054135728 -0.00048839904681914972 -0.00073156552657633613 -0.00097352772182404288 -0.0012137731118006961 -0.0014516650673691261 -0.0016864225986754809 -0.0019171016898665784 -0.0021425814059133469 -0.0023615593266377729 -0.0027739790976178983 -0.0031413265017025639 -0.0034511496884121798 -0.0036959475925153981 -0.0038776825679653205 0 0 0 0 0 0 0 0 0 0 0 0 0 0 0 -0.00024404823652969627 -0.00048761725739710431 -0.00073038540430033026 -0.00097194503455508231 -0.0012117843496990246 -0.0014492676178010618 -0.001683614949662025 -0.0019138836598371425 -0.0021389543930392342 -0.0023575265646005187 -0.0027691530373865117 -0.0031357469467079677 -0.0034448739905687696 -0.003689043675043374 -0.003870215588525178 0 0 0 0 0 0 0 0 0 0 0 0 0 0 0 -0.00024366301571136553 -0.0004868413728332589 -0.00072921386132404229 -0.00097037340658677918 -0.0012098089233970896 -0.0014468855657744559 -0.0016808245313666215 -0.0019106844484471797 -0.0021353475216528981 -0.0023535149787996547 -0.0027643492519681709 -0.0031301892756349947 -0.0034386180761408324 -0.0036821555982483557 -0.0038627586994853507 0 0 0 0 0 0 0 0 0 0 0 0 0 0 0 -0.00024290217205993713 -0.00048530826177731597 -0.00072689793800193589 -0.00096726523996996353 -0.0012059004808828752 -0.0014421705518188486 -0.0016752987813761892 -0.0019043463735996125 -0.0021281985916254526 -0.0023455602169559714 -0.002754814351458067 -0.003119146349753972 -0.0034261732133732373 -0.0036684353539246624 -0.0038478842746036599 0 0 0 0 0 0 0 0 0 0 0 0 0 0 0 -0.00024215489655786225 -0.00048380158151098494 -0.00072462057820584435 -0.00096420700879584265 -0.0012020525460932066 -0.001437525770020517 -0.0016698520809793704 -0.0018980951872917724 -0.0021211433257010402 -0.0023377047327586926 -0.0027453860128951206 -0.0031082111781636492 -0.0034138302622576918 -0.0036548035755485852 -0.003833077415515738 0 0 0 0 0 0 0 0 0 0 0 0 0 0 0 -0.00024142209964523131 -0.00048232316769208401 -0.0007223845565478786 -0.00096120243904801743 -0.0011982698071438965 -0.0014329568793306077 -0.0016644910661415995 -0.001891938505631254 -0.0021141903196344098 -0.0023299580969052681 -0.0027360757232575451 -0.0030973970836861756 -0.0034016042607788446 -0.0036412768713422611 -0.0038183561620985604 0 0 0 0 0 0 0 0 0 0 0 0 0 0 0 -0.00024070467412220357 -0.00048087482154011947 -0.00072019259727599638 -0.00095825519133190722 -0.0011945568727196685 -0.0014284694462386438 -0.001659222268433655 -0.0018858838295862967 -0.0021073480445924246 -0.0023223297474782071 -0.0027268948256991251 -0.0030867172416298881 -0.0033895101044362263 -0.003627871721511136 -0.0038037384499317812 0 0 0 0 0 0 0 0 0 0 0 0 0 0 0 -0.00024000349406126792 -0.00047945830764177657 -0.00071804737095492507 -0.00095536885641486541 -0.0011909182664591844 -0.0014240689379906113 -0.0016540521070739478 -0.00187993853584701 -0.0021006248368332522 -0.0023148289784462295 -0.0027178545057293261 -0.0030761846637372293 -0.0033775625280963789 -0.003614604458165375 -0.0037892420884459896 0 0 0 0 0 0 0 0 0 0 0 0 0 0 0 -0.00023931941374232013 -0.00047807535180104344 -0.00071595149121248978 -0.00095254695085138263 -0.0011873584214436884 -0.0014197607159279638 -0.0016489868811076925 -0.0018741098678380129 -0.0020940288875499159 -0.002307464928340996 -0.0027089657775854763 -0.003065812182331941 -0.0033657760880406893 -0.0036014912454216991 -0.0037748847392246637 0 0 0 0 0 0 0 0 0 0 0 0 0 0 0 -0.0002386532666118543 -0.00047672763893658385 -0.00071390751155531141 -0.00094979291269870652 -0.0011838816747959801 -0.0014155500289556543 -0.0016440327617324908 -0.0018684049268934369 -0.0020875682328905893 -0.0023002465691232148 -0.0027002394708136156 -0.0030556124346848581 -0.0033541651442308036 -0.0035885480597099002 -0.0037606838944862484 0 0 0 0 0 0 0 0 0 0 0 0 0 0 0 -0.00023800586426753681 -0.00047541681102892402 -0.00071191792225775124 -0.00094711009732809939 -0.0011804922623962976 -0.001411442007147152 -0.0016391957847796778 -0.001862830663605044 -0.0020812507441677879 -0.0022931826952516899 -0.0026916862170743615 -0.003045597847617338 -0.003342743842813225 -0.0035757906703080245 -0.0037466568557725853 0 0 0 0 0 0 0 0 0 0 0 0 0 0 0 -0.00023737799546939955 -0.00047414446511995185 -0.00070998514732789565 -0.00094450177333683428 -0.0011771943137215512 -0.0014074416554942378 -0.0016344818433605911 -0.0018573938693540017 -0.0020750841182683851 -0.0022862819129686272 -0.002683316437189867 -0.0030357806223610933 -0.0033315260988844146 -0.0035632346201299324 -0.003732820712869647 0 0 0 0 0 0 0 0 0 0 0 0 0 0 0 -0.00023677042517885729 -0.00047291215136716747 -0.00070811154155427537 -0.00094197111856591284 -0.0011739918468141909 -0.0014035538478091945 -0.0016298966806867232 -0.0018521011680366314 -0.0020690758682761438 -0.0022795526298142548 -0.0026751403284476561 -0.003026172719692871 -0.0033205255795373885 -0.0035508952067886544 -0.0037191923229862676 0 0 0 0 0 0 0 0 0 0 0 0 0 0 0 -0.00023618389362671998 -0.00047172137115505529 -0.00070629938763691884 -0.00093952121622835588 -0.0011708887633868411 -0.0013997833207868152 -0.0016254458830725017 -0.0018469590079942095 -0.0020632333143181798 -0.0022730030443835294 -0.0026671678521767977 -0.0030167858453620886 -0.0033097556872104705 -0.0035387874639586062 -0.0037057882902162254 0 0 0 0 0 0 0 0 0 0 0 0 0 0 0 -0.00023561911541133566 -0.00047057357526587829 -0.00070455089340623351 -0.00093715505115278346 -0.0011678888440686645 -0.0013961346682334714 -0.0016211348731292269 -0.001841973654156659 -0.0020575635746465141 -0.0022666411363374125 -0.002659408721611562 -0.0030076314358291807 -0.003299229543358487 -0.0035269261430593713 -0.0036926249453087196 0 0 0 0 0 0 0 0 0 0 0 0 0 0 0 -0.00023430678886194329 -0.00046790118556169741 -0.00070047195098838671 -0.00093162464686428884 -0.0011608640529590319 -0.001387575030040007 -0.0016110029511645799 -0.0018302356664583689 -0.0020441900789135103 -0.0022516077325435242 -0.0026410056492049104 -0.002985834904915074 -0.0032740639709528648 -0.0034984449862940853 -0.0036608740641298227 0 0 0 0 0 0 0 0 0 0 0 0 0 0 0 -0.00023314463410517957 -0.00046552637860939602 -0.00069683501986639339 -0.0009266774191860795 -0.0011545599879801466 -0.0013798696137648653 -0.0016018541559278978 -0.0018196044699286763 -0.0020320410273264697 -0.0022379095184713116 -0.0026241343869421088 -0.0029657260599672899 -0.0032506926500744902 -0.0034718101763522302 -0.0036309685047144222 0 0 0 0 0 0 0 0 0 0 0 0 0 0 0 -0.00023214149584047171 -0.00046346722812382865 -0.00069366777928213115 -0.00092235101950800455 -0.0011490246268729964 -0.0013730770622785576 -0.0015937581152751252 -0.0018101609743924648 -0.0020212088815037684 -0.002225650745801072 -0.0026089233353161229 -0.0029474579414379334 -0.0032292934505872384 -0.0034472244202200008 -0.00360313586642714 0 0 0 0 0 0 0 0 0 0 0 0 0 0 0 -0.00023130500855572561 -0.00046173940548353961 -0.00069099433384887823 -0.00091867837434396558 -0.0011443000970779492 -0.0013672490709993495 -0.0015867764449641528 -0.0018019770505529032 -0.0020117760806157453 -0.0022149247111948748 -0.0025954882596145113 -0.0029311695807396052 -0.0032100292333203961 -0.0034248748303468486 -0.0035775879724511484 0 0 0 0 0 0 0 0 0 0 0 0 0 0 0 -0.00023064153842426298 -0.00046035606046210931 -0.00068883503010065249 -0.00091568743474126479 -0.0011404223551194945 -0.0013624299944599129 -0.0015809622797216948 -0.0017951149830119984 -0.0020038144139728387 -0.0022058130462526298 -0.0025839314088756831 -0.0029169849421324008 -0.0031930466105994162 -0.0034049315006067604 -0.0035545192576858457 0 0 0 0 0 0 0 0 0 0 0 0 0 0 0 -0.00023015613485439848 -0.00045932772115043731 -0.00068720630164280101 -0.00091340096355625722 -0.0011374209129553804 -0.0013586565087425517 -0.0015763598688559349 -0.0017896269962471669 -0.0019973844746655868 -0.0021983850962463219 -0.0025743407377119792 -0.002905011979281039 -0.0031784748304375943 -0.003387546211781169 -0.0035341052889798661 0 0 0 0 0 0 0 0 0 0 0 0 0 0 0 -0.00026996040606141423 -0.00053949590473808618 -0.00080825061703788416 -0.0010757735318512509 -0.0013414984013310825 -0.0016047218590864857 -0.0018645810448071867 -0.0021200329823162696 -0.0023698392299845491 -0.0026125608361107122 -0.0030700872480608574 -0.0034782113221605267 -0.0038231758917636792 -0.0040966935617895942 -0.0043009323979724019 0 0 0 0 0 0 0 0 0 0 0 0 0 0 0 -0.00026829737043570232 -0.00053620898481425677 -0.00080338145206347036 -0.0010693669140543114 -0.0013336030815304892 -0.0015953915052760678 -0.0018538753571642316 -0.0021080189523763168 -0.0023565925071238362 -0.0025981671292951312 -0.0030537032798336069 -0.0034603271834316991 -0.0038043778486319818 -0.0040776258168319012 -0.0042822239970013876 0 0 0 0 0 0 0 0 0 0 0 0 0 0 0 -0.00026652581775276843 -0.00053269978404461816 -0.00079817109494327305 -0.0010624951710432864 -0.0013251138395505373 -0.0015853337645244071 -0.0018423043905892156 -0.0020949976150689926 -0.0023421926572966623 -0.0025824710859336615 -0.0030357102435874792 -0.003440519557923411 -0.0037833380482061195 -0.0040559965028582976 -0.0042606320696233681 0 0 0 0 0 0 0 0 0 0 0 0 0 0 0 -0.00026465923059822258 -0.00052899500956594026 -0.0007926591996410767 -0.0010552106009317616 -0.0013160952836486386 -0.0015746251823116543 -0.0018299562071245154 -0.0020810680706337035 -0.0023267492720550798 -0.0025655921623938122 -0.0030162450771927993 -0.0034189391936259531 -0.0037602166160715131 -0.0040319702320082609 -0.004236320943443255 0 0 0 0 0 0 0 0 0 0 0 0 0 0 0 -0.00026271181482738677 -0.00052512285694901006 -0.00078688771500830441 -0.0010475686436968289 -0.0013066160504807596 -0.001563347257414467 -0.0018169247839023338 -0.0020663363313144917 -0.0023103798848857476 -0.0025476588174754957 -0.0029954559223192199 -0.0033957503301422082 -0.0037351895202878088 -0.0040057298587104183 -0.0042094756408107377 0 0 0 0 0 0 0 0 0 0 0 0 0 0 0 -0.00026069839145015909 -0.00052111279561331189 -0.00078090056552792924 -0.0010396274592473869 -0.001296748282735025 -0.0015515858216511103 -0.0018033092979219808 -0.0020509145145428428 -0.0022932090767091308 -0.00252880753476199 -0.0029735009969881639 -0.0033711294487251066 -0.0037084472321656944 -0.0039774750880499365 -0.0041803004706884861 0 0 0 0 0 0 0 0 0 0 0 0 0 0 0 -0.00025863428383417837 -0.00051699534454695175 -0.00077474331702263649 -0.0010314474847921138 -0.0012865670800823012 -0.001539430386649492 -0.0017892133712530216 -0.0020349199896563378 -0.0022753675277434712 -0.00250918178389746 -0.0029505473914381471 -0.0033452639291487269 -0.0036801932766652142 -0.0039474209558922405 -0.0041490174737375801 0 0 0 0 0 0 0 0 0 0 0 0 0 0 0 -0.00025779795779692276 -0.00051532529228119021 -0.00077224325122004394 -0.0010281225285186048 -0.0012824241271392782 -0.0015344785303625318 -0.0017834644032314654 -0.0020283889630405647 -0.0022680733684524563 -0.0025011479176515546 -0.0029411252241790791 -0.0033346130330909247 -0.0036685162445896451 -0.0039349462964127398 -0.0041359669156259861 0 0 0 0 0 0 0 0 0 0 0 0 0 0 0 -0.00025695705168862011 -0.00051364509967714064 -0.0007697265026642198 -0.0010247733624560405 -0.0012782484496454017 -0.0015294844431799454 -0.001777662701654929 -0.0020217936981765812 -0.0022607024573949681 -0.0024930237694052032 -0.0029315826277677474 -0.0033238073783602743 -0.0036566458665126711 -0.0039222354003502968 -0.0041226329389858042 0 0 0 0 0 0 0 0 0 0 0 0 0 0 0 -0.00025611259002383173 -0.00051195681379067725 -0.00076719613762560421 -0.0010214040670473686 -0.0012740451350204843 -0.0015244542096276852 -0.0017718153350031001 -0.0020151422303787015 -0.0022532637748907294 -0.002484819237181616 -0.0029219312283879553 -0.0033128601299825824 -0.0036445966046614871 -0.0039093037539738012 -0.0041090317892136276 0 0 0 0 0 0 0 0 0 0 0 0 0 0 0 -0.00025526560164901681 -0.00051026249153809239 -0.00076465523896422367 -0.0010180187472600445 -0.001269819304355926 -0.0015193939582704859 -0.0017659294273915261 -0.0020084426634358571 -0.0022457663838285299 -0.0024765443169394961 -0.0029121827847831618 -0.0033017846254937023 -0.0036323831392056126 -0.0038961671125023944 -0.004095180037215357 0 0 0 0 0 0 0 0 0 0 0 0 0 0 0 -0.00025441711848904155 -0.00050856419719006016 -0.00076210690237370194 -0.0010146215275847604 -0.0012655761061754515 -0.001514309854245155 -0.0017600121498919769 -0.0020017031597383784 -0.0022382194186244941 -0.0024682090903945038 -0.0029023491739302676 -0.0032905943586898031 -0.0036200203503713659 -0.0038828414809101656 -0.0040810945592171053 0 0 0 0 0 0 0 0 0 0 0 0 0 0 0 -0.00025356817428993749 -0.00050686399985664168 -0.0007595542326096329 -0.0010112165470103889 -0.0012613207101624297 -0.0015092080917493004 -0.0017540707117955994 -0.0019949319303333803 -0.0022306320740932027 -0.0024598237127362423 -0.0028924423765693454 -0.0032793029631872578 -0.0036075233003125986 -0.0038693430944265524 -0.0040667925162041095 0 0 0 0 0 0 0 0 0 0 0 0 0 0 0 -0.00025271980335944141 -0.00050516397096639235 -0.00075700033970691599 -0.0010078079539812632 -0.0012570583008614088 -0.0015040948864946575 -0.0017481123518295057 -0.0019881372249208645 -0.0022230135942452253 -0.0024513984002557184 -0.0028824744626069544 -0.0032679241958121787 -0.0035949072147597851 -0.0038556883987562194 -0.0040522913330127228 0 0 0 0 0 0 0 0 0 0 0 0 0 0 0 -0.00025187303930685069 -0.00050346618174264561 -0.00075444833519065573 -0.0010043999013429356 -0.0012527940713615482 -0.0014989764681342002 -0.0017421443293374988 -0.0019813273218027322 -0.002215373261024721 -0.0024429434178983708 -0.0028724575764108176 -0.0032564719198398483 -0.003582187464469813 -0.0038418940300424956 -0.0040376086771009255 0 0 0 0 0 0 0 0 0 0 0 0 0 0 0 -0.00025102891378372933 -0.00050177270068004615 -0.00075190132828524916 -0.0010009965412825755 -0.0012485332169696393 -0.0014938590726722688 -0.0017361739154356825 -0.0019745105177969473 -0.0022077203830008153 -0.0024344690667578114 -0.0028624039220137825 -0.0032449600881044507 -0.0035693795464990822 -0.0038279767945987994 -0.0040227624370232562 0 0 0 0 0 0 0 0 0 0 0 0 0 0 0 -0.00025018845522699969 -0.00050008559102440796 -0.0007493624221262742 -0.00099760202027016922 -0.0012442809288804244 -0.0014887489348669588 -0.0017302083841537242 -0.0019676951181291434 -0.0022000642840265452 -0.0024259856715255312 -0.002852325748245085 -0.0032334027259996942 -0.0035564990653227323 -0.003813953648432733 -0.0040077707006363639 0 0 0 0 0 0 0 0 0 0 0 0 0 0 0 -0.00024935268760595047 -0.00049840690825896713 -0.00074683470997979711 -0.00099422047400668425 -0.0012400423878519253 -0.0014836522806340304 -0.0017242550035725713 -0.0019608894263139832 -0.002192414291879179 -0.0024175035679118544 -0.0028422353338070391 -0.0032218139143910278 -0.0035435617138229905 -0.0037998416765877992 -0.0039926517330617344 0 0 0 0 0 0 0 0 0 0 0 0 0 0 0 -0.00024852262917468771 -0.00049673869760009221 -0.00074432127147370391 -0.00099085602238535575 -0.0012358227578934883 -0.0014785753194615865 -0.001718321026969414 -0.0019541017340386079 -0.0021847797268957571 -0.0024090330900534652 -0.0028321449723153272 -0.0032102077724602781 -0.0035305832541698127 -0.0037856580723279096 -0.0039774239544324592 0 0 0 0 0 0 0 0 0 0 0 0 0 0 0 -0.00024811005724142163 -0.00049590915501986814 -0.00074307086256655483 -0.00098918148897395876 -0.0012337216421898943 -0.0014760461578838084 -0.0017153635755855288 -0.0019507172231599138 -0.0021809711373665126 -0.002404805436671183 -0.0028271036535712397 -0.0032044026211128789 -0.0035240835486850856 -0.0037785448053761282 -0.0039697750541304797 0 0 0 0 0 0 0 0 0 0 0 0 0 0 0 -0.00024769929123154928 -0.00049508299150550269 -0.00074182516884564894 -0.00098751276447222995 -0.0012316271799742333 -0.0014735242368447701 -0.001712413683980684 -0.0019473403110604902 -0.0021771698906176973 -0.0024005845579228575 -0.0028220669573211271 -0.0031985984405035967 -0.0035175794986171084 -0.0037714201161900369 -0.003962105917451139 0 0 0 0 0 0 0 0 0 0 0 0 0 0 0 -0.00024729045626837643 -0.0004942604587144056 -0.00074058456976136078 -0.00098585035718981779 -0.0012295400092399858 -0.0014710103245460509 -0.001709472250720438 -0.0019439720263804753 -0.002173377144545895 -0.0023963717395290443 -0.0028170364177914592 -0.0031927969986420717 -0.003511073085162538 -0.0037642861750189801 -0.0039544188804877612 0 0 0 0 0 0 0 0 0 0 0 0 0 0 0 -0.00024688367688699338 -0.00049344180719803309 -0.00073934944321218943 -0.00098419477351208476 -0.0012274607657595761 -0.0014685051867496899 -0.0017065401717938566 -0.0019406133951320118 -0.0021695940544582989 -0.0023921682647550361 -0.0028120135673333092 -0.0031870000627036944 -0.0035045662902379428 -0.0037571451549305471 -0.0039467162847862721 0 0 0 0 0 0 0 0 0 0 0 0 0 0 0 -0.00024647907699634021 -0.00049262728632556735 -0.00073812016542964675 -0.00098254651774585698 -0.0012253900828907102 -0.0014660095865449273 -0.0017036183403405846 -0.0019372654403867142 -0.0021658217727207993 -0.0023879754140199699 -0.0028069999359555836 -0.0031812093984913072 -0.0034980610958760885 -0.0037499992311486323 -0.0039390004766319386 0 0 0 0 0 0 0 0 0 0 0 0 0 0 0 -0.00024607677984146307 -0.00049181714420795674 -0.00073689711086365336 -0.00098090609196580772 -0.0012233285913834495 -0.0014635242841157612 -0.0017007076463787867 -0.0019339291819640302 -0.0021620614484069546 -0.0023837944645067957 -0.0028019970508589686 -0.0031754267698973259 -0.0034915594836221957 -0.0037428505803908446 -0.0039312738063346699 0 0 0 0 0 0 0 0 0 0 0 0 0 0 0 -0.00024567690796597249 -0.00049101162762233829 -0.00073568065206847816 -0.00097927399586152097 -0.0012212769191880775 -0.0014610500365093873 -0.0016978089765340408 -0.0019306056361205941 -0.0021583142269479792 -0.0023796266897732374 -0.0027970064359707277 -0.0031696539383664363 -0.0034850634339303388 -0.0037357013802054554 -0.0039235386275130882 0 0 0 0 0 0 0 0 0 0 0 0 0 0 0 -0.00024527958317471538 -0.00049021098193686703 -0.00073447115958925446 -0.00097765072658528049 -0.0012192356912638191 -0.0014585875974055947 -0.0016949232137692608 -0.0019272958152406659 -0.0021545812497838286 -0.0023754733593638528 -0.0027920296114805018 -0.0031638926623590471 -0.0034785749255601827 -0.0037285538083080961 -0.0039157972963775947 0 0 0 0 0 0 0 0 0 0 0 0 0 0 0 -0.0002448849264966722 -0.00048941545103597505 -0.00073326900184910782 -0.00097603677860063265 -0.0012172055293884745 -0.0014561377168871891 -0.0016920512371157404 -0.0019240007275277485 -0.0021508636540155095 -0.002371335738423319 -0.0027870680933772423 -0.0031581446968156394 -0.0034720959349742327 -0.0037214100419184085 -0.0039080521710126446 0 0 0 0 0 0 0 0 0 0 0 0 0 0 0 -0.00024449305814809005 -0.00048862527724608104 -0.0007320745450369317 -0.00097443264353176836 -0.0012151870519690171 -0.0014537011412115084 -0.0016891939214053898 -0.0019207213766974796 -0.0021471625720587062 -0.0023672150873110566 -0.0027821233929874261 -0.0031524117926222 -0.0034656284357357848 -0.0037142722570968362 -0.0039003056106584541 0 0 0 0 0 0 0 0 0 0 0 0 0 0 0 -0.0002441040974958642 -0.00048784070126177604 -0.00073088815299584165 -0.00097283881001376934 -0.0012131808738532228 -0.0014512786125831071 -0.0016863521370042535 -0.0019174587616718898 -0.0021434791312988366 -0.0023631126612173124 -0.0027771970165146936 -0.003146695696076882 -0.0034591743979077594 -0.0037071426280817824 -0.0038925599749923489 0 0 0 0 0 0 0 0 0 0 0 0 0 0 0 -0.0002437181630211771 -0.00048706196207250527 -0.00072971018711234662 -0.00097125576354376475 -0.0012111876061423796 -0.0014488708689276734 -0.0016835267495473895 -0.0019142138762751218 -0.002139814453747637 -0.0023590297097808139 -0.00277229046458104 -0.003140998148358067 -0.0034527357874525994 -0.0037000233266273109 -0.0038848176234099869 0 0 0 0 0 0 0 0 0 0 0 0 0 0 0 -0.00024295584188432521 -0.00048552294107486848 -0.00072738096642142912 -0.00096812395716017392 -0.0012072422264925787 -0.0014441026654968218 -0.0016779286027712077 -0.001907781242360453 -0.0021325458474008917 -0.0023509271993947855 -0.0027625428061699583 -0.0031296656353340464 -0.0034399126884165992 -0.0036858243770264173 -0.0038693522043589139 0 0 0 0 0 0 0 0 0 0 0 0 0 0 0 -0.00024220702350841311 -0.00048401008931318841 -0.00072508972076080211 -0.00096504104000465652 -0.0012033557198569784 -0.001439402340240348 -0.0016724063015563628 -0.0019014313121270274 -0.00212536560869566 -0.0023429174278137795 -0.0027528922937744447 -0.0031184280604716189 -0.0034271747615987123 -0.0036716927075270646 -0.0038539281957360835 0 0 0 0 0 0 0 0 0 0 0 0 0 0 0 -0.00024147262021328517 -0.00048252524996429962 -0.00072283924166036367 -0.00096201076813687975 -0.0011995328213452439 -0.001434775619780548 -0.0016669665739762402 -0.0018951718219867026 -0.0021182824856467745 -0.0023350101537106573 -0.002743350685057305 -0.003107299115024738 -0.0034145375262006395 -0.0036576455353917203 -0.0038385643893201152 0 0 0 0 0 0 0 0 0 0 0 0 0 0 0 -0.00024075352675623037 -0.00048107023207622678 -0.00072063227098223797 -0.0009590368334763368 -0.0011957781885703395 -0.0014302281410636098 -0.00166161604750097 -0.0018890103981640141 -0.0021113051079485979 -0.0023272150108808913 -0.0027339296049989892 -0.0030962923578991487 -0.0034020163787470961 -0.0036436999749358302 -0.0038232795035425156 0 0 0 0 0 0 0 0 0 0 0 0 0 0 0 -0.00024005061924185829 -0.00047964680836413813 -0.00071847149758023845 -0.00095612285930431174 -0.0011920963959739445 -0.0014257654444918653 -0.001656361240922877 -0.0018829545474047949 -0.0021044419764610738 -0.0023195414965052692 -0.0027246405317343423 -0.0030854211991329463 -0.0033896265743275193 -0.0036298730166766618 -0.0038080921606821467 0 0 0 0 0 0 0 0 0 0 0 0 0 0 0 -0.00023936475405470056 -0.00047825671305056535 -0.00071635955402391406 -0.0009532723958494703 -0.0011884919292532007 -0.0014213929671736611 -0.001651208556414336 -0.0018770116478303634 -0.0020977014528527345 -0.0023119989595790443 -0.0027154947825682647 -0.0030746988835585148 -0.0033773832080100917 -0.0036161815066329734 -0.0037930208641768549 0 0 0 0 0 0 0 0 0 0 0 0 0 0 0 -0.00023869676681583833 -0.00047690163975252012 -0.000714299013391168 -0.00095048891596245181 -0.0011849691798955821 -0.0014171160362990809 -0.0016461642717277103 -0.001871188939948417 -0.0020910917494132986 -0.002304596589521622 -0.0027065035001873211 -0.0030641384746657361 -0.0033653011964507248 -0.0036026421258007375 -0.0037780839760798747 0 0 0 0 0 0 0 0 0 0 0 0 0 0 0 -0.00023804747136482661 -0.00047558323941808319 -0.00071229238613335945 -0.0009477758108847363 -0.0011815324398285428 -0.0014129398626495846 -0.0016412345325468778 -0.0018654935178315907 -0.0020846209190482608 -0.0022973434049806695 -0.002697677639084092 -0.0030537528386861382 -0.003353395259719413 -0.0035892713698299173 -0.0037632996946885028 0 0 0 0 0 0 0 0 0 0 0 0 0 0 0 -0.00023741765876815612 -0.00047430311831497807 -0.00071034211701670469 -0.00094513638611693927 -0.0011781858961904654 -0.001408869534249474 -0.0016364253449996625 -0.0018599323204744214 -0.0020782968454676662 -0.0022902482428442832 -0.0026890279522108112 -0.0030435546289173786 -0.003341679903366093 -0.0035760855289270559 -0.0037486860323722696 0 0 0 0 0 0 0 0 0 0 0 0 0 0 0 -0.00023680809635546069 -0.00047306283607358125 -0.0007084505821437064 -0.00094257385739156805 -0.0011749336262292772 -0.0014049100101669188 -0.001631742568340292 -0.0018545121233392518 -0.002072127233581023 -0.0022833197474746002 -0.0026805649778785523 -0.0030335562703071466 -0.0033301694007478711 -0.0035631006680081705 -0.0037342607936276459 0 0 0 0 0 0 0 0 0 0 0 0 0 0 0 -0.00023621952678464441 -0.00047186390378675311 -0.00070662008605823891 -0.00094009134675514716 -0.0011717795923349525 -0.0014010661144720953 -0.0016271919078107992 -0.001849239530101374 -0.0020661196001100597 -0.0022765663601759744 -0.0026722990269179175 -0.00302376994431528 -0.0033188777756391285 -0.0035503326071261256 -0.0037200415533860036 0 0 0 0 0 0 0 0 0 0 0 0 0 0 0 -0.00023565266713706704 -0.0004707077821688038 -0.00070485285893781601 -0.0009376918787644857 -0.0011687276372119495 -0.0013973425303598012 -0.0016227789076900642 -0.0018441209646034673 -0.0020602812644307552 -0.002269996308910551 -0.0026642401701168807 -0.0030142075740725318 -0.0033078187851457203 -0.0035377969021963382 -0.003706045635601272 0 0 0 0 0 0 0 0 0 0 0 0 0 0 0 -0.00023433496383672945 -0.00046801388546084211 -0.00070072552576146228 -0.00093207544646086782 -0.0011615684273286867 -0.0013885893291323095 -0.0016123835249291026 -0.001832038864844684 -0.0020464722518711903 -0.0022544252300221424 -0.0026450628455741199 -0.0029913571999731652 -0.0032812767644981259 -0.0035075736781248067 -0.0036721440540442934 0 0 0 0 0 0 0 0 0 0 0 0 0 0 0 -0.00023316721790044988 -0.00046561671379047738 -0.00069703827402382639 -0.00092703875991040515 -0.0011551245828619054 -0.0013806826303945975 -0.0016029607618961445 -0.001821049832825978 -0.0020338703147433669 -0.0022401678979983458 -0.0026273864534610372 -0.0029701524838402762 -0.0032564741016636966 -0.0034791273260198195 -0.003640002022822557 0 0 0 0 0 0 0 0 0 0 0 0 0 0 0 -0.00023215831657990771 -0.00046353451108157277 -0.00069381916593705525 -0.00092262015133898103 -0.0011494451453588973 -0.0013736826088982543 -0.0015945823315074903 -0.0018112375017163701 -0.0020225713613980859 -0.0022273328197446743 -0.0026113455217949095 -0.0029507548063673946 -0.0032335995598828595 -0.0034526743397972712 -0.0036098641622015486 0 0 0 0 0 0 0 0 0 0 0 0 0 0 0 -0.00023131593822334356 -0.00046178312415401146 -0.00069109270085743993 -0.00091885324902585318 -0.0011445733387683984 -0.001367642539033596 -0.0015873119986774327 -0.0018026765492804521 -0.0020126613836927995 -0.0022160176779566711 -0.0025970621317514971 -0.0029333117955927255 -0.003212827228230593 -0.0034284160426550666 -0.0035819598394983315 0 0 0 0 0 0 0 0 0 0 0 0 0 0 0 -0.00023064649383869277 -0.00046037588211982853 -0.00068887962883052085 -0.00091576672137214175 -0.00114054624048024 -0.0013626083893793863 -0.0015812050950287551 -0.001795432129535506 -0.0020042158025416527 -0.0022063085876956111 -0.0025846449885535755 -0.0029179562033606432 -0.0031943151966934468 -0.0034065370548820167 -0.0035565014234577681 0 0 0 0 0 0 0 0 0 0 0 0 0 0 0 -0.00023015507830194415 -0.0004593234949406201 -0.00068719679267071211 -0.00091338405871698824 -0.0011373944991440227 -0.0013586184728541964 -0.0015763080977856734 -0.0017895593768900906 -0.0019972988939167872 -0.0021982794410008908 -0.0025741885941585577 -0.0029048048949999938 -0.0031782043530092898 -0.0033872038887859703 -0.0035336826679981392 
end_dependent_variable

end_regular_table
