# ****************************************************************************
# CUI
#
# The Advanced Framework for Simulation, Integration, and Modeling (AFSIM)
#
# The use, dissemination or disclosure of data in this file is subject to
# limitation or restriction. See accompanying README and LICENSE for details.
# ****************************************************************************

# ##################################################################################################
# 
# This file was auto-generated by AFSIM Mover Creator 2.8.0.201104
# 
# Creation Date:  05 Nov 2020
# 
# ##################################################################################################

regular_table

independent_variable mach precision double
0.10000000000000001 0.5 0.70000000000000007 0.75 0.80000000000000004 0.84999999999999998 0.90000000000000002 0.92000000000000004 0.94000000000000006 0.95999999999999996 0.97999999999999998 1 1.02 1.04 1.0600000000000001 1.0800000000000001 1.1000000000000001 1.2 1.3 1.4000000000000001 1.5 1.75 2 2.5 3 3.5 4 
end_independent_variable

independent_variable alpha units rad
-1.3962634015954636 -1.3089969389957472 -1.2217304763960306 -1.1344640137963142 -1.0471975511965976 -0.95993108859688125 -0.87266462599716477 -0.78539816339744828 -0.69813170079773179 -0.6108652381980153 -0.52359877559829882 -0.48869219055841229 -0.4537856055185257 -0.41887902047863912 -0.38397243543875248 -0.3490658503988659 -0.31415926535897931 -0.27925268031909273 -0.24434609527920614 -0.20943951023931956 -0.17453292519943295 -0.13962634015954636 -0.10471975511965978 -0.087266462599716474 -0.069813170079773182 -0.05235987755982989 -0.034906585039886591 -0.017453292519943295 0 0.017453292519943295 0.034906585039886591 0.05235987755982989 0.069813170079773182 0.087266462599716474 0.10471975511965978 0.13962634015954636 0.17453292519943295 0.20943951023931956 0.24434609527920614 0.27925268031909273 0.31415926535897931 0.3490658503988659 0.38397243543875248 0.41887902047863912 0.4537856055185257 0.48869219055841229 0.52359877559829882 0.6108652381980153 0.69813170079773179 0.78539816339744828 0.87266462599716477 0.95993108859688125 1.0471975511965976 1.1344640137963142 1.2217304763960306 1.3089969389957472 1.3962634015954636 
end_independent_variable

dependent_variable precision double
-2.4775286553137534 2.7474048381665979 4.0698791457831067 8.0824805601451679 14.78224347885144 17.366424432149742 28.097462180928357 37.347256419371114 46.229569814321991 43.329369377833928 54.895468304080296 55.001220218811618 59.999699181806548 58.611388366077321 57.348947257038077 61.258658354552246 59.752114895055918 59.733727123615026 62.294352085051692 61.415177278259172 61.284467954649301 60.524673844047804 61.493097256384232 61.355439074880863 61.511014128891027 61.33859604912368 61.214760457090485 61.141055736557611 61.11594659005555 61.141055736557611 61.214760457090485 61.33859604912368 61.511014128891027 61.355439074880863 61.493097256384232 60.524673844047804 61.284467954649301 61.415177278259172 62.294352085051692 59.733727123615026 59.752114895055918 61.258658354552246 57.348947257038077 58.611388366077321 59.999699181806548 55.001220218811618 54.895468304080296 43.329369377833928 46.229569814321991 37.347256419371114 28.097462180928357 17.366424432149742 14.78224347885144 8.0824805601451679 4.0698791457831067 2.7474048381665979 -2.4775286553137534 -2.4478707461022657 2.7915905839761379 4.1282674896560287 8.1546241035299811 14.867685172534896 17.464185872639817 28.207069143897588 37.467913044871082 46.360190463158233 43.46930738622504 55.043371741968855 55.152018156702162 60.153224082168563 58.767420110081638 57.507294755454573 61.419145108521633 59.914528811627413 59.897878254276939 62.460035542680664 61.582179369630666 61.45259827476 60.693714984934317 61.662853754871009 61.525469821686286 61.681282127513938 61.5090344855818 61.385317438524552 61.311679313110737 61.286584584264915 61.311679313110737 61.385317438524552 61.5090344855818 61.681282127513938 61.525469821686286 61.662853754871009 60.693714984934317 61.45259827476 61.582179369630666 62.460035542680664 59.897878254276939 59.914528811627413 61.419145108521633 57.507294755454573 58.767420110081638 60.153224082168563 55.152018156702162 55.043371741968855 43.46930738622504 46.360190463158233 37.467913044871082 28.207069143897588 17.464185872639817 14.867685172534896 8.1546241035299811 4.1282674896560287 2.7915905839761379 -2.4478707461022657 -2.4509382829801103 2.7870171241375412 4.1222237652859341 8.1471558495739931 14.858855828052079 17.454039185254317 28.19570158754745 37.455413889709384 46.346642851933751 43.454839214205016 55.028072718436988 55.136420512079852 60.137347981743332 58.751282539018156 57.490915278554738 61.402544898009729 59.897726839989581 59.880895599783926 62.442892547293482 61.564896072003798 61.435196668189903 60.676215377681274 61.645278210186007 61.507863910096255 61.66365227309165 61.491384983382353 61.367653673004462 61.294006660173693 61.268908415555146 61.294006660173693 61.367653673004462 61.491384983382353 61.66365227309165 61.507863910096255 61.645278210186007 60.676215377681274 61.435196668189903 61.564896072003798 62.442892547293482 59.880895599783926 59.897726839989581 61.402544898009729 57.490915278554738 58.751282539018156 60.137347981743332 55.136420512079852 55.028072718436988 43.454839214205016 46.346642851933751 37.455413889709384 28.19570158754745 17.454039185254317 14.858855828052079 8.1471558495739931 4.1222237652859341 2.7870171241375412 -2.4509382829801103 -2.4515141236696696 2.7861585634822825 4.1210892304264801 8.1457538892605612 14.857198181370048 17.452134626646629 28.193567817042627 37.453067554443635 46.344099848436272 43.452123126854914 55.025200638607288 55.133492383861899 60.134367495876965 58.74825299715306 57.487840359175955 61.399428543591299 59.894572616680804 59.877707487844496 62.439674346735302 61.561651549138027 61.431929973311718 60.672930311313181 61.641978905006887 61.504558919707193 61.660342775869083 61.488071815333996 61.364337843237216 61.29068918140068 61.265590294438567 61.29068918140068 61.364337843237216 61.488071815333996 61.660342775869083 61.504558919707193 61.641978905006887 60.672930311313181 61.431929973311718 61.561651549138027 62.439674346735302 59.877707487844496 59.894572616680804 61.399428543591299 57.487840359175955 58.74825299715306 60.134367495876965 55.133492383861899 55.025200638607288 43.452123126854914 46.344099848436272 37.453067554443635 28.193567817042627 17.452134626646629 14.857198181370048 8.1457538892605612 4.1210892304264801 2.7861585634822825 -2.4515141236696696 -2.4517130003200283 2.7858620389853401 4.1206972430131996 8.145269499569384 14.856626037037127 17.451475642697673 28.192829803875632 37.452256613932043 46.343220300400105 43.451185279630643 55.024208707849077 55.132481150758942 60.13333835339251 58.747206824569624 57.486778422823754 61.398352267581217 59.893483220366285 59.876606339168553 62.438562739601473 61.560530729451848 61.430801415735161 60.671795267368566 61.640838883822838 61.503416859118744 61.659199195301404 61.486926890822318 61.363191929915665 61.289542623393224 61.264443442493715 61.289542623393224 61.363191929915665 61.486926890822318 61.659199195301404 61.503416859118744 61.640838883822838 60.671795267368566 61.430801415735161 61.560530729451848 62.438562739601473 59.876606339168553 59.893483220366285 61.398352267581217 57.486778422823754 58.747206824569624 60.13333835339251 55.132481150758942 55.024208707849077 43.451185279630643 46.343220300400105 37.452256613932043 28.192829803875632 17.451475642697673 14.856626037037127 8.145269499569384 4.1206972430131996 2.7858620389853401 -2.4517130003200283 -2.4489214080305906 2.7900226455565864 4.1261953802417892 5.669385148514821 13.950629942595432 17.709724838987757 28.352783180577806 37.463623128623446 46.355533373442206 43.464354450111486 55.038131029249207 55.14667560141708 60.147787699984086 58.761893174052894 57.501683923006318 61.413458905936935 59.908772394606359 59.892059527171057 62.454161079684148 61.576255087262972 61.446632741685399 60.6877141932436 61.65682608353422 61.51943085013945 61.675235229276076 61.502979949023874 61.379257120122404 61.30561505379832 61.280518213986205 61.30561505379832 61.379257120122404 61.502979949023874 61.675235229276076 61.51943085013945 61.65682608353422 60.6877141932436 61.446632741685399 61.576255087262972 62.454161079684148 59.892059527171057 59.908772394606359 61.413458905936935 57.501683923006318 58.761893174052894 60.147787699984086 55.14667560141708 55.038131029249207 43.464354450111486 46.355533373442206 37.463623128623446 28.352783180577806 17.709724838987757 13.950629942595432 5.669385148514821 4.1261953802417892 2.7900226455565864 -2.4489214080305906 -2.6426340444311021 -0.0083581348382648635 -1.3921424429854872 1.9231036726590274 12.275506163353784 15.521190731869376 28.169664126645905 37.902047886161235 46.576292962643187 43.530585877600444 55.102882270917888 55.212692095903357 60.214989252841882 58.83019756266529 57.571007893310018 61.483718160167456 59.979881219058193 59.963931303835963 62.526708227019554 61.649389140358842 61.520264701526308 60.761754217785402 61.731184073126492 61.593913818609828 61.74982060850099 61.577644903061113 61.453978899196393 61.380370899676386 61.355285353540552 61.380370899676386 61.453978899196393 61.577644903061113 61.74982060850099 61.593913818609828 61.731184073126492 60.761754217785402 61.520264701526308 61.649389140358842 62.526708227019554 59.963931303835963 59.979881219058193 61.483718160167456 57.571007893310018 58.83019756266529 60.214989252841882 55.212692095903357 55.102882270917888 43.530585877600444 46.576292962643187 37.902047886161235 28.169664126645905 15.521190731869376 12.275506163353784 1.9231036726590274 -1.3921424429854872 -0.0083581348382648635 -2.6426340444311021 -4.6404534044774826 -1.97036482599722 -1.3919024913826075 1.7398933534912171 11.861703256181332 14.211666227941299 27.29946623898779 37.816431583105725 46.866928308792765 43.820028988554121 55.264965724525581 55.364150025905126 60.377033889343409 58.988391341256445 57.725723606084678 61.64659630114263 60.140166680443848 60.122794587741986 62.69089403245809 61.811427936831343 61.681375136609113 60.9213809400119 61.893971212037776 61.756243249101288 61.912129674666417 61.739551715857992 61.615597302017832 61.541817847896461 61.516673865945087 61.541817847896461 61.615597302017832 61.739551715857992 61.912129674666417 61.756243249101288 61.893971212037776 60.9213809400119 61.681375136609113 61.811427936831343 62.69089403245809 60.122794587741986 60.140166680443848 61.64659630114263 57.725723606084678 58.988391341256445 60.377033889343409 55.364150025905126 55.264965724525581 43.820028988554121 46.866928308792765 37.816431583105725 27.29946623898779 14.211666227941299 11.861703256181332 1.7398933534912171 -1.3919024913826075 -1.97036482599722 -4.6404534044774826 -6.3939431030946974 -2.2609472611937904 -1.3818965251469952 1.5640575373598149 11.451057595374687 12.898734573506001 26.423903758222334 37.482583173276993 47.072613997542128 44.099489207851256 55.528372783063716 55.584831160434334 60.564150100315942 59.135011965799471 57.868693396519902 61.797570091451313 60.28840383515216 60.269480220368067 62.842787792472052 61.961075183327068 61.83000968391827 61.068462569109762 62.044159400183446 61.905952537505769 62.0618012379703 61.88880753181936 61.764555068958536 61.690598370821704 61.665394030303133 61.690598370821704 61.764555068958536 61.88880753181936 62.0618012379703 61.905952537505769 62.044159400183446 61.068462569109762 61.83000968391827 61.961075183327068 62.842787792472052 60.269480220368067 60.28840383515216 61.797570091451313 57.868693396519902 59.135011965799471 60.564150100315942 55.584831160434334 55.528372783063716 44.099489207851256 47.072613997542128 37.482583173276993 26.423903758222334 12.898734573506001 11.451057595374687 1.5640575373598149 -1.3818965251469952 -2.2609472611937904 -6.3939431030946974 -7.4925997475913251 -2.5404753075884434 -1.3609896485150843 1.3969989035270223 11.045228381525598 11.584298861904553 25.545110006328361 37.143779052846043 47.221204828885391 44.332423116658212 55.784023617209542 55.831929389410085 60.815266317055944 59.373728066655744 58.064165947818218 61.966381466829716 60.427748917097475 60.407178407183409 62.985609631420317 62.101577122878396 61.969436639626942 61.206285582486153 62.185049173074319 62.046347769230536 62.202145957008092 62.028726538312789 61.904168905366291 61.830030696421538 61.804764571110027 61.830030696421538 61.904168905366291 62.028726538312789 62.202145957008092 62.046347769230536 62.185049173074319 61.206285582486153 61.969436639626942 62.101577122878396 62.985609631420317 60.407178407183409 60.427748917097475 61.966381466829716 58.064165947818218 59.373728066655744 60.815266317055944 55.831929389410085 55.784023617209542 44.332423116658212 47.221204828885391 37.143779052846043 25.545110006328361 11.584298861904553 11.045228381525598 1.3969989035270223 -1.3609896485150843 -2.5404753075884434 -7.4925997475913251 -8.6467712919667399 -2.8077903551375392 -1.327650547583987 3.1669153039701587 11.093723112473416 10.088066265217508 24.565164475400483 36.803184655207794 47.36674864137256 44.539159814963966 56.005928814306507 56.060328708180293 61.060755856084448 59.610450916361238 58.291171438565968 62.195582644685629 60.645350352464071 60.59224241341029 63.14895898204005 62.239319024842651 62.104064712990947 61.339283104549885 62.321092736264667 62.181888640173099 62.337629639865206 62.163779317437566 62.038912798824022 61.964590855615057 61.939262206450138 61.964590855615057 62.038912798824022 62.163779317437566 62.337629639865206 62.181888640173099 62.321092736264667 61.339283104549885 62.104064712990947 62.239319024842651 63.14895898204005 60.59224241341029 60.645350352464071 62.195582644685629 58.291171438565968 59.610450916361238 61.060755856084448 56.060328708180293 56.005928814306507 44.539159814963966 47.36674864137256 36.803184655207794 24.565164475400483 10.088066265217508 11.093723112473416 3.1669153039701587 -1.327650547583987 -2.8077903551375392 -8.6467712919667399 -9.2345617483091118 -3.3252905713744076 0.47366889869054529 5.7891789037518606 11.986336561345306 8.8043531291426227 23.439068120271148 36.373239758704877 47.511169937903794 44.744469922016535 56.214861170717384 56.262844342654915 61.269353761204066 59.820600442418538 58.503240914045044 62.419841133898913 60.864310136139828 60.804495171193686 63.361709273205314 62.445620839411681 62.287467694089315 61.500258236333678 62.466741624135786 62.318578736631146 62.470758599754966 62.296474866056911 62.171297670684993 62.096790918694872 62.07139938446003 62.096790918694872 62.171297670684993 62.296474866056911 62.470758599754966 62.318578736631146 62.466741624135786 61.500258236333678 62.287467694089315 62.445620839411681 63.361709273205314 60.804495171193686 60.864310136139828 62.419841133898913 58.503240914045044 59.820600442418538 61.269353761204066 56.262844342654915 56.214861170717384 44.744469922016535 47.511169937903794 36.373239758704877 23.439068120271148 8.8043531291426227 11.986336561345306 5.7891789037518606 0.47366889869054529 -3.3252905713744076 -9.2345617483091118 -5.2949595468735353 0.48635960631413999 2.7431928253285829 6.5365463773277668 12.080713025178806 8.9392141308787103 22.766642762299966 35.836000503750597 47.550868670928409 44.949021935172773 56.422872876464119 56.464389497596741 61.476933967379459 60.019907882794676 58.694800105458306 62.615480510110643 61.059068557871846 61.001450392770487 63.566758521543079 62.650606523691344 62.487787962327516 61.696003240723329 62.663246875285267 62.513774279930061 62.660773506112143 62.48451225551841 62.357799377353281 62.282508419188794 62.256739776271736 62.282508419188794 62.357799377353281 62.48451225551841 62.660773506112143 62.513774279930061 62.663246875285267 61.696003240723329 62.487787962327516 62.650606523691344 63.566758521543079 61.001450392770487 61.059068557871846 62.615480510110643 58.694800105458306 60.019907882794676 61.476933967379459 56.464389497596741 56.422872876464119 44.949021935172773 47.550868670928409 35.836000503750597 22.766642762299966 8.9392141308787103 12.080713025178806 6.5365463773277668 2.7431928253285829 0.48635960631413999 -5.2949595468735353 0.67121834102517219 6.7008537204430985 6.7302428853789573 7.752741469492558 12.179656553883291 9.0713554294834289 22.89688122246363 35.724368828269014 47.535879700589412 45.018781061269948 56.587826575356665 56.649974725954706 61.683142251002721 60.217792843814394 58.884889210034785 62.809605482421333 61.246707856157336 61.184054005164491 63.760754864319253 62.850883003660265 62.701092059321653 61.921270002175703 62.905053527141391 62.762086925407367 62.915697055307831 62.739610625073105 62.611455461534185 62.535591302914817 62.509369558459419 62.535591302914817 62.611455461534185 62.739610625073105 62.915697055307831 62.762086925407367 62.905053527141391 61.921270002175703 62.701092059321653 62.850883003660265 63.760754864319253 61.184054005164491 61.246707856157336 62.809605482421333 58.884889210034785 60.217792843814394 61.683142251002721 56.649974725954706 56.587826575356665 45.018781061269948 47.535879700589412 35.724368828269014 22.89688122246363 9.0713554294834289 12.179656553883291 7.752741469492558 6.7302428853789573 6.7008537204430985 0.67121834102517219 5.8810689974390042 11.604671821444921 10.879776686836404 10.813955172073484 14.063682760025323 9.3986680512897554 23.122859603391156 35.900957356801811 47.685127400701674 45.150695373859257 56.717394630089771 56.778431783843438 61.833578879555041 60.390541100957449 59.077054924603964 63.029850116396069 61.4816242147268 61.432537376567133 64.018350628292907 63.104562605686873 62.947150222080822 62.158040756234293 63.138057944500112 62.991688058140355 63.14235287653878 62.963657171457001 62.834656887877316 62.758511858121608 62.731990390274923 62.758511858121608 62.834656887877316 62.963657171457001 63.14235287653878 62.991688058140355 63.138057944500112 62.158040756234293 62.947150222080822 63.104562605686873 64.018350628292907 61.432537376567133 61.4816242147268 63.029850116396069 59.077054924603964 60.390541100957449 61.833578879555041 56.778431783843438 56.717394630089771 45.150695373859257 47.685127400701674 35.900957356801811 23.122859603391156 9.3986680512897554 14.063682760025323 10.813955172073484 10.879776686836404 11.604671821444921 5.8810689974390042 7.496436184042965 14.109913493519507 13.627827292140916 13.223115486443559 15.739649662744119 9.78926788854357 23.43340281376905 36.159815548451206 47.918480834089543 45.389540605267484 56.94504465963513 56.998805110260726 62.057711692438446 60.600890234970819 59.273822332865223 63.222806505291423 61.660560391628088 61.599219020829885 64.180147463782447 63.256923039432259 63.096325119847549 62.305060557576191 63.287431665404533 63.140175228713098 63.290307874185608 63.110753355488903 62.980933069936846 62.904273879972841 62.877648805775941 62.904273879972841 62.980933069936846 63.110753355488903 63.290307874185608 63.140175228713098 63.287431665404533 62.305060557576191 63.096325119847549 63.256923039432259 64.180147463782447 61.599219020829885 61.660560391628088 63.222806505291423 59.273822332865223 60.600890234970819 62.057711692438446 56.998805110260726 56.94504465963513 45.389540605267484 47.918480834089543 36.159815548451206 23.43340281376905 9.78926788854357 15.739649662744119 13.223115486443559 13.627827292140916 14.109913493519507 7.496436184042965 7.4494937680634914 14.07095305143755 13.613716417234787 13.248016654941853 15.803422617137205 9.9082581198791573 23.556605737676033 36.27530015780772 48.02512407291109 45.507417717225849 57.057184341457983 57.106295776856676 62.172896508327831 60.709362221703238 59.376714827801088 63.334251021455728 61.76991502849723 61.707748179920756 64.294670587001676 63.370026765992179 63.20926875387741 62.417318386578792 63.403673832407378 63.256377933802604 63.40692580619676 63.227407011288285 63.097756502628762 63.021275424065365 62.994591247800813 63.021275424065365 63.097756502628762 63.227407011288285 63.40692580619676 63.256377933802604 63.403673832407378 62.417318386578792 63.20926875387741 63.370026765992179 64.294670587001676 61.707748179920756 61.76991502849723 63.334251021455728 59.376714827801088 60.709362221703238 62.172896508327831 57.106295776856676 57.057184341457983 45.507417717225849 48.02512407291109 36.27530015780772 23.556605737676033 9.9082581198791573 15.803422617137205 13.248016654941853 13.613716417234787 14.07095305143755 7.4494937680634914 7.2352448778195715 13.900899414692157 13.56708730156396 13.391498933710338 16.137230510526312 10.50668189715366 24.16419625473813 36.835237786363152 48.552544943533661 46.109773411025046 57.657831980462547 57.69592551370939 62.813603378426912 61.329146259001149 59.977621680516648 63.974656700018265 62.396207613012052 62.325933724497631 64.938616646061092 64.00251982102742 63.836527813870575 63.036684558392643 64.038480092344003 63.88874449317187 64.039086929018765 63.857456606593651 63.72631343467625 63.648924555955873 63.62194949618064 63.648924555955873 63.72631343467625 63.857456606593651 64.039086929018765 63.88874449317187 64.038480092344003 63.036684558392643 63.836527813870575 64.00251982102742 64.938616646061092 62.325933724497631 62.396207613012052 63.974656700018265 59.977621680516648 61.329146259001149 62.813603378426912 57.69592551370939 57.657831980462547 46.109773411025046 48.552544943533661 36.835237786363152 24.16419625473813 10.50668189715366 16.137230510526312 13.391498933710338 13.56708730156396 13.900899414692157 7.2352448778195715 7.0455482657587307 13.758378378598756 13.543011175798238 13.546170103932271 16.472347066328702 11.085075483926138 24.763206849436365 37.400332832725589 49.09666365872809 46.730832105684932 58.278181863121802 58.305512136884197 63.474499929234263 61.969331119189221 60.599119150427725 64.635822302084208 63.04340987172737 62.965159827694293 65.603716477746858 64.656262840766459 64.485116808342141 63.677445243441149 64.694730419876223 64.542575560646824 64.692727217718755 64.50899880262152 64.376370419901704 64.298080294666192 64.270814686794168 64.298080294666192 64.376370419901704 64.50899880262152 64.692727217718755 64.542575560646824 64.694730419876223 63.677445243441149 64.485116808342141 64.656262840766459 65.603716477746858 62.965159827694293 63.04340987172737 64.635822302084208 60.599119150427725 61.969331119189221 63.474499929234263 58.305512136884197 58.278181863121802 46.730832105684932 49.09666365872809 37.400332832725589 24.763206849436365 11.085075483926138 16.472347066328702 13.546170103932271 13.543011175798238 13.758378378598756 7.0455482657587307 6.8756543990376802 13.636985686403872 13.534058333481992 13.704094729754184 16.800149919693453 11.635158984141205 25.342955221636657 37.957373201904637 49.642056065197032 47.354007720487822 58.900698759496578 58.917188066033347 64.13740800883086 62.611449976077623 61.222474179713103 65.29877086033477 63.692323549182255 63.606030162642504 66.270398341903231 65.311531951817443 65.135183079138145 64.319642140993025 65.352384361099766 65.19779825967403 65.34774742186336 65.161913671502134 65.027792958191441 64.948599189093869 64.921040553079962 64.948599189093869 65.027792958191441 65.161913671502134 65.34774742186336 65.19779825967403 65.352384361099766 64.319642140993025 65.135183079138145 65.311531951817443 66.270398341903231 63.606030162642504 63.692323549182255 65.29877086033477 61.222474179713103 62.611449976077623 64.13740800883086 58.917188066033347 58.900698759496578 47.354007720487822 49.642056065197032 37.957373201904637 25.342955221636657 11.635158984141205 16.800149919693453 13.704094729754184 13.534058333481992 13.636985686403872 6.8756543990376802 6.7242899815994654 13.535452095328486 13.539512787424178 13.865547649768015 17.121692016028227 12.159640918825902 25.905214973019792 38.506994771407705 50.188411301338775 47.978885185067277 59.524943953567302 59.53051581674552 64.8018914256877 63.255068500868234 61.847254443235869 65.963072574123601 64.342521381475734 64.248119711134962 66.938239806087537 65.967906942921729 65.78630843397967 64.9628589107773 66.011027064702901 65.853998244452598 66.00373378771215 65.815787766631203 65.680167941863203 65.600068212361791 65.572214229164743 65.600068212361791 65.680167941863203 65.815787766631203 66.00373378771215 65.853998244452598 66.011027064702901 64.9628589107773 65.78630843397967 65.967906942921729 66.938239806087537 64.248119711134962 64.342521381475734 65.963072574123601 61.847254443235869 63.255068500868234 64.8018914256877 59.53051581674552 59.524943953567302 47.978885185067277 50.188411301338775 38.506994771407705 25.905214973019792 12.159640918825902 17.121692016028227 13.865547649768015 13.539512787424178 13.535452095328486 6.7242899815994654 6.4194223956597609 13.361026872206171 13.612019710392888 14.286364597241667 17.904668657795554 13.375221351458872 27.24554395462809 39.85342510562343 51.558058932080414 49.54757367038971 61.092122534137431 61.070102869416623 66.469071189688648 64.869792011208872 63.414594103052387 67.628936061900845 65.972858503433017 65.857935724660393 68.612205083127876 67.612999280769699 67.41809608869481 66.574723953827487 67.661336854111994 67.498157049279527 67.647315720403142 67.454062219597034 67.314668592908291 67.232294997558 67.203693739678982 67.232294997558 67.314668592908291 67.454062219597034 67.647315720403142 67.498157049279527 67.661336854111994 66.574723953827487 67.41809608869481 67.612999280769699 68.612205083127876 65.857935724660393 65.972858503433017 67.628936061900845 63.414594103052387 64.869792011208872 66.469071189688648 61.070102869416623 61.092122534137431 49.54757367038971 51.558058932080414 39.85342510562343 27.24554395462809 13.375221351458872 17.904668657795554 14.286364597241667 13.612019710392888 13.361026872206171 6.4194223956597609 6.0790507348862937 13.07274764535725 13.490405982300656 14.428404676011528 18.327016307452897 14.170375841604319 28.093841228128792 40.676466995596286 52.370759009520683 50.478174861239438 62.02232283956161 61.984194167693644 67.460154727041058 65.829827812318086 64.34661154127987 68.62046204124529 66.943440813227397 66.816551093885337 69.609625153076621 68.593376422481313 68.390733767324292 67.535610698207194 68.645450586528739 68.478639112577227 68.627508505114776 68.431106166988272 68.289482736391477 68.20575680679849 68.176718933245468 68.20575680679849 68.289482736391477 68.431106166988272 68.627508505114776 68.478639112577227 68.645450586528739 67.535610698207194 68.390733767324292 68.593376422481313 69.609625153076621 66.816551093885337 66.943440813227397 68.62046204124529 64.34661154127987 65.829827812318086 67.460154727041058 61.984194167693644 62.02232283956161 50.478174861239438 52.370759009520683 40.676466995596286 28.093841228128792 14.170375841604319 18.327016307452897 14.428404676011528 13.490405982300656 13.07274764535725 6.0790507348862937 5.32099220899629 12.201820672977174 12.733160271907966 13.967741243983943 18.187487836382175 14.621222120091481 28.398266849503379 40.791415823496394 52.327195003254381 50.423018949842394 61.968910593390468 61.9330964259442 67.411334806986318 65.783238655493108 64.30218979032432 68.578122484390207 66.903073208257297 66.778021362982045 69.572775546216761 68.558027636496902 68.356687437713845 67.502651538621066 68.613351459196124 68.446856404402041 68.596031795680105 68.399820923619089 68.258383212093179 68.174721468974923 68.145747110269497 68.174721468974923 68.258383212093179 68.399820923619089 68.596031795680105 68.446856404402041 68.613351459196124 67.502651538621066 68.356687437713845 68.558027636496902 69.572775546216761 66.778021362982045 66.903073208257297 68.578122484390207 64.30218979032432 65.783238655493108 67.411334806986318 61.9330964259442 61.968910593390468 50.423018949842394 52.327195003254381 40.791415823496394 28.398266849503379 14.621222120091481 18.187487836382175 13.967741243983943 12.733160271907966 12.201820672977174 5.32099220899629 4.8608526955661757 11.673049406190712 12.27317032331035 13.687473393994756 18.101840613219149 14.893504889997665 28.581599602787222 40.859694520923831 52.299210657678785 50.387895749352992 61.934749426011301 61.900304529176587 67.37989224634164 65.753118981009521 64.273356911590582 68.550527106438807 66.876650676760661 66.75269279782232 69.548447565752568 68.534593802609606 68.334030104241123 67.480642458991156 68.591855299472982 68.425548769590335 68.574906929849433 68.378810040273592 68.237483401992378 68.153859659631308 68.124923514178789 68.153859659631308 68.237483401992378 68.378810040273592 68.574906929849433 68.425548769590335 68.591855299472982 67.480642458991156 68.334030104241123 68.534593802609606 69.548447565752568 66.75269279782232 66.876650676760661 68.550527106438807 64.273356911590582 65.753118981009521 67.37989224634164 61.900304529176587 61.934749426011301 50.387895749352992 52.299210657678785 40.859694520923831 28.581599602787222 14.893504889997665 18.101840613219149 13.687473393994756 12.27317032331035 11.673049406190712 4.8608526955661757 4.5814353497168447 11.351843806474751 11.993525599700233 13.516683181979905 18.04894712330735 15.057567957605158 28.691580954243392 40.899770012106863 52.280787840549074 50.36504298232051 61.912391538786139 61.878745114216535 67.359121377251753 65.733122340088443 64.254115248576511 68.532012122936266 66.858825781953712 66.735512056603483 69.531856674001347 68.518530434412042 68.318424999504089 67.46542016383701 68.576936042757168 68.410740674200653 68.560207147819412 68.364177339278555 68.222916635697104 68.139315048370435 68.110401777367755 68.139315048370435 68.222916635697104 68.364177339278555 68.560207147819412 68.410740674200653 68.576936042757168 67.46542016383701 68.318424999504089 68.518530434412042 69.531856674001347 66.735512056603483 66.858825781953712 68.532012122936266 64.254115248576511 65.733122340088443 67.359121377251753 61.878745114216535 61.912391538786139 50.36504298232051 52.280787840549074 40.899770012106863 28.691580954243392 15.057567957605158 18.04894712330735 13.516683181979905 11.993525599700233 11.351843806474751 4.5814353497168447 4.4116599686125122 11.156575850022586 11.82332150454255 13.412363725695625 18.016002746084045 15.156086304092126 28.757177431505468 40.922856049420581 52.268290999503719 50.349767628951412 61.897335434154797 61.864144183812726 67.344971209344394 65.719416521327716 64.240843638108302 68.519159688195401 66.84637210847157 66.723431501193105 69.520118155404504 68.50709834219748 68.307259382995838 67.454477339748664 68.56616964450987 68.400038843476025 68.549568596586042 68.353577637064916 68.212355587192178 68.12876666635907 68.099866989910666 68.12876666635907 68.212355587192178 68.353577637064916 68.549568596586042 68.400038843476025 68.56616964450987 67.454477339748664 68.307259382995838 68.50709834219748 69.520118155404504 66.723431501193105 66.84637210847157 68.519159688195401 64.240843638108302 65.719416521327716 67.344971209344394 61.864144183812726 61.897335434154797 50.349767628951412 52.268290999503719 40.922856049420581 28.757177431505468 15.156086304092126 18.016002746084045 13.412363725695625 11.82332150454255 11.156575850022586 4.4116599686125122 
end_dependent_variable

end_regular_table
