# ****************************************************************************
# CUI
#
# The Advanced Framework for Simulation, Integration, and Modeling (AFSIM)
#
# The use, dissemination or disclosure of data in this file is subject to
# limitation or restriction. See accompanying README and LICENSE for details.
# ****************************************************************************

# ##################################################################################################
# 
# This file was auto-generated by AFSIM Mover Creator 2.8.0.201104
# 
# Creation Date:  05 Nov 2020
# 
# ##################################################################################################

regular_table

independent_variable mach precision double
0.10000000000000001 0.5 0.70000000000000007 0.75 0.80000000000000004 0.84999999999999998 0.90000000000000002 0.92000000000000004 0.94000000000000006 0.95999999999999996 0.97999999999999998 1 1.02 1.04 1.0600000000000001 1.0800000000000001 1.1000000000000001 1.2 1.3 1.4000000000000001 1.5 1.75 2 2.5 3 3.5 4 
end_independent_variable

independent_variable beta units rad
-1.3962634015954636 -1.3089969389957472 -1.2217304763960306 -1.1344640137963142 -1.0471975511965976 -0.95993108859688125 -0.87266462599716477 -0.78539816339744828 -0.69813170079773179 -0.6108652381980153 -0.52359877559829882 -0.48869219055841229 -0.4537856055185257 -0.41887902047863912 -0.38397243543875248 -0.3490658503988659 -0.31415926535897931 -0.27925268031909273 -0.24434609527920614 -0.20943951023931956 -0.17453292519943295 -0.13962634015954636 -0.10471975511965978 -0.087266462599716474 -0.069813170079773182 -0.05235987755982989 -0.034906585039886591 -0.017453292519943295 0 0.017453292519943295 0.034906585039886591 0.05235987755982989 0.069813170079773182 0.087266462599716474 0.10471975511965978 0.13962634015954636 0.17453292519943295 0.20943951023931956 0.24434609527920614 0.27925268031909273 0.31415926535897931 0.3490658503988659 0.38397243543875248 0.41887902047863912 0.4537856055185257 0.48869219055841229 0.52359877559829882 0.6108652381980153 0.69813170079773179 0.78539816339744828 0.87266462599716477 0.95993108859688125 1.0471975511965976 1.1344640137963142 1.2217304763960306 1.3089969389957472 1.3962634015954636 
end_independent_variable

dependent_variable precision double
-2.4774615602368 2.7474579014877318 4.069945589312737 8.0825520546984002 14.782549681583454 17.36614261648679 28.097268971616348 37.347249054231156 46.229329977505813 43.329767522267289 54.89578396752453 55.001553298381303 60.00008961388037 58.611753067138068 57.349283324738593 61.259006394179501 59.752433019674207 59.734034808157645 62.294636759148744 61.41540896154271 61.284679060066765 60.524832670451886 61.493229845243157 61.355543693160442 61.511127726626285 61.338681219277355 61.214817240639597 61.14108411837514 61.115946590055557 61.14108411837514 61.214817240639597 61.338681219277355 61.511127726626285 61.355543693160442 61.493229845243157 60.524832670451886 61.284679060066765 61.41540896154271 62.294636759148744 59.734034808157645 59.752433019674207 61.259006394179501 57.349283324738593 58.611753067138068 60.00008961388037 55.001553298381303 54.89578396752453 43.329767522267289 46.229329977505813 37.347249054231156 28.097268971616348 17.36614261648679 14.782549681583454 8.0825520546984002 4.069945589312737 2.7474579014877318 -2.4774615602368 -2.4478574087855987 2.7916010209881081 4.1282806329382264 8.1546381761351618 14.867746181056924 17.464129255424197 28.207030255305042 37.467911298560864 46.360142240486489 43.469386787172276 55.043434588712167 55.152084557339961 60.153301910415365 58.767492852582876 57.507361819894506 61.419214547330732 59.914592271111154 59.897939625337052 62.460092343718415 61.582225580471338 61.452640395558305 60.693746668720657 61.662880212492105 61.525490698263312 61.681304807845606 61.509051489128701 61.385328775499026 61.311684978087484 61.286584584264936 61.311684978087484 61.385328775499026 61.509051489128701 61.681304807845606 61.525490698263312 61.662880212492105 60.693746668720657 61.452640395558305 61.582225580471338 62.460092343718415 59.897939625337052 59.914592271111154 61.419214547330732 57.507361819894506 58.767492852582876 60.153301910415365 55.152084557339961 55.043434588712167 43.469386787172276 46.360142240486489 37.467911298560864 28.207030255305042 17.464129255424197 14.867746181056924 8.1546381761351618 4.1282806329382264 2.7916010209881081 -2.4478574087855987 -2.4509287395479316 2.7870245730186873 4.1222331728939841 8.147165900559493 14.858899377556821 17.453998809744995 28.195673765047047 37.455412645846309 46.34660840979425 43.454896002987951 55.028117640480296 55.136467950443851 60.137403583852304 58.751334438132474 57.49096318872887 61.40259448811387 59.897772183802545 59.880939456680117 62.442933144410596 61.564929091564274 61.435226778254574 60.676238020993203 61.645297111185769 61.50787882930446 61.663668471906121 61.491397130706048 61.367661771518115 61.294010708536945 61.268908415555174 61.294010708536945 61.367661771518115 61.491397130706048 61.663668471906121 61.50787882930446 61.645297111185769 60.676238020993203 61.435226778254574 61.564929091564274 62.442933144410596 59.880939456680117 59.897772183802545 61.40259448811387 57.49096318872887 58.751334438132474 60.137403583852304 55.136467950443851 55.028117640480296 43.454896002987951 46.34660840979425 37.455412645846309 28.195673765047047 17.453998809744995 14.858899377556821 8.147165900559493 4.1222331728939841 2.7870245730186873 -2.4509287395479316 -2.4515052465927072 2.7861655640416814 4.1210980232516334 8.14576324887061 14.857238806060476 17.452096881836216 28.193541867485465 37.45306639023682 46.344067710200783 43.452176036990934 55.025242534734105 55.13353663903937 60.134419425628302 58.748301510876516 57.487885119864281 61.39947482847144 59.894614957044432 59.877748403586629 62.439712229412308 61.561682385300109 61.431958067460378 60.672951420220954 61.641996544271983 61.504572844233437 61.660357897153979 61.488083156776369 61.364345405794474 61.290692958849682 61.265590294438589 61.290692958849682 61.364345405794474 61.488083156776369 61.660357897153979 61.504572844233437 61.641996544271983 60.672951420220954 61.431958067460378 61.561682385300109 62.439712229412308 59.877748403586629 59.894614957044432 61.39947482847144 57.487885119864281 58.748301510876516 60.134419425628302 55.13353663903937 55.025242534734105 43.452176036990934 46.344067710200783 37.45306639023682 28.193541867485465 17.452096881836216 14.857238806060476 8.14576324887061 4.1210980232516334 2.7861655640416814 -2.4515052465927072 -2.4517046588803244 2.7858684931845237 4.1207054945843078 8.1452783230315582 14.856664174001416 17.451440283489994 28.192805490335417 37.452255470149908 46.343190202590243 43.451234985134228 55.02424807029422 55.132522653710652 60.133387013152429 58.74725228173957 57.486820366948571 61.398395690452936 59.893522934115943 59.876644721229013 62.438598286716214 61.56055962629047 61.430827755403726 60.671815079309098 61.640855423729477 61.503429926829625 61.659213367987526 61.486937523911223 61.36319901727996 61.28954616554352 61.2644434424937 61.28954616554352 61.36319901727996 61.486937523911223 61.659213367987526 61.503429926829625 61.640855423729477 60.671815079309098 61.430827755403726 61.56055962629047 62.438598286716214 59.876644721229013 59.893522934115943 61.398395690452936 57.486820366948571 58.74725228173957 60.133387013152429 55.132522653710652 55.02424807029422 43.451234985134228 46.343190202590243 37.452255470149908 28.192805490335417 17.451440283489994 14.856664174001416 8.1452783230315582 4.1207054945843078 2.7858684931845237 -2.4517046588803244 -2.4489135521876766 2.7900287739821086 4.12620314059932 5.6693757388643027 13.950684351903041 17.709689700366631 28.352762521013013 37.463622069603737 46.355505092407718 43.464401185866457 55.038168094938975 55.146714628897456 60.147833480885225 58.761935986226653 57.501723401872141 61.413499791042042 59.908809772793752 59.892095646687487 62.454194499568374 61.576282291916776 61.446657550524129 60.687732834594605 61.656841660672463 61.519443141712451 61.675248566848055 61.502989955458034 61.379263789993452 61.305618388191313 61.280518213986205 61.305618388191313 61.379263789993452 61.502989955458034 61.675248566848055 61.519443141712451 61.656841660672463 60.687732834594605 61.446657550524129 61.576282291916776 62.454194499568374 59.892095646687487 59.908809772793752 61.413499791042042 57.501723401872141 58.761935986226653 60.147833480885225 55.146714628897456 55.038168094938975 43.464401185866457 46.355505092407718 37.463622069603737 28.352762521013013 17.709689700366631 13.950684351903041 5.6693757388643027 4.12620314059932 2.7900287739821086 -2.4489135521876766 -2.6426333642892259 -0.0083640906752329158 -1.3921579943375697 1.9230876249871969 12.275571420209451 15.521178158435777 28.169658317866642 37.902048989094006 46.576267852540418 43.530631336812853 55.102917270651183 55.212728989004574 60.215032487806539 58.830237948386952 57.571045209202133 61.483756772005577 59.979916512906897 59.963965439605253 62.526739816852356 61.649414838692422 61.520288120465494 60.76177181875422 61.731198783492339 61.593925431572806 61.749833214103461 61.5776543538163 61.453985198550967 61.38037404648145 61.355285353540566 61.38037404648145 61.453985198550967 61.5776543538163 61.749833214103461 61.593925431572806 61.731198783492339 60.76177181875422 61.520288120465494 61.649414838692422 62.526739816852356 59.963965439605253 59.979916512906897 61.483756772005577 57.571045209202133 58.830237948386952 60.215032487806539 55.212728989004574 55.102917270651183 43.530631336812853 46.576267852540418 37.902048989094006 28.169658317866642 15.521178158435777 12.275571420209451 1.9230876249871969 -1.3921579943375697 -0.0083640906752329158 -2.6426333642892259 -4.6404540433615029 -1.9703753863742635 -1.391918688971596 1.7398794107870066 11.861776953332159 14.211657772123381 27.299464435079969 37.816441391854511 46.866903993618578 43.820073654063428 55.265001163798011 55.364186198015105 60.377076224805116 58.988430952065713 57.725760154008789 61.646634164416191 60.140201283529841 60.122828016408818 62.690925008937725 61.811453097587325 61.681398098852434 60.921398194578131 61.893985619811971 61.756254622176385 61.912142020160573 61.739560974978609 61.61560347359049 61.541820931333952 61.516673865945123 61.541820931333952 61.61560347359049 61.739560974978609 61.912142020160573 61.756254622176385 61.893985619811971 60.921398194578131 61.681398098852434 61.811453097587325 62.690925008937725 60.122828016408818 60.140201283529841 61.646634164416191 57.725760154008789 58.988430952065713 60.377076224805116 55.364186198015105 55.265001163798011 43.820073654063428 46.866903993618578 37.816441391854511 27.299464435079969 14.211657772123381 11.861776953332159 1.7398794107870066 -1.391918688971596 -1.9703753863742635 -4.6404540433615029 -6.3939458869787122 -2.260960124657859 -1.3819134396422854 1.5640457682501523 11.451139345568723 12.898729773705975 26.423905946931146 37.482598052657075 47.072591976059613 44.099533020425888 55.528407668010303 55.58486775410973 60.56419272254017 59.135050863378879 57.868729222227287 61.797607193905513 60.288437721740344 60.269513022201444 62.842818146407417 61.961099863898795 61.83003219498039 61.068479517203656 62.044173525994921 61.905963687441229 62.061813350265666 61.88881661784081 61.764561120306425 61.690601395895669 61.665394030303133 61.690601395895669 61.764561120306425 61.88881661784081 62.061813350265666 61.905963687441229 62.044173525994921 61.068479517203656 61.83003219498039 61.961099863898795 62.842818146407417 60.269513022201444 60.288437721740344 61.797607193905513 57.868729222227287 59.135050863378879 60.56419272254017 55.58486775410973 55.528407668010303 44.099533020425888 47.072591976059613 37.482598052657075 26.423905946931146 12.898729773705975 11.451139345568723 1.5640457682501523 -1.3819134396422854 -2.260960124657859 -6.3939458869787122 -7.4926046495147558 -2.540490405512609 -1.3610071581855776 1.3969890408570802 11.045317949470519 11.58429784230448 25.545115967067254 37.143798738970538 47.22118439766853 44.332466900638295 55.784058009104335 55.831965447958837 60.815308238305121 59.37376720361241 58.064202025974666 61.966418711643939 60.427782191353721 60.407210573604956 62.985639395899383 62.101601338380142 61.969458737497767 61.206302214712352 62.185063030811854 62.046358700519789 62.202157836819524 62.028735447558624 61.904174839144602 61.830033666987141 61.804764571110049 61.830033666987141 61.904174839144602 62.028735447558624 62.202157836819524 62.046358700519789 62.185063030811854 61.206302214712352 61.969458737497767 62.101601338380142 62.985639395899383 60.407210573604956 60.427782191353721 61.966418711643939 58.064202025974666 59.37376720361241 60.815308238305121 55.831965447958837 55.784058009104335 44.332466900638295 47.22118439766853 37.143798738970538 25.545115967067254 11.58429784230448 11.045317949470519 1.3969890408570802 -1.3610071581855776 -2.540490405512609 -7.4926046495147558 -8.646778197551372 -2.80780750901009 -1.3276687222820924 3.166923090267034 11.093805178841514 10.088070388552099 24.565172321745919 36.803209014907793 47.366729666026963 44.53920317002575 56.005963021970672 56.060364637236567 61.060797449721747 59.610489507570428 58.291207047363244 62.195619304332745 60.645383839545488 60.592274749560936 63.14898890624012 62.239343364526462 62.10408640052993 61.33929942274662 62.321106332259923 62.181899363845467 62.337641296792306 62.16378805950739 62.038918627287579 61.964593771097846 61.939262206450145 61.964593771097846 62.038918627287579 62.16378805950739 62.337641296792306 62.181899363845467 62.321106332259923 61.33929942274662 62.10408640052993 62.239343364526462 63.14898890624012 60.592274749560936 60.645383839545488 62.195619304332745 58.291207047363244 59.610489507570428 61.060797449721747 56.060364637236567 56.005963021970672 44.53920317002575 47.366729666026963 36.803209014907793 24.565172321745919 10.088070388552099 11.093805178841514 3.166923090267034 -1.3276687222820924 -2.80780750901009 -8.646778197551372 -9.2345592258610143 -3.3253094233549336 0.47366199514838092 5.7891878701868018 11.986426960983236 8.8043493301519646 23.439078904502693 36.373267107352682 47.511152454376891 44.74451277299719 56.214894932715012 56.262879738627021 61.269394773963434 59.82063879996938 58.503276248743099 62.419877551105067 60.864343183273625 60.804527043908323 63.361738766444617 62.445644889473513 62.287489599559649 61.500274800749935 62.466755472069472 62.318589735321844 62.470770050341727 62.296483457188344 62.171303398531457 62.096793777511941 62.071399384460044 62.096793777511941 62.171303398531457 62.296483457188344 62.470770050341727 62.318589735321844 62.466755472069472 61.500274800749935 62.287489599559649 62.445644889473513 63.361738766444617 60.804527043908323 60.864343183273625 62.419877551105067 58.503276248743099 59.82063879996938 61.269394773963434 56.262879738627021 56.214894932715012 44.74451277299719 47.511152454376891 36.373267107352682 23.439078904502693 8.8043493301519646 11.986426960983236 5.7891878701868018 0.47366199514838092 -3.3253094233549336 -9.2345592258610143 -5.2949612031109146 0.48636083547143993 2.743191283673664 6.5365636480294933 12.080801357839022 8.939210130909192 22.766648553922501 35.836031857678343 47.550851441893037 44.94906437234939 56.422906188710272 56.464424455663682 61.476974446237669 60.019945715839711 58.694834917693029 62.615516426503618 61.059101380538394 61.001481986279735 63.566787750487016 62.650630252677189 62.487809576746137 61.696019594765374 62.663260515806321 62.513785118389137 62.660784849775702 62.484520750245345 62.357805047882991 62.282511253151576 62.256739776271736 62.282511253151576 62.357805047882991 62.484520750245345 62.660784849775702 62.513785118389137 62.663260515806321 61.696019594765374 62.487809576746137 62.650630252677189 63.566787750487016 61.001481986279735 61.059101380538394 62.615516426503618 58.694834917693029 60.019945715839711 61.476974446237669 56.464424455663682 56.422906188710272 44.94906437234939 47.550851441893037 35.836031857678343 22.766648553922501 8.939210130909192 12.080801357839022 6.5365636480294933 2.743191283673664 0.48636083547143993 -5.2949612031109146 0.6712175763251178 6.7008566305516419 6.7302586891800971 7.7527720574947638 12.179751036823436 9.0713511386664525 22.896886660330686 35.724397908112778 47.535863025879877 45.018822163897909 56.587858905175665 56.650008691382155 61.683182206580604 60.217830101700407 58.884923685262272 62.809640966628059 61.246740270943008 61.18408520917508 63.760783455604653 62.850906284528612 62.701113216023174 61.921285981220606 62.905066781942345 62.762097402860206 62.915708371806566 62.739619042084129 62.611461075972606 62.535594110134028 62.509369558459447 62.535594110134028 62.611461075972606 62.739619042084129 62.915708371806566 62.762097402860206 62.905066781942345 61.921285981220606 62.701113216023174 62.850906284528612 63.760783455604653 61.18408520917508 61.246740270943008 62.809640966628059 58.884923685262272 60.217830101700407 61.683182206580604 56.650008691382155 56.587858905175665 45.018822163897909 47.535863025879877 35.724397908112778 22.896886660330686 9.0713511386664525 12.179751036823436 7.7527720574947638 6.7302586891800971 6.7008566305516419 0.6712175763251178 5.8810664102446673 11.604675523622593 10.879797081288837 10.813992994906179 14.063789798425349 9.3986651934683962 23.122865492235171 35.900985935015406 47.685111141430149 45.150735513259271 56.717426131075221 56.77846497354151 61.833617590044369 60.390577343328331 59.077088374103973 63.029884605103845 61.481655737362402 61.43256781669465 64.018378849278847 63.104585738884779 62.947171255213028 62.15805656626496 63.138071059085632 62.991698412330244 63.142364037197197 62.963665541950817 62.834662468206524 62.758514643550235 62.731990390274923 62.758514643550235 62.834662468206524 62.963665541950817 63.142364037197197 62.991698412330244 63.138071059085632 62.15805656626496 62.947171255213028 63.104585738884779 64.018378849278847 61.43256781669465 61.481655737362402 63.029884605103845 59.077088374103973 60.390577343328331 61.833617590044369 56.77846497354151 56.717426131075221 45.150735513259271 47.685111141430149 35.900985935015406 23.122865492235171 9.3986651934683962 14.063789798425349 10.813992994906179 10.879797081288837 11.604675523622593 5.8810664102446673 7.496429842179527 14.109913780282026 13.627846836109633 13.22315550084452 15.739765117746675 9.789265594443405 23.433409034309882 36.159843717354192 47.918465216561493 45.389580266729958 56.945075850573915 56.99883791148136 62.057749809795041 60.600925859699352 59.273855354672413 63.222840585914071 61.660591549478895 61.59924907574792 64.180175312834933 63.256945737788705 63.096345788807696 62.305076114442933 63.28744455317397 63.140185419811907 63.290318842852024 63.110761580610045 62.980938550134056 62.904276629722105 62.877648805775941 62.904276629722105 62.980938550134056 63.110761580610045 63.290318842852024 63.140185419811907 63.28744455317397 62.305076114442933 63.096345788807696 63.256945737788705 64.180175312834933 61.59924907574792 61.660591549478895 63.222840585914071 59.273855354672413 60.600925859699352 62.057749809795041 56.99883791148136 56.945075850573915 45.389580266729958 47.918465216561493 36.159843717354192 23.433409034309882 9.789265594443405 15.739765117746675 13.22315550084452 13.627846836109633 14.109913780282026 7.496429842179527 7.449487567130352 14.070953455846233 13.61373535704144 13.248055815182658 15.80353553702836 9.9082555136898662 23.556611399397596 36.275327455393828 48.025108772782581 45.50745660786086 57.057215031583596 57.106328084617019 62.1729340958682 60.709397427725811 59.376747292831475 63.334284576142849 61.769945684922121 61.707777735455345 64.294697974456369 63.370049098338342 63.209289075413736 62.417333720408024 63.403686537580171 63.256387959767871 63.406936624129031 63.227415121929099 63.097761905978111 63.021278124335844 62.994591247800791 63.021278124335844 63.097761905978111 63.227415121929099 63.406936624129031 63.256387959767871 63.403686537580171 62.417333720408024 63.209289075413736 63.370049098338342 64.294697974456369 61.707777735455345 61.769945684922121 63.334284576142849 59.376747292831475 60.709397427725811 62.1729340958682 57.106328084617019 57.057215031583596 45.50745660786086 48.025108772782581 36.275327455393828 23.556611399397596 9.9082555136898662 15.80353553702836 13.248055815182658 13.61373535704144 14.070953455846233 7.449487567130352 7.2352396205066931 13.900899831355648 13.567104458295967 13.391533982462864 16.137332127399024 10.506678318749556 24.164200372353811 36.835261462653321 48.552530997561497 46.109808998989152 57.657860387108819 57.695955317403843 62.813638084044797 61.329178660715023 59.977651655778423 63.974687631155113 62.396235909365053 62.325961040465948 64.938641964495602 64.00254047037987 63.836546588237319 63.036698737206166 64.038491814068408 63.88875374555235 64.03909693200626 63.8574641034728 63.726318434638152 63.648927053639049 63.621949496180655 63.648927053639049 63.726318434638152 63.8574641034728 64.03909693200626 63.88875374555235 64.038491814068408 63.036698737206166 63.836546588237319 64.00254047037987 64.938641964495602 62.325961040465948 62.396235909365053 63.974687631155113 59.977651655778423 61.329178660715023 62.813638084044797 57.695955317403843 57.657860387108819 46.109808998989152 48.552530997561497 36.835261462653321 24.164200372353811 10.506678318749556 16.137332127399024 13.391533982462864 13.567104458295967 13.900899831355648 7.2352396205066931 7.0455436855240254 13.758379015848803 13.543027080497302 13.54620201953874 16.472439414481194 11.085071235592499 24.763209663957401 37.400353543352082 49.096650727862574 46.730864924062296 58.278208255894533 58.305539830709108 63.474532136913666 61.969361308910152 60.599147083221403 64.635851057992525 63.043436118463639 62.965185264591966 65.603740055998557 64.65628202464805 64.485134332718403 63.677458473017623 64.69474133942127 64.542584176798499 64.692736520905612 64.509005785819937 64.376375081452167 64.298082619633163 64.270814686794168 64.298082619633163 64.376375081452167 64.509005785819937 64.692736520905612 64.542584176798499 64.69474133942127 63.677458473017623 64.485134332718403 64.65628202464805 65.603740055998557 62.965185264591966 63.043436118463639 64.635851057992525 60.599147083221403 61.969361308910152 63.474532136913666 58.305539830709108 58.278208255894533 46.730864924062296 49.096650727862574 37.400353543352082 24.763209663957401 11.085071235592499 16.472439414481194 13.54620201953874 13.543027080497302 13.758379015848803 7.0455436855240254 6.8756506388539149 13.636986344078599 13.534072716542324 13.704123810414934 16.800234273625815 11.63515406587803 25.342957108877176 37.957391473824224 49.642044112673737 47.35403817368713 58.900723350812456 58.917214001293232 64.137438090300975 62.611478084523554 61.222500257945754 65.298797810701288 63.692348140498126 63.606053953310891 66.270420459790245 65.311549923494212 65.135199478114487 64.319654536731903 65.352394562206669 65.197806316189428 65.347756128904848 65.161920212506203 65.027797311712192 64.948601365854245 64.921040553079962 64.948601365854245 65.027797311712192 65.161920212506203 65.347756128904848 65.197806316189428 65.352394562206669 64.319654536731903 65.135199478114487 65.311549923494212 66.270420459790245 63.606053953310891 63.692348140498126 65.298797810701288 61.222500257945754 62.611478084523554 64.137438090300975 58.917214001293232 58.900723350812456 47.35403817368713 49.642044112673737 37.957391473824224 25.342957108877176 11.63515406587803 16.800234273625815 13.704123810414934 13.534072716542324 13.636986344078599 6.8756506388539149 6.724286703438171 13.535452861254022 13.539526083891483 13.865574242702625 17.121769711514599 12.159635587984171 25.905216014678519 38.507011070303108 50.188400241374033 47.978913432401043 59.52496702324445 59.53054011190352 64.801919764932535 63.255095001891775 61.847279075401104 65.963097834347778 64.342544543063937 64.24814210679763 66.938260593306595 65.967923915831605 65.786323890356982 64.962870575823217 66.011036654090617 65.854005819456148 66.003741986945016 65.815793928502146 65.68017204339445 65.60007026408482 65.572214229164743 65.60007026408482 65.68017204339445 65.815793928502146 66.003741986945016 65.854005819456148 66.011036654090617 64.962870575823217 65.786323890356982 65.967923915831605 66.938260593306595 64.24814210679763 64.342544543063937 65.963097834347778 61.847279075401104 63.255095001891775 64.801919764932535 59.53054011190352 59.52496702324445 47.978913432401043 50.188400241374033 38.507011070303108 25.905216014678519 12.159635587984171 17.121769711514599 13.865574242702625 13.539526083891483 13.535452861254022 6.724286703438171 6.4194199472511313 13.361027551326812 13.612031005241459 14.286386722277317 17.904733567431645 13.375215275116286 27.245543311250639 39.853437329794986 51.558049781823343 49.547597868530474 61.092142657554341 61.070124065129292 66.469095852490909 64.869815208540274 63.414615620453773 67.628958240551285 65.9728787519511 65.857955294057845 68.612223240669238 67.613014060579459 67.418109671107644 66.574734203187703 67.661345235890451 67.498163643898394 67.64732290925258 67.454067607883189 67.314672182865095 67.232296792536403 67.203693739679025 67.232296792536403 67.314672182865095 67.454067607883189 67.64732290925258 67.498163643898394 67.661345235890451 66.574734203187703 67.418109671107644 67.613014060579459 68.612223240669238 65.857955294057845 65.9728787519511 67.628958240551285 63.414615620453773 64.869815208540274 66.469095852490909 61.070124065129292 61.092142657554341 49.547597868530474 51.558049781823343 39.853437329794986 27.245543311250639 13.375215275116286 17.904733567431645 14.286386722277317 13.612031005241459 13.361027551326812 6.4194199472511313 6.079048774116921 13.072748339796401 13.490415541051345 14.42842346671801 18.327071699187663 14.170369795898754 28.093839920949208 40.676476921991231 52.370751043895105 50.478196062058274 62.022340486485966 61.984212917550764 67.46017654060033 65.829848318697771 64.346630658781251 68.620481689788377 66.943458684823241 66.816568393590103 69.60964120687585 68.593389575975849 68.390745797461378 67.535619776977882 68.645458000687924 68.478644954035985 68.627514882721414 68.431110951469776 68.289485927747876 68.20575839609397 68.176718933245468 68.20575839609397 68.289485927747876 68.431110951469776 68.627514882721414 68.478644954035985 68.645458000687924 67.535619776977882 68.390745797461378 68.593389575975849 69.60964120687585 66.816568393590103 66.943458684823241 68.620481689788377 64.346630658781251 65.829848318697771 67.46017654060033 61.984212917550764 62.022340486485966 50.478196062058274 52.370751043895105 40.676476921991231 28.093839920949208 14.170369795898754 18.327071699187663 14.42842346671801 13.490415541051345 13.072748339796401 6.079048774116921 5.3209910856388376 12.201821336779306 12.733167522669707 13.967755439137211 18.187529911224953 14.621216605427623 28.398264909158687 40.791422870011324 52.327188314171366 50.423035851265887 61.968924737482034 61.933111284899596 67.411352321150247 65.783254995237868 64.302205006711645 68.578138134801989 66.903087582126517 66.778035175172548 69.572788464827468 68.558038053084189 68.356697062844745 67.502658802148233 68.613357369588172 68.446861063782393 68.596036857171356 68.39982473409863 68.258385746030157 68.174722729560699 68.145747110269511 68.174722729560699 68.258385746030157 68.39982473409863 68.596036857171356 68.446861063782393 68.613357369588172 67.502658802148233 68.356697062844745 68.558038053084189 69.572788464827468 66.778035175172548 66.903087582126517 68.578138134801989 64.302205006711645 65.783254995237868 67.411352321150247 61.933111284899596 61.968924737482034 50.423035851265887 52.327188314171366 40.791422870011324 28.398264909158687 14.621216605427623 18.187529911224953 13.967755439137211 12.733167522669707 12.201821336779306 5.3209910856388376 4.8608520521887257 11.67304977383497 12.273176144344424 13.687484484596517 18.101874191394646 14.893499865526149 28.581598132210193 40.859699790491518 52.299204959192792 50.387909842382854 61.934761251901577 61.900316845259205 67.3799067682898 65.753132461298961 64.273369656591498 68.550540157809948 66.876662686473068 66.752704225431316 69.548458380621142 68.534602595434762 68.33403813114073 67.480648479165865 68.591860201396415 68.425552629855048 68.574911165417646 68.378813211205312 68.237485527435737 68.153860712778922 68.124923514178818 68.153860712778922 68.237485527435737 68.378813211205312 68.574911165417646 68.425552629855048 68.591860201396415 67.480648479165865 68.33403813114073 68.534602595434762 69.548458380621142 66.752704225431316 66.876662686473068 68.550540157809948 64.273369656591498 65.753132461298961 67.3799067682898 61.900316845259205 61.934761251901577 50.387909842382854 52.299204959192792 40.859699790491518 28.581598132210193 14.893499865526149 18.101874191394646 13.687484484596517 12.273176144344424 11.67304977383497 4.8608520521887257 4.5814347778257778 11.351844092420285 11.9935304607743 13.516692475209743 18.04897557488793 15.057563239503857 28.691579238570192 40.899774658721775 52.280783336906921 50.365054992032917 61.912401618366189 61.878755765687657 67.359133958855224 65.733134206828083 64.254126114506775 68.532023417784842 66.858836004506529 66.735521885981186 69.531865824258418 68.518537797509538 68.318431826453704 67.465425346599801 68.576940260453782 68.410743998317471 68.560210784689161 68.364180064696924 68.222918440728279 68.139315955353922 68.11040177736777 68.139315955353922 68.222918440728279 68.364180064696924 68.560210784689161 68.410743998317471 68.576940260453782 67.465425346599801 68.318431826453704 68.518537797509538 69.531865824258418 66.735521885981186 66.858836004506529 68.532023417784842 64.254126114506775 65.733134206828083 67.359133958855224 61.878755765687657 61.912401618366189 50.365054992032917 52.280783336906921 40.899774658721775 28.691579238570192 15.057563239503857 18.04897557488793 13.516692475209743 11.9935304607743 11.351844092420285 4.5814347778257778 4.4116604588048549 11.156576095118757 11.823325997972361 13.412371650471837 18.016027255701196 15.156082709348278 28.757176287723336 40.922860134356775 52.2682871596637 50.349778249785508 61.897344094219527 61.86415341576852 67.344982075274658 65.719426733668186 64.240853278557708 68.519169532891624 66.846381054481824 66.723439997860396 69.520126284427519 68.507104878095376 68.307265428701399 67.454481853603156 68.566173341377123 68.400041743780733 68.549571772623935 68.353580016540249 68.212357195635803 68.128767452709283 68.099866989910666 68.128767452709283 68.212357195635803 68.353580016540249 68.549571772623935 68.400041743780733 68.566173341377123 67.454481853603156 68.307265428701399 68.507104878095376 69.520126284427519 66.723439997860396 66.846381054481824 68.519169532891624 64.240853278557708 65.719426733668186 67.344982075274658 61.86415341576852 61.897344094219527 50.349778249785508 52.2682871596637 40.922860134356775 28.757176287723336 15.156082709348278 18.016027255701196 13.412371650471837 11.823325997972361 11.156576095118757 4.4116604588048549 
end_dependent_variable

end_regular_table
