# ****************************************************************************
# CUI
#
# The Advanced Framework for Simulation, Integration, and Modeling (AFSIM)
#
# The use, dissemination or disclosure of data in this file is subject to
# limitation or restriction. See accompanying README and LICENSE for details.
# ****************************************************************************

# ##################################################################################################
# 
# This file was auto-generated by AFSIM Mover Creator 2.5.0.200402
# 
# Creation Date:  03 Apr 2020
# 
# ##################################################################################################

regular_table

independent_variable mach precision double
0.10000000000000001 0.5 0.70000000000000007 0.75 0.80000000000000004 0.84999999999999998 0.90000000000000002 0.92000000000000004 0.94000000000000006 0.95999999999999996 0.97999999999999998 1 1.02 1.04 1.0600000000000001 1.0800000000000001 1.1000000000000001 1.2 1.3 1.4000000000000001 1.5 1.75 2 2.5 3 
end_independent_variable

independent_variable surface_angle units deg
-10 -8 -7 -6 -5 -4 -3 -2 -1 0 1 2 3 4 5 6 7 8 9 10 
end_independent_variable

dependent_variable precision double
-4.1181880025549527e-05 -5.789199418672671e-06 6.8431196106098912e-06 1.6109929613329919e-05 2.2005254742606475e-05 2.4512411356701925e-05 2.3604808905345477e-05 1.9246938376049873e-05 1.1395416086084311e-05 0 -3.8555846313625726e-05 -8.1014233048981745e-05 -0.00012742805389153109 -0.00017784319821730554 -0.00023229668557947619 -0.00029081458688407787 -0.00035340981212761885 -0.00042007991785167727 -0.00049080518739938537 -0.00056554736186081346 -5.8244345214314573e-05 -1.6881800725394186e-05 -1.7172332906731351e-06 9.7702785238630524e-06 1.756714524956169e-05 2.1648840454487682e-05 2.1980706607300744e-05 1.8518950678161367e-05 1.1211694713007085e-05 0 -3.8741562208172229e-05 -8.1764179933364349e-05 -0.00012912999962060357 -0.00018089432958157863 -0.00023710376416283453 -0.00029779409385597246 -0.0003629880813076072 -0.0004326932571287553 -0.00050689998717670225 -0.00058558019088646119 -8.0895880330763924e-05 -3.1606982226132659e-05 -1.3080382271766227e-05 1.3554438783844673e-06 1.1676798884845297e-05 1.7848742088283004e-05 1.9825905142990816e-05 1.7553495318574943e-05 1.0968355809058206e-05 0 -3.8988806801646786e-05 -8.2761304880239614e-05 -0.00013139192659848863 -0.00018494848676971456 -0.00024349029287369271 -0.00030706604039006232 -0.00037571157376483906 -0.00044944766559188836 -0.00052827806739569642 -0.00061218821088662549 -8.9468221840088797e-05 -3.7179629648147827e-05 -1.7380684491934107e-05 -1.8290834816978945e-06 9.4476500614053648e-06 1.641063487350262e-05 1.9010448754695949e-05 1.718813636909724e-05 1.0876272395027718e-05 0 -3.9082383426384619e-05 -8.3138679309335104e-05 -0.00013224796954714488 -0.00018648280199413692 -0.00024590729546385994 -0.00031057502910914261 -0.0003805267982332827 -0.00045578838675749088 -0.0005363686119466076 -0.00062225801907657115 -9.9960476936676647e-05 -4.4000357852110695e-05 -2.2644104205935776e-05 -5.7268320934133972e-06 6.7192526208640929e-06 1.4650445160732548e-05 1.8012362073344783e-05 1.674095265158644e-05 1.0763567284041423e-05 0 -3.9196920354410707e-05 -8.3600577824541076e-05 -0.00013329574528143535 -0.00018836076373114161 -0.00024886564055943608 -0.00031486993274210692 -0.00038642049495020994 -0.00046354924511283156 -0.00054627120097312505 -0.00063458316601414338 8.9395430363240508e-05 0.0001108718211419764 0.00011438248507323136 0.00011303730757447351 0.00010679487126155754 9.5603479978354682e-05 7.9401899777239066e-05 5.8120268041439629e-05 3.1681054442739458e-05 0 -5.7972291987118247e-05 -0.00012158633734757449 -0.00019093040276483113 -0.00026608698738042255 -0.00034713111619124519 -0.00043412844252984013 -0.00052713322650774805 -0.00062618633286153341 -0.00073131346640485759 -0.00084252398369164515 0.00027875128316770477 0.00026574395600793762 0.00025140903515029881 0.00023180141358461663 0.00020687046142817071 0.00017655649162922604 0.00014079141997209885 9.949957153359987e-05 5.2598535670625634e-05 0 -7.6747657567924376e-05 -0.00015957208454523696 -0.00024856504141493644 -0.00034381318558543851 -0.00044539655996877201 -0.00055338691331127817 -0.00066784591212339344 -0.00078882336768121763 -0.00091635567134333963 -0.0010504647331261649 0.00035365565471710071 0.00032712289706379044 0.00030577024992834112 0.00027896716749819183 0.0002466578317709793 0.00020877782959948288 0.00016525477370070061 0.00011600906114021726 6.0954680217355972e-05 0 -8.4271546706886312e-05 -0.00017482262697555639 -0.00027174833594955912 -0.0003751389695574157 -0.00048507858455374998 -0.00060164339724027422 -0.00072490007915141481 -0.00085490406241061267 -0.00099169804589536114 -0.0011353109714729295 0.00042827977952479763 0.00038832222585546749 0.00035999383570618846 0.00032603171734546104 0.00028637485597405313 0.00024095410344943357 0.00018969275409082921 0.00013250726230436952 6.9307999538119162e-05 0 -9.1797988013320791e-05 -0.00019008338444559186 -0.00029495462527338791 -0.00040650565298516712 -0.00052482454647716258 -0.00064999200079822439 -0.00078207970387166753 -0.00092114872706976463 -0.0010672480979069313 -0.0012204138173737616 0.00050262368927400647 0.00044934195878107094 0.00041407980299544475 0.00037299506960651889 0.0003260215391695281 0.00027308531486093464 0.00021410536185974697 0.0001489941752424719 7.7658493634460992e-05 0 -9.9326981476407001e-05 -0.00020535435634628859 -0.00031818390834762903 -0.00043791323359323954 -0.00056463444232582999 -0.00069843271642914 -0.00083938477547574881 -0.00098755734683112785 -0.0011430058057241459 -0.001305773239343315 0.00057668741383417167 0.00051018211213977032 0.00046802816497889805 0.0004198572319197977 0.00036559788486539456 0.00030517146718533287 0.00023849259868518837 0.00016546980085934692 8.6006162894898609e-05 0 -0.00010685852728061331 -0.00022063554290642861 -0.00034143618525472641 -0.00046936171009550741 -0.00060450826760655694 -0.00074696553870408691 -0.00089681528557910911 -0.0010541299056675982 -0.001218971147614779 -0.0013913892094001127 0.00065047098348695691 0.00057084270209058045 0.00052183892988445497 0.00046661821128891125 0.00040510389795470102 0.00033721256216631777 0.00026285446512365007 0.00018193413879017997 9.4351007262751779e-05 0 -0.00011439262521570763 -0.00023592694374470857 -0.00036471145414793555 -0.0005008510804226274 -0.00064444601938433855 -0.00079559046036387505 -0.0009543712213782022 -0.0011208663888052192 -0.001295144102572111 -0.0014772616987382371 0.00072397442692285813 0.00063132374480900498 0.00057551211042497312 0.00051327801507198244 0.00044453958260498946 0.00036920860132498042 0.00028719096168216244 0.00019838718984498303 0.0001026930266267212 0 -0.00012192927526623174 -0.00025122855849631407 -0.00038800971449549291 -0.00053238134232387981 -0.00068444769302170266 -0.00084430747412458126 -0.0010120525730292205 -0.0011877667804642187 -0.0013715246480889435 -0.0015633906767874707 0.00079719777718541133 0.00069162525534930948 0.00062904771779634101 0.00055983665057766734 0.00048390494225829467 0.00040115958794671215 0.00031150209035174682 0.00021482895429788206 0.00011103222116406131 0 -0.00012946847774238096 -0.00026654038692009639 -0.00041133096616136587 -0.00056395249386183136 -0.00072451328495294783 -0.00089311657459849282 -0.0010698593304575121 -0.001254831063446787 -0.0014481127604708832 -0.001649776114461586 0.00087014106225609454 0.00075174725229436128 0.00068244576312849253 0.00060629412497034598 0.00052319998125941315 0.0004330655237916915 0.00033578785145805694 0.00023125943232200948 0.00011936859104069063 0 -0.00013701023244525932 -0.00028186242946331411 -0.00043467520734003206 -0.0005955645328970618 -0.00076464279043342515 -0.00094201775461298621 -0.0011277914832256734 -0.0013220592254605317 -0.0015249084208465102 -0.0017364179826496243 0.0009428043136449865 0.00081168974934634527 0.00073570625586950487 0.00065265044371605214 0.00056242470559377596 0.00046492641104880551 0.00036004824659638325 0.00024767862418943038 0.00012770213621023441 0 -0.00014455453934085865 -0.000297194684994424 -0.00045804243845195555 -0.00062721745790848013 -0.00080483620776891109 -0.0009910110057587782 -0.0011858490200059052 -0.0013894512479802963 -0.0016019116053977666 -0.001823316252191159 0.0010151875582288157 0.00087145276365360356 0.00078882920724824407 0.0006989056160649974 0.00060157911732248168 0.00049674225235626034 0.00038428327566367078 0.00026408653092038851 0.00013603285681078626 0 -0.00015210139841062906 -0.000312537154203894 -0.00048143265711450605 -0.00065891126681849859 -0.0008450935304628221 -0.0010400963237900049 -0.0012440319298578943 -0.0014570071169658753 -0.0016791222943463471 -0.0019104708909495369 0.0013729047826667781 0.0011675761475477113 0.0010523812401808158 0.00092866451064028 0.00079629664393688683 0.00065514584137488956 0.00050507797661841563 0.00034595678885764801 0.0001776440924225765 0 -0.00018987397652662981 -0.00038940268969015786 -0.00059872854946508213 -0.00081799349589536843 -0.0010473386050947986 -0.0012869036650728319 -0.0015368267186653306 -0.0017972436044866277 -0.0020682875132161729 -0.0023500886156114162 0.00011094518035880178 0.00012529155809190193 0.00012602768618462368 0.00012232283052015494 0.0001140597866003993 0.00010111743059326023 8.3370798710709966e-05 6.0691178108400403e-05 3.2946209223084176e-05 0 -3.8286748090257065e-05 -8.2056602948729792e-05 -0.00013145525312307225 -0.00018663134692461613 -0.00024773632189949515 -0.00031492422100310477 -0.00038835150021713865 -0.00046817682364029534 -0.00055456084900002908 -0.00064766600284850147 -2.4939713640223046e-05 7.9807704789700278e-06 1.9565813824877422e-05 2.7770713734534067e-05 3.2492914928526753e-05 3.3625889606787125e-05 3.1059204609496977e-05 2.4678599362693113e-05 1.4366076033306303e-05 0 -1.8544787953491504e-05 -4.1396848425875224e-05 -6.8688008860073649e-05 -0.00010055321831047232 -0.00013713039124512168 -0.00017856024018451247 -0.00022498609825900135 -0.00027655373117991779 -0.00033341113921949442 -0.00039570834865858214 -4.2428343741496856e-05 -1.0099621943240655e-05 1.9247641978508812e-06 1.1071062687442832e-05 1.7245729911227334e-05 2.0351305445742689e-05 2.0286470915626703e-05 1.6946120116063302e-05 1.0221439376313955e-05 0 -1.3834138995561807e-05 -3.1400316797539276e-05 -5.2821145914318749e-05 -7.8222376529438594e-05 -0.00010773274951303825 -0.00014148384015836261 -0.00017960988984151534 -0.00022224762875407798 -0.00026953608773766909 -0.00032161640138459694 -4.3397766296374294e-05 -1.6650096227077543e-05 -6.38129102204616e-06 1.7176032257077193e-06 7.5667315415871182e-06 1.1082327829185793e-05 1.2176759686305826e-05 1.0758584267176743e-05 6.7326150443449106e-06 0 -9.5416892717566183e-06 -2.1998357292453997e-05 -3.7479273448222017e-05 -5.6096949703831906e-05 -7.7967007473424651e-05 -0.00010320803386208835 -0.00013194142732337105 -0.00016429123259746953 -0.00020038396615870187 -0.00024034843122544699 -3.811198841609691e-05 -1.5676049719361891e-05 -6.9893459053885036e-06 -7.6562865174470479e-08 4.9928233667813169e-06 8.1456302561975773e-06 9.3050049670587669e-06 8.3904706332837256e-06 5.3179833996356798e-06 0 -7.6544439981516211e-06 -1.7739645411929241e-05 -3.0353134149588728e-05 -4.5595563328200608e-05 -6.357058929193467e-05 -8.4384740989921816e-05 -0.00010814727961542414 -0.00013497004822291168 -0.00016496731145186511 -0.00019825558558917743 -2.9741909057937571e-05 -1.2629581823056026e-05 -5.9805499542067924e-06 -6.6823242507049792e-07 3.2548688126208407e-06 5.7334473923405174e-06 6.7094197940195776e-06 6.1219604471361955e-06 3.9075446917443267e-06 0 -5.6694349685266191e-06 -1.3172043228167208e-05 -2.2581554365866817e-05 -3.3974061598058458e-05 -4.7427930881035603e-05 -6.3023702340511009e-05 -8.084398407672027e-05 -0.00010097333840142794 -0.00012349816100600892 -0.00014850655217497647 -2.4312985931919741e-05 -1.0414568535791718e-05 -5.0088248749806435e-06 -6.8494504456943635e-07 2.5145434402815167e-06 4.5448407995702585e-06 5.3588967459277425e-06 4.9074390727026385e-06 3.1390084688189269e-06 0 -4.565289081789742e-06 -1.0614604920505186e-05 -1.8207676223010703e-05 -2.7406147107514272e-05 -3.827350341123327e-05 -5.0874992843748006e-05 -6.5277539039180688e-05 -8.1549649251172682e-05 -9.9761316734091384e-05 -0.00011998391578157248 
end_dependent_variable

end_regular_table
