# ****************************************************************************
# CUI
#
# The Advanced Framework for Simulation, Integration, and Modeling (AFSIM)
#
# The use, dissemination or disclosure of data in this file is subject to
# limitation or restriction. See accompanying README and LICENSE for details.
# ****************************************************************************

# ##################################################################################################
# 
# This file was auto-generated by AFSIM Mover Creator 2.5.0.200402
# 
# Creation Date:  03 Apr 2020
# 
# ##################################################################################################

regular_table

independent_variable mach precision double
0.10000000000000001 0.5 0.70000000000000007 0.75 0.80000000000000004 0.84999999999999998 0.90000000000000002 0.92000000000000004 0.94000000000000006 0.95999999999999996 0.97999999999999998 1 1.02 1.04 1.0600000000000001 1.0800000000000001 1.1000000000000001 1.2 1.3 1.4000000000000001 1.5 1.75 2 2.5 3 
end_independent_variable

independent_variable surface_angle units deg
-10 -8 -7 -6 -5 -4 -3 -2 -1 0 1 2 3 4 5 6 7 8 9 10 
end_independent_variable

dependent_variable precision double
-0.0034132806608643796 -0.0026030922300914403 -0.0022201806665231175 -0.001852854349821471 -0.0015016207392741761 -0.0011669170531575801 -0.00084911530541298646 -0.00054852868586051503 -0.00026541834628454142 0 8.6423321739215872e-05 0.00015385509525503048 0.00020209554750803913 0.00023089677659587617 0.00023995036471931175 0.0002288735593236053 0.00019719460069246054 0.00014433829144284413 6.9613607280553941e-05 -2.7793977934089922e-05 -0.0035392876291721583 -0.0026838507601258531 -0.0022820454430832787 -0.0018983257078254005 -0.0015332074466669623 -0.0011871350288048547 -0.00086048632991452619 -0.0005535791054797713 -0.0002666777714729401 0 8.5149235599328764e-05 0.00014877537596174825 0.00019068061874688517 0.00021062034220871139 0.00020829071508029784 0.00018331487239753324 0.00013522823825980212 6.3464086853687383e-05 -3.2658855777852226e-05 -0.0001539440949966304 -0.0037066831737294732 -0.002791149197748915 -0.0023642484613759242 -0.0019587531791804042 -0.0015751904637074977 -0.0012140142022054191 -0.00087561006995979357 -0.00056030189853253259 -0.00026835844844497962 0 8.3467511537558276e-05 0.00014205049030626546 0.00017555374359511024 0.00018373699533035648 0.00016630249178657219 0.00012288117058811089 5.301797425667807e-05 -4.3842596525003348e-05 -0.00016836889707630957 -0.00032134983358385056 -0.003770034407363545 -0.0028317567065828954 -0.0023953586016424579 -0.0019816223425993176 -0.00159107929026338 -0.0012241869328286175 -0.000881333898207778 -0.00056284631764924695 -0.00026899459571242231 0 8.2831189656399411e-05 0.00013950572234342206 0.00016982939269883819 0.00017356356961188466 0.00015041279825007967 0.00010001096926166134 2.1906628267942245e-05 -8.4451477205751418e-05 -0.00021972681301649503 -0.00038470275985411111 -0.003847574542443272 -0.0028814592055950348 -0.0024334366015495881 -0.0020096136259377018 -0.0016105268393403142 -0.0012366381373020731 -0.00088833976275879052 -0.00056596066015779151 -0.00026977324723932884 0 8.2052385440715511e-05 0.00013639107480770959 0.00016282307154745018 0.00016111175652686228 0.00013096449105977568 7.2018779307737307e-05 -1.617242512863067e-05 -0.00013415517509724446 -0.00028258695057074721 -0.00046224437358674645 -0.0050353299367874903 -0.0038515377237237115 -0.00329110179298569 -0.0027524062426759199 -0.0022359424986912561 -0.0017421365973934728 -0.0012713536376239528 -0.00082390343086603519 -0.00040004651423289871 0 0.00023271767094032989 0.00044042750625511705 0.00062293566434546354 0.00078000853400985153 0.00091136171924670274 0.0010166477442691479 0.0010954429942385898 0.0011472348704349865 0.0011714107579780541 0.0011672511789187995 -0.0062230844017410279 -0.0048216155028247944 -0.0041487663390093058 -0.0034951983079465373 -0.0028613577014263646 -0.002247634692629159 -0.0016543672393935208 -0.001081846020898356 -0.00053031969089881257 0 0.0003833828706364002 0.00074446376700231984 0.0010830480016084446 0.0013989049725245282 0.0016917585256915882 0.0019612762051682297 0.0022070578275117485 0.0024286242498200773 0.0026254077215632963 0.0027967459085512505 -0.0067098991277041642 -0.0052195193343979457 -0.0045006860648987507 -0.0038000858797629512 -0.0031181483352350635 -0.0024552507059906075 -0.0018117215940047274 -0.001187845548859719 -0.00058386798973971625 0 0.00044459228057778285 0.00086801617869549492 0.0012700753455996182 0.0016505389427354557 0.0020091325062769729 0.002345527747503069 0.0026593317047645276 0.002950076089812583 0.0032172081139304897 0.0034600847826141089 -0.0071968271993947276 -0.0056178621689240626 -0.0048531423369249553 -0.0041055639618507826 -0.0033755398548536925 -0.002663434386613585 -0.0019695668340596983 -0.0012942156853465018 -0.00063762322149501214 0 0.00050611657179034221 0.00099224139117668245 0.0014581761857325023 0.0019036895994271449 0.0023285085615560048 0.0027323086443307464 0.0031147038150217423 0.0034752363543322524 0.0038133681542248271 0.0041284753372826692 -0.0076838546120913884 -0.0060166348131274082 -0.0052061279926540766 -0.0044116271881474807 -0.0036335284289633523 -0.0028721831835667616 -0.0021279014399020243 -0.0014009556781359542 -0.00069158514118867684 0 0.00056795599007866281 0.0011171401580660567 0.0016473520442604897 0.0021583594917006675 0.0026498905235895756 0.0031216242705682908 0.0035731813263563993 0.0040041142411067947 0.0044138993368976606 0.004801931599637055 -0.0081709673599515871 -0.0064158280629650656 -0.0055596358804854097 -0.0047182701903480222 -0.0038921102276631833 -0.0030814945561088813 -0.0022867238929305794 -0.0015080647742097429 -0.00074575350311711951 0 0.00063011078233765107 0.0012427132329590599 0.0018376044439233933 0.0024145511687395406 0.0029732822272251838 0.0035134800026332116 0.004034771405934624 0.0045367189649298187 0.0050188131576040284 0.0054804675830057411 -0.0086581514284266806 -0.006815432724155481 -0.0059136588350006403 -0.0050254875979049074 -0.004151281421645921 -0.003291365956540419 -0.0024460326724666495 -0.0016155422217532152 -0.00080012806259080959 0 0.00069258119404829919 0.0013689613693439557 0.0020289349038664696 0.0026722671808814967 0.0032986875080358337 0.0039078812124250899 0.004499481213172808 0.0050730597259199097 0.0056281210992696167 0.0061640973108742954 -0.0091453928092337638 -0.007215439595755632 -0.0062681896966349784 -0.0053332740430242645 -0.0044110381807798624 -0.0035017948385304195 -0.0026058262604120178 -0.001723387271251906 -0.00085470857405867769 0 0.00075536747084824327 0.0014958853219044464 0.0022213449501767551 0.0029315100751994868 0.0036261101955596337 0.0043048332696669868 0.0049673179144621047 0.0056131457285816724 0.0062418346532294011 0.0068528347919213535 -0.0096326774926389167 -0.0076158394776139528 -0.0066232213084618345 -0.0056416241593632323 -0.0046713766731525126 -0.0037127786534394943 -0.0027661031369866076 -0.0018315991670245404 -0.00090949479163987762 0 0.00081846985994155389 0.0016234858430817574 0.0024148361011585777 0.003192282404900292 0.0039555541307449314 0.0047043415521944446 0.0054382886756660217 0.0061569861813770147 0.0068599653108183502 0.0075466940503909645 -0.010119991467655078 -0.0080166231765701305 -0.0069787465109493983 -0.0059505325722026504 -0.0049322930703305139 -0.0039243148588280433 -0.0029268617803739801 -0.0019401771574625774 -0.00096448647092518889 0 0.00088188860657838078 0.0017517636872710373 0.0026094098788921986 0.0034545867126873353 0.0042870231406235415 0.0051064114315937607 0.0059124006669351564 0.0067045902901296485 0.0074825245697361141 0.0082456890967755343 -0.010607320719074052 -0.0084177814853494456 -0.0073347581386958459 -0.0062599939151337042 -0.0051937835406487068 -0.0041364009033195417 -0.0030881006738362428 -0.0020491204914191608 -0.0010196833658812448 0 0.00094562395701468932 0.0018807196080429945 0.0028050678098109202 0.003718425554685914 0.0046205210621535252 0.0055110482812979721 0.0063896610417994047 0.0072559672512316903 0.0081095239044001646 0.0089498339491523079 -0.011094651248572163 -0.0088193052069661815 -0.0076912490388967858 -0.006570002814888243 -0.0054558442534972098 -0.004349034246057309 -0.0032498182949963349 -0.0021584284164777967 -0.0010750852307673542 0 0.00100967615682216 0.0020103543571957918 0.0030018114096138399 0.0039838014749680193 0.0049560517277915063 0.0059182574724646634 0.0068700769671775552 0.00781112627192488 0.0087409748165663877 0.0096591426330184822 -0.013530832564642754 -0.010832082998349193 -0.009480641949449066 -0.0081280728120249144 -0.0067745673889654983 -0.0054203212366678681 -0.0040655341211173193 -0.0027104105659747869 -0.0013551605238355138 0 0.0013346985098207751 0.002668736922568062 0.0040018677258304922 0.0053338264778256062 0.0066643303822736793 0.0079930766119823797 0.0093197406319367685 0.010643974424445873 0.011965405092212347 0.013283633916492758 -0.0038980930375295524 -0.0029186840897801655 -0.0024659710937571548 -0.0020381263246142985 -0.0016352875628507972 -0.0012575783054685503 -0.00090510763923517526 -0.00057797014837770999 -0.000276245823816965 0 0.00025071669460231729 0.00047586836837572441 0.00067543387935683563 0.00084940682994126982 0.00099779554658698064 0.0011206230375462711 0.0012179269337843981 0.0012897594203862012 0.0013361871347378207 0.0013572910604213295 -0.0024602831019169 -0.001773388242750287 -0.0014660492866636482 -0.0011829754666672217 -0.00092429192336555095 -0.00069010805011470713 -0.00048051737875497125 -0.00029559747739063715 -0.00013540987529387597 0 0.00011060286049308977 0.00019638557922216446 0.00025735119098005182 0.000293518873703914 0.00030492391053041769 0.00029161763273421386 0.00025366734333330922 0.00019115621854793154 0.00010418319685157984 -7.1371586691554474e-06 -0.0020309118288591101 -0.0014470099828628941 -0.0011879858013460435 -0.00095109391878660709 -0.00073645133629344941 -0.00054415980851214494 -0.00037430573418063004 -0.00022696005905144904 -0.00010217820219458873 0 7.9550331695093263e-05 0.00013646421507400669 0.00017074870906529045 0.00018242648882191425 0.00017153580684379057 0.00013813043276792518 8.2279579168859562e-05 4.0678003071910286e-06 -9.6405118396851889e-05 -0.00021902429840550322 -0.0015566892318914522 -0.0010989042929670583 -0.00089711371356107497 -0.00071355515036432575 -0.00054833424383776523 -0.00040154254147301591 -0.00027325739201935269 -0.00016354185422855243 -7.2444627827406233e-05 0 5.377218754800054e-05 8.8866554707786824e-05 0.00010529218035238826 0.00010307258069513466 8.2245669816393088e-05 4.286370238112303e-05 -1.500680418048632e-05 -9.1285160657647238e-05 -0.00018587662202154627 -0.00029867251402833947 -0.0013011972324146253 -0.00091598905732637734 -0.00074649558223078682 -0.00059255693059615563 -0.00045426813793741314 -0.00033171147930054733 -0.00022495637022680652 -0.00013405928446332877 -5.9063690146369253e-05 0 4.3114457776911017e-05 7.0275454814358674e-05 8.1491858835459099e-05 7.6785614101774536e-05 5.6191704313534474e-05 1.9758096702330001e-05 -3.2454325315290309e-05 -0.00010037185231089407 -0.0001839080535479854 -0.00028296389405241826 -0.0009762799623239687 -0.00068628091021950312 -0.00055880293780774775 -0.00044311779494193078 -0.0003392973601248701 -0.0002474038290747368 -0.00016748964194250273 -9.9597421736613285e-05 -4.3759923761656685e-05 0 3.1669424268800754e-05 5.1245360837904005e-05 5.8734756769721213e-05 5.4154478293582247e-05 3.7531283174129277e-05 8.9017790384748666e-06 -3.168762989032078e-05 -8.4180810101008394e-05 -0.00014851197660063027 -0.00022460578643687952 -0.00078915176509230308 -0.00055450591736703255 -0.00045138920937047442 -0.000357833900593986 -0.00027389822717878372 -0.00019963257503016724 -0.00013507941767538955 -8.0273267338323728e-05 -3.5240634863972585e-05 0 2.5438207346386533e-05 4.1071615649114174e-05 4.6905909637736567e-05 4.2954818278651309e-05 2.9240091008054118e-05 5.7914656174427598e-06 -2.7353376961738466e-05 -7.0148865679866014e-05 -0.000122541603134382 -0.00018447044208808817 
end_dependent_variable

end_regular_table
