# ****************************************************************************
# CUI
#
# The Advanced Framework for Simulation, Integration, and Modeling (AFSIM)
#
# The use, dissemination or disclosure of data in this file is subject to
# limitation or restriction. See accompanying README and LICENSE for details.
# ****************************************************************************

# ##################################################################################################
# 
# This file was auto-generated by AFSIM Mover Creator 2.5.0.200324
# 
# Creation Date:  24 Mar 2020
# 
# ##################################################################################################

regular_table

independent_variable mach precision double
0.10000000000000001 0.5 0.70000000000000007 0.75 0.80000000000000004 0.84999999999999998 0.90000000000000002 0.92000000000000004 0.94000000000000006 0.95999999999999996 0.97999999999999998 1 1.02 1.04 1.0600000000000001 1.0800000000000001 1.1000000000000001 1.2 1.3 1.4000000000000001 1.5 1.75 2 2.5 3 3.5 4 5 
end_independent_variable

independent_variable surface_angle units deg
-20 -16 -14 -12 -10 -9 -8 -7 -6 -5 -4 -3 -2 -1 0 1 2 3 4 5 6 7 8 9 10 12 14 16 18 20 
end_independent_variable

dependent_variable precision double
-5.6917631593344371 -6.8772587945881352 -9.9718925297307219 -6.5765694778561059 -3.9363380495707907 -6.8644089441024176 -5.4729835210207005 -4.0761736911412649 -2.8221234287145682 -1.7070458838898841 -2.8749182513578337 -1.995615694207262 -1.2192988656448234 -0.55148204542143886 0 0.46225317389756188 0.81893592261669401 1.0672414910081358 1.192399697833733 1.1889907412737053 3.1264278839710831 2.8358944694061399 2.4030740409738769 1.9852090802727012 1.4411469871125608 4.5261043168283317 2.8742778975166794 6.6051630827010417 4.4136103821450936 1.9555821098942365 -5.6909645232940234 -6.8766037736887249 -9.9712886315457681 -6.5760769339476672 -3.9359479086378291 -6.8640390643901217 -5.472663793325367 -4.0759009084285864 -2.8218963184754662 -1.7068623104295744 -2.874767937740033 -1.9955057455987293 -1.2192281276391541 -0.55144832519032061 0 0.46222058099453295 0.81887295127870197 1.0671503338345014 1.1922835344942071 1.1888506945165354 3.1262705168242402 2.8357205489931467 2.4028847226743553 1.9850066251546077 1.440933505796046 4.5259010096306476 2.8740756036090214 6.605016824533263 4.4134915123479823 1.9554979502610759 -5.6909779092559951 -6.8766022458534586 -9.9712801961639208 -6.5760672823887987 -3.9359377908510522 -6.864027029481516 -5.4726523260881672 -4.0758901272517072 -2.8218864935695809 -1.7068536443381916 -2.8747600475883677 -1.9954994914238471 -1.2192237865214912 -0.55144609417757584 0 0.46221807576375307 0.81886774216649871 1.0671422206445347 1.1922723925402807 1.1888362458022448 3.1262528779065621 2.8356994156560811 2.4028598289435825 1.9849777822261452 1.4409005098669276 4.5258609623479122 2.8740264591572831 6.604961127930677 4.4134258626039378 1.9554215053716346 -5.6909815076377948 -6.876602863445143 -9.9712794615572768 -6.5760661667393068 -3.9359364481558972 -6.8640252962403405 -5.4726506297147202 -4.0758885027817771 -2.8218849802180657 -1.7068522851556052 -2.8747587886470716 -1.99549848325752 -1.2192230770753536 -0.55144572698874972 0 0.46221765375994389 0.81886685837150375 1.0671408386772345 1.1922704790823255 1.1888337522500618 3.1262498145075481 2.8356957239600034 2.4028554626367895 1.984972696540682 1.44089467045398 4.5258537914604222 2.8740175970486663 6.6049509778560163 4.4134138130398384 1.9554074079312196 -5.6909850707548122 -6.8766036807179356 -9.9712790326550831 -6.5760653471765957 -3.9359353820831942 -6.8640238771763222 -5.4726492225582897 -4.0758871340960194 -2.8218836966601195 -1.7068511235931978 -2.8747577041977528 -1.9954976072196327 -1.2192224618022154 -0.55144540562696687 0 0.46221728408082879 0.81886608288977036 1.0671396176341301 1.1922687895786404 1.1888315394421891 3.1262470912762934 2.8356924439917148 2.402851570114644 1.9849681622681867 1.4408894488617079 4.525847363652284 2.8740096300701539 6.6049418110734166 4.4134029198858258 1.95539463727101 -5.6909886018129336 -6.8766046333250541 -9.9712788343479257 -6.5760647554610179 -3.935934530576084 -6.8640226988974904 -5.4726480396996164 -4.075885966866057 -2.8218825973835613 -1.7068501233557214 -2.8747567606930682 -1.9954968427008952 -1.2192219186615871 -0.55144512206319174 0 0.46221695833957194 0.81886539471127318 1.0671385340149069 1.192267281493943 1.1888295687362094 3.1262446571475584 2.8356894998403344 2.402848082221531 1.9849640879263155 1.4408847491424224 4.5258415536648195 2.8740024157886599 6.6049334840048308 4.4133930077339514 1.9553830097393436 -5.6909920623414907 -6.8766057054660488 -9.9712788212953765 -6.5760643606786449 -3.9359338647815645 -6.8640217088501636 -5.4726470361417556 -4.0758849799673706 -2.8218816506157398 -1.7068492535292443 -2.8747559368367543 -1.9954961720116697 -1.2192214425011474 -0.55144487135978248 0 0.46221666657501748 0.81886478026823128 1.0671375618003387 1.1922659288948791 1.1888277915285512 3.1262424684983521 2.8356868475393808 2.4028449172072741 1.9849603872995458 1.4408804922938512 4.5258362728780908 2.8739958456619337 6.604925866124769 4.413383917205719 1.9553723219912402 -5.6951126492576041 -6.8834298959006368 -9.9824393030178626 -6.5831817272208157 -3.9396817370174353 -6.8715895387056181 -5.4785519256239814 -4.080194596515569 -2.8247482314271175 -1.7084291639560212 -2.877932331039065 -1.9976636146727826 -1.220518847588681 -0.55201809768502386 0 0.46265664907463033 0.81960137765545948 1.0680262245376548 1.193156284399018 1.1895616714894737 3.1293792450299995 2.8383668960835751 2.4049096638746246 1.9863574471482626 1.4414702579109999 4.530228460678674 2.8762066907063772 6.6126245303395672 4.4185559814188187 1.9577809071149204 -5.6992340359057154 -6.8902573276725487 -9.9936060208363067 -6.5903029031381042 -3.9434312587749725 -6.879161490327208 -5.4844599461609365 -4.0845064394623218 -2.8276162109451182 -1.7100097268270786 -2.8811104557804454 -1.9998322144882055 -1.2218169241153898 -0.55259161172738447 0 0.46309682087628434 0.82033825398940974 1.0689151628898581 1.1940468187001856 1.1902955368178012 3.1325175065524919 2.841048081115543 2.406975121470837 1.9877547086474194 1.44205966685006 4.5346226413516719 2.8784181304432948 6.620327722186091 4.4237311447193512 1.960191104709345 -6.0051616595012227 -7.1152549932292999 -10.189803810688931 -6.7543312171401571 -4.0811244070143857 -7.0109008460819222 -5.6058299074633293 -4.1967350079830936 -2.8304855830556517 -1.7115909454399021 -2.884290312297451 -2.0020019694313578 -1.2231156734895741 -0.55316540950240167 0 0.46353718247803716 0.82107541301410236 1.0698043793300624 1.1949375367446109 1.191029389093579 3.1356572433794621 2.7517353004815832 2.3130429089513131 1.8886413499050683 1.337089438039053 4.4210999370520723 2.747710773551479 6.4773743896363136 4.2570566690875662 1.7663581328584566 -6.0773584352286347 -7.1497950206315144 -10.210457182427421 -6.7518065281233 -4.0593304783589685 -6.9842798253638039 -5.5690928274396159 -4.1534169788373152 -2.8797887629782721 -1.7470513077624901 -2.9100879315944552 -2.0207108665212572 -1.232986502457299 -0.55563645643948556 0 0.46740568544878819 0.82745578786755536 1.0773884533008888 1.1988207432406077 1.1929299193230969 3.1369812024248143 2.8373836180828333 2.3963354924382863 1.9688771333346391 1.4134682873045159 4.4909332515559148 2.8033069449207626 6.5261879772441205 4.2881658824051838 1.7794759779695173 -6.2315500689840926 -7.2662152242553129 -10.312940032453376 -6.8310515415719211 -4.1192567788846413 -7.0393561230759598 -5.6140278458474651 -4.1917549700842462 -2.9092698156315082 -1.7681837036931605 -2.9261647918023477 -2.0333745166065871 -1.2395169349840862 -0.55671947578904657 0 0.47096719802026826 0.83379908203087905 1.0857587854420601 1.2049498160994578 1.199259873162573 3.1454239670444686 2.8414349488583803 2.3980176834442641 1.9674872367708756 1.4082044864303831 4.4790897904188309 2.7771848205350222 6.4932421654736281 4.2374693045609524 1.7107385712747059 -6.3861686380767226 -7.3829475066430534 -10.415684260423856 -6.9104980602794202 -4.1793350562893048 -7.094561476062065 -5.6590666551518849 -4.2301806646399243 -2.9388172917930824 -1.7893631659264979 -2.9422732268602076 -2.0460616671202803 -1.2460588844279077 -0.55780460784831054 0 0.47453238368221856 0.84014711985707125 1.0941324114627902 1.2110756736802861 1.2055799852423457 3.1538497235509717 2.8454576480193716 2.3996578021446022 1.9660399684357466 1.4028663370436512 4.467137782997912 2.7509125904563043 6.4601050899783621 4.1865350280662881 1.6417139574718866 -6.5412145410443676 -7.499992216503899 -10.518690102612901 -6.9901462690882177 -4.2395654725619698 -7.149895992040002 -5.7042093481862715 -4.2686941418501112 -2.9684312613513808 -1.8105897492374123 -2.9584132662164189 -2.0587723274052139 -1.2526123566166119 -0.5588918546724817 0 0.478101244232227 0.84649989946839677 1.1025093186196693 1.217198304579286 1.2118902240989007 3.1622584213828686 2.8494516418303517 2.4012557742084666 1.9645352381979626 1.3974536947877023 4.4550770439927545 2.7244900354017783 6.4267765045460212 4.1353627304087217 1.5724017713644649 -6.6966882345888648 -7.6173496395283902 -10.621957822361423 -7.0699963737248126 -4.2999481629453662 -7.2053598109697399 -5.7494560330348934 -4.3072954792286309 -2.9981117780279507 -1.8318634869671526 -2.9745849391132726 -2.0715065213338142 -1.2591773612823631 -0.55998121883772112 0 0.48167377448934745 0.85285741511715396 1.1108894913183354 1.223317680012151 1.2181905570550662 3.1706500219320932 2.8534168816076013 2.4028114958566396 1.9629729323858476 1.3919664409530343 4.4429074202534435 2.6979169460268695 6.3932561188604247 4.0839521014413593 1.5028016487634106 -6.601115707809754 -7.5657852931131151 -10.590464562872883 -7.047069111982931 -4.2837972161689351 -7.1970673604945699 -5.7429443075365194 -4.3025018100279135 -2.9942480331122221 -1.8286265578111562 -2.9744517409143199 -2.0719686015535315 -1.2594530670447996 -0.55989538820343698 0 0.48238767495285401 0.85435612075608203 1.1132345810327127 1.2261169309644755 1.2220311996680908 3.1782839154348075 2.8617819799168731 2.4124320619271971 1.9739851616483919 1.4044349499850703 4.4643900369478544 2.7236624793999629 6.432528639354703 4.1303060122623574 1.5579164765940674 -6.5997872255522241 -7.5686966395435702 -10.598413786392218 -7.0516455376185911 -4.2855604636445808 -7.2029814084240842 -5.7474871887611929 -4.3056218441688383 -2.9961796280660149 -1.8295149368616139 -2.9771830651396911 -2.0737712068167107 -1.2605692901395305 -0.56045430358748238 0 0.48271465791354001 0.8548869806525109 1.1138441429593255 1.2268096271548898 1.2225454524394284 3.1812167293704938 2.8643991952053094 2.4144844840109405 1.9754430766504423 1.4051824049180413 4.4693349245141443 2.7268546126870259 6.4416901613659467 4.1375005072811755 1.5629088261613679 -6.5948403486857945 -7.5845162347110788 -10.639258817364986 -7.0753762999715821 -4.2950148250534292 -7.233131855879301 -5.7706742826593524 -4.3216250782883963 -3.006147776064092 -1.8341793533513975 -2.9910062003881754 -2.0829154260248757 -1.2662173837403801 -0.56325877708812089 0 0.48438645166506256 0.8576069492285322 1.1169786115597835 1.2303335407240807 1.2251789913836402 3.1959632114723933 2.8775189169981945 2.42475570648315 1.9827089647182694 1.4088547726892118 4.4939150863334056 2.7425149207234631 6.487119438466646 4.1728997611164731 1.5870998415603419 -6.5925384180048479 -7.6023099789831896 -10.681827075002152 -7.1004360355869549 -4.3054664312405446 -7.2641931766449694 -5.7946029337990481 -4.3382598792498994 -3.0166013847870885 -1.8391914219776784 -3.0050915196791599 -2.0922657954820933 -1.2719708583589162 -0.56607916948955528 0 0.48611587622953467 0.86042939142409125 1.1202480648181339 1.2339514449006077 1.2279088227637387 3.2108395870509114 2.89069204501472 2.4350411502804992 1.9899369381067538 1.4124238013652173 4.5182719256718293 2.7577063912582167 6.5319646110012002 4.2074090463297784 1.6100907194590606 -6.592652340198728 -7.6219122771835544 -10.725981272817272 -7.1267165189072044 -4.3168312368398221 -7.2960942613474851 -5.8192146853069646 -4.3554753604297405 -3.0275005924358669 -1.8445217893886114 -3.0194196097497086 -2.1018065036276128 -1.2778218182331673 -0.56891476582121336 0 0.48789807935031093 0.86334547833442499 1.1236405491179651 1.237654833887555 1.2307255316841863 3.2258364729259164 2.9039152187958734 2.4453396837240473 1.9971290485850757 1.4158957831908754 4.5424273458524009 2.7724694020096159 6.5762847042013037 4.2411113652281971 1.6319886006794688 -6.59497286366393 -7.6431721181844532 -10.77159624098269 -7.1541190843368572 -4.3290326288816239 -7.3287703164442544 -5.8444562491193865 -4.3732251677593714 -3.0388090638040679 -1.8501436988882272 -3.0339727833648116 -2.1115231481752912 -1.2837630665995363 -0.57176490684347436 0 0.48972865184182818 0.86634719792682557 1.1271452128100816 1.2414359912237634 1.2336206054783054 3.2409454117323215 2.9171855022049997 2.4556504130576453 2.0042873508993151 1.4192766309711011 4.5664015364212656 2.7868409809996089 6.620133796153409 4.2740826561706555 1.6528913230106146 -6.6092163930216614 -7.702698170478226 -10.891299369527104 -7.2269631663802514 -4.3627526458921775 -7.4134757974915919 -5.91000719395148 -4.4196690676195214 -3.0686606414807747 -1.8653193056520321 -3.0712382927284971 -2.1365012666853711 -1.2989696698765958 -0.57895006977315955 0 0.49449129715328721 0.87418004245905379 1.1363353662011653 1.2511849825079668 1.2411525104583376 3.2791598969738147 2.9505510073918244 2.4814763626385052 2.022048122713997 1.42736562735016 4.6256623133937369 2.8212731468272541 6.728010133841849 4.3537534419971884 1.7013622620508206 -6.6074844971744886 -7.7312232544762169 -10.95745035952314 -7.2661477860829979 -4.3794039504285465 -7.4614898555089271 -5.9470195900503313 -4.4454989879233295 -3.0849600879255683 -1.8732159835916222 -3.0928964708047091 -2.1509142955633118 -1.3078121520103421 -0.58324002022538757 0 0.49718251431181265 0.87858327809208703 1.1414574798702748 1.2567753107343866 1.2454037876519679 3.3019814596623389 2.9706892696079472 2.4972029169433978 2.0330834905515935 1.432782166891291 4.6626602074231389 2.8440806617094001 6.7960314230804508 4.4057626260769238 1.7355808795817633 -6.5503962867215764 -7.6901443005204948 -10.923506309240281 -7.2395259882115042 -4.3588601935884084 -7.4441777416109449 -5.9328363245425422 -4.4332384379489147 -3.075399133214876 -1.8662030004630707 -3.0882633281089849 -2.1472126992982372 -1.3059553919254616 -0.58301711846027748 0 0.49614503814116606 0.87674487945219592 1.1390450252381541 1.2551547434021166 1.2437654179016633 3.3005629566731502 2.9706847229698785 2.4979476061098316 2.0348101699588175 1.4357266697743238 4.6694833749958331 2.8554137026700612 6.8120501552705806 4.427469128068946 1.7630855667845982 -6.515782688738712 -7.665236347049234 -10.902924041654373 -7.2233833312237419 -4.3464027041140234 -7.4336797363583305 -5.9242355405607574 -4.4258034063577156 -3.0696011082985302 -1.8619500819685912 -3.0854535773423706 -2.1449677583954903 -1.3048292803566393 -0.58288192467535349 0 0.49551571347533052 0.87562965159146344 1.1375814268354707 1.2541711988774742 1.242770765542917 3.2997012983440044 2.9706802324348729 2.4983970763759911 2.0358546635922501 1.4375091980638766 4.6736169914706203 2.862281079456837 6.8217576408786371 4.4406242637184921 1.7797550349740328 -6.4947997170434393 -7.6501360036901493 -10.890445589098546 -7.213596166670869 -4.3388495188984955 -7.4273144556562896 -5.9190205318111238 -4.4212950305780572 -3.0660852724255307 -1.8593711105814343 -3.0837497147076069 -2.1436063019172931 -1.3041463165822023 -0.58279992160388261 0 0.49513395173527958 0.87495304549633568 1.1366933468257909 1.2535740533259496 1.2421665773394754 3.2991774319806875 2.9706758495261525 2.4986675435205923 2.0364855448318591 1.4385871176735843 4.6761196334948476 2.8664402285503447 6.8276376816041378 4.4485934107867493 1.7898535360358654 -6.4820830943882521 -7.6409835880533912 -10.882881822158256 -7.2076634657779781 -4.3342706524818801 -7.4234556239720773 -5.9158589455659039 -4.4185616767270401 -3.0639536101916267 -1.8578074351904919 -3.0827165813720638 -2.1427806909514429 -1.3037321139612503 -0.58275018323251893 0 0.49490233925395216 0.87454249386811689 1.1361543606868463 1.2532112960693182 1.2417993100835105 3.2988585433123956 2.9706716555359116 2.4988296538952182 2.0368657346842904 1.4392379029061906 4.6776333548324969 2.8689572638727765 6.8311968782755033 4.4534179147349811 1.7959674784480557 -6.4697153182923364 -7.6320801830018263 -10.87552276728216 -7.2018906277022881 -4.3298144640009344 -7.4196998604853794 -5.9127815917733315 -4.4159007851349283 -3.0618782891730589 -1.8562849377307586 -3.0817105675704677 -2.141976544559725 -1.3033286207281551 -0.58270171190304731 0 0.49467651898457671 0.87414205939694589 1.1356284087780142 1.2528565987619911 1.2414395337314907 3.2985451756435418 2.9706641194060279 2.4989831312678192 2.0372306564887106 1.4398652725520054 4.6790988676091043 2.8713971448882534 6.8346485952166223 4.4580983208268714 1.8018997614303727 
end_dependent_variable

end_regular_table
