# ****************************************************************************
# CUI
#
# The Advanced Framework for Simulation, Integration, and Modeling (AFSIM)
#
# The use, dissemination or disclosure of data in this file is subject to
# limitation or restriction. See accompanying README and LICENSE for details.
# ****************************************************************************

# ##################################################################################################
# 
# This file was auto-generated by AFSIM Mover Creator 2.8.0.201104
# 
# Creation Date:  05 Nov 2020
# 
# ##################################################################################################

regular_table

independent_variable mach precision double
0.10000000000000001 0.5 0.70000000000000007 0.75 0.80000000000000004 0.84999999999999998 0.90000000000000002 0.92000000000000004 0.94000000000000006 0.95999999999999996 0.97999999999999998 1 1.02 1.04 1.0600000000000001 1.0800000000000001 1.1000000000000001 1.2 1.3 1.4000000000000001 1.5 1.75 2 2.5 3 3.5 4 
end_independent_variable

independent_variable surface_angle units deg
-40 -30 -28 -26 -24 -22 -20 -18 -16 -14 -12 -10 -9 -8 -7 -6 -5 -4 -3 -2 -1 0 1 2 3 4 5 6 7 8 9 10 12 14 16 18 20 22 24 26 28 30 35 40 
end_independent_variable

dependent_variable precision double
0.84227348540638181 0.12367883745768948 0.26106491395736547 0.38839589755330356 0.038148329602159692 0.16475368734479279 -0.11159823634709903 -0.029879110548751916 0.091244154701072777 -0.09579245056680144 0.0055156751362055488 -0.10884218044944725 -0.069207427712410341 -0.033746188094000158 -0.0024842069683938708 0.024563389081862452 -0.053468273113499915 -0.034215171256849024 -0.019254056199868752 -0.0085681716619538124 -0.0021495828460326425 0 -0.002148325371827135 -0.0085596190821103403 -0.019232345912896617 -0.034186205325360805 0.047521911410381076 0.024640479806196346 -0.0023833365539438303 -0.033622727407964251 -0.069047068818986215 0.092335347749257668 0.0057796777966184392 -0.095447045723385401 0.091670486853659666 -0.029372037972824977 0.28156014916930922 0.16543833720315587 0.038944675657980002 0.38931262131722311 0.26216481213222975 0.6780683010816092 0.98892829795481596 1.5077407315717428 0.84180150498542905 0.12339208208564995 0.26081202653598523 0.38817533933818071 0.03795806833753889 0.16459219322207003 -0.11173320187295691 -0.029989574372021717 0.091156116411571453 -0.095860541474605945 0.005465224004112092 -0.10887760807980633 -0.069236270936244959 -0.033769105096654255 -0.0025018683176742046 0.024550308860867176 -0.053477468241040951 -0.034221144614363576 -0.019257500120214235 -0.0085697741536997201 -0.0021500366728695033 0 -0.002148568968061146 -0.0085607974266339072 -0.019235152327887639 -0.034191333515959953 0.047513762983912085 0.024628635916670426 -0.0023995550271685992 -0.033643989564670691 -0.0690740434398215 0.09230193654552632 0.0057315318450798253 -0.095512442998734057 0.091585238958540233 -0.029479370947812125 0.28142808930962637 0.1652797722349913 0.038757624387280573 0.38909488783547708 0.2619150141991532 0.67778442865328703 0.98855393040318151 1.5072696888989543 0.84185119772358774 0.12342206653853323 0.26083845581783893 0.38819837659114403 0.037977870321038089 0.16460898562882978 -0.11171923266772286 -0.029978190165471662 0.091165167481284615 -0.095853592998143389 0.0054703462587883389 -0.10887405405766505 -0.069233388120181719 -0.033766832212626177 -0.0025001294752261039 0.024551580616392576 -0.053476591383956495 -0.034220590020448388 -0.019257193175555687 -0.0085696428772542074 -0.0021500081581000696 0 -0.0021485248714940893 -0.008560636039740761 -0.019234799619178313 -0.034190717424606935 0.047514714582563441 0.024629996264249492 -0.0023977158484752826 -0.033641595664407928 -0.069071030033454384 0.092305636221173715 0.0057368242628793205 -0.095505301509036411 0.09159449146666937 -0.029467763091005558 0.28144227552709561 0.16529677042041171 0.038777656403749083 0.38911812397377121 0.26194166228040167 0.67781462143791615 0.9885936004950846 1.5073194469960922 0.84186110165138506 0.12342804037475123 0.26084371925812228 0.38820297010189186 0.037981822241495322 0.16461233514885296 -0.11171644150741541 -0.029975916643172302 0.091166967661602719 -0.095852203098604052 0.0054713727904879602 -0.10887334219370645 -0.069232815335535047 -0.033766380635695578 -0.0024997846810806486 0.024551834010090732 -0.053476417327378435 -0.034220477541092066 -0.019257131757901766 -0.0085696161416659658 -0.0021500019269766984 0 -0.0021485166896541186 -0.0085606045490314829 -0.019234730350787651 -0.034190595195656814 0.047514901500307787 0.024630265742383903 -0.0023973526721169634 -0.033641125481869517 -0.06907043337746184 0.092306370935244103 0.0057378717937040533 -0.095503875483342632 0.091596324454131253 -0.029465452166009192 0.28144509413306806 0.16530015351350422 0.038781645726903326 0.38912275667437562 0.26194697180387144 0.67782062565584711 0.98860150650612133 1.5073293589661076 0.84187026569511503 0.12343357942057334 0.26084860254403136 0.38820722966910615 0.037985476472227581 0.1646154408492472 -0.11171386276378999 -0.029973817751895161 0.091168642485441445 -0.095850915833086567 0.005472317368155232 -0.1088726834339184 -0.069232281868399234 -0.033765956440602901 -0.0024994621626028657 0.024552070361945722 -0.053476251504499903 -0.034220373933706548 -0.019257074457097609 -0.0085695913049347854 -0.0021499965096492099 0 -0.0021485083801598926 -0.0085605754677962904 -0.019234666794924946 -0.034190482413121642 0.047515076035589313 0.024630514923491619 -0.0023970134947587725 -0.03364068319178605 -0.06906988012391635 0.0923070529281068 0.0057388420937039093 -0.095502566771910144 0.091598029532028669 -0.029463313063641413 0.28144770415198633 0.16530328895734012 0.038785339658109201 0.38912703475145705 0.26195188253544555 0.67782620121078652 0.98860881458462324 1.5073385443280984 0.84187881470063908 0.12343872950387737 0.26085314895035872 0.38821118669573357 0.037988888032219163 0.16461833106925725 -0.11171145124723987 -0.029971844089443141 0.091170200441808777 -0.095849720989250389 0.0054732037354817643 -0.10887206967225552 -0.069231784718899222 -0.033765564637777662 -0.0024991617283113697 0.024552290661278005 -0.053476100202292966 -0.034220276613293119 -0.019257020682742265 -0.0085695678085732883 -0.0021499908729159679 0 -0.0021485014230029401 -0.0085605476950172173 -0.019234606574029676 -0.034190379380180262 0.047515237422482447 0.024630748179730891 -0.0023966994014618845 -0.033640275878968708 -0.069069360826402915 0.092307686348525056 0.0057397511834880099 -0.095501345822778611 0.091599615572332316 -0.029461324976258463 0.281450140433462 0.1653062034316588 0.038788775600063677 0.38913102560646229 0.26195645868521461 0.67783137988864373 0.98861563272609021 1.5073470921847341 0.84188680151682005 0.12344355381352012 0.26085740558152504 0.38821490015804061 0.037992077218496817 0.16462103414812806 -0.11170921078739283 -0.029970017484694043 0.091171659338473487 -0.095848597504143346 0.0054740288287654197 -0.10887149573872056 -0.069231317568149403 -0.033765194791484474 -0.0024988785911715626 0.024552496152716607 -0.053475957963538226 -0.034220185579851813 -0.019256970386965402 -0.0085695460834145955 -0.0021499859861514804 0 -0.0021484948727439296 -0.0085605231455081112 -0.019234550693379114 -0.034190281166187053 0.047515389873577681 0.024630964074991352 -0.0023964075200055414 -0.033639898756382923 -0.06906888199528867 0.0923082763664963 0.0057405938930589926 -0.09550020172150922 0.091601095404294994 -0.02945946760683367 0.28145241178563901 0.16530893331792337 0.038791986104602078 0.38913475298308325 0.26196073586871615 0.67783622258049947 0.9886220022905019 1.507355071469314 0.84120109554926625 0.12458199172738137 0.26209387563234299 0.38948696174728237 0.039236364509581984 0.16578669683410469 -0.11064765407893509 -0.028710071458765807 0.09223349221414863 -0.094991337262790812 0.0061291902220914924 -0.10839347982454428 -0.068835495931634766 -0.03344553736471368 -0.0022490925427062786 0.024739030870469123 -0.053344613669787405 -0.034135627528331831 -0.019209223374124926 -0.0085482761206503929 -0.0021446620904081353 0 -0.0021431702844762453 -0.0085392512966522768 -0.019186801950823468 -0.034105717714892042 0.047646741801053001 0.02481750438400028 -0.0021466027446609024 -0.033320215096662525 -0.068673026785704708 0.092786341810523892 0.0063958373936025244 -0.094642793145911217 0.092663154636496894 -0.028199182684386606 0.28251444571676737 0.16647523999409064 0.040037156303583447 0.39040798587671638 0.26319879031309784 0.67897683480377224 0.98933686673684096 1.5066822030264839 0.84046579881377359 0.12569947177398619 0.2633138183376984 0.39074619551352385 0.040470949055977132 0.16694526694749454 -0.10959115089610219 -0.027453533801472765 0.093293123921956739 -0.094135413229597537 0.0067836041742178358 -0.10791584909432006 -0.068439930982298086 -0.033126052066941677 -0.0019994136982851838 0.024925503126994181 -0.053213302170414964 -0.034051086327173637 -0.019161485073687423 -0.0085270095885943212 -0.0021393396435405955 0 -0.0021378466807420106 -0.0085179832646586975 -0.019139061907905371 -0.034021173373439156 0.047778057219411113 0.025003987057112629 -0.0018969085689636617 -0.033000708289148389 -0.068277432552481698 0.093264023934351584 0.0070503398611899788 -0.0937867161573884 0.093723019211198785 -0.026942299901047045 0.28357142234370497 0.16763447023316913 0.04127263805515146 0.39166840509144074 0.26442036183569811 0.68009651949043992 0.99001766322383244 1.5059599034856583 0.83968086857169699 0.12679599946799844 0.26451724411417843 0.39199257418981587 0.041695839129678031 0.16809675337303384 -0.10853970721311326 -0.026200388581563767 0.094350571465444663 -0.093280812460421941 0.0074372680809976265 -0.10743859550582975 -0.068044633443096872 -0.032806738362020582 -0.0017498402196869907 0.02511190790547951 -0.05308202687378951 -0.033966563469932029 -0.019113753551690912 -0.0085057452330433141 -0.0021340165201054989 0 -0.0021325235780507304 -0.0084967175751207141 -0.01909132755836709 -0.033936644580274643 0.047909337124355189 0.025190403630851215 -0.0016473238440255151 -0.032681366155624482 -0.06788209669147284 0.09374132120612827 0.0077040895771606516 -0.092931973206902468 0.094780698089729443 -0.025688814048521334 0.28462336295918156 0.16878662311604817 0.042498431052935895 0.39291598381986259 0.26562542684601032 0.6811952895080513 0.9906644239203487 1.5051882089985225 0.83884634051516671 0.12787156883519898 0.26570414576208318 0.39322612437930549 0.042911020178099508 0.1692411424261864 -0.10749331118365339 -0.024950652904709117 0.095405814624178312 -0.092427547312196032 0.0080901776277170125 -0.10696173379037452 -0.067649592820851298 -0.032487589369386012 -0.0015003733706888344 0.025298252137551228 -0.052950785086406264 -0.033882057092854877 -0.019066031125060143 -0.0084844832263306167 -0.0021286947051265262 0 -0.002127200997146222 -0.0084754540493223694 -0.019043602048886037 -0.033852136958568493 0.048040586647586356 0.025376755624301695 -0.0013978410765416358 -0.032362203593342499 -0.067487022598281335 0.094218232962051854 0.0083570947369177827 -0.092078556328827874 0.095836173911110073 -0.024438726403352044 0.28567026261021222 0.16993169088134902 0.043714537492589967 0.39415074963530122 0.26681399080763668 0.68227312279795116 0.99127714320960281 1.5043671129781171 0.8338975313105218 0.12892618768802822 0.26687451863479772 0.39444681549603294 0.044116509204788462 0.17037845044669694 -0.10645196658628854 -0.023704312831064063 0.09645886335518962 -0.091575622125164499 0.0087423506604409826 -0.1064852486039128 -0.067254812000547531 -0.032168613373799178 -0.0012510136236114622 0.025484533767975801 -0.052819578097573205 -0.033797567527843242 -0.019018315936425691 -0.0084632247364926742 -0.0021233740869062039 0 -0.002121878856648897 -0.0084541943148554299 -0.018995885168832695 -0.033767642498016136 0.048171797695824754 0.025563046241585889 -0.001148465768410457 -0.032043205194433731 -0.067092208562340147 0.094694765789081925 0.0090093497492049548 -0.091226469863409321 0.096889467968070561 -0.023192031195566797 0.28671211001216063 0.17106968803059516 0.044920963348332857 0.3953726943678843 0.26798605785657509 0.68333004611647141 0.99185580475184976 1.4998278580974154 0.81623630350597753 0.12806039914667172 0.26777202461215527 0.39565468813405169 0.045312300541895931 0.17150866962212502 -0.10541566285124632 -0.022461380921807394 0.097509721794476478 -0.090725018287336825 0.0093937721670290311 -0.10600915181829038 -0.066860291288555779 -0.031849808728520168 -0.0010017618975655168 0.025670749694754812 -0.052688409047585032 -0.03371309758967346 -0.018970608694268674 -0.0084419683848635189 -0.0021180527889269685 0 -0.0021165583341692666 -0.0084329372036834518 -0.018948175271467152 -0.033683170083353794 0.048302973064698614 0.025749275789074016 -0.00089920017911231012 -0.031724378043709395 -0.066697653204983331 0.095170910189741845 0.0096608612775743348 -0.09037572407404898 0.097940573980021511 -0.021948725974203883 0.28774891665390984 0.17220060705771634 0.04611769544624534 0.3965818164857608 0.26889617490000628 0.68255606957973214 0.98466744970462616 1.4838098726729003 0.79843184813681833 0.11976408593698332 0.26040205917393133 0.39008932582541311 0.041376422446068629 0.16885383869861931 -0.10707272819579397 -0.023038808915447743 0.097422494952018851 -0.090493363215394265 0.0098080986666168012 -0.10553343743375722 -0.066466033442207986 -0.031531176084585687 -0.00075261620114460467 0.025856902534800504 -0.052557274540838521 -0.033628643455100575 -0.018922908447564883 -0.0084207148735415578 -0.0021127329940765971 0 -0.0021112371159739407 -0.0084116831817444681 -0.018900472931233564 -0.033598713944609088 0.048434115396651004 0.02593543762874476 -0.00065003885781046364 -0.03140572146460191 -0.066303366074749209 0.095646674231780582 0.010080349145102389 -0.0901282282322943 0.097885773080216551 -0.022470180078611755 0.28618068748902514 0.16967632140167685 0.042370428964619393 0.3912791938007954 0.26188978047599953 0.67470066824710939 0.97392315586405187 1.4676579862058372 0.78277914526372305 0.11371074715894304 0.25528576676842751 0.38575445362950106 0.037683735818137949 0.16570612218258146 -0.10974243758026837 -0.024960414727788826 0.095816638086734643 -0.091827269666287042 0.0087044597369655575 -0.10639966206758308 -0.067144706349589203 -0.032048714241505662 -0.0011362864162652018 0.025580693893564557 -0.052745291298972347 -0.033745885987437906 -0.018989681006040572 -0.0084527717007216487 -0.0021227019553348011 0 -0.0021207933582570722 -0.0084412570283306024 -0.018961038518523498 -0.033707569260426166 0.0482608256249457 0.025682005149222267 -0.0010032915019226082 -0.031885108028055706 -0.066931173509852851 0.094845735226891104 0.0090636589248157904 -0.091348320727153667 0.096420438096529434 -0.024224444539503183 0.28370836441700104 0.16675481813324083 0.038941250285797903 0.38724783849135264 0.25713821144521259 0.66908984529633053 0.96539000336436875 1.4536674045517528 0.77976038339206022 0.11200200129522411 0.25376356074139678 0.38439481070193288 0.03645441522264322 0.16459319704407754 -0.11073461573244132 -0.025500988580290134 0.095349074426447092 -0.092218601038816073 0.0083890858891745197 -0.10662942550769855 -0.067335005272215531 -0.032200057476507261 -0.0012530784567331098 0.02549178047031125 -0.052808525204879178 -0.033785978295792628 -0.019014425532554422 -0.0084668159379360248 -0.0021284511232536191 0 -0.0021260834367923254 -0.0084525669081901064 -0.018979023803243861 -0.033738670062543587 0.048213059993732002 0.025616435310850335 -0.0010897740945368952 -0.031999635290540805 -0.067074121690362892 0.094674426993905422 0.0088238095985263606 -0.091643280974374186 0.096068334110943648 -0.024632186377257979 0.28286672223984566 0.16580675121559887 0.037894225022979358 0.38608608917424803 0.25583811662392142 0.66763005586883273 0.96356103884975375 1.4511004376441585 0.77888376267221815 0.11306996890254155 0.25495399749308206 0.3856402220653346 0.037687954484928531 0.16576022736669122 -0.10966388732099851 -0.024226753702870817 0.096427144591584343 -0.091345413886559451 0.009058271455657279 -0.10614029693310556 -0.066929663717436291 -0.031872533751938673 -0.00099702888624666509 0.025683101686515882 -0.052673748620085593 -0.033699192658357309 -0.018965379535535742 -0.0084449170577574305 -0.0021229358338885752 0 -0.0021205750279916797 -0.0084307086922747621 -0.01893007557023714 -0.033652018666323877 0.048347602179780708 0.025807401890766375 -0.00083418488359386254 -0.031672674419117773 -0.066669498343958758 0.095162661146188293 0.0094918214351869031 -0.090771612729048018 0.097144555765861465 -0.023360119937154481 0.28393495439784316 0.16697094552019953 0.039124568588619978 0.38732791217651363 0.25702438740449302 0.66869311619124094 0.96412540102179878 1.450209854612412 0.77363694476012679 0.11804877261922508 0.26061900666289223 0.39164153152171444 0.043682381589750435 0.17146589314049479 -0.10440483553562925 -0.017921762941339885 0.10177264358380808 -0.087008555722325104 0.012386316458656583 -0.10370502622374918 -0.064910614432974592 -0.030240445111465654 0.00027933610668081309 0.026637075664434583 -0.05200157294413741 -0.033266278748071761 -0.018720686847205854 -0.0083356677530359875 -0.0020954281767505568 0 -0.0020930978483072811 -0.008321647869062301 -0.018685857149381858 -0.033219733453249127 0.049018691262701801 0.026759727916067247 0.00044002958190991564 -0.030043207031137453 -0.064653833301477864 0.097593740072740381 0.012814393772577242 -0.08644180452640976 0.10248150153997045 -0.017065105866346953 0.28918252674658734 0.17266384969803084 0.045104598080524694 0.39331324366028697 0.26267101002119453 0.67365073057797098 0.96636938233915637 1.4449091027771606 0.76696300971037368 0.12243098800012149 0.26580957653547094 0.39727020850310768 0.049391100342740565 0.17695848966375821 -0.099301430031515439 -0.011725447311643699 0.10704468189194871 -0.082719183154163128 0.015685295864107308 -0.1012865386023919 -0.06290390791087129 -0.028617217655000003 0.0015495166338678711 0.027586873114232625 -0.05133207934793494 -0.032834953750310654 -0.01847684851689782 -0.0082268003898484984 -0.0020680293847577347 0 -0.0020657264062388069 -0.0082129524402008627 -0.018442444067314122 -0.032788977155198504 0.049687200899899059 0.027708038576745659 0.0017082790193393373 -0.028422329498043374 -0.062650157929683287 0.10000847223354045 0.016108512869885034 -0.082158632125461692 0.10774609007338519 -0.010877373708824191 0.29427618329517058 0.1781457561985883 0.050801474092877212 0.39892910313314384 0.26784719351443054 0.67801685309743065 0.9676574770987052 1.4382062931006261 0.7588771956114968 0.12622286014674269 0.27053104969673991 0.40253081026645321 0.054817917649121278 0.182241223611392 -0.094350984963110715 -0.0056356433294515607 0.11224495604106839 -0.078475977002991928 0.018956140782152707 -0.098884186734301466 -0.060909009662756454 -0.027002416655972885 0.0028138434474918039 0.028532735493935209 -0.050665100285267127 -0.032405109541919136 -0.018233799919644519 -0.0081182870119128944 -0.0020407297162946952 0 -0.0020384513112200477 -0.0081045935717853641 -0.018199785358072207 -0.032359646882841639 0.050353293659067447 0.028652562756882598 0.0029708731179194574 -0.026809632177328003 -0.060657969143152038 0.10240749321912906 0.01937507779603527 -0.077920870938925912 0.1129399216398588 -0.0047949026977137021 0.29921844598107417 0.18341971238427102 0.056218850601101211 0.40417975092822356 0.27255797103620633 0.6817973852058743 0.96799844672265067 1.4301150590573479 0.74939305245215393 0.12943001095252293 0.27478820935167159 0.40742737553710251 0.059966309278974977 0.18731697026785835 -0.08955115200272179 0.00034955309611901537 0.11737499022298378 -0.07427779259309801 0.022199750409372044 -0.09649735366645866 -0.058925418390366795 -0.025395661832355688 0.0040726089396259787 0.029474881666764256 -0.050000489272875238 -0.031976650573686601 -0.017991491748989584 -0.008010099758687805 -0.0020135209376619277 0 -0.002011264688579087 -0.0079965469456800397 -0.017957825013351306 -0.031931651969743229 0.051017108938654548 0.029593503426745108 0.0042280793771437234 -0.025204767338798013 -0.058676795131753987 0.10479136598477522 0.022614916516532375 -0.073727396588115626 0.1180644400090267 0.0011841285379091092 0.30401155437056548 0.18848844954554045 0.061359956747256486 0.40906904884207879 0.27680784776052475 0.68499758727988347 0.96740012279959875 1.4206474693359976 0.71964083521238187 0.13492120621501819 0.28342666157488311 0.41809912198320276 0.071638510851552872 0.19911705523582554 -0.078196971010217123 0.014865928512105744 0.12990153290321513 -0.06397253002709008 0.030194458814630048 -0.090594747246743323 -0.054013174432514174 -0.021411786961753342 0.0071968860598806209 0.031815228256482871 -0.04834841693306962 -0.030911010955548195 -0.01738861931331517 -0.0077409105617023818 -0.0019458536305599591 0 -0.0019436469073392507 -0.0077276540262444021 -0.017355685871593703 -0.030866983720709069 0.052667518103072311 0.03193135006742779 0.0073491364187907712 -0.021224748424565957 -0.053769455012145598 0.11068799467481773 0.030602183636072512 -0.0634312127927944 0.13058072726546668 0.0156895946211781 0.31535456242431381 0.20027786900041886 0.073022522976591522 0.41973314433034564 0.28544158124416319 0.69048888466578351 0.96183887343449603 1.3910247247871019 0.69876524814493679 0.1369065905190876 0.28758978153077625 0.4237220315453098 0.078066265817498981 0.20579037933230965 -0.071661749670586347 0.02340163437774816 0.1373160006958449 -0.057841465891582219 0.034970038359958808 -0.087057986513950358 -0.051066006901415259 -0.019019003354594249 0.0090750789256192309 0.033223260923305173 -0.047353841561623269 -0.030269162085241105 -0.017025322162156117 -0.0075785912738904745 -0.0019050023338802191 0 -0.0019028304562822031 -0.0075655628805231393 -0.016992960531717619 -0.030225896866526387 0.053660782624877362 0.033337415741732955 0.0092247765185450251 -0.01883505229515604 -0.050826226253115551 0.11421991699217265 0.035371590140716766 -0.057307855782992509 0.1379862059645246 0.024215287286979893 0.32187888911146628 0.20693987016439577 0.07943847758311301 0.425344246512044 0.28959282488634941 0.69246284519048351 0.95633541570416947 1.3701718199661341 0.70277944983713714 0.13842007342018892 0.28885658662412622 0.42477953855015027 0.078945336426760354 0.20651417896382832 -0.071073204829469716 0.023871792661850629 0.13768322114099432 -0.0575631400406834 0.035172778211066354 -0.086918129787619605 -0.050952972887355161 -0.018930057060370022 0.0091429983299308234 0.033273338730526965 -0.047319020033671666 -0.030247048857609912 -0.017012675774149867 -0.0075726279851053577 -0.0019032483644027827 0 -0.0019011305005118368 -0.0075599227963574316 -0.016981122035584027 -0.030204860721680195 0.053693722529095551 0.03338459898869995 0.0092888959747911455 -0.018750812932486163 -0.050719378364301203 0.11435196127803626 0.035563693839214407 -0.057043951033393984 0.13833491526601149 0.024662412913672327 0.32243898747817601 0.20762941122323178 0.080275602280395431 0.4263507581946977 0.29079490799536495 0.69389332218816357 0.95856157827454935 1.3737741707322026 0.70523100769770786 0.13934821815508425 0.28963390657901522 0.42542878171345216 0.079485285845702996 0.20695889320162486 -0.070711478623498553 0.024160845299881117 0.13790904790257066 -0.057391949300674913 0.035297505993247311 -0.086832074224022476 -0.050883428125229044 -0.018875311894413244 0.0091848028648212621 0.033304150319161979 -0.047297586884089297 -0.030233439956513414 -0.017004895885517957 -0.0075689608772500335 -0.0019021715209695145 0 -0.0019000862886977585 -0.0075564513984333372 -0.016973830903184776 -0.030191904772103133 0.05371401125827286 0.033413666181926725 0.0093283813509857094 -0.018698934561983498 -0.050653585360758917 0.11443327320948041 0.035681969975297136 -0.056881509716091724 0.13854951866540033 0.024937501452639 0.32278344716948054 0.20805337781480071 0.080790047655531882 0.42696906562560061 0.29153299596775756 0.69477113795608836 0.95992526784203269 1.3759759424038882 0.70673362466853851 0.13992062877478509 0.29011371680141385 0.42582983819569686 0.079819023856046209 0.20723397663442131 -0.070487620290549696 0.024339764228547816 0.13804890079927376 -0.057285912654657434 0.035374795539084923 -0.08677873708450938 -0.050840316091621526 -0.018841391286373348 0.0092107122108902525 0.0333232502680803 -0.047284306373566364 -0.030224996904021591 -0.017000076299082689 -0.0075666918228496378 -0.0019015104314912558 0 -0.0018994409565417246 -0.0075542973126472516 -0.016969300294071527 -0.03018385984132221 0.053726607861119283 0.033431704047435139 0.0093528986273930231 -0.018666736648128318 -0.050612739190195398 0.11448374068131864 0.035755348833002201 -0.056780749658745994 0.13868253376188081 0.025107974775728757 0.322996818705299 0.20831581581699782 0.081108361202122642 0.42735136331492612 0.29198900122449734 0.69531301367775411 0.96076480392821095 1.3773269776049746 0.70765920099980306 0.14027645352450135 0.29041237031603806 0.42607970863639077 0.080027147525400522 0.20740559884581505 -0.07034784015677252 0.024451549783984245 0.13813634524117616 -0.057219549674862119 0.035423167566310906 -0.086745330603985524 -0.050813322960919095 -0.018820143554597827 0.0092269517470672611 0.033335213705816956 -0.047275982677803897 -0.030219714570908319 -0.016997056956792652 -0.0075652750201758599 -0.0019010957945109865 0 -0.0018990373696329904 -0.0075529519165729239 -0.01696646461434231 -0.030178807764573198 0.053734504234259781 0.033443025384264115 0.0093682828800548332 -0.018646533766438156 -0.050587129831628004 0.11451539574545018 0.035801340746625068 -0.056717618246441316 0.13876588497006456 0.025214656714010315 0.32313026846452114 0.20847986557792564 0.081307131644139857 0.42758983806018691 0.29227315066255488 0.69565029537024381 0.96128536266566722 1.3781606990397919 
end_dependent_variable

end_regular_table
