# ****************************************************************************
# CUI
#
# The Advanced Framework for Simulation, Integration, and Modeling (AFSIM)
#
# The use, dissemination or disclosure of data in this file is subject to
# limitation or restriction. See accompanying README and LICENSE for details.
# ****************************************************************************

# ##################################################################################################
# 
# This file was auto-generated by AFSIM Mover Creator 2.8.0.201104
# 
# Creation Date:  05 Nov 2020
# 
# ##################################################################################################

regular_table

independent_variable mach precision double
0.10000000000000001 0.5 0.70000000000000007 0.75 0.80000000000000004 0.84999999999999998 0.90000000000000002 0.92000000000000004 0.94000000000000006 0.95999999999999996 0.97999999999999998 1 1.02 1.04 1.0600000000000001 1.0800000000000001 1.1000000000000001 1.2 1.3 1.4000000000000001 1.5 1.75 2 2.5 3 3.5 4 
end_independent_variable

independent_variable surface_angle units deg
-40 -30 -28 -26 -24 -22 -20 -18 -16 -14 -12 -10 -9 -8 -7 -6 -5 -4 -3 -2 -1 0 1 2 3 4 5 6 7 8 9 10 12 14 16 18 20 22 24 26 28 30 35 40 
end_independent_variable

dependent_variable precision double
-9.1442164556054983 -0.72419575058955554 2.3477901520224793 1.5127881371962175 3.9367127205436301 2.8927429542535008 1.8815428841240034 4.9740128103299863 3.7216377000805361 4.5883429063523549 3.352691237140228 2.2426345344475864 3.1229494308468557 2.6038758159200555 2.1067525922172279 1.6274656979513329 1.1709642962867362 1.4445144366988854 1.0334288170435522 0.65505084271386615 0.31037031325631304 0 -0.27556861434292229 -0.51631139347219512 -0.7216961411139412 -0.89066465457953847 -1.0216897498844595 -1.8239731890372746 -1.8679663792522512 -1.8644719585639526 -1.818086324429792 -1.7320160924650814 -2.8895237673108851 -2.5164088205105011 -4.1172969379143947 -3.4732400661526177 -2.1541816799630129 -4.1789593552091526 -3.324900728552628 -5.7693599264074917 -4.7717729260518729 -3.6625956192315368 -4.9952698491220024 -7.103954900699379 -9.1558780903417265 -0.73325317595280382 2.3392725234036829 1.5048391914375383 3.9293230408459108 2.885943564430578 1.8753456779782169 4.9683854456343433 3.716625049093182 4.5839369199618307 3.348909770730284 2.2394886790029465 3.1201106474597147 2.6013524771139283 2.1045424238315449 1.6255701175866064 1.1693842549671734 1.4432477681636755 1.0324789874248814 0.65441796501766458 0.31005415506407247 0 -0.27525294779509191 -0.51568067284569796 -0.72075102161818128 -0.88940595498891373 -1.0201175487701646 -1.8220870158338081 -1.8657679262720852 -1.8619612380618957 -1.8152671503958777 -1.7288893759677348 -2.8857970575557812 -2.5120813876982582 -4.1123790888496421 -3.4677395816175669 -2.1481052748268388 -4.1723329409880456 -3.3177223028619287 -5.7616541543472364 -4.7635377368147198 -3.6538489873026569 -4.985349986499048 -7.0929618735111601 -9.1546362508465311 -0.73229414041980767 2.3401704465040876 1.5056764003866299 3.9300973259485183 2.8866557442057905 1.8759953426558724 4.9689691692295197 3.7171450695126409 4.5843918335193736 3.3493001744648656 2.2398148412438132 3.1204037657581445 2.6016130779799003 2.1047702910825765 1.6257653075182243 1.1695468208750295 1.4433775569264899 1.0325762644677658 0.65448277667911392 0.31008654273597919 0 -0.27528527463176727 -0.51574525704321983 -0.72084777467225836 -0.88953478324919244 -1.0202782859031494 -1.8222794425614006 -1.8659919501087772 -1.8622166326766911 -1.8155539432982688 -1.7292073664214038 -2.8861776602518958 -2.5125232678839176 -4.1128815708508695 -3.468301651731915 -2.1487257191899873 -4.1730117721101117 -3.3184574118946037 -5.7624452096447625 -4.7643823655397872 -3.6547461317121002 -4.9863749151165235 -7.0941046339002538 -9.1543890340825094 -0.73210315663209791 2.3403493113073495 1.5058431781190083 3.9302516240731755 2.8867976690587223 1.8761248061556424 4.9690855756137147 3.7172487693836751 4.5844825771216948 3.3493780556881796 2.2398798850445267 3.1204622363220813 2.6016650618566453 2.1048157488269648 1.6258042527254344 1.1695792576938246 1.4434034604802468 1.0325956804886218 0.65449571280238927 0.31009300671666989 0 -0.27529172688422321 -0.51575814661258379 -0.72086708550600753 -0.88956049737999032 -1.0203103718003947 -1.8223178555780175 -1.8660366778942163 -1.8622676325306038 -1.815611212444175 -1.7292708633716705 -2.8862536359801303 -2.5126114809320952 -4.1129818732038794 -3.4684138520360288 -2.1488495738170572 -4.1731472513166956 -3.3186041346327473 -5.7626030677913116 -4.7645509209853341 -3.654925172039964 -4.9865793646410816 -7.0943324857689465 -9.1541600121349074 -0.73192620970637801 2.3405150507000103 1.5059977273395879 3.9303946143285291 2.8869291977490468 1.8762447752424685 4.969193467203727 3.7173448836558558 4.5845666953404764 3.3494502442976026 2.2399401716817371 3.1205164404254746 2.6017132482107566 2.104857887624525 1.6258403532213772 1.1696093271644428 1.4434274734425594 1.032613679674891 0.65450770511392309 0.31009899936593394 0 -0.27529770876265941 -0.51577009734872203 -0.72088498971751003 -0.88958433812075466 -1.0203401189440164 -1.8223534743067984 -1.8660781472409445 -1.8623149166244333 -1.8156643085724531 -1.7293297417909554 -2.8863240818536502 -2.5126932678650262 -4.1130748705420919 -3.4685178786381323 -2.1489644127346432 -4.173272861572749 -3.3187401596889305 -5.7627494156089067 -4.7647071986445413 -3.655091154613983 -4.9867688684053482 -7.0945436665024255 -9.1539468222510934 -0.73176148542036135 2.3406693553350344 1.5061416065791791 3.9305277545261799 2.887051663114848 1.8763564829288084 4.9692939491024477 3.7174343946286803 4.5846450377786168 3.3495174760284363 2.2399963193211767 3.1205669160033573 2.6017581269473529 2.1048971372233081 1.6258739765226546 1.1696373354337022 1.4434498433669423 1.0326304454338244 0.65451887660061214 0.31010458157086207 0 -0.27530328033239237 -0.51578122884771549 -0.72090166610250772 -0.88960654372219661 -1.0203678289171931 -1.8223866527649069 -1.8661167812270782 -1.8623589658955879 -1.8157137722988759 -1.7293845874846385 -2.8863896965880231 -2.5127694523079693 -4.1131614951883613 -3.4686147726863341 -2.1490713839374682 -4.1733898643576266 -3.3188668599846745 -5.7628857250787702 -4.7648527509208103 -3.6552457528537956 -4.9869453597330269 -7.0947403307768706 -9.15374752549058 -0.73160746953926359 2.3408136214946764 1.5062761343785933 3.9306522532966257 2.8871661723014905 1.8764609306623017 4.9693879109323911 3.7175180973328588 4.5847183065983534 3.3495803588340776 2.2400488252400024 3.1206141245258672 2.6018000972093813 2.1049338426727702 1.6259054249783729 1.1696635288424044 1.4434707665218154 1.0326461291314575 0.65452932542060149 0.31010980276955435 0 -0.27530849225221588 -0.51579164111071718 -0.72091726521323918 -0.88962731433023368 -1.0203937477735043 -1.8224176895675632 -1.8661529181044838 -1.8624001755616457 -1.8157600478602558 -1.7294358963895053 -2.8864510800944281 -2.5128407124879879 -4.1132425278122939 -3.4687054195905573 -2.149171446747268 -4.1734992997982108 -3.3189853748342166 -5.7630132167032482 -4.7649888963549571 -3.6553903710838758 -4.9871104229410941 -7.0949242459654638 -9.1994690051039676 -0.7542635666549794 2.3236299692992484 1.491627908736743 3.9204980154171887 2.8789026648569278 1.8697072768572807 4.9668112754914464 3.7157083111596401 4.584879030378703 3.3499164819620706 2.2403659976851986 3.1218880126943271 2.6029536878749111 2.1059323844151354 1.6267172982851525 1.1702668030826151 1.4443721034736052 1.0333128126106954 0.65496326172978003 0.31031945765968777 0 -0.27549748577763328 -0.51614333590058536 -0.72139941051920209 -0.8902012420952361 -1.0210140547551423 -1.8235571343798995 -1.8672251707460394 -1.8633372238362305 -1.8164918774806247 -1.7298891825339997 -2.8871834884481316 -2.5125079006092714 -4.1130136513394797 -3.4667132303189394 -2.144633119249205 -4.1685680791033279 -3.3113244907080475 -5.7546156495674285 -4.7533434663052931 -3.640085693081208 -4.9650203966751709 -7.0665391277596363 -9.2452317536532842 -0.77694492128860215 2.3064247184632607 1.4769614268512485 3.9103287124973232 2.8706270616609926 1.862944096827875 4.9642274854379478 3.7138933385982473 4.58503618091218 3.3502502986840281 2.2406817735162416 3.1231608639272657 2.6041065335246723 2.1069304134086506 1.6275288323507471 1.1708698683655741 1.4452733225749861 1.033979433341484 0.65539716959120775 0.31052910245396526 0 -0.27568646925506513 -0.51649500083212307 -0.72188149480004793 -0.89077504827594256 -1.0216341523838006 -1.8246962387511005 -1.8682969070133641 -1.864273529239638 -1.8172226753227041 -1.7303410726770814 -2.8879135918510586 -2.5121715184197315 -4.1127795977717216 -3.4647139125783588 -2.1400852750752959 -4.1636247722056101 -3.3036485494560139 -5.7461998492678541 -4.7416764679967827 -3.6247558023417468 -4.9428964493544179 -7.0381129154020892 -9.2910357930439993 -0.79965152654680205 2.2891978817010763 1.462276697760031 3.9001443436179164 2.8623393622541284 1.8561713726514266 4.961636548890703 3.7120731738276458 4.5851897459439765 3.3505817961324005 2.2409961534224645 3.1244326775353493 2.6052586350011819 2.1079279290788717 1.6283400223881213 1.1714727225849859 1.4461744191155155 1.034645992874822 0.65583104957932858 0.31073873633380378 0 -0.27587544279461301 -0.51684664007962444 -0.72236351439848223 -0.89134873373401902 -1.0222540404297014 -1.8258350039449431 -1.869368136059268 -1.8652090972865318 -1.8179524383993841 -1.7307915719504512 -2.8886413848651364 -2.5118315614004056 -4.1125403660367219 -3.4627074490588967 -2.1355279130000593 -4.1586693882961638 -3.2959575677752908 -5.7377658135067477 -4.7299879097014195 -3.6094006915126058 -4.9207385664262491 -7.0096455552780315 -9.3368811048939016 -0.82238339672685579 2.2719494589105733 1.4475736959322398 3.8899449020388261 2.8540395574452302 1.8493891265908384 4.9590384763684261 3.7102478300217552 4.5853397390309736 3.3509109760688176 2.2413091346975973 3.1257034616884516 2.6064099982020683 2.1089249295620465 1.6291508752906056 1.1720753632388277 1.4470753960759208 1.0353124895192909 0.65626490056121112 0.31094835993268771 0 -0.27606440657818448 -0.51719825015493703 -0.72284547228884921 -0.89192229964388481 -1.0228737145015383 -1.8269734299869587 -1.8704388478884231 -1.8661439207772121 -1.8186811701828609 -1.7312406747117914 -2.8893668595758024 -2.5114880217388551 -4.112295952611225 -3.4606938513515608 -2.1309610398147019 -4.1537019156307977 -3.2882515275900368 -5.7293135374332493 -4.7182777976997965 -3.5940203591640585 -4.8985467659665094 -6.9811370752671555 -9.3649892828081231 -0.84514052161642306 2.2546794358965978 1.4328524340311766 3.8797303797944256 2.845727648459778 1.8425973457785609 4.9564332453018416 3.7084173023297136 4.5854861460546124 3.351237840969771 2.2416207233669203 3.1269732023956651 2.607560610591682 2.1099214129178301 1.6299613876115351 1.1726777947694673 1.4479762493521176 1.0359789242131496 0.65669872459528023 0.31115797367666309 0 -0.2762533598781502 -0.51754983058254866 -0.72332736981151857 -0.89249574343968929 -1.0234931772800506 -1.8281115148346787 -1.8715090427178411 -1.8670780007329133 -1.8194088697540238 -1.731688383182286 -2.8900900172085366 -2.5111409185832172 -4.1120463548400226 -3.4586731027591742 -2.1263846440303404 -4.1487223404228528 -3.2805304268577835 -5.7208430121115601 -4.7065461048781474 -3.5786148026408959 -4.876321028980243 -6.9217006683533739 -9.3385870927618893 -0.85843062259936431 2.2387054561110133 1.4181129149673588 3.8695007868417468 2.8374036516885783 1.8357960289891138 4.953820870396723 3.7065815817135999 4.5856289781974038 3.3515623886140773 2.2419309041885156 3.1282419132904646 2.6087104744678009 2.1109173791079265 1.6307715581254287 1.1732800078709098 1.4488769839226217 1.0366452941799176 0.6571325185220932 0.31136757659874892 0 -0.27644230237377881 -0.51790138353577297 -0.72380920118375247 -0.89306906502569183 -1.0241124271184985 -1.8292492611688427 -1.8725787265600382 -1.868011334281414 -1.8201355298365802 -1.7321346952173433 -2.8908108645034845 -2.5107902291089115 -4.1117915772420739 -3.4566452193661732 -2.1217987141580918 -4.1437306971389782 -3.2727942583788305 -5.7123542490305628 -4.6927589899640347 -3.5481196420991048 -4.7891666823958436 -6.7657749664841917 -9.3131615870622824 -0.83505851408935017 2.2648632527990009 1.4388924155784861 3.8869372565550844 2.8500481299361025 1.8443172062430415 4.9618366384607402 3.7115596382188611 4.5895679504281492 3.3533737102126864 2.2422396879619333 3.1295095825775969 2.6098595984087898 2.1119128300343837 1.6315813861174224 1.1738820116704336 1.4497775949365712 1.0373116018258779 0.65756628502877179 0.31157717055950596 0 -0.27663123434431397 -0.51825290604345731 -0.72429096963520345 -0.89364226430615168 -1.0247314631360676 -1.8303866646747367 -1.8736478908749439 -1.8689439214610106 -1.8208611591876116 -1.732579607242644 -2.8897290729614764 -2.5056978363885243 -4.1027544627687815 -3.4404720388416052 -2.0961570304183175 -4.1089731297395922 -3.2245285681693243 -5.6501708253659348 -4.6133588909691863 -3.4586710956257765 -4.6721608521967743 -6.608744018952299 -9.3050996268972366 -0.82849703151192822 2.2742735799358735 1.4484320814969207 3.898733603806436 2.8615329175211781 1.8551302927579272 4.9746371396206372 3.7229582457519093 4.600817772049437 3.3627908626651952 2.2495938960906976 3.1363383416364807 2.6152559982335197 2.1160273301989054 1.634571761039858 1.1758846197377593 1.4514531670653885 1.0383181543132143 0.6580736005626614 0.31174635083114904 0 -0.27656753180048521 -0.51794735734802233 -0.72355274778540979 -0.89222536668313868 -1.022390074447213 -1.8274043661945349 -1.8692186200162253 -1.862736960066339 -1.8125730730394138 -1.7218842284194391 -2.8759190522272227 -2.4872912892532932 -4.0805391787257372 -3.4122585190524184 -2.0608840534456689 -4.0685096749586149 -3.1762717498284867 -5.5957637008487184 -4.5498532816589581 -3.3850496700693906 -4.57076793335417 -6.4669913969380213 -9.3526503967478423 -0.84454327943553686 2.2643736180497527 1.4414767453541801 3.8964485065850725 2.861034979424256 1.8557765303783644 4.9788349974909458 3.7270807452810257 4.6058972731962893 3.3669369377397418 2.2526015078481856 3.1397685121122798 2.6180514980707952 2.1182028897669238 1.6361654931634881 1.1769270818332469 1.4525107750128321 1.0389679878965987 0.65841180752511241 0.31186442595964903 0 -0.27651348627240074 -0.51773254342761732 -0.7230637402972615 -0.89129914844244795 -1.0208785372778126 -1.8257055522659578 -1.8666581202519559 -1.8591378675857977 -1.8078094423154099 -1.7158320251004755 -2.8679218777715167 -2.4759008315253812 -4.0668830299807048 -3.3945372347712888 -2.0384796215894871 -4.0438020013604294 -3.1472357075081154 -5.5647286109552345 -4.5146909424768005 -3.3457609125256429 -4.5255604524792084 -6.4216776892377316 -9.4020777759705805 -0.86872439291225989 2.245902091885577 1.4257450698904743 3.8853892577303206 2.852024585514298 1.8484144141450334 4.975773074438786 3.7248923532050959 4.6057712799774677 3.3670639467545391 2.252773361905239 3.1409241928992389 2.6191110606410581 2.1191284581325629 1.6369222922371696 1.1774906281031146 1.4533853281103066 1.0396179078253214 0.65883657534500173 0.31207045809061129 0 -0.27670147646089682 -0.51808372856744245 -0.72354726371389311 -0.8918781956154368 -1.0215091859392227 -1.8268616408444378 -1.8677545271212146 -1.8601080140814088 -1.8085840681527567 -1.7163385009182863 -2.8687314819217726 -2.4756713855869306 -4.0667860282689015 -3.3927073230110318 -2.0341351110887533 -4.0390998138467245 -3.1398409252655375 -5.5566390410128372 -4.5034022681338097 -3.3308692980113541 -4.5041046979322577 -6.3943609278825786 -9.649007397315728 -0.98968268201422083 2.153496313453656 1.3470452774463633 3.8300621282752494 2.8069534019565148 1.8115941057240708 4.9604636981467563 3.7139574140648364 4.605152537756168 3.3677120914529675 2.2536450708212103 3.1467143009421514 2.6244193402477851 2.1237652517154597 1.6407136829995912 1.1803140571725164 1.4577620781337999 1.0428700486183826 0.66096176860079647 0.31310109036407163 0 -0.27764111959705251 -0.5198384471679236 -0.72596206525478113 -0.89476799321759393 -1.0246533384760872 -1.8326283135445902 -1.8732168614797604 -1.8649316902399058 -1.812421384959205 -1.7188247820130313 -2.8727081781552881 -2.4744204273652657 -4.0661577050850726 -3.3833674654147767 -2.0121669461797538 -4.0152827909881017 -3.102491983209501 -5.5157411794114317 -4.4464282065290321 -3.2557904749618567 -4.3959550801178846 -6.256597313920782 -9.8957096781751375 -1.1107745475084263 2.0609717550343052 1.2682440887160953 3.7746564271149956 2.76182778917706 1.7747392239350313 4.9451399464536525 3.7030224126293017 4.604543482833396 3.3683753021619989 2.2545327889850824 3.1525199641667765 2.6297418854729298 2.1284145170553415 1.6445154959660904 1.1831455773516266 1.4621445238668018 1.0461258078989848 0.66308887166000208 0.31413235922537164 0 -0.27858019824608837 -0.5215910965567423 -0.72837215673658595 -0.89764883440566934 -1.0277826122073168 -1.8383725259251904 -1.8786471528328916 -1.8697113845925231 -1.8162005158068812 -1.7212361863550323 -2.8765688651370005 -2.4730006729421281 -4.0652958658855578 -3.3737172216012303 -1.9897977189164149 -3.9909657045381333 -3.0645300709470065 -5.4741073859180203 -4.3885860952175335 -3.1796961063933193 -4.2863818816993602 -6.1169095791024963 -10.142331555235476 -1.2320570299120093 1.9682803336095318 1.1893010919365388 3.7191383350628215 2.7166196785581209 1.7378267915224501 4.9297833059180309 3.6920727235503787 4.6039328758901767 3.3690452479095758 2.2554305984731986 3.1583363199671912 2.6350747750330541 2.1330731840035226 1.6483253659586106 1.1859834571381163 1.4665314697314624 1.0493844239541816 0.66521745158320855 0.3151640897482883 0 -0.27951864653840797 -0.52334161281102953 -0.7307775384784424 -0.9005208785560006 -1.0308973835214847 -1.8440949310015831 -1.8840464099045373 -1.87444852744137 -1.8199233644037032 -1.723575148183295 -2.8803172753496979 -2.4714173160585737 -4.064207414595483 -3.3637653833743082 -1.9670383041648034 -3.9661616988002479 -3.0259708046784959 -5.4317560396817592 -4.3298973206274329 -3.1026110274412426 -4.1754214047386933 -5.9753531570330738 -10.38900394048936 -1.3535810992716144 1.8753791106278634 1.1101802120149487 3.6634776210378233 2.6713040044206089 1.7008362349605057 4.914377188124635 3.6810952353317812 4.6033106496012683 3.3697144662832019 2.2563332159312131 3.1641590205670918 2.6404145195628983 2.1377384883347448 1.6521411872563725 1.1888261478305515 1.470921857888877 1.0526452213333914 0.66734713201375606 0.31619612913067741 0 -0.28045640920769704 -0.52508994901784634 -0.73317823173478458 -0.90338428095999057 -1.0339980269561786 -1.8497961733001076 -1.8894155902931 -1.8791444886442688 -1.8235917467591181 -1.7258439832736787 -2.88395689911605 -2.4696752253202749 -4.0628987807767611 -3.3535201752424184 -1.9438988588634529 -3.9408830745385557 -2.986828817411336 -5.3887043678998072 -4.2703819997929369 -3.0245585658996785 -4.0631079512110144 -5.8319805128458091 -11.00663939428259 -1.6587345822361406 1.6419666289256758 0.9113964818279483 3.5235316311919989 2.5574028956352692 1.607902192197274 4.8755518482607165 3.6534560821829296 4.6016474633628004 3.371342122831734 2.2585809957924399 3.17871901352754 2.6537741403004969 2.1494153326926133 1.6616949662910667 1.1959453098414208 1.4819069796564586 1.0608029945672084 0.67267406018395259 0.31877673581015686 0 -0.28279756143539286 -0.52945106766599526 -0.73915968675772292 -0.91050611836471373 -1.041690221422543 -1.8639606515686995 -1.902712899477853 -1.8907125026427274 -1.832535375948571 -1.7312231890530636 -2.8926009700413391 -2.4646547283193851 -4.0587026136870747 -3.3266727548522295 -1.8844484591539308 -3.8756838541297927 -2.8865123541373077 -5.2781146871076547 -4.1180984916255881 -2.8253360363348334 -3.7766126715267387 -5.465922051412277 -11.380436542022091 -1.8438235312876519 1.5002041113577194 0.79067045058132657 3.4383580819112871 2.4880928507513969 1.5513806413139792 4.8516915112917998 3.6364726491266084 4.6003878860534249 3.3721678770452987 2.2598607306662442 3.1874179240829354 2.6617783557564705 2.1564290459053139 1.6674478800644585 1.2002453217535489 1.4885297907244919 1.0657273517171968 0.67589347243633013 0.32033831350934289 0 -0.28421951609532042 -0.53210434589887168 -0.74280616496722118 -0.91486002773875508 -1.0464109241584636 -1.8725899123663434 -1.9108476005612245 -1.8978362043580757 -1.838110372719638 -1.7346844732495899 -2.8980722863448189 -2.4619727628242614 -4.0565575632692283 -3.3109765260393669 -1.8492240875604882 -3.8370586435874463 -2.8268664027878332 -5.2123760840648448 -4.0274486909278595 -2.7066589752537373 -3.6063271144438613 -5.2497508196845395 -11.388105353579682 -1.8470383403275583 1.497456962408126 0.78833722566298248 3.4363925229514467 2.4864674508109759 1.5500696065740107 4.8506729273461566 3.6357227384552968 4.5998803314550276 3.3718715047122299 2.2597388534035998 3.1873674438456723 2.6617895484816372 2.1564890338315652 1.6675419931646946 1.2003616083980522 1.488655818186567 1.0658450026665609 0.67598672355120248 0.32039255751266904 0 -0.28429713502903053 -0.53227472978419843 -0.74308514185482566 -0.91526968221384497 -1.0469716943056955 -1.8733198623799163 -1.9117679280686184 -1.8989725627585761 -1.8394832029701227 -1.7363152799860244 -2.9003000975699154 -2.4648969803540814 -4.0602890816325017 -3.315631086158652 -1.8549244309177426 -3.8439429176185134 -2.8350837880859014 -5.2221063203754481 -4.0389051714880377 -2.7201090591372576 -3.6265992600567865 -5.2815866039463 -11.392519619880556 -1.8488040412311211 1.4959635927115997 0.78708334811613756 3.4353499323464192 2.4856192482773571 1.5494000191519299 4.8501684632572966 3.6353689044737023 4.5996610661222093 3.3717677881823147 2.2597283570324 3.1873939250828074 2.6618471256572627 2.1565698408904264 1.6676371581359997 1.2004638664780918 1.488757625487515 1.0659353850711648 0.67605595715607947 0.32043179129030336 0 -0.28435053547707617 -0.53239070311728676 -0.74327327486769035 -0.91554334884396749 -1.0473432693566525 -1.8738002815131158 -1.9123700320256714 -1.8997118813179963 -1.8403720933830265 -1.7373667546889973 -2.901725808595947 -2.4667570796651419 -4.0626506209030975 -3.3185641111938637 -1.8585031707526207 -3.8482509219636092 -2.8402113225421752 -5.2281621361566701 -4.0460184100222927 -2.7284416013396617 -3.63909363865154 -5.3011166353715957 -11.394976947713499 -1.8497040394791111 1.4952182284466151 0.78647255696782781 3.4348563737606495 2.4852325260915191 1.5491104546203329 4.8499676758780348 3.6352480222759835 4.5996102399419119 3.3717754219068237 2.2597808522920948 3.187462973269878 2.6619291550056259 2.156660088938926 1.6677302030892485 1.2005553281994306 1.4888429231039673 1.0660078494456935 0.67610970861343722 0.32046146364448752 0 -0.28438879094440617 -0.53247276749078609 -0.74340494640312649 -0.91573271739046247 -1.0475978349208821 -1.874126647490175 -1.912775952773341 -1.9002067633592652 -1.8409633949178015 -1.73806234272994 -2.9026596805390379 -2.4679654995314251 -4.0641741635978432 -3.3204450353819772 -1.8607863232890491 -3.8509868232967071 -2.8434544299775517 -5.2319782018485057 -4.0504854907185033 -2.7336576538101318 -3.6468562224725019 -5.3131669673603126 -11.396266496965639 -1.8500938777053384 1.4949125871380173 0.7862387492621663 3.4346836920189308 2.4851145901540286 1.5490412392061872 4.8499419024837476 3.6352602579364208 4.5996544255478122 3.3718444496692128 2.2598664189398914 3.1875532222757843 2.6620219124176625 2.1567524656221448 1.6678189033298942 1.20063767987479 1.4889161395216315 1.0660679154006083 0.6761530481109721 0.32048482389463201 0 -0.28441735019336989 -0.53253324026385784 -0.74350083836541958 -0.91586892081155435 -1.0477788748250123 -1.8743565170620389 -1.9130593267117932 -1.9005493347249878 -1.84136966416159 -1.7385370429524709 -2.9032891762272079 -2.4687716897728511 -4.0651814456739315 -3.321678966951322 -1.8622738604626183 -3.8527583962960459 -2.8455429506229422 -5.2344233374234577 -4.0533342984114045 -2.7369693498772567 -3.6517327937676511 -5.3206627639985751 
end_dependent_variable

end_regular_table
