# ****************************************************************************
# CUI
#
# The Advanced Framework for Simulation, Integration, and Modeling (AFSIM)
#
# The use, dissemination or disclosure of data in this file is subject to
# limitation or restriction. See accompanying README and LICENSE for details.
# ****************************************************************************

# ##################################################################################################
# 
# This file was auto-generated by AFSIM Mover Creator 2.8.0.201104
# 
# Creation Date:  05 Nov 2020
# 
# ##################################################################################################

regular_table

independent_variable mach precision double
0.10000000000000001 0.5 0.70000000000000007 0.75 0.80000000000000004 0.84999999999999998 0.90000000000000002 0.92000000000000004 0.94000000000000006 0.95999999999999996 0.97999999999999998 1 1.02 1.04 1.0600000000000001 1.0800000000000001 1.1000000000000001 1.2 1.3 1.4000000000000001 1.5 1.75 2 2.5 3 3.5 4 
end_independent_variable

independent_variable surface_angle units deg
-40 -30 -28 -26 -24 -22 -20 -18 -16 -14 -12 -10 -9 -8 -7 -6 -5 -4 -3 -2 -1 0 1 2 3 4 5 6 7 8 9 10 12 14 16 18 20 22 24 26 28 30 35 40 
end_independent_variable

dependent_variable precision double
7.0626471139639486 3.6516033235022061 4.7627375534719647 5.7618673124451396 3.3184236389187114 4.1734265851256005 2.1493813294922703 3.4691965318101654 4.1139260558450559 2.5137001797437724 2.8874727466350456 1.7304771749640893 1.8168575345185702 1.863529699927724 1.867200771000906 1.823390559822035 1.021308124422446 0.8904452701772132 0.72153286248046034 0.51624599482456324 0.27555774896316054 0 -0.31035961898910308 -0.65498747271575697 -1.0332731016375172 -1.4443085163419895 -1.1706117315075824 -1.6269359008115429 -2.106067029439453 -2.6030456842505707 -3.1218838160095999 -2.2413208358186036 -3.3509945334896871 -4.5861710122869397 -3.7190177888511049 -4.9709656715810162 -1.8780349155533427 -2.8888209304230155 -3.93225781499974 -1.5077864139237949 -2.3419341840851935 0.73111473279159411 3.4353758127149727 9.1668409441487633 7.0516490577086604 3.642856586130911 4.7545021017776614 5.7541613256704247 3.311245059532288 4.1668000391653006 2.1433048582311915 3.4636959288119651 4.1090081484423076 2.5093726090649331 2.8837459900308295 1.7273504158302211 1.8140383237202304 1.8610189485971642 1.8650021488150237 1.8215043622366058 1.0197359033940872 0.88918655769350863 0.72058773012353405 0.51561526775152611 0.27524208242330861 0 -0.31004346102823588 -0.65435460111504617 -1.0323232838587786 -1.4430418597743662 -1.1690317077404799 -1.6250403425310025 -2.1038570111113479 -2.6005223718050474 -3.119045063770097 -2.2381750152235753 -3.3472131033335519 -4.5817651329983367 -3.7140051790960755 -4.9653383921584169 -1.8718377543418545 -2.8820216325111572 -3.9248682341064147 -1.4998376044998609 -2.3334167188638446 0.74017209534894846 3.4457840823085397 9.1784998504029218 7.0527914609211457 3.6437537241576416 4.7553467136523677 5.7549523679472179 3.3119801593738565 4.1674788600750272 2.1439252959563189 3.4642579887139728 4.109510625975636 2.5098144817189914 2.884126587237811 1.7276684039861137 1.8143251138142276 1.8612743398291218 1.8652261607160427 1.8216967860919777 1.0198966406547263 0.88931538595378734 0.72068448279464836 0.51567985124694959 0.27527440937168146 0 -0.31007584865227228 -0.65441941327115571 -1.0324205613165394 -1.4431716488882298 -1.1691942741589532 -1.6252355339944715 -2.1040848899150895 -2.6007829740752166 -3.1193381852598834 -2.2385011797622187 -3.347603510387144 -4.5822200557469861 -3.7145252025792366 -4.9659221229022315 -1.872487420040744 -2.8827338171372312 -3.9256425232939582 -1.5006748234059846 -2.3343146519212814 0.73921305905002677 3.4446805383281243 9.1772578148307904 7.0530192531753011 3.6439327600176066 4.7555152648853243 5.7551102250725323 3.312126878537681 4.1676143411964244 2.1440491527535106 3.464370188379815 4.1096109267329686 2.5099026904907511 2.8842025649446867 1.7277319006810716 1.8143823816197642 1.8613253397149481 1.8652708863951866 1.8217352002255693 1.019928724988207 0.88934109920696225 0.72070379329330514 0.51569274135884402 0.27528086157227782 0 -0.31008231248137352 -0.65443234921890647 -1.0324399776405744 -1.443197552649425 -1.1692267112649704 -1.6252744792655087 -2.1041303493508967 -2.6008349594199855 -3.1193966548664132 -2.2385662231799697 -3.3476813879723117 -4.582310798136592 -3.7146289038544675 -4.9660385285205013 -1.8726168844340936 -2.8828757377775727 -3.9257968230781208 -1.5008416001171287 -2.3344935176181232 0.73902207602824255 3.4444607908451812 9.1770105701104878 7.0532303763367103 3.6440987424639708 4.7556715383319403 5.7552565682945742 3.3122629010407794 4.1677399421337178 2.144163985671347 3.4644742105140196 4.1097039229861192 2.5099844762109669 2.8842730088395654 1.7277907788450482 1.8144354790884121 1.8613726244789626 1.8653123554866062 1.8217708179012024 1.0199584720360879 0.88936493926158489 0.72072169720162882 0.51570469152053822 0.27528684327917863 0 -0.31008830538594612 -0.65444434200914381 -1.03245797773638 -1.4432215661063978 -1.169256780831329 -1.625310580399723 -2.1041724899675303 -2.6008831457740968 -3.1194508582677081 -2.2386265103277969 -3.3477535793263011 -4.5823949175680889 -3.7147250200414619 -4.966146425471992 -1.8727368567122762 -2.8830072709357957 -3.9259398157589054 -1.5009961539332617 -2.3346592619892998 0.73884512552820347 3.4442571974977185 9.1767815166322837 7.0534269954215487 3.644253340959092 4.7558170906082102 5.7553928785303636 3.312389606825656 4.1678569464504465 2.1442709582783688 3.4645711099237002 4.1097905497386833 2.5100606600156383 2.8843386271482578 1.7278456246025582 1.8144849437722419 1.8614166732714137 1.865350986823914 1.8218039949870277 1.0199861825198817 0.88938714516620576 0.72073837334727475 0.51571582353014866 0.2752924150044902 0 -0.3100938874113604 -0.6544555130969133 -1.0324747434953134 -1.4432439356478179 -1.1692847887495392 -1.6253442035414323 -2.1042117398854492 -2.6009280242234709 -3.1195013338455908 -2.2386826563715587 -3.3478208103550364 -4.5824732585382053 -3.714814530695151 -4.966246906349479 -1.8728485626114564 -2.8831297355356713 -3.9260729534034708 -1.5011400344493955 -2.3348135644542016 0.73868040188045803 3.4440676659048242 9.1765682970050282 7.0536108728244828 3.6443979571467042 4.7559532368082822 5.7555203693889165 3.3125081195050754 4.1679663846994242 2.1443710191733545 3.4646617532536039 4.1098715826817518 2.5101319222381253 2.8844000100163911 1.7278969340818693 1.8145312187591776 1.8614578832246935 1.865387122584345 1.8218350337364115 1.0200121008655758 0.88940791543915032 0.72075397285692577 0.51572623547401475 0.27529762671288632 0 -0.31009910870180418 -0.65446596193285933 -1.0324904263312802 -1.4432648590260859 -1.1693109827007722 -1.6253756536247426 -2.1042484463561451 -2.6009699938153146 -3.1195485432616805 -2.2387351633754453 -3.3478836943733934 -4.5825465320173224 -3.7148982344843904 -4.9663408638391768 -1.8729530139192689 -2.8832442513603356 -3.9261974549823107 -1.5012745617381926 -2.3349578297202638 0.73852638740355714 3.4438904846058906 9.176368984543041 7.0250495860775271 3.6290529623046108 4.7442759239848247 5.7470974691128083 3.3048263379176444 4.1630182087109509 2.1398188016667583 3.4626585881158705 4.1096341756622188 2.509792784452753 2.8851280400078303 1.7283472582646615 1.8152608149151526 1.8623933231960723 1.8664581564213607 1.8229736171761246 1.0206318893666877 0.88998157051551385 0.72123593548326559 0.51607786482192852 0.27548661087645976 0 -0.31030875664595042 -0.65489986805180644 -1.0331570576190756 -1.4441661543945017 -1.1699142348185001 -1.626187567717057 -2.1052471413729754 -2.6021238937998721 -3.1208229836369212 -2.2390532178604885 -3.3482214803767865 -4.5827100778503089 -3.7130927082358181 -4.9637702133914328 -1.8662074561003483 -2.8749911843488776 -3.9160567004049476 -1.4866433262140137 -2.3177962817273108 0.76115371237332796 3.4772062638192804 9.2219509086430804 6.9964470201312405 3.6136827068809088 4.7325770143079673 5.7386563035551346 3.2971294802604563 4.15805793293723 2.1352570530338535 3.4606482659656823 4.1093915833268078 2.5094500642038717 2.8858537624698761 1.7287961862417947 1.8159893835054286 1.8633280232323219 1.8675286732203433 1.8241118606980848 1.0212514685275853 0.89055510523944492 0.7217178363185629 0.51642946556252367 0.27567558555851335 0 -0.31051839462508629 -0.65533374563364455 -1.0338236252329283 -1.4450673316572002 -1.170517278055569 -1.6269991432192228 -2.1062453235515979 -2.6032770476835996 -3.1220963906764903 -2.2393698765738974 -3.3485569652335001 -4.5828700539596809 -3.7112820085942748 -4.9611924182881655 -1.8594523935029583 -2.8667260433893937 -3.9059008945738154 -1.4719938594153632 -2.3006131685902753 0.78380624502478435 3.5105559506582726 9.2675739276097051 6.9678031437358605 3.5982871855141183 4.7208565135987426 5.7301968883407763 3.2894175563373578 4.1530855582973718 2.1306857734278255 3.4586307987514764 4.1091438036841108 2.5091037623339982 2.886577167751867 1.7292437197748964 1.8167169110497159 1.8642619813420351 1.8685986786874378 1.8252497639193292 1.0218708356292328 0.89112851819398109 0.72219967312248523 0.51678103917020657 0.27586454865275178 0 -0.31072802233762858 -0.65576759586555833 -1.0344901316237995 -1.4459683869845532 -1.1711201106886464 -1.6278103781398334 -2.1072429967982327 -2.6044294593344208 -3.1233687616230559 -2.2396851438048535 -3.3488901337782067 -4.5830264536052931 -3.7094661238410991 -4.958607493541515 -1.8526878036088874 -2.8584488281755132 -3.8957300512755726 -1.4573261668569046 -2.2834084944451543 0.80648398183466863 3.5439395628923389 9.3132380527786118 6.9391179663888662 3.5828664088250748 4.7091144171594763 5.7217191957942912 3.2816905466427793 4.1481010786639727 2.1261049601424045 3.4566061806011583 4.1088908351001541 2.5087538768517277 2.8872982541687668 1.7296898555449569 1.8174434079390711 1.8651951947806464 1.8696681696312885 1.8263873278738576 1.0224899904290869 0.89170181164498552 0.72268144870342654 0.51713258392483641 0.27605350369838938 0 -0.31093763985697859 -0.65620141719016589 -1.0351565759300236 -1.446869323172189 -1.1717227311858811 -1.6286212738703207 -2.1082401520238965 -2.6055811322628282 -3.1246401042379968 -2.2399990164385941 -3.3492209906064612 -4.5831792818422548 -3.707645068886309 -4.9560154391004207 -1.8459136959666744 -2.8501595296182538 -3.8855441606042502 -1.4426402336796831 -2.2661822824228994 0.82918695134647258 3.5773570783607007 9.3589432843540497 6.8761713635419035 3.5674203643547218 4.6973507118162479 5.7132232300006152 3.2739484661888607 4.143104480863113 2.1215146086330985 3.4545744028853003 4.1086326757877787 2.5084004127611057 2.8880170154910481 1.7301345921733102 1.8181688669482636 1.8661276633056123 1.8707371410478479 1.8275245509915226 1.0231089322250497 0.89227498263726224 0.72316316271672021 0.51748409965088837 0.27624244743385995 0 -0.31114724696931534 -0.65663521069891106 -1.0358229578388471 -1.447770134641617 -1.1723251403131989 -1.6294318305255733 -2.1092367942071055 -2.6067320585159615 -3.1259104079515412 -2.2403114923815886 -3.3495495355650777 -4.5833285389258744 -3.7058188361217104 -4.9534162390846923 -1.8391300851289045 -2.8418581390371256 -3.8753432119390134 -1.4279360729044324 -2.2489344939719254 0.85191512532307478 3.610808503905627 9.3886430164698762 6.7063265601214077 3.5361399391167034 4.6834412068012838 5.704709005205963 3.2661912904659856 4.1380957973700365 2.1169147123129481 3.4525354798501171 4.1083693207684693 2.508043367228209 2.8887334623650758 1.7305779284344751 1.8188932880007007 1.8670593838532306 1.8718056009410384 1.8286614316638805 1.0237276624723797 0.89284803155377401 0.72364481116040524 0.51783558732491752 0.27643138001234857 0 -0.31135684393313878 -0.65706897489823901 -1.0364892755120494 -1.4486708279415001 -1.1729273341260831 -1.6302420471864805 -2.1102329181778625 -2.6078822366385621 -3.1271796804995362 -2.2406225704083571 -3.3498757699561303 -4.5834742289921495 -3.7039874257004888 -4.9508099037577331 -1.8323369381607797 -2.8335446758866376 -3.8651272055862327 -1.4132136684467165 -2.2329267423338055 0.86562340112186698 3.6082961418719619 9.3691461046859903 6.5352614921025838 3.4429928380556665 4.6010051084742134 5.6403405079143827 3.2163639001982953 4.1022621300213009 2.0905442276010899 3.4359047934164368 4.0990676300586601 2.502821240559745 2.8876078268710175 1.7310198660645493 1.8196166735728743 1.8679903577511052 1.8728735404644195 1.8297979717546831 1.024346177775473 0.89342095732222493 0.72412639582802385 0.51818704442575247 0.27662030285081735 0 -0.31156643073887474 -0.65750271120511206 -1.0371555306601967 -1.4495713984124579 -1.1735293163392724 -1.6310519189511186 -2.1112285283657695 -2.6090316751834646 -3.1284479173630215 -2.2409322513358858 -3.3516568457425326 -4.5873196300405068 -3.7087765482134909 -4.958506167924754 -1.8403626661162209 -2.8454786036868116 -3.8815632047779891 -1.4326358362127538 -2.2572579841599758 0.84439769762007111 3.5900961086348553 9.3505345843373799 6.3793595497541453 3.3656464838274185 4.5344426288204636 5.5834026600348734 3.1659231862750414 4.0599366925949614 2.0536591129950463 3.4063363743828967 4.0757256617141913 2.4835117542011815 2.8731160544895671 1.7198190654902561 1.810937399254692 1.8614919560093719 1.868213569438655 1.8266442330725259 1.0218947803124747 0.89194191024812342 0.72334256395507956 0.51786341916322998 0.27655361852696342 0 -0.3117326846739274 -0.65799261982380175 -1.0381189829730062 -1.4511893381934797 -1.1754318079564801 -1.6338891618832905 -2.1151407662209896 -2.6141772748615546 -3.1349462037563689 -2.2478672808012607 -3.3605292867617331 -4.5978744758506638 -3.719339775725504 -4.9703389194636465 -1.850066484991284 -2.8557291396988536 -3.8919649161596857 -1.4406184812652889 -2.2648562710303084 0.83996373391006263 3.5888753458274976 9.3491951474445614 6.3301084219456776 3.3242396335086437 4.4974009961056591 5.5507032794127671 3.1353642106558124 4.0338622498980214 2.0300169507831076 3.3875331704970093 4.0611385232038595 2.4713528372300666 2.8645239156133959 1.7133123724258799 1.805808172179576 1.8576107137819278 1.8654225239689894 1.8247692285186337 1.0202674360062534 0.89094895039873134 0.72280380454825965 0.517628665255501 0.27649626156450302 0 -0.31184751171009328 -0.65831164089410654 -1.0387218636232323 -1.4521851620299329 -1.1763691205519677 -1.6353259855442088 -2.1171149375794593 -2.6167310517910254 -3.138069186366728 -2.2505003740431917 -3.3642038620591319 -4.602368431520798 -3.7227804104036299 -4.9737753926640886 -1.8498762095315102 -2.8543446691929129 -3.888732570897202 -1.4326716966421027 -2.2538858110210223 0.85716099027061432 3.6198293249726472 9.3982356559940357 6.3027960085455463 3.3093512680504786 4.4861156560918358 5.5426171444421515 3.1279730638021985 4.029163837937654 2.0256763614636859 3.3857071800201881 4.0610453725911828 2.4711270101110583 2.8653367069329918 1.7138216030991278 1.8065851560718704 1.8585827972649231 1.8665206137426011 1.8259266865847374 1.0208990406576213 0.8915285832558294 0.72328779201364268 0.51798004723818891 0.27668428628347536 0 -0.31205358254103893 -0.65873665111985391 -1.039372412798079 -1.4530605963630328 -1.1769342621553691 -1.6360853144061087 -2.1180439597203522 -2.6177950242158579 -3.1392308340455135 -2.2506799754625724 -3.3643419505442389 -4.6022580946879819 -3.7206128218864918 -4.9707400539171109 -1.8425476601890409 -2.8453753541161659 -3.8777243005653368 -1.417002425369936 -2.2354937834851154 0.88124008900184037 3.6553247751785047 9.4471728883186508 6.1649829109432623 3.2342723913861939 4.42914531739578 5.501725985965729 3.090633510461382 4.0053583169828046 2.0037215938688537 3.3763818293088934 4.0604321390339919 2.4698908571023499 2.8693268528189195 1.7163198332705056 1.8104328078945386 1.8634150374283196 1.8719904530863385 1.8316995024544787 1.0240475143548784 0.89442104388533461 0.72570471504061118 0.51973567393913356 0.27762409020016654 0 -0.31308439424053447 -0.66086297550405437 -1.0426275056596372 -1.4574414862140481 -1.1797652010608242 -1.6398886486922031 -2.1226970934948071 -2.6231242137811988 -3.1450492738016571 -2.2515885255244799 -3.3650429052977575 -4.6017141647540276 -3.7097775056594653 -4.9555582392040911 -1.8058886406227577 -2.8005017599432231 -3.8226425555250954 -1.3386031879782465 -2.1434711233040775 1.0017065334040725 3.832843862592421 9.6917368112898874 6.0251324457984383 3.1581522688268167 4.3712864192943082 5.460082391944467 3.0526671103858636 3.9810411988745806 1.9813559945394705 3.3667380524599562 4.0595788219049549 2.4684807131298747 2.8731971137421777 1.7187403069367782 1.8142199808326887 1.8682015475608003 1.8774268248031645 1.8374487780496616 1.0271804017866142 0.89730414145812543 0.72811662320204673 0.52148910896011413 0.27856330925292722 0 -0.31411582194362087 -0.66299108759036962 -1.0458859110533987 -1.4618276624831137 -1.1826035198503004 -1.6437013194191006 -2.1273612771493164 -2.6284659042725229 -3.150880967005623 -2.2525101855508254 -3.365755009629305 -4.6011746704225089 -3.6989354127786069 -4.940353790370251 -1.769184945896503 -2.7555617127942362 -3.7674676491747525 -1.2600850544337536 -2.0513077286460462 1.1223343529552612 4.0104988920872557 9.9362029689726299 5.883307204035253 3.0810174787543687 4.3125617976019637 5.417705905734338 3.0140904826279198 3.9562264640517872 1.9585911764385109 3.3567852455925395 4.0584928270657281 2.4669021824707773 2.8769515302152744 1.7210856974333733 1.8179487782454946 1.8729438990224276 1.8828308643776841 1.8431752577860785 1.030298139083593 0.90017806783854781 0.73052354289046584 0.52324029895760771 0.27950187918379599 0 -0.31514769367607987 -0.66512056474747117 -1.0491468965949817 -1.4662179679843974 -1.18544755499736 -1.6475210681915298 -2.1320335673596982 -2.6338163555477805 -3.1567212763612504 -2.2534393220316353 -3.3664703351883474 -4.6006288824808586 -3.6880726314830943 -4.9251090722354283 -1.7324146896880841 -2.7105284525075173 -3.7121673832813142 -1.1814095635303574 -1.958958005240403 1.2431774374101929 4.1883724212446793 10.18070299741442 5.7395663656561737 3.0028930140850165 4.2529928821493197 5.3746148459763887 2.9749191961559229 3.9309272106070172 1.9354379628597254 3.3465322114888312 4.0571810738876062 2.4651605289483052 2.880593901994795 1.7233585338464112 1.8216211831141702 1.8776436020268783 1.8882036395100956 1.8488796706333595 1.0334011574618924 0.9030430123059503 0.73292552226343721 0.52498920683209649 0.28043974781409586 0 -0.31617985644428576 -0.66725104091082343 -1.052409812683792 -1.4706113818349011 -1.1882958200320193 -1.651345882731627 -2.1367113333632179 -2.6391722304694132 -3.1625660543817635 -2.2543709223672401 -3.3671817592503634 -4.6000672479228326 -3.6771766932711283 -4.909808285287669 -1.6955582842178443 -2.6653780921633756 -3.6567129781927674 -1.1025423872514606 -1.8663812089123364 1.3642839282525079 4.3665380991664584 10.425354169005931 5.372193434944915 2.803402686954036 4.1005056792770285 5.26387081969985 2.8744827417108829 3.865637720767666 1.8759205848768941 3.3196385528123051 4.0529554033462727 2.4601240978240457 2.8892321809273542 1.7287384273631003 1.8305674764479458 1.8892153253388806 1.9015053660108099 1.8630486204709713 1.0410970274134228 0.91016740862001888 0.73890922527782366 0.52935136705919039 0.28278109597112872 0 -0.31876070778112531 -0.67257957696615833 -1.0605719354970302 -1.4816028028613129 -1.1954267353298063 -1.6609188252232316 -2.1484149734663958 -2.65256681570773 -3.1771742642695169 -2.256682393404684 -3.3689032017851002 -4.5985398207090773 -3.6497215173508373 -4.8712219492959026 -1.6029300327569611 -2.5518552574052125 -3.517240498831808 -0.90434244678454068 -1.6337168143404142 1.6684729220389132 4.8136435367000319 11.038300382848153 5.155940341734162 2.6847063902913746 4.0098434125029305 5.1981255084258873 2.8148349380981537 3.8270150058660248 1.8407025481259054 3.3039517174378705 4.0508220677594995 2.4574550710451746 2.8947162865916067 1.7322118128639596 1.836153203197501 1.8963481335897161 1.9096482096804679 1.8716846662518893 1.0458225784579862 0.91452434874544941 0.7425581461515105 0.53200570330649732 0.28420324161379085 0 -0.32032250129578782 -0.67580035535842675 -1.065499880768803 -1.4882306757397321 -1.1997359736128546 -1.6666864798718353 -2.1554489446116842 -2.6605970432714487 -3.1859085376069092 -2.2580082274216862 -3.369795330786479 -4.5973745613850179 -3.6328638990526869 -4.8475228390140419 -1.5466123208279179 -2.4827947140412339 -3.432376341341735 -0.78399462318488233 -1.4924351601424681 1.8529463375865043 5.08451698383357 11.409193425624135 5.1913258793788906 2.6988858305961769 4.0218690791363034 5.2083040613773912 2.8234206952827603 3.8341987108261351 1.8466504309571392 3.3088053364977914 4.0547123363172632 2.4605016209250619 2.8970331953812209 1.7339071335082914 1.8375767089962611 1.8975227423114844 1.9105991719753523 1.8724376119031381 1.046398226708755 0.91494245488969339 0.74284334953501929 0.5321785578601651 0.28428126640825113 0 -0.32037714106719956 -0.67589593903569178 -1.0656232432887163 -1.4883642343242078 -1.1998651386569743 -1.6667999341875335 -2.1555339693671645 -2.6606386001570832 -3.1858971285077797 -2.2579346775072788 -3.3695619392336926 -4.5969486046635994 -3.6322138548589291 -4.8466223812107314 -1.5454398164865604 -2.481327286242613 -3.430593943261488 -0.78187144185590285 -1.4899392117909163 1.8558580430844225 5.0888127971972192 11.415773998691298 5.2130089657821559 2.707660777770887 4.0293275522231964 5.2146317934893185 2.8287716885141618 3.8386883416466673 1.8503793202810093 3.311859099481413 4.0571701517894629 2.4624359116131669 2.8985129539427001 1.7349977278580153 1.8384963264268555 1.8982852626702038 1.9112198473927038 1.8729319823699757 1.0467788205328985 0.91522125130609322 0.74303526063515801 0.53229603137011305 0.28433491490447294 0 -0.32041661447580755 -0.67596658752842875 -1.06571708863415 -1.4884706102114105 -1.1999752079009387 -1.6669068309041004 -2.1556299698355748 -2.6607145936930863 -3.1859473138637115 -2.2579534969359689 -3.3694964245164281 -4.5967788423747145 -3.6319206081403173 -4.8461895643495927 -1.5448542587550338 -2.4805748856750371 -3.4296624450492867 -0.7807449466614923 -1.4885981770242447 1.8574398976050368 5.0912069068129622 11.419528245256577 5.2263651535776745 2.7131451543812979 4.0340040190893527 5.2186127948626186 2.8321503328558459 3.841534384348384 1.8527535324278699 3.3138132525334809 4.0587521046038546 2.4636893538589986 2.8994795864357794 1.7357170487399622 1.8391062591002936 1.898794214763569 1.9116370428833989 1.8732668003353248 1.0470388560819976 0.91541372839328972 0.7431692222879468 0.53237900360472434 0.28437332056501352 0 -0.32044643195692402 -0.6760211995350397 -1.0657916556338427 -1.4885586820739811 -1.2000714078291246 -1.6670069932203926 -2.1557294255855601 -2.6608077972567479 -3.1860307435792627 -2.2580237616680989 -3.369527237700741 -4.5967580360075289 -3.6318364731350017 -4.8460322432444984 -1.5446156410370064 -2.4802462793657849 -3.4292362840810573 -0.78021141314545628 -1.4879452216751783 1.8582283885838684 5.0924627132156148 11.4215852072168 5.2346529618991493 2.7166195662223758 4.0369798376608044 5.2211579769076248 2.8343210385877917 3.8433728060519625 1.8542963375115744 3.3150915988481153 4.0597947883964878 2.4645228353038147 2.9001289623595077 1.7362061324057878 1.8395238295753655 1.8991453217311192 1.9119272555794808 1.8735018079909924 1.0472232239325816 0.91555181998039559 0.74326650344768086 0.53244002776439814 0.28440196785552196 0 -0.3204698819639672 -0.67606505794712524 -1.0658529966952071 -1.4886335781025186 -1.2001566275764803 -1.6671000107279761 -2.1558273782066806 -2.6609073299184223 -3.186129703711599 -2.2581201240363256 -3.3696103265794286 -4.5968204397905748 -3.6318709965902651 -4.8460328330071611 -1.5445773332713233 -2.4801635760029503 -3.4291044657432268 -0.7800244788060553 -1.4876955976071984 1.8585506045210651 5.0930452787313802 11.422631941478977 
end_dependent_variable

end_regular_table
