# ****************************************************************************
# CUI
#
# The Advanced Framework for Simulation, Integration, and Modeling (AFSIM)
#
# The use, dissemination or disclosure of data in this file is subject to
# limitation or restriction. See accompanying README and LICENSE for details.
# ****************************************************************************

# ##################################################################################################
# 
# This file was auto-generated by AFSIM Mover Creator 2.8.0.201104
# 
# Creation Date:  05 Nov 2020
# 
# ##################################################################################################

regular_table

independent_variable mach precision double
0.10000000000000001 0.5 0.70000000000000007 0.75 0.80000000000000004 0.84999999999999998 0.90000000000000002 0.92000000000000004 0.94000000000000006 0.95999999999999996 0.97999999999999998 1 1.02 1.04 1.0600000000000001 1.0800000000000001 1.1000000000000001 1.2 1.3 1.4000000000000001 1.5 1.75 2 2.5 3 3.5 4 
end_independent_variable

independent_variable surface_angle units deg
-40 -30 -28 -26 -24 -22 -20 -18 -16 -14 -12 -10 -9 -8 -7 -6 -5 -4 -3 -2 -1 0 1 2 3 4 5 6 7 8 9 10 12 14 16 18 20 22 24 26 28 30 35 40 
end_independent_variable

dependent_variable precision double
-1.4914329036867844 -46.494904851223986 -64.349054261636311 -51.574740718768084 -64.554695664366946 -51.398657450682464 -39.735864735123961 -58.837434808373459 -45.380936182069071 -48.105918632889271 -35.657035238835689 -25.590038497090745 -30.436583072521827 -25.233633942764946 -20.028481765049126 -15.283668801039036 -10.981723772003507 -12.119503129046935 -8.5618378762217553 -5.3485499327717827 -2.4893245206702885 0 2.1808256885300912 4.0111235127870435 5.4802913714231289 6.5507819170314665 7.1858038723219932 12.343613304184121 12.027114313312552 11.2266199726204 10.424621992446829 9.1923054496022445 16.861101060622168 12.268152939158496 20.763408902663802 13.958363198617006 2.5131000192589399 13.55467532711047 4.4877270237658209 17.194076946462502 7.2904714157209165 -2.5388646360386482 2.909416497795239 12.566351661496729 -1.4800083808589788 -46.487728022743326 -64.342458917695183 -51.569016395558833 -64.549525405563017 -51.39426937137565 -39.732198180139214 -58.834038515830869 -45.378179717167171 -48.103602882562015 -35.655249953216163 -25.588716384003821 -30.435398116784334 -25.232647457226658 -20.027675177037032 -15.283027654474573 -10.981231901772924 -12.119119538985919 -8.5615730066612876 -5.3483899634791463 -2.4892535700518406 0 2.1807681833514647 4.0110241077796243 5.4801655403252125 6.5506470901381295 7.1856731359816353 12.343498900439892 12.027039562554554 11.22659778886379 10.424667408256791 9.1924332192576887 16.861462463096945 12.268795121764896 20.764443852906293 13.959810151438889 2.5149807892407114 13.557217595319425 4.4908757967484805 17.198069416038848 7.2951980953886695 -2.5333551437086772 2.9174016963413871 12.577243200232413 -1.4812637450672892 -46.488404310481997 -64.343026981176862 -51.569506346890641 -64.549924187246432 -51.394603014666544 -39.732472375353701 -58.834231084829135 -45.378327355952258 -48.103701714529485 -35.65531686447099 -25.588757154730718 -30.435423053277319 -25.232663598852024 -20.027683913183697 -15.283030613500227 -10.981230629825919 -12.119113821607103 -8.5615662866859434 -5.3483839567081306 -2.4892498588873107 0 2.1807627198769626 4.0110115926840209 5.4801443558461216 6.5506157737407396 7.1856299265478309 12.343441988598249 12.026967891327834 11.226509597133875 10.424561094218078 9.1923071514887837 16.861293874716601 12.268576729842497 20.764173282051448 13.959478311647333 2.5145790643607824 13.556752100500605 4.4903326881420105 17.1974558402406 7.2944966076786315 -2.5341504562756412 2.9163689182637107 12.575949784843475 -1.4815132049718958 -46.488540092739782 -64.343141781159886 -51.569605371871333 -64.550005492795151 -51.394671135062474 -39.732528477867362 -58.83427162016158 -45.378358639925466 -48.103723265631594 -35.655331789806603 -25.588766564891852 -30.435429306548702 -25.232667968712512 -20.027686653154646 -15.283032049610606 -10.981231075849889 -12.119113288395274 -8.561565405488615 -5.3483830672771022 -2.4892492657098964 0 2.1807617822883656 4.0110093927544002 5.4801405813650792 6.5506101355075597 7.1856220666199793 12.343431533459373 12.026954667368145 11.226493238751583 10.424541265427182 9.1922835063462518 16.861261984640983 12.268535248336701 20.764121497825958 13.959414604514333 2.5145016874994335 13.556661921449228 4.4902272569601287 17.197336139355365 7.2943594886254743 -2.5343060862171516 2.9161656763484141 12.575694074986494 -1.481744100883978 -46.488666169189187 -64.34324860938996 -51.569697613815492 -64.550081379676044 -51.394734764071082 -39.73258083857948 -58.834309780103645 -45.378388118356888 -48.103743796520909 -35.655346017639367 -25.588775611493674 -30.435435492418645 -25.232672324275732 -20.027689471250007 -15.283033612864628 -10.981231675569585 -12.119112949473227 -8.5615647096452658 -5.348382313797857 -2.4892487544226878 0 2.1807609560781076 4.0110074467290948 5.4801372166542013 6.5506050806543321 7.1856149782344536 12.343422120489846 12.026942677569807 11.226478368817922 10.424523221753407 9.192262019581884 16.861232918277512 12.268497295194544 20.76407409265207 13.959356150609279 2.5144307495187581 13.556579097325471 4.4901303428702084 17.197225929819378 7.2942332232477813 -2.534449510369321 2.915978024592095 12.575457537777533 -1.4819589501454637 -46.488783729567849 -64.343348454421587 -51.569783795756791 -64.550152434077376 -51.394794365332572 -39.732629900705604 -58.834345781667523 -45.378415958218262 -48.10376332404774 -35.65535964243341 -25.588784364490692 -30.435441502891628 -25.23267663541526 -20.027692305685104 -15.283035236371452 -10.981232405241309 -12.119112770757265 -8.5615641510302396 -5.3483816842708922 -2.489248312643221 0 2.1807602147260154 4.0110056905256668 5.4801341731214279 6.5506004928880239 7.1856085554382156 12.343413518124841 12.026931750110181 11.226464789979401 10.424506721419583 9.1922423095094477 16.861206226793811 12.26846237920244 20.76403037515432 13.959302263662883 2.5143652582898763 13.556502616086378 4.4900406458413036 17.197123849306404 7.2941161877834109 -2.5345825261040722 2.9158038919321023 12.575237801911124 -1.4821597165894278 -46.488893922764099 -64.343442131199581 -51.569864616219355 -64.550219305504086 -51.394850380020117 -39.732676050272232 -58.834379791825036 -45.378442329545088 -48.103781911018039 -35.655372681039118 -25.588792754949633 -30.435447357115812 -25.232680840857075 -20.027695108972566 -15.283036930854049 -10.981233181379189 -12.119112720461491 -8.5615637292605786 -5.3483811465273394 -2.4892479240955794 0 2.1807595539237594 4.0110041065278317 5.4801314132364141 6.5505963028923802 7.1856026795128134 12.343405673515502 12.026921715719736 11.226452314584272 10.424491541541387 9.1922241532446183 16.86118158696932 12.268430095951716 20.763989925605536 13.959252321743618 2.5143044892472335 13.556431512665789 4.4899573478649453 17.197028788756281 7.2940072854270017 -2.5347062915008176 2.9156415320582156 12.575032722795777 -1.4231606625009929 -46.528827183413313 -64.41593530549855 -51.628055959142493 -64.632292195201842 -51.460413600182676 -39.782975262567476 -58.915051739992435 -45.440495601781159 -48.17104433065056 -35.705053206259699 -25.623455227536489 -30.477622674617884 -25.267488048758494 -20.055386331883945 -15.304168125016798 -10.996366240387347 -12.136202490815132 -8.5736178029487231 -5.3558972447367976 -2.4927419635061461 0 2.183771589462896 4.0165145689280246 5.4876186585203142 6.5595202805899362 7.1953777359475595 12.360915612389165 12.044113475645455 11.24271500489448 10.439585571843688 9.2055963961159133 16.885831036797541 12.286802599739339 20.797030633181379 13.983475214364798 2.5225669509991926 13.585486829655459 4.5086130443475092 17.242316322330044 7.3294046766374468 -2.5092233790695468 2.9673568316017223 12.664358167521305 -1.3640842944592266 -46.568770656403011 -64.488466198055846 -51.686277643746195 -64.714416112288532 -51.526017792663744 -39.833305548563835 -58.99577867548593 -45.502591134316113 -48.238353726845055 -35.754768420145687 -25.658141118245553 -30.519827163874783 -25.302319222878435 -20.083096649318939 -15.325313890759684 -11.01150970188977 -12.153304325619324 -8.5856803557899841 -5.3634186183094466 -2.4962384556400568 0 2.1867857021920867 4.0220287875291696 5.495111008800035 6.5684503133884098 7.2051594125320229 12.378437959460758 12.061317514072382 11.258989522320446 10.454690588684002 9.2189784098482104 16.910498688692943 12.305188979238221 20.830097562166891 14.007718769818721 2.5308389990751601 13.614570048801788 4.5272910527515533 17.287650597786186 7.3648443963652079 -2.4837026781190454 3.0191383222258033 12.753786583684388 -1.304930507072775 -46.608724280459143 -64.561034792940205 -51.744529575668409 -64.796590899902597 -51.591662779768576 -39.883666840859867 -59.076560654677614 -45.564728892836477 -48.305710045067599 -35.80451819953624 -25.692850429527773 -30.562060815082663 -25.33717434575378 -20.110826103250261 -15.346474232371889 -11.026663581817699 -12.170418199445336 -8.597751389775766 -5.3709452778916509 -2.4997373925316855 0 2.1898018903497016 4.0275468004743571 5.5026084437019573 6.57738640067506 7.2149477310184871 12.395972750269225 12.078533904529364 11.275275888308082 10.46980655560427 9.2323702547964395 16.935184410303584 12.32358929694788 20.863190791605575 14.031983004036633 2.539120798302311 13.643681345348538 4.5459914564097756 17.333031623703068 7.400326470345381 -2.4581441898747931 3.0709860492732499 12.843317895305209 -1.2456993926611966 -46.648688036791008 -64.633641213108248 -51.802811821085122 -64.878816729611387 -51.657348763293037 -39.934059332673051 -59.157397706570549 -45.626908881222953 -48.373113401126155 -35.854302532380814 -25.72758303781384 -30.604323653874498 -25.372053421571604 -20.138574651909448 -15.367649164865558 -11.041827874145861 -12.187544111680431 -8.6098309153226555 -5.3784772079606551 -2.5032387767213526 0 2.192820154178285 4.0330685829476014 5.5101109880931309 6.5863285486794148 7.2247426796627616 12.41351996867907 12.095762594320728 11.291574046995889 10.484933541742041 9.2457718461981777 16.959888273524353 12.342003462386986 20.89631023714351 14.056267929477594 2.5474122941467483 13.672820560800188 4.5647143014819571 17.378459417237426 7.4358509855871091 -2.4325478318210796 3.1229001683801321 12.932952159981372 -3.1084205940777063 -46.688661949091234 -64.706285189362632 -51.861124290127741 -64.96109331710332 -51.723075464644474 -39.98448291003367 -59.238289775609601 -45.689131177293568 -48.440563652252195 -35.904121448295186 -25.762339090774198 -30.646615652983346 -25.406956448595803 -20.166342308674658 -15.388838697125422 -11.057002578976375 -12.204682055890832 -8.6219189214013294 -5.3860144259284972 -2.506742614808783 0 2.1958404930523305 4.0385941278513258 5.5176186365099529 6.5952767515804407 7.2345442428399647 12.431079618366736 12.113003575072353 11.307884031165479 10.500071513498714 9.2591832620757053 16.984610186852674 12.360431576249214 20.929455851191186 14.080573472408501 2.5557134190027773 13.70198774417597 4.5834594764493382 17.423933891788614 7.4714177390690626 -2.4069136644149602 3.174880443028643 12.689754036089727 -5.1033871525380095 -47.625135896659629 -65.419009073581975 -51.919467006080389 -65.043420935660635 -51.788843188967626 -40.034937527598935 -59.319236826255825 -45.751395654211059 -48.508060866459907 -35.953974938088265 -25.797118460958831 -30.68893685591377 -25.441883402316758 -20.194129058227382 -15.410042790242468 -11.072187653111046 -12.221832082627627 -8.634015404488526 -5.3935569127236329 -2.5102488992496101 0 2.1988629042528025 4.0441234535677424 5.5251313554048851 6.6042310021784374 7.2443524315794248 12.448651684932821 12.130256876808522 11.324205821209157 10.515220412970317 9.2726044236918757 17.009350269772931 12.378873565618452 20.962627780193564 14.104899714936577 2.5640241489735218 13.731182969004736 4.6022269090085492 17.469455128238366 7.4075200736165021 -2.6096196765238213 2.5259003144869903 11.578713267213329 -7.1062736441104279 -48.671614176718222 -66.417289092247302 -53.26158971625857 -66.169905077050615 -52.699341642891021 -40.759973792259451 -59.932497485158997 -46.226767032575324 -48.891752725512788 -36.242115065098467 -25.831921239053322 -30.731287209357347 -25.476834350952902 -20.221934934268344 -15.431261464947742 -11.087383162827955 -12.238994129084917 -8.6461203643289384 -5.4011046837922256 -2.5137576428730859 0 2.2018873867457014 4.0496565359957284 5.5326491772021074 6.6131913020563173 7.2541672348518134 12.466236167866706 12.147522466237001 11.340539404872114 10.530380331761544 9.286035389971893 16.92085996227004 12.250676053546027 20.805103029183975 13.880789125944291 2.2516861724519539 13.349406417864879 4.1001104685171903 16.864000562220024 6.7341677933786412 -3.3447522866332009 1.6439283453902882 10.462674096883553 -8.777404403943315 -49.381586493669914 -67.0788354399821 -53.837425132982482 -66.70161562086713 -53.156497406795005 -41.144437110098657 -60.294948805906877 -46.516989813037071 -49.138546691692731 -36.420899654102591 -26.131059306766179 -30.991166898226744 -25.68668266127041 -20.392590621062393 -15.561965104981647 -11.18242524607864 -12.309947414331882 -8.6966054344297081 -5.4289872366130654 -2.5227504946245416 0 2.2124496938067018 4.0674389256118735 5.5544184896639948 6.6293028251667439 7.2666944818133405 12.479349882172926 12.144825659785729 11.323175713862762 10.495125698654421 9.2291740438582757 16.933357345386426 12.22143821057797 20.753613613131598 13.777297504650713 2.0883639678671932 13.159209687066049 3.8500505709336426 16.591774731830927 6.3980110044900282 -3.7429503163953188 1.0981052355040628 9.6813151139493794 -8.5839631247478714 -49.560678312767521 -67.312405517960912 -54.070607762116367 -66.96343860364955 -53.404080672107355 -41.371533333815137 -60.544237629913603 -46.732201693696027 -49.342067949223207 -36.583298277285749 -26.257155560749432 -31.111613055661437 -25.78620472856057 -20.477679092662175 -15.628002232276385 -11.230273631972199 -12.348097691989052 -8.7261902155730446 -5.4448197990479796 -2.5263459820467711 0 2.2204303106756527 4.0816044292888085 5.5730002345042084 6.6438865336327497 7.2814188004721583 12.49985179753209 12.156367225635037 11.328963058242097 10.493793279069243 9.2190894430094641 16.913672584033186 12.173082954874509 20.699143752470718 13.691353672024077 1.9670707162952659 13.040913308694757 3.7072173162226933 16.467575233410255 6.2588063136317533 -3.8889327917979375 1.0039554966585487 9.7012992280051389 -8.48173405776304 -49.584766914336868 -67.371613916859303 -54.117427198640804 -67.036084974493519 -53.461624058775271 -41.415085762555286 -60.619573282756392 -46.78990706605768 -49.405982913155057 -36.630414421720772 -26.289887713691247 -31.152267441125947 -25.81978013283803 -20.504327838223382 -15.648326320967753 -11.244816067110968 -12.364843326740013 -8.7379773915809658 -5.4522099249994458 -2.5298348669699617 0 2.2233782792755039 4.0870071195833733 5.5803555039759871 6.6527731475933756 7.2911841247506732 12.517450869407091 12.173806146871767 11.345573333424044 10.509357588059141 9.2330782210110343 16.93948865773287 12.193154799470886 20.734617705597742 13.718736982351274 1.9792322063421575 13.075014934043978 3.7319582996671308 16.520304072207455 6.3029393658068846 -3.8534588219226742 1.0703958445325983 9.81250164777083 -7.9830953922407248 -49.710392615533287 -67.67252051888957 -54.3556517517722 -67.403196590815341 -53.752597008969857 -41.635526697117484 -60.998912023020367 -47.080554322247217 -49.727446345873574 -36.86741593576518 -26.454569745127824 -31.356535319805197 -25.988469412128865 -20.638237375906762 -15.750458378173027 -11.317897909105506 -12.448893546141244 -8.7971472189799886 -5.4892939131155511 -2.5473252624365865 0 2.2381743209120768 4.114119810496045 5.6172611839890418 6.6973240596357764 7.3401292195051617 12.605636129295792 12.261140457873188 11.428723492282007 10.587223814040698 9.3029992190364652 17.068523989809773 12.293229067516359 20.91169383376457 13.855036639178357 2.0389978446625516 13.244453534626427 3.854172811579927 16.782469147562757 6.5216457445509075 -3.6785304735493352 1.3991510537937477 10.363381003849373 -7.5039177099566405 -49.844135579220499 -67.98108987707019 -54.600374100568487 -67.776450274303627 -54.048722189102499 -41.860202156192585 -61.382493950925685 -47.374580123974063 -50.051933778220025 -37.106690719864162 -26.62088359930107 -31.562404204462489 -26.158464397871036 -20.773216867650881 -15.853412277052755 -11.391573299988002 -12.533465789495487 -8.856695616053452 -5.5265944245510594 -2.5648913271974054 0 2.2530612865264366 4.141393128248426 5.6543764028465349 6.7420683032829674 7.3892693040932258 12.694136941314227 12.348711989289157 11.512045965492748 10.665176406806935 9.3728992623604697 17.197516815061906 12.39288021480737 21.088352422221011 13.990405289006823 2.0971521176067385 13.412266185589235 3.9740966934805977 17.042399572871513 6.7373614516401803 -3.5073551378352414 1.7226242546940553 10.906386880301689 -7.0424397089728794 -49.985332934632716 -68.296754981832933 -54.851109777724631 -68.155434551378193 -54.349650298321833 -42.088819668561527 -61.770076260928725 -47.671787670246026 -50.379288231202679 -37.3481190333043 -26.788739974399636 -31.769799798278331 -26.329704761173751 -20.909215715393572 -15.957148795581457 -11.465813682480144 -12.618541068232153 -8.9166082510580225 -5.5641041855664577 -2.5825319347674349 0 2.2680356896893676 4.1688210776860339 5.6916936294579754 6.7870019618470581 7.43860128979248 12.782952068747948 12.436526231273904 11.595550495118452 10.743230556193069 9.4427998959577497 17.326508578230623 12.492173405267277 21.264684644700385 14.124966508305105 2.1538534910831779 13.578652225691155 4.0919748311664446 17.300387725399187 6.9504344746190201 -3.3395310061592691 2.041402421927287 11.442387115694348 -6.597044367297844 -50.133377498896841 -68.618996713359181 -55.10741517755244 -68.539772991084021 -54.655061945679371 -42.321111509548793 -62.161436883643319 -47.971996726529703 -50.70936592527994 -37.591591284396237 -26.958057271780628 -31.978654039577762 -26.502135340079917 -21.046187516302176 -16.06163210988997 -11.540592894097479 -12.704102153622237 -8.97687201977371 -5.6018165728206757 -2.6002460507642393 0 2.2830943468313811 4.1963982230353425 5.7292060585749782 6.8321214324143318 7.4881224499080199 12.872080564913 12.524588191448588 11.679246165035986 10.821400197448311 9.5127210155100332 17.455537312114345 12.591168283049422 21.440773778754377 14.258833332363816 2.2092467832285156 13.743794227070358 4.2080311996464079 17.556700894775631 7.1611828686618058 -3.1746910041127396 2.3560230085057565 11.972177212543857 -5.5444784604259265 -50.529913493734227 -69.450355012589569 -55.769966154069614 -69.521853334175461 -55.436348710618113 -42.916360496882028 -63.155075888144147 -48.734603890143532 -51.545639245267388 -38.208576663996965 -27.387267889973714 -32.506776064477464 -26.938098042492353 -21.392604663074472 -16.32589995031848 -11.729746814215344 -12.9200298171999 -9.1289914973282702 -5.6969455370090802 -2.6448467967623213 0 2.3210913075910953 4.2659623924379897 5.8238015757331061 6.9457125800710511 7.6127374801908285 13.096267463321746 12.745856867609648 11.889374344493284 11.017411337830769 9.687730177707909 17.778491867048569 12.837697953142877 21.880418825195861 14.591118948750129 2.3428495309703075 14.152265435288399 4.4915018693877755 18.191706717631902 7.6797301580063086 -2.7735121524982604 3.1275108642503402 13.274123771154109 -4.8101563600716251 -50.734921393326616 -69.92324351485766 -56.14522040237842 -70.094150831780794 -55.890578102622456 -43.261125976297642 -63.743191425444778 -49.185483772337044 -52.043092981093679 -38.575418463645285 -27.642147019011578 -32.822181820726328 -27.198513093652657 -21.599418311263619 -16.483651494074927 -11.842631886395719 -13.049564662295348 -9.2202128227251627 -5.7540642254605991 -2.6717149579373212 0 2.3438970324345627 4.3077394395374862 5.8806499744882768 7.0141733067231078 7.6879261893004323 13.231755155084171 12.879866997102068 12.016897827643568 11.136685785086751 9.7946497699178607 17.975721557939064 12.989853995982523 22.150612538308781 14.797958395864415 2.4312885603713017 14.40886687554821 4.6747561663658885 18.589993265918832 8.0104266218781905 -2.5106822976907721 3.6246851240608891 14.109289215596924 -4.2931643335896705 -50.552911546628557 -69.767801531473594 -56.012502245015931 -69.981791424508131 -55.795308536526015 -43.18147716535001 -63.677177013254735 -49.132116868957624 -52.000649901743138 -38.543186249091526 -27.618255738651012 -32.802328392561975 -27.182434445240659 -21.585986078551265 -16.473297518644831 -11.835081739681423 -13.044540398855638 -9.2164691689100451 -5.7521397067057913 -2.6713241884732968 0 2.3430718836213074 4.3063669686337329 5.8789977224751064 7.0133341370046463 7.6874482109166085 13.231909522269785 12.881602066090364 12.019888618782707 11.141205631669681 9.8009792866362915 17.98710409987763 13.007278766183301 22.174827651985975 14.830335799262787 2.4726361823832428 14.460517615534661 4.7378492109073855 18.665536174739476 8.1003063801901671 -2.4053132170519596 3.7836510593497179 14.357320995873813 -3.979831008443766 -50.442653175224514 -69.67364026984005 -55.932107606418349 -69.91372980058992 -55.737598488137891 -43.13322909551276 -63.637186606186404 -49.099787305268222 -51.974936688779231 -38.523658308642929 -27.603780031966167 -32.790298704819534 -27.172691910719031 -21.577846294275414 -16.46702289325648 -11.830505942238089 -13.041495274235517 -9.2141997685666137 -5.7509729499973083 -2.6710872819605704 0 2.3425711904391693 4.3055337922825876 5.8779939796132643 7.0128224259836713 7.6871540597675923 13.231997192659717 12.88264640811178 12.021692337676789 11.143933983530077 9.8048022762949696 17.993984878735162 13.017816333964374 22.189474292825764 14.849922777251683 2.497652229499598 14.491769899851498 4.7760277598462588 18.711250920335548 8.1547006041725165 -2.3415412867523751 3.8798836695781151 14.507521434232499 -3.7900057392750877 -50.37590483786736 -69.616638774059126 -55.883440994018876 -69.872529787747268 -55.702664083186953 -43.10402176089066 -63.612976716121366 -49.080214246699398 -51.95936826166303 -38.511834001279887 -27.595013932507939 -32.783013514725901 -27.166791498675977 -21.57291596521998 -16.463221923956961 -11.82773393262214 -13.03965043535249 -9.2128244369309833 -5.750265713505506 -2.6709436683694858 0 2.3422672922494372 4.305027739536512 5.8773837386547987 7.0125094790220031 7.6869718179986419 13.232044812803377 12.883272345437565 12.022776505272997 11.145576459780324 9.8071058790432097 17.998136889579428 13.02417856591553 22.198320308954418 14.86175524427477 2.51276671297529 14.510655233881549 4.799101307467577 18.738881153004989 8.1875801840954789 -2.3029897422898102 3.9380795598522256 14.598401052163847 -3.6750724851942178 -50.335535384463611 -69.582166252843408 -55.854010489120256 -69.847614638554859 -55.681537620401542 -43.086358435522442 -63.598334195960959 -49.06837535100798 -51.949950451484732 -38.504680644842601 -27.589709775623064 -32.77860493669867 -27.163220684893851 -21.56993156700598 -16.46092094833331 -11.826055654459255 -13.038533281896532 -9.2119912299428162 -5.7498371845508274 -2.6708566336977451 0 2.3420827884470703 4.3047201432029842 5.8770121907303707 7.0123173057519361 7.6868575802049479 13.23206853096414 12.883645001400934 12.023425208458795 11.146561526824511 9.8084892682154781 18.000635379527218 13.028010813060856 22.203650900482629 14.868888696860463 2.5218808234662236 14.522045302315043 4.8130196960954024 18.755551277199828 8.2074204638714736 -2.2797238860849136 3.9732200498340502 14.653319792165592 
end_dependent_variable

end_regular_table
