# ****************************************************************************
# CUI
#
# The Advanced Framework for Simulation, Integration, and Modeling (AFSIM)
#
# The use, dissemination or disclosure of data in this file is subject to
# limitation or restriction. See accompanying README and LICENSE for details.
# ****************************************************************************

# ##################################################################################################
# 
# This file was auto-generated by AFSIM Mover Creator 2.8.0.201104
# 
# Creation Date:  05 Nov 2020
# 
# ##################################################################################################

regular_table

independent_variable mach precision double
0.10000000000000001 0.5 0.70000000000000007 0.75 0.80000000000000004 0.84999999999999998 0.90000000000000002 0.92000000000000004 0.94000000000000006 0.95999999999999996 0.97999999999999998 1 1.02 1.04 1.0600000000000001 1.0800000000000001 1.1000000000000001 1.2 1.3 1.4000000000000001 1.5 1.75 2 2.5 3 3.5 4 
end_independent_variable

independent_variable surface_angle units deg
-40 -30 -28 -26 -24 -22 -20 -18 -16 -14 -12 -10 -9 -8 -7 -6 -5 -4 -3 -2 -1 0 1 2 3 4 5 6 7 8 9 10 12 14 16 18 20 22 24 26 28 30 35 40 
end_independent_variable

dependent_variable precision double
12.510358436218787 -2.6561942587049754 7.2091092048396321 17.125512912157113 4.4247340846706447 13.50079028021211 2.4610166579776749 13.920709968387486 20.727200468409855 12.24900266637937 16.839844290414707 9.1769774214915625 10.412721947813701 11.217825012066744 12.038094388955264 12.338867859340736 7.1830187658899947 6.5494153925182657 5.4796956779436767 4.0110573419269038 2.1806693393206751 0 -2.4891681769500056 -5.3467485337384915 -8.5578072880633282 -12.114701917675889 -10.97386246140219 -15.27228446887719 -19.994380631424097 -25.216735547740146 -30.415226847904751 -25.564025427343203 -35.623997427888099 -48.052027003116237 -45.33042988495481 -58.77051428074347 -39.667822571841782 -51.313402769462805 -64.456602851810501 -51.456928467018081 -64.207255315628629 -46.354257089254439 -36.172679416111478 -0.3256158050796456 12.521195465565926 -2.6506859796010533 7.2138328351025169 17.12950290421966 4.4278810766211247 13.503330955295951 2.4628965966749314 13.922155424080254 20.728234682342599 12.249643087357038 16.840205098531268 9.1771046264045797 10.412766881090576 11.217802418284663 12.038017386886809 12.338753121142355 7.1828877737305072 6.5492803917598321 5.4795696732359715 4.0109578481997765 2.1806118336952589 0 -2.4890972283740256 -5.3465886515060586 -8.5575425864958632 -12.11431849816096 -10.973370842905799 -15.271643644512068 -19.993576281957036 -25.215749447207095 -30.414042353765048 -25.562703826915769 -35.622212704968533 -48.049712949058737 -45.327674097131087 -58.767119392397696 -39.664156776655169 -51.309016181157709 -64.451434261703014 -51.4512064885622 -64.200662837270244 -46.347081279965359 -36.16342500746579 -0.31424480717076397 12.519898098001223 -2.6514814004188261 7.2131311063812449 17.128889118047198 4.4273378291268246 13.502865307292021 2.4624948074572575 13.921823502589975 20.727964034895201 12.249424598417406 16.840036462152923 9.1769785336154399 10.412660537946691 11.217714194896491 12.037945561964362 12.338696172025669 7.1828445418295548 6.5492490684691118 5.479548473948987 4.0109453212323274 2.1806063693271769 0 -2.4890935159329528 -5.346582652649607 -8.5575358826049559 -12.114312794313495 -10.973369583213602 -15.271646617835 -19.993585183543619 -25.215765611810227 -30.414067314767649 -25.562744632364627 -35.62227965400902 -48.049811904595522 -45.32782178289294 -58.767312080880345 -39.664431006591613 -51.309349940869275 -64.451833145509823 -51.451696644140817 -64.201231123380936 -46.347757682082246 -36.164367146936776 -0.31550398058207324 12.519641775403812 -2.6516370548699539 7.2129939934554921 17.128769382440005 4.427232378541496 13.502775184408518 2.4624174413188662 13.921759752054527 20.727912253222797 12.249383073509163 16.840004579225941 9.176954889238834 10.412640697411605 11.217697836258893 12.037932302772099 12.338685724801357 7.1828366864972564 6.5492434237255654 5.4795446989573282 4.0109431296640601 2.1806054334299985 0 -2.4890929211598607 -5.3465817597719125 -8.557535000003428 -12.114312264165369 -10.973370037407443 -15.271648067732038 -19.993587943173324 -25.215769993159601 -30.414073571613351 -25.562754040993909 -35.62229457219599 -48.049833480207255 -45.327853065844913 -58.767352606511068 -39.664487099914162 -51.309418062286447 -64.451914481695567 -51.451795669121509 -64.201345940724948 -46.34789344697905 -36.164555191868203 -0.31575410428881101 12.519404696940805 -2.651780495361868 7.212867683143501 17.128659148394398 4.4271354470905973 13.50269233475391 2.4623464650419136 13.921701290490219 20.727864817922505 12.249345104537877 16.839975482225451 9.176933394559903 10.412622646589192 11.217682957900049 12.037920289995995 12.338676302896033 7.1828295909630926 6.5492383651703641 5.4795413286296624 4.0109411727243165 2.1806046061665931 0 -2.4890924126810456 -5.3465810121647639 -8.5575343053089696 -12.114311923966778 -10.973370636616524 -15.271649639155934 -19.993590785012376 -25.215774368892191 -30.414079764631932 -25.562763121807066 -35.622308826580841 -48.049854035606181 -45.327882547340032 -58.767390772069923 -39.664539477987255 -51.309481720910838 -64.451990395128547 -51.451887955999972 -64.201452859844849 -46.348019561214116 -36.164729660514205 -0.31598553328506629 12.519184426968991 -2.6519134896507039 7.2127506446154284 17.128557062775254 4.4270457439342881 13.502615787134605 2.4622809763661171 13.921647376991736 20.727821137189181 12.249310190077624 16.839948767253368 9.1769136719773474 10.412606148042528 11.217669370891654 12.037909335728976 12.338667703594728 7.1828231686774711 6.5492337758722057 5.4795382900754053 4.0109394258396494 2.180603865005982 0 -2.4890919678059631 -5.3465803796379241 -8.5575337455450544 -12.114311750484642 -10.973371367054174 -15.271651264960534 -19.993593628893883 -25.215778665223826 -30.414085788891576 -25.562771863059893 -35.622322446268711 -48.049873552410062 -45.32791041426411 -58.767426786399227 -39.664588561559299 -51.309541299705181 -64.452061480166904 -51.451974137941271 -64.20155269466413 -46.348137110359204 -36.164892139872464 -0.31620092380059756 12.518978921999045 -2.6520372356440025 7.2126417106007628 17.128461976694282 4.4269624418729929 13.502544699032525 2.4622202354074108 13.921597424860131 20.72778066108831 12.249277879764199 16.83992413866245 9.176895543030529 10.412590947484341 11.217656903666398 12.037899279126691 12.338659850304902 7.1828172871352818 6.5492295853659446 5.4795355262331089 4.0109378409482339 2.1806032040122449 0 -2.4890915810773948 -5.3465798424688149 -8.5575333256902084 -12.114311697763435 -10.973372152127849 -15.271652959698438 -19.993596467158614 -25.215782895175256 -30.414091646690078 -25.562780250965751 -35.622335460364809 -48.049892147039614 -45.327936776910448 -58.767460825661907 -39.664634730529379 -51.309597334817404 -64.452128306659318 -51.452054962488766 -64.201646391866802 -46.348247292321879 -36.165044100520042 -0.31640211099298943 12.605365984704038 -2.626756316771528 7.2478097730848967 17.173563213076566 4.4454686415372446 13.531472060706397 2.4703840034669966 13.94572381127227 20.760749809568932 12.267579782169888 16.864529196672088 9.190234387565642 10.427658386996624 11.23389929327346 12.055070754689007 12.356157570623797 7.1925845256148966 6.5581492119937153 5.4870198221930782 4.0164472347801805 2.1836149530697004 0 -2.4925853335722556 -5.3540935964610465 -8.5695819162195637 -12.131394585561273 -10.988493643720071 -15.292767047067525 -20.021234302711296 -25.25056387012707 -30.45623347180031 -25.59740158416022 -35.671963100980207 -48.11705905371533 -45.389908379834218 -58.848015640939209 -39.714824169968303 -51.375011116984737 -64.53402801834666 -51.510027209859253 -64.273870687087253 -46.387963648169716 -36.175361242080498 -0.25382967359544284 12.691852786436579 -2.601437721715568 7.2830200166201493 17.218710974022624 4.4639970497740915 13.560427210158718 2.4785573020912119 13.969870733884129 20.793745163119471 12.285895501463754 16.889152374845931 9.2035830032681272 10.442736806715269 11.250153503256135 12.072254463205494 12.373667697404525 7.2023583740318893 6.5670748850929765 5.4945092242722264 4.021960399978405 2.1866287859296998 0 -2.4960815357778201 -5.3616126263526178 -8.5816389745663368 -12.148489523818753 -11.003625545567933 -15.313895708876206 -20.048891200822968 -25.285368796285258 -30.498404427611767 -25.632046295036023 -35.721625368986977 -48.184272796022711 -45.45192214134196 -58.928625374098694 -39.765044635723093 -51.440465677027611 -64.615978511101289 -51.568029559124533 -64.346132486515373 -46.427690076653221 -36.185658967122244 -0.19117653419848729 12.778439095580778 -2.576081506848241 7.318272330913242 17.263905346541591 4.4825477241811331 13.589410307927473 2.4867402954944917 13.9940382441659 20.826766686813723 12.304225022940024 16.913793632130371 9.2169413919762047 10.457826117486539 11.266419509717544 12.089450473303074 12.391190242595522 7.2121388553640218 6.5760066146207583 5.502003700761235 4.0274773389938678 2.1896446801506251 0 -2.4995801896854943 -5.3691369375050053 -8.5937045186531851 -12.165596508246692 -11.018767862573355 -15.335038951864622 -20.076567202547231 -25.320197646689241 -30.540604537408573 -25.666714373789311 -35.771322128969459 -48.251533428495648 -45.513978034473091 -59.009290049649941 -39.815296048137476 -51.505961040681107 -64.697979847422729 -51.626062027441343 -64.418431781572778 -46.467426533655065 -36.195937079568338 -0.12844274672328046 12.86512512741278 -2.5506876129379727 7.3535668613879048 17.309146262823532 4.5011206324873747 13.618421227379647 2.4949328433592779 14.018226344772794 20.859814392498009 12.322568334956634 16.93845295851732 9.2303095316312191 10.472926426437892 11.282697323278523 12.106658746174856 12.408725221106808 7.221925966751841 6.5849443917944503 5.5095032816333243 4.0329980571625184 2.1926626630632526 0 -2.503081291861379 -5.3766665236376223 -8.6057785506247004 -12.182715524241445 -11.033920579417829 -15.356196743149042 -20.104262243035731 -25.355050431040745 -30.582833799761008 -25.701405747912467 -35.821053413402922 -48.318840960325261 -45.576076152159914 -59.090009679030807 -39.865578491361163 -51.571497113991718 -64.780032001167385 -51.684124577228275 -64.490768650281794 -46.507172891725261 -36.206195762832436 -0.065628214356834635 12.609008470836242 -2.5252561041182617 7.3889034372938056 17.354433706528699 4.5197157015724576 13.647460014266525 2.503134918520745 14.042435017118352 20.892888268326008 12.340925505527768 16.963130305600277 9.2436874344879794 10.488037679546043 11.298986938015915 12.123879283659063 12.426272593110255 7.2317196677544793 6.5938882204947395 5.5170079589739309 4.0385225291322211 2.1956827136684574 0 -2.5065848443607077 -5.384201384444097 -8.6178610581239496 -12.19984657650069 -11.049083679965857 -15.377369120515121 -20.131976353231853 -25.389927171704795 -30.625092195674121 -25.736120520141643 -35.870819220449121 -48.386195357402322 -45.638216491747215 -59.170784244267558 -39.915892011145417 -51.637073893691479 -64.862134839166345 -51.742217189694621 -64.563142836516903 -46.546929266875985 -36.216434928271397 -1.6924281571817406 11.471047962650767 -2.7396041651751006 7.3204990700723656 17.399767700941233 4.5383329792301357 13.676526656333294 2.5113465608070205 14.066664193801126 20.925988257312863 12.359296475217604 16.987825777545122 9.2570750524463641 10.503159869458109 11.315288305829595 12.141112085755692 12.443832377907185 7.2415200052465787 6.6028380961260753 5.524517714247656 4.0440507861527371 2.1987048344937934 0 -2.510090844464445 -5.3917415242136126 -8.6299520396190825 -12.216989684632118 -11.064257171876694 -15.398556065274279 -20.159709523638128 -25.424827777076697 -30.667379764976037 -25.770858588149178 -35.920619577681393 -48.453596646074672 -45.70039893865254 -59.251613685311632 -39.966236426119082 -51.702691470465979 -64.944288482742195 -51.800339872193263 -65.248153063048917 -47.441190048374523 -37.962694881123305 -3.2977221413385887 10.326169061923791 -3.5132786266019549 6.6201671588249571 16.771274732867091 4.0180024144632149 13.281264739409655 2.1881647267632198 13.835417358126794 20.762958284978339 12.227736305150222 16.89685749321427 9.2704724799705165 10.518293020683704 11.331601473798452 12.15835714552035 12.461404569880809 7.2513269370511724 6.61179402246702 5.532032563436811 4.0495827968721816 2.201729032100689 0 -2.5135992981851056 -5.3992869386569851 -8.6420514935782489 -12.234144815547744 -11.079441073021934 -15.419757566907803 -20.187461767224221 -25.459752380223239 -30.7096964821359 -25.805620039148462 -36.20353948405436 -48.828512561994337 -46.163815532706856 -59.847391328951332 -40.668803384060347 -52.582203401527757 -66.029794141464166 -53.087542836658407 -66.199416487786962 -48.441198770778442 -39.193690031667956 -4.9085996066406778 9.5139279270646906 -3.9502693431884173 6.2567615816641187 16.47611508581803 3.7469542756716967 13.073114852526357 2.0075813577571093 13.719357893673688 20.699461860340769 12.192034757760792 16.902303922912051 9.2068925633221177 10.477832918767291 11.310374395358195 12.157881075414467 12.472340999512161 7.2625152807146716 6.6271959937948726 5.5533835145033876 4.0672415262020971 2.2122303296311929 0 -2.5225294755647893 -5.4265514161478903 -8.6911050755064458 -12.303318207852641 -11.1714734142975 -15.5459547886674 -20.346295598331807 -25.662431611388303 -30.960199042604412 -26.092928987647689 -36.371342076474527 -49.057386914113621 -46.437263460196661 -60.187604543219784 -41.030698439643508 -53.011060712772611 -66.528960668160124 -53.624270651474049 -66.813890004277908 -49.10467956006314 -40.089043422079087 -6.1855010266487431 9.5222029310004892 -4.117148552734875 6.1017360693711264 16.337711318595076 3.5903622949234411 12.94248059554217 1.8738769889555464 13.624143496682978 20.635799930019953 12.138801212433773 16.87700667593688 9.1927214858518749 10.473321644627211 11.313813532141284 12.172838087255169 12.491594768541018 7.2765203837552415 6.6414385385003403 5.5718409391103974 4.0814105406008494 2.2201674749027935 0 -2.5260819406305264 -5.4418646878350732 -8.7195399224999957 -12.340117204089196 -11.217133693498985 -15.608861506810129 -20.421542759406126 -25.757432912882766 -31.075015987114082 -26.212277182146035 -36.525471975290053 -49.247444203368836 -46.640901624720264 -60.421958594799676 -41.2439155415898 -53.241964598650185 -66.77302981196668 -53.837641691789777 -67.025900377674688 -49.266668222318017 -40.12609145675696 -5.9277414099612677 9.6278739635867137 -4.0811883386074026 6.146031672595158 16.390578349149674 3.6152573221286661 12.976706148868596 1.8861910240001367 13.651593469288139 20.671366614874977 12.158872940609468 16.90287028277108 9.2067419817490013 10.488909511137756 11.330440293104466 12.190199442600129 12.509201263664192 7.2862893867230447 6.6503264132765221 5.5791956963822393 4.0868124389284093 2.2231158025940672 0 -2.5295711960191332 -5.4492599883283983 -8.731338511921761 -12.356876220120951 -11.231697981820899 -15.629217252429379 -20.448274946835571 -25.791055871536415 -31.115731183593958 -26.245084432759054 -36.572686778491246 -49.311505776681848 -46.698771906772969 -60.49750446519905 -41.287715428003082 -53.299809113333893 -66.84604122455508 -53.884902585734515 -67.085663187381016 -49.291451116390796 -40.113704439629622 -5.8288823634561426 10.151517054581916 -3.9040433384163729 6.3654191654299614 16.653326185587062 3.7381432790882765 13.146682294374422 1.9466405705076664 13.788172638895393 20.848854447420848 12.258921387773272 17.032113899617009 9.2768006074021443 10.566877228890855 11.413661033532422 12.277160672804815 12.597417202955546 7.3352489932133551 6.6948817528791382 5.6160979177308823 4.113921000736517 2.2379134505041436 0 -2.547063221694434 -5.4863675276335027 -8.7905601889052534 -12.440987028572323 -11.304878663952772 -15.731492462649184 -20.582558958278927 -25.959959905113966 -31.320273512796202 -26.410105414839862 -36.810134019327009 -49.63362517356024 -46.990165893383335 -60.877790115118252 -41.509280575812213 -53.59214391793838 -67.214805820519331 -54.125122086899182 -67.389076673902949 -49.420260218573972 -40.058607512668708 -5.3446718702586686 10.667889943624997 -3.7309866771691849 6.5816084595966533 16.913669036266104 3.8585837849116165 13.3149040169749 2.0053550138155631 13.923736441444261 21.025843503130289 12.358506894224615 17.161269129677329 9.3468055723122401 10.644906086905179 11.497035454366099 12.364381748864384 12.68593856679858 7.3843975673200601 6.7396274132332614 5.6532082338990195 4.1411899317780447 2.2528017050435261 0 -2.5646305940177974 -5.5236880084072393 -8.850152345857671 -12.525610086235019 -11.37863675896403 -15.834565819360442 -20.717846098311856 -26.130133661450561 -31.526370781129817 -26.576701341005801 -37.049780068979196 -49.958648230910065 -47.284816896636841 -61.262156037253575 -41.734903901438834 -53.889406199291635 -67.589443619277304 -54.371507233482035 -67.699737582730364 -49.556736312986317 -40.014171589027036 -4.8761075650227443 11.177741922391776 -3.5615876146841345 6.7949638292801469 17.171912940521352 3.9768364315900131 13.481581380428755 2.0625034151355353 14.058415258906873 21.202431657074431 12.457697424110611 17.29038123302379 9.4167812257626871 10.72301330625047 11.580574819817032 12.451865686482964 12.774764947720893 7.4337325237891596 6.7845597153432289 5.6905192154089486 4.1686132524723307 2.2677771046755795 0 -2.5822722211623694 -5.5612144611101888 -8.9101013173909038 -12.61072726339628 -11.452945046882341 -15.938400176195879 -20.854091442848564 -26.301519910590116 -31.733952629653803 -26.74478774396751 -37.291511597020531 -50.286427905325624 -47.582538450429844 -61.650373169829237 -41.964307774237078 -54.191265553457121 -67.969565665459541 -54.623600988524572 -68.017113260650916 -49.700254559617967 -39.979460031642638 -4.4217119794318931 11.681765577516332 -3.3954528941540207 7.005818182482817 17.428337412154217 4.0931366401236167 13.6469063011657 2.1182401544186189 14.192328355080297 21.378708672662405 12.556555403426154 17.419491860687057 9.4867498592502884 10.801214743117178 11.664289630724328 12.539615328776156 12.863896168027768 7.483251584758114 6.8296752692226192 5.7280241435618686 4.1961855427473198 2.2828364941700592 0 -2.5999870788942281 -5.5989405396663257 -8.9703946641083245 -12.696322084997831 -11.527778676487774 -16.042961602654255 -20.991253827987055 -26.474066229525263 -31.942954556715083 -26.914287522596837 -37.535224771521669 -50.616829835085717 -47.883159689030094 -62.042231833070531 -42.197238250063663 -54.497419795237597 -68.354815975259172 -54.880985009626464 -68.340716021429955 -49.850242677290666 -39.953614783328668 -3.9801307916985555 12.920410039869294 -2.9921103641743891 7.5239464594974255 18.063061966728991 4.3767130739691655 14.055416934124164 2.2523041629428699 14.524453946644375 21.818561443215422 12.802608826127495 17.742502958797434 9.6617721494118509 10.997223529555155 11.874405176239911 12.760169388752871 13.088056733916586 7.6078415833178639 6.9432466796165482 5.8225959891530348 4.2657365937603497 2.3208342336207353 0 -2.6445886449113369 -5.6940923255634823 -9.1225622666791235 -12.912302880829925 -11.717016974792314 -16.307348894276274 -21.337933199578941 -26.910203001281179 -32.471298087279798 -27.343771785559255 -38.152573534280606 -51.453525197915091 -48.646406635350317 -63.036590353126044 -42.793515757949827 -55.279836887551518 -69.338306790649838 -55.545156025881852 -69.174130090329811 -50.250188026254101 -39.922795313319881 -2.9243509234109912 13.721950745647513 -2.7266803249326119 7.8553401402785576 18.461940320146734 4.5606839555602479 14.312580476922504 2.3415024594338698 14.731555899417613 22.089198443391556 12.954670481410256 17.939948137731314 9.7688300320304116 11.116598111362629 12.001996572730928 12.893701430078808 13.223570791389045 7.6830408609233212 7.0117088136567771 5.879437402029045 4.3075075811123131 2.3436416881793716 0 -2.6714585669172308 -5.7512379372549978 -9.2138426353607734 -13.04190639753239 -11.830013978053977 -16.465262459367519 -21.545161667932216 -27.170861578465654 -32.787015728406921 -27.599037032978323 -38.519926443698353 -51.951718697814158 -49.098156455767615 -63.62580290004103 -43.139612849971478 -55.735674381068058 -69.912571128863732 -55.92278962186824 -69.650027622977134 -50.45909669779644 -39.854708960219206 -2.2077324412142714 13.984700162955214 -2.6140642815436719 7.9503053786287108 18.541583790040306 4.6273447935841716 14.367177895843389 2.3855361771943877 14.76589125868834 22.115186919780758 12.973115832069242 17.95233884192206 9.7758828684003571 11.121680121758132 12.00540454563793 12.895112443632078 13.223956700417277 7.6827027533077965 7.010941589876996 5.8778233479988984 4.3061441800434492 2.342823485991592 0 -2.6710748398193744 -5.7493881064522911 -9.2102688612764538 -13.037088734846758 -11.822807323411725 -16.455413872243099 -21.533166845120181 -27.155558526676089 -32.76815894808086 -27.576380725845834 -38.48932003374901 -51.911958584129842 -49.047474361381873 -63.563445189969634 -43.063896004567795 -55.645495952646414 -69.806335143066278 -55.797730954749568 -69.50422643622575 -50.287242053533376 -39.595083794022216 -1.7929604486977444 14.143827208127451 -2.545897082449589 8.0077840153815476 18.589785669461552 4.667687102586922 14.40021753377869 2.4121813734566628 14.786665722522077 22.130909144744582 12.984272349382126 17.959831156152216 9.780144559781375 11.124749371756089 12.00746130335134 12.895960292563403 13.224184828785086 7.6824934335180624 7.010473523846148 5.876842793532659 4.3053164992080255 2.3423270191227346 0 -2.6708422011075617 -5.7482666401972944 -9.2081024957892108 -13.034168920750497 -11.818439888351204 -16.449445821315958 -21.525898911328873 -27.14628639808782 -32.756733779833127 -27.562654058592003 -38.470778227534183 -51.887872768895456 -49.01677317070051 -63.525672504972277 -43.01803236304751 -55.590873809649217 -69.74198742058573 -55.721981817925261 -69.41591245438083 -50.183143081680043 -39.43779714536489 -1.541626732798145 14.240121092398729 -2.5046793511962133 8.0425344552310811 18.618924714162873 4.692073252542472 14.420186999661757 2.4282841051206026 14.79921849145007 22.140407581350967 12.99101009930507 17.964354033247183 9.7827142603793327 11.126598630029459 12.008698995615067 12.896466998260999 13.224317635166859 7.6823626083303438 7.0101870472710042 5.876246577947299 4.3048137852590154 2.3420256883792261 0 -2.6707011776213312 -5.747586895326064 -9.2067896458057223 -13.032400080828779 -11.815794276873374 -16.445830734484769 -21.521497364498067 -27.14067128564767 -32.749815238293586 -27.55434229084322 -38.45955214886412 -51.873291400229846 -48.998187875233768 -63.502807942686538 -42.990271340933539 -55.557812296880613 -69.70304014792957 -55.67613298429869 -69.362457571688168 -50.120130561443233 -39.342568826911638 -1.389406130095068 14.298323641118833 -2.4797966261848239 8.0635094690071671 18.636509537269816 4.7067874990762428 14.43223471218514 2.4379974349015394 14.806788884129368 22.146133855117242 12.995070051006078 17.967077587860636 9.7842589790003345 11.127709076530806 12.009440756200405 12.896767348300685 13.224393058407474 7.6822796330639438 7.0100109201409158 5.8758835739222253 4.3045082167133435 2.3418427167470672 0 -2.6706157169265672 -5.747175016315996 -9.2059943700031841 -13.031329027154293 -11.81419257083941 -16.443642587351825 -21.518833794619503 -27.137273517421892 -32.745628982918603 -27.549313514825556 -38.452761473486639 -51.864472222131973 -48.986947989479368 -63.488981434486014 -42.97348535773596 -55.537821885487219 -69.679491001399754 -55.648411402243653 -69.330136392330317 -50.082026940446461 -39.284965425995154 -1.2972812908519751 
end_dependent_variable

end_regular_table
