# ****************************************************************************
# CUI
#
# The Advanced Framework for Simulation, Integration, and Modeling (AFSIM)
#
# The use, dissemination or disclosure of data in this file is subject to
# limitation or restriction. See accompanying README and LICENSE for details.
# ****************************************************************************

# ##################################################################################################
# 
# This file was auto-generated by AFSIM Mover Creator 2.5.0.200324
# 
# Creation Date:  24 Mar 2020
# 
# ##################################################################################################

regular_table

independent_variable mach precision double
0.10000000000000001 0.5 0.70000000000000007 0.75 0.80000000000000004 0.84999999999999998 0.90000000000000002 0.92000000000000004 0.94000000000000006 0.95999999999999996 0.97999999999999998 1 1.02 1.04 1.0600000000000001 1.0800000000000001 1.1000000000000001 1.2 1.3 1.4000000000000001 1.5 
end_independent_variable

independent_variable surface_angle units deg
-20 -16 -14 -12 -10 -9 -8 -7 -6 -5 -4 -3 -2 -1 0 1 2 3 4 5 6 7 8 9 10 12 14 16 18 20 
end_independent_variable

dependent_variable precision double
0.0058746156317698662 0.050683607065919935 -0.0026201791006964206 0.017853547561699965 -0.016193759944017363 -0.0081713707230484257 -0.0010106766607874019 0.005285771017015055 0.010718074901680421 -0.010720987101030104 -0.006855891475421769 -0.0038564143668387879 -0.0017158732425364216 -0.00043061334715534271 0 -0.0004303380771877647 -0.0017139379616342523 -0.0038514744167161101 -0.0068493006869291516 0.015322600956069726 0.010735678771164051 0.0053088135785443703 -0.00098247013761735289 -0.0081347205781336744 0.035380001864854252 0.017913918492163731 -0.0025411995855234393 0.050781099805860229 0.031421428515049019 0.1044992505461802 0.0058893000209092883 0.050693053629155604 -0.0026129816081405318 0.017858819770766945 -0.0161901511507112 -0.0081684667597811331 -0.0010084032291651191 0.0052874899146983711 0.010719315126689688 -0.010720153681433774 -0.006855380825909761 -0.0038561496834620544 -0.0017157753522318534 -0.00043060378387292734 0 -0.0004302697046799903 -0.001713721603222876 -0.0038510314978184076 -0.006848553746197931 0.01532372657053487 0.010737263646452427 0.0053109345310087645 -0.00097973446827459001 -0.0081312957322700781 0.035384172349056518 0.017919826814558063 -0.0025332601757504401 0.050791304510403021 0.031434178119435809 0.10451475333398856 0.0058920138100572641 0.050694810072955482 -0.0026116337682956787 0.017859811449663324 -0.016189464355708165 -0.008167910923449621 -0.0010079650050824546 0.0052878240962221509 0.010719559269475395 -0.01071998610692608 -0.0068552751460573885 -0.0038560918138198898 -0.0017157510160968354 -0.00043059884718498788 0 -0.00043026052901440435 -0.0017136886774989182 -0.0038509609081423687 -0.0068484308995714182 0.015323915194186867 0.010737532373447923 0.0053112977248769922 -0.00097926374639694725 -0.0081307026103005098 0.035384899505824761 0.017920863965559933 -0.0025318599673214656 0.05079311500969546 0.031436448698198227 0.10451752492455814 0.0058925548859399138 0.050695160280109459 -0.0026113649668777499 0.017860009289293058 -0.016189326364116897 -0.0081677993146102267 -0.0010078769385388113 0.0052878908655467185 0.010719608475106189 -0.010719952492794633 -0.006855253687589713 -0.0038560800364701451 -0.0017157460794088959 -0.00043059760526066641 0 -0.0004302587041143715 -0.0017136824849324514 -0.0038509470748729607 -0.0068484068239149098 0.015323952287566975 0.010737585492458228 0.0053113689099324804 -0.00097916997413357502 -0.0081305854942012035 0.035385043773707735 0.017921069917234675 -0.0025315817018510302 0.050793474172348661 0.031436900119858703 0.10451807579939423 0.0058930574606181315 0.050695485506134022 -0.0026111153664470834 0.0178601929390459 -0.016189199585505267 -0.0081676963139653801 -0.0010077956196289347 0.0052879534796188756 0.010719653885192991 -0.010719920813646399 -0.0068552337175706623 -0.0038560691273820985 -0.001715741378391989 -0.00043059672614569739 0 -0.00043025706216948215 -0.0017136764536145859 -0.003850934227700767 -0.0068483845716079675 0.015323986428857312 0.010737634344582473 0.0053114355428159257 -0.00097908423949277746 -0.0081304765645693351 0.0353851771263008 0.017921260413851194 -0.0025313245971585463 0.050793807460803274 0.031437317406430715 0.10451858579150812 0.0058935254536732944 0.050695788318603024 -0.0026108828087531722 0.01786036495409199 -0.016189080025869464 -0.0081676003338365458 -0.0010077196715378462 0.0052880115663264645 0.010719696281171323 -0.010719891962550552 -0.0068552152980189268 -0.0038560590400417293 -0.0017157370742947149 -0.00043059579431483941 0 -0.00043025561868440936 -0.0017136710858967319 -0.0038509222984052243 -0.0068483639193832949 0.015324018616558825 0.010737680306635636 0.005311497127377782 -0.00097900321827262544 -0.0081303757469824694 0.035385301238108638 0.017921437998175888 -0.0025310846592402026 0.050794116946483614 0.031437705643447049 0.10451906187180079 0.0058939622885372427 0.050696072624694132 -0.0026106642424763358 0.017860525483276192 -0.016188968355011379 -0.0081675098857751042 -0.0010076481639851556 0.0052880658698937983 0.010719736146786996 -0.010719864078946312 -0.0068551979823999239 -0.0038560493186116478 -0.0017157329066385652 -0.00043059483767650441 0 -0.00043025415969466345 -0.001713666121300381 -0.0038509112125639034 -0.0068483445695511711 0.015324048273897679 0.010737723006505566 0.0053115551520666786 -0.00097892862218903814 -0.0081302811808798316 0.035385417262678957 0.017921603153954566 -0.0025308618136735696 0.0507944069086795 0.03143806892414145 0.10451950604967797 0.0061152342970530816 0.050940618268946074 -0.0024125200315003206 0.01801188816081243 -0.016077637304783551 -0.0080746921099295373 -0.00093215598471054037 0.0053474341937675331 0.010764228485933556 -0.010688485170645443 -0.0068349882462166184 -0.0038446406203798606 -0.0017106529431152335 -0.00042932385697733589 0 -0.00042898313992371847 -0.0017085855896858239 -0.0038395018780203291 -0.006828134193334957 0.015355429211450175 0.010782218163781523 0.0053709277229804899 -0.00090343019639169359 -0.008037453844232597 0.035496762041364607 0.018072991169847896 -0.0023326739613838705 0.051039019111392449 0.031637166501346244 0.10474091633507107 0.006333870669896745 0.051184002873655585 -0.0022150826748533062 0.018162854538902269 -0.015966509636175834 -0.0079820113308954124 -0.00085675323142931248 0.0054067479560761722 0.010808688811030939 -0.010657123754096663 -0.0068147872720342182 -0.0038332354733384174 -0.001705574087245753 -0.0004280532390875196 0 -0.00042771216914754071 -0.0017035064472899833 -0.0038280961343590621 -0.0068079319440482343 0.015386792292580664 0.010826680957222876 0.0054302456082918199 -0.00082801999094435006 -0.0079447636135497029 0.035607904609343058 0.01822398164095948 -0.0021351937820699163 0.051282471435552902 0.031834476322753574 0.10495969329684886 0.0065498703056162504 0.051426226260208832 -0.0020183539586736427 0.018313422250912401 -0.015855583711894744 -0.0078894681142832046 -0.00078143838592387453 0.0054660059511763281 0.010853116504372966 -0.010625779434861088 -0.0067945948365854287 -0.0038218338663239537 -0.001700496647883214 -0.00042678272538910702 0 -0.00042644160273323935 -0.0016984284782878085 -0.0038166936578425265 -0.0067877379705358664 0.01541813830616692 0.010871111729172808 0.0054895078405090619 -0.00075270013432854137 -0.007852210220910396 0.035718843210244926 0.018374576055737939 -0.001938419742629623 0.051524761559181002 0.032030003121630068 0.10517583699454926 0.0067632323905263518 0.051667286131433461 -0.0018223304347220167 0.018463594591275782 -0.015744861992842009 -0.0077970616265616863 -0.0007062134327923932 0.0055252091540018535 0.010897512821217982 -0.010594452309687882 -0.0067744106173730509 -0.003810435861355163 -0.0016954201995793847 -0.00042551247464995163 0 -0.00042517123477875472 -0.0016933516094972427 -0.0038052949880333499 -0.0067675526349870192 0.015449466842885574 0.010915510618553198 0.005548715898157852 -0.0006774677191079537 -0.0077597943063475875 0.035829580637392153 0.0185247733176928 -0.0017423524880573957 0.051765892389713075 0.03222374082510536 0.10538934670379399 0.0068007604670935621 0.051907184149430421 -0.0016270162458471001 0.018613369079244702 -0.015634341859348047 -0.007704791818115903 -0.00063107666528044526 0.0055843569617310528 0.010941876337616799 -0.010563142817669385 -0.0067542344159372651 -0.0037990413517598929 -0.0016903450834370747 -0.00042424261959005566 0 -0.00042390111365866708 -0.0016882762018670769 -0.0037938998780971348 -0.0067473763888977753 0.01548077849067383 0.010959877511249647 0.0056078681240987202 -0.0006023250474164601 -0.0076675143665281631 0.035940114732534216 0.01867457383862817 -0.0015469932785730695 0.052005861099096724 0.032381118467418417 0.10543271482761711 0.0060248420822022588 0.051465808083304282 -0.0019326391291273081 0.018408789431639806 -0.015761632566766697 -0.0078022619336370943 -0.00070353166017434008 0.0055320065093946427 0.010904921906668901 -0.010587879104735021 -0.0067694450708955193 -0.0038076975152856228 -0.0016945784980068317 -0.00042562490213609005 0 -0.00042521454057131095 -0.0016920960857168576 -0.0038015205204722387 -0.0067611848285021592 0.015458509289838827 0.010926748688476864 0.0055606437623085293 -0.00066832773659705551 -0.0077563512865262817 0.035823948967982244 0.018485805067851035 -0.0018301801902728388 0.051594661741163061 0.031747611641836981 0.10470182296623788 0.0054903672905910949 0.051201727781300645 -0.0021333202817086735 0.018260555512805192 -0.015862669104423192 -0.0078831706270728833 -0.0007661911746673916 0.0054848516854434622 0.010870099594030831 -0.010612115764250717 -0.0067847081341298587 -0.0038167641904613683 -0.001699341666326697 -0.00042736455251435974 0 -0.00042684120405483397 -0.0016961842897195113 -0.0038089142860656838 -0.006774216139156462 0.015438128240661033 0.010897773465937448 0.0055211253967394668 -0.00072164811911468499 -0.0078251505424443823 0.035737992617800529 0.018357464374041874 -0.0020048319784493757 0.051362705226690168 0.031357247126336391 0.10421248271981701 0.0049501275489186453 0.050934791042194311 -0.0023358954802038009 0.01811112923746909 -0.015964414272624048 -0.0079646083250729718 -0.00082923754688106043 0.0054374236592279182 0.010835090902817437 -0.010636473174161111 -0.0068000443446911227 -0.0038258700292011835 -0.0017041214680599461 -0.00042910838729382623 0 -0.00042847192728198149 -0.0017002891655871382 -0.0038163474198848846 -0.0067873204036393688 0.015417626785912469 0.010868613211868713 0.0054813366718429145 -0.00077535114704332302 -0.0078944731468220085 0.035651338691286241 0.018227947835587968 -0.0021813464360426606 0.051127940401620116 0.030962830884987816 0.10371747882714824 0.0050238768739293265 0.05105295472156661 -0.0022457085323413515 0.018175625696025158 -0.015918150352155099 -0.0079262594385500363 -0.00079790926071792584 0.00546214686531089 0.010853347511599564 -0.010623742507802325 -0.006791819475279336 -0.0038214777401059477 -0.0017025038282962124 -0.00042894979867451951 0 -0.00042826291684531739 -0.0016983722223720289 -0.0038112166432062453 -0.0067781157306704837 0.015432037484080233 0.010889394105481381 0.005509322619330485 -0.00074008258510375221 -0.007851088109261016 0.035703771328313483 0.018300265109292096 -0.0020814163118640489 0.05125742701729518 0.03103426332063787 0.10380473384875526 0.0052376642086115772 0.051298344336034869 -0.002044955552190841 0.018330231370694981 -0.015803770453070822 -0.0078306721013865141 -0.00072002409762747131 0.0055234891250975828 0.010899393433882906 -0.010591224373173631 -0.0067708584396910867 -0.0038096227640440601 -0.0016972042392167724 -0.00042761009816289733 0 -0.00042692591414682799 -0.0016930884244921256 -0.0037994014819047019 -0.0067572077781216959 0.01546446484566953 0.010935304191943209 0.0055704870888904218 -0.00066241347033121033 -0.0077557798413301886 0.035817807817492497 0.018454429359714711 -0.001881224293269817 0.051502147534414559 0.031230141482696778 0.10401765694055089 0.0062605268479064566 0.052503640095073807 -0.0010550552526900413 0.019094899574652303 -0.015236598419327174 -0.0073561607823895304 -0.00033301656465616763 0.0058285455668498241 0.011128532012457532 -0.010429323298278113 -0.0066664534311626639 -0.0037505583875814107 -0.0016707989869576923 -0.00042093833186321268 0 -0.00042026622288661328 -0.0016667579977857961 -0.0037405236390641058 -0.0066530499512949242 0.01562593892186576 0.011163798867642679 0.0058747075682799334 -0.00027641711493327123 -0.007282568607784673 0.036383379496082058 0.019217041966506015 -0.00089392652138227759 0.052704355010631483 0.032177736648844449 0.10503659726964422 0.0072073164656583106 0.053673322537702683 -8.7897257419687538e-05 0.019845904738109179 -0.014677107599135056 -0.0068871976804495529 5.0090910420546165e-05 0.006130938194116674 0.0113559148294379 -0.010268522149705228 -0.0065626832583765256 -0.0036918271941415899 -0.0016445402166489166 -0.00041430768085585801 0 -0.00041364652127945595 -0.0016405672123679651 -0.0036819607953656368 -0.0065495032814735623 0.015786355430506483 0.011390601499752779 0.0061763509601239341 0.00010578230725231036 -0.006814767388841337 0.036941443042887719 0.019966230379186222 7.0951641936706352e-05 0.053871364522027142 0.033072897540671414 0.10598010059129201 0.0080789285125599086 0.054807983669554555 0.00085697290660037432 0.020583589725206349 -0.014125060510516341 -0.006423586196310698 0.00042945091839420525 0.0064307877324853513 0.011581629740504092 -0.010108759045203385 -0.006459508266580552 -0.003633406218202686 -0.0016184171432397818 -0.00040771494187535467 0 -0.00040706378901502079 -0.0016145053638122705 -0.0036236922799790135 -0.0064465300116774852 0.015945771949746002 0.01161579549101145 0.0064755268266449553 0.00048432957266178868 -0.0063521928572445353 0.037492222221352733 0.020702313745947984 0.0010138354960742399 0.055003731880125521 0.033916316286788241 0.1068490076308925 0.0088761661554892807 0.055908150922399709 0.0017799676140616886 0.02130825914695493 -0.013580242072644737 -0.0059651532233978869 0.00080520233152151822 0.0067282000850755249 0.01180575790331739 -0.0099499778330482107 -0.0063568931795423339 -0.0035752752726802249 -0.0015924201104198352 -0.00040115709151043348 0 -0.00040051501198484259 -0.0015885639121447275 -0.0035656986872552895 -0.0063440971727696553 0.016104240872975923 0.011839454891737796 0.0067723357497588331 0.00085935655784333503 -0.0058946811348006651 0.038035918865110666 0.021425580156022677 0.0019351149401476307 0.056101949166042074 0.034708617737927716 0.10764407690186503 
end_dependent_variable

end_regular_table
