# ****************************************************************************
# CUI
#
# The Advanced Framework for Simulation, Integration, and Modeling (AFSIM)
#
# The use, dissemination or disclosure of data in this file is subject to
# limitation or restriction. See accompanying README and LICENSE for details.
# ****************************************************************************

# ##################################################################################################
# 
# This file was auto-generated by AFSIM Mover Creator 2.5.0.200324
# 
# Creation Date:  24 Mar 2020
# 
# ##################################################################################################

regular_table

independent_variable mach precision double
0.10000000000000001 0.5 0.70000000000000007 0.75 0.80000000000000004 0.84999999999999998 0.90000000000000002 0.92000000000000004 0.94000000000000006 0.95999999999999996 0.97999999999999998 1 1.02 1.04 1.0600000000000001 1.0800000000000001 1.1000000000000001 1.2 1.3 1.4000000000000001 1.5 
end_independent_variable

independent_variable surface_angle units deg
-20 -16 -14 -12 -10 -9 -8 -7 -6 -5 -4 -3 -2 -1 0 1 2 3 4 5 6 7 8 9 10 12 14 16 18 20 
end_independent_variable

dependent_variable precision double
0.42363359563075775 0.74778188591085315 0.42185601387580451 0.48044832466458459 0.25128242373007775 0.26873833115009144 0.28028815869727469 0.2851578399418036 0.28228851539197386 0.13351188037952008 0.11748623755714203 0.095878583940178022 0.069011394118686745 0.037036922494814155 0 -0.042158771805906624 -0.089423981240556921 -0.14175468521892512 -0.19903862617988893 -0.12170977525316572 -0.18573684967479009 -0.25283036619233895 -0.32194976880406018 -0.39414321710266165 -0.19472798573551411 -0.35248160444070598 -0.53345478768629839 -0.31164392058011214 -0.29217645373124601 0.066351204166943983 0.42415157466071385 0.74820279139761658 0.42222589028297913 0.48076714279376986 0.25154751670306486 0.26897751789802843 0.28050117484687831 0.28534504151758128 0.2824495661905923 0.13364655589331181 0.11759429716598303 0.095959759227166277 0.069065591627854195 0.037064053964258277 0 -0.042185952294925465 -0.089478362126594962 -0.14183631351525236 -0.19914758114019279 -0.12184656287555626 -0.18590127158627681 -0.25302261121503367 -0.32217002618180179 -0.39439094268344038 -0.19500424338798467 -0.35281102851056839 -0.53383886533218883 -0.31208434927845741 -0.29267419591292704 0.065797455434242258 0.42424745000276326 0.74828059501356836 0.42229433230130425 0.48082613271679192 0.25159678348428921 0.26902196431357339 0.28054076507474696 0.28537978478615511 0.2824794244824127 0.13367149864556696 0.11761429477094906 0.095974781432124859 0.069075621259829356 0.037069075143363731 0 -0.042190984153649795 -0.089488433112634408 -0.14185143221509494 -0.19916775690005548 -0.12187183450053508 -0.18593162670984445 -0.25305806332005393 -0.32221058816816278 -0.3944365745738927 -0.19505501769478387 -0.35287179812199632 -0.53390971097177586 -0.31216535948408941 -0.29276539747667918 0.065696205552282852 0.4242665852254035 0.74829612146770996 0.42230799186875795 0.48083790531590503 0.25160662082730761 0.2690308391512885 0.2805486696920334 0.28538672105597729 0.28248538443536875 0.13367647727674828 0.11761828602733128 0.095977779425033105 0.06907762280460375 0.037070077366988335 0 -0.04219198839598285 -0.089490443212887461 -0.14185444985862597 -0.19917178365593741 -0.12187687736447644 -0.18593768328792373 -0.25306513628527672 -0.32221867922604319 -0.39444567759078197 -0.19506514431779257 -0.35288392199498492 -0.53392384433723439 -0.31218151588690024 -0.29278358026585177 0.065676023950259302 0.42428432468015315 0.74831051536129278 0.42232065489504977 0.48084881967554105 0.25161574128385333 0.2690390670100013 0.28055599897431133 0.28539315207191379 0.28249091014584216 0.13368109277608006 0.11762198608114377 0.095980559143152372 0.069079478549633463 0.037071006417858356 0 -0.042192919459359449 -0.089492306800180874 -0.14185724744743156 -0.19917551703859537 -0.1218815521474766 -0.185943297672724 -0.2530716923122921 -0.32222617999000641 -0.39445411522152102 -0.19507453018953558 -0.35289516081161371 -0.53393694744816966 -0.31219649338878519 -0.29280043203464895 0.06565732127078952 0.4243008472785369 0.74832392072652876 0.42233244969685479 0.4808589859284943 0.25162423721216348 0.26904673197465528 0.2805628267982474 0.28539914237681802 0.28249605729421529 0.13368539221575007 0.11762543259013672 0.095983148063864446 0.069081207162544983 0.03707187174452161 0 -0.042193786721005912 -0.089494042715793462 -0.14185985336436635 -0.19917899431506175 -0.12188590615739431 -0.18594852702067244 -0.25307779919373297 -0.3222331646964276 -0.39446197405660843 -0.19508327107927814 -0.35290562878550702 -0.53394915037018398 -0.31221044141758231 -0.29281612464927192 0.065639904610931693 0.42431630484231458 0.74833646147676602 0.42234348355410795 0.48086849483291993 0.25163218638367874 0.26905390232783127 0.28056921374370086 0.28540474650372649 0.28250087235729648 0.13368941370004311 0.11762865636519669 0.095985569658143616 0.069082823937147958 0.037072681217150218 0 -0.042194597930157923 -0.089495666383774125 -0.14186229081992618 -0.19918224724510919 -0.12188997902417427 -0.18595341840395685 -0.25308351097889015 -0.32223969753465381 -0.39446932260189227 -0.1950914462096984 -0.35291541849816943 -0.53396056443923456 -0.31222348511460996 -0.29283079966118503 0.065623619618563417 0.42309435582887156 0.74835374469224314 0.42225339801425033 0.48108768211036873 0.25172364050243207 0.26923175286652529 0.28081254538940831 0.28569325091054271 0.28281447909046414 0.13382998737260585 0.11776213880058937 0.096099377231366356 0.069166550457329112 0.037117868848480902 0 -0.042244746078250156 -0.089599128897950617 -0.14202040037956234 -0.1993943780877975 -0.12197217599470245 -0.18607972597617425 -0.25324586399144167 -0.32242690846036959 -0.39466981467684487 -0.19493846271580098 -0.35272402232284106 -0.53367625510827277 -0.31125428874848571 -0.29135203379145286 0.0681311680747686 0.42186740087493607 0.74836825594503853 0.42216138713136581 0.48130561833186364 0.25181434076164877 0.26940904419507089 0.2810554769153179 0.28598148059687689 0.28312790636634255 0.13397045132417817 0.11789555939094168 0.096213154792503322 0.069250264341821813 0.037163052278665336 0 -0.042294890138690353 -0.089702578879389677 -0.14217847959841365 -0.19960644738561586 -0.1220542625669961 -0.18620585369170203 -0.2534079429954858 -0.32261371993608939 -0.39486974834044974 -0.19478472686570011 -0.35253137934852191 -0.53339002742503105 -0.31028232573344122 -0.28986948902850568 0.070643713233161765 0.42063543661661418 0.74837999173729775 0.42206745017611458 0.48152230258945111 0.25190428463096626 0.26958577637300601 0.28129800684786538 0.28626943382868641 0.28344115233925543 0.13411080386537091 0.11802891785344835 0.096326901619656929 0.069333965348753149 0.037208231582125953 0 -0.042345029938446348 -0.0898060155168868 -0.14233652830158736 -0.19981845450597366 -0.12213623908339839 -0.18633180143890654 -0.25356974659188086 -0.3228001314557406 -0.39506912453042958 -0.19463023760259721 -0.35233748729788567 -0.53310187740046711 -0.30930759544432818 -0.2883831644792742 0.073161257058495105 0.4193984582710244 0.74838895063514899 0.42197158254919054 0.48173773258595892 0.25199347086008766 0.26976194673600767 0.28154013435848124 0.2865571097401905 0.28375421618807539 0.13425104438343941 0.11816221393755394 0.096440616952478006 0.069417652803359778 0.037253406385510231 0 -0.042395165338596295 -0.089909439039911179 -0.14249454567539832 -0.20003040035434386 -0.1222181037081561 -0.18645756803695193 -0.25373127360475245 -0.32298614195260189 -0.39526794112326447 -0.19447499276328037 -0.35214234535228567 -0.53281180384878379 -0.30833009363906805 -0.2868930595880711 0.075683802358975052 0.41710309094474435 0.7483951300933448 0.42187378560508176 0.48195190721497339 0.25208189878417264 0.26993755572564893 0.28178185911474513 0.28684450776329773 0.28406709773170774 0.13439117284613392 0.11829544689159183 0.096554300618554592 0.069501326683314935 0.037298576642924339 0 -0.042445296156805229 -0.090012849112321477 -0.14265253188605653 -0.20024228288410956 -0.12229985681834281 -0.18658315291030469 -0.25389252409859997 -0.32317175061794939 -0.39546619821818418 -0.19431899178213904 -0.35194595246484628 -0.53251980563379853 -0.30734982205914568 -0.28555390422571941 0.077479880856607855 0.40957973231154776 0.74408996398936023 0.41859646685560714 0.47990286216506994 0.25063358568023791 0.26887592153003659 0.28104909169398407 0.28638314540193438 0.28382130148547891 0.13413327005493919 0.11816399263862226 0.096505909540030854 0.069499424501789059 0.037311876226597311 0 -0.042491446992389902 -0.090127472491831825 -0.14285598120205453 -0.2005577822243573 -0.12256538452748132 -0.18699239969156317 -0.25445961447109056 -0.32391146075351518 -0.39638855068983281 -0.19507995343644602 -0.3531356366007134 -0.534188742988292 -0.30902245512738352 -0.28737248747118216 0.076329083537558226 0.40332236778189795 0.74067158407062927 0.41578495972076035 0.47804772646653726 0.24922180757979379 0.26780483810686556 0.28027853530138086 0.28586865471754097 0.28351620364997038 0.13381832339303112 0.1179840599711655 0.096418858665354656 0.069470178219110931 0.037310919863625308 0 -0.042526776600569083 -0.090218297453274379 -0.14302004717958122 -0.20081780391395732 -0.12275621077086975 -0.18730160974595253 -0.25489470015982929 -0.32448005522318729 -0.39708898525556929 -0.19555470633561634 -0.35386496596314859 -0.53514364273095116 -0.30963189136710462 -0.28782218164810341 0.076555613897684352 0.39699995152793249 0.73720966623081752 0.41293894999948239 0.47616596610353362 0.24779012442115764 0.26671680286138072 0.27949372783680182 0.28534235718979306 0.2832014955665309 0.1334957633263294 0.11779833158741437 0.096327639746291549 0.069438249969076049 0.037308662122112091 0 -0.042560883806670897 -0.090306692337520977 -0.14318046592213524 -0.20107293782355895 -0.12294084933238364 -0.18760324550205507 -0.25532071665171224 -0.32503794956315324 -0.39777693433716593 -0.1960150110475595 -0.35457532959258847 -0.53607415896127253 -0.31021056059975455 -0.28823371386780311 0.076828771429204856 0.39468648880426016 0.73627272815836486 0.41202303519713568 0.47570824120547783 0.24736017609796351 0.26644949809839041 0.27936641679221352 0.28532999502858342 0.28327736224692185 0.13345675073808388 0.11780484301678783 0.096357277127528521 0.069472559972581907 0.037332489111571436 0 -0.042601200107221078 -0.090395548281132915 -0.14332387285045373 -0.20127780867869513 -0.1230284359232871 -0.1877501367658076 -0.25552185468856059 -0.32528601980909572 -0.39805990820225262 -0.19596487384638675 -0.35452529178505343 -0.53595265967845485 -0.30940186056280927 -0.28688055838591392 0.079285868125427858 0.39346045554732817 0.73629242445667564 0.41193650864213166 0.47593100355294832 0.24745424884934417 0.26662933239179676 0.27961096009463959 0.28561893732458127 0.2835907274644156 0.13359646814584461 0.11793697845082836 0.096469581831539863 0.069554944503761665 0.037376814082732544 0 -0.042649810027384646 -0.090495469425004804 -0.14347591246698232 -0.20148058568601629 -0.1230972544819031 -0.18785835489938862 -0.25566058893631255 -0.32544309915638125 -0.39822291333143489 -0.19576614570709217 -0.35426857389075178 -0.5355793689388253 -0.30831579194991615 -0.28525286742630507 0.081978976559825958 0.38723327307436278 0.7363347705967882 0.41146371008096733 0.47701770572896002 0.24790751256421986 0.26751547710530793 0.28082407254086239 0.28705682895623841 0.28515294256131157 0.13429214683045756 0.11859603380740931 0.097030330948988303 0.069966590829173295 0.037598402155251461 0 -0.042893026353054114 -0.090995464671369486 -0.14423671634821578 -0.20249526979626656 -0.12344222888310374 -0.18840023050067634 -0.25635472509200052 -0.32622838128226522 -0.39903687042007863 -0.19477006603870239 -0.35297876210861195 -0.53370081668371938 -0.30286548566364774 -0.27708470438446581 0.095486492983040322 0.3808454824301889 0.73628425666926867 0.41092449267527154 0.47805958114118835 0.24833248503839134 0.26838005501689027 0.28202124935841671 0.28848337960167258 0.28670744991305935 0.13498293670556191 0.1192523192727329 0.09758971797469633 0.070377719788448506 0.037819890712576069 0 -0.043136461269807906 -0.091495977414109878 -0.1449983094359196 -0.20351095476417977 -0.12378821323390768 -0.18894281251968151 -0.257048863790455 -0.32701250733010229 -0.39984788315888253 -0.19376852197772074 -0.35167666248846391 -0.53179956610804013 -0.29737868351016472 -0.26886300134943741 0.10906887365866942 0.37429855817124402 0.73614185123244402 0.41031957901723637 0.47905712539341 0.2487294570651048 0.26922326540500702 0.28320261145894576 0.28989864202638732 0.28825424796919147 0.13566879306808383 0.11990576172676035 0.098147662333978314 0.070788260686479448 0.038041236031527988 0 -0.043380042327409177 -0.091996845238673464 -0.1457604199207691 -0.20452723377193913 -0.12413464196104854 -0.18948535559094756 -0.25774205290830154 -0.3277942924947867 -0.40065450239426503 -0.19275978543529351 -0.35035988959292602 -0.52987246981274727 -0.29185136727355887 -0.26058275147773502 0.12273223417557853 0.3675939719266838 0.73590851671719559 0.40964969078117797 0.48001083748802681 0.24909873169250044 0.27004532535989034 0.28436829697048205 0.29130268756428307 0.28979335563300562 0.13634969370292768 0.12055630937147957 0.098704099744459331 0.071198154766756699 0.038262400463659835 0 -0.043623706499361488 -0.092497925849371734 -0.14652280979982929 -0.20554374877322804 -0.12448101349455101 -0.19002719597802159 -0.25843344942545049 -0.32857267700089782 -0.40145544508351166 -0.19174231728112015 -0.34902631806620693 -0.52791672877020168 -0.28627995172762744 -0.25223949001886337 0.13648202925144362 
end_dependent_variable

end_regular_table
