# ****************************************************************************
# CUI
#
# The Advanced Framework for Simulation, Integration, and Modeling (AFSIM)
#
# The use, dissemination or disclosure of data in this file is subject to
# limitation or restriction. See accompanying README and LICENSE for details.
# ****************************************************************************

# ##################################################################################################
# 
# This file was auto-generated by AFSIM Mover Creator 2.8.0.201104
# 
# Creation Date:  05 Nov 2020
# 
# ##################################################################################################

regular_table

independent_variable mach precision double
0.10000000000000001 0.5 0.70000000000000007 0.75 0.80000000000000004 0.84999999999999998 0.90000000000000002 0.92000000000000004 0.94000000000000006 0.95999999999999996 0.97999999999999998 1 1.02 1.04 1.0600000000000001 1.0800000000000001 1.1000000000000001 1.2 1.3 1.4000000000000001 1.5 1.75 2 2.5 3 3.5 4 
end_independent_variable

independent_variable surface_angle units deg
-40 -30 -28 -26 -24 -22 -20 -18 -16 -14 -12 -10 -9 -8 -7 -6 -5 -4 -3 -2 -1 0 1 2 3 4 5 6 7 8 9 10 12 14 16 18 20 22 24 26 28 30 35 40 
end_independent_variable

dependent_variable precision double
0.84227326175612538 0.12367868682566741 0.26106477915447118 0.38839577806891995 0.038148225436286792 0.16475359773150508 -0.11159831166311007 -0.029879172588720332 0.091244105426529956 -0.095792489373695264 0.005515646924614973 -0.10884220049116544 -0.069207444052155107 -0.033746200923252888 -0.0024842167977715828 0.024563381869396987 -0.053468278283497282 -0.034215174512032549 -0.019254058050855463 -0.008568172459792911 -0.0021495830375140267 0 -0.002148325595222083 -0.0085596198639926579 -0.019232347731969763 -0.0341862086124579 0.047521906431865088 0.024640472657558008 -0.0023833464471486702 -0.033622740301044104 -0.06904708490342247 0.092335327707539466 0.0057796495850278634 -0.095447084019662204 0.091670437323808335 -0.029372100012793393 0.28156007359798968 0.16543824810048519 0.038944571747415613 0.3893125018328395 0.26216467732933546 0.67806814993897013 0.98892810851590007 1.5077405086874118 0.84180146158298197 0.1233920514486285 0.26081200228167656 0.38817531636041464 0.037958045359772812 0.16459217662701675 -0.11173321974455275 -0.029989585860904756 0.091156107475773532 -0.095860549772132597 0.0054652188979418519 -0.1088776125477053 -0.06923627412760136 -0.033769107968875015 -0.0025018708707593247 0.024550306946053337 -0.053477469198447869 -0.034221145571770493 -0.019257500439349876 -0.0085697743132675409 -0.0021500367925453684 0 -0.002148568968061146 -0.0085607975064178176 -0.019235152647023277 -0.034191334154231229 0.047513761707369526 0.024628634640127867 -0.002399556622846799 -0.03364399211775581 -0.069074046631177902 0.092301932715898635 0.0057315280154521461 -0.095512451296260695 0.091585228746199759 -0.029479381160152605 0.28142807526765817 0.16527975308685289 0.038757602686057054 0.3890948635811684 0.26191498611521691 0.67778439801626567 0.9885538921069047 1.5072696416668796 0.84185116734187482 0.1234220468797778 0.26083843794624306 0.38819836229386734 0.037977854236601834 0.1646089731187127 -0.11171924160352077 -0.02997819910126958 0.091165160332646281 -0.095853598359622136 0.005470342684469171 -0.108874058525564 -0.069233390800921099 -0.033766833552995867 -0.0025001303688058961 0.024551579276022889 -0.053476592724326186 -0.034220590243843337 -0.019257193398950635 -0.0085696431006491557 -0.0021500080464025954 0 -0.0021485249831915635 -0.0085606361514382352 -0.01923480006596821 -0.034190717648001884 0.047514713242193751 0.024629994923879801 -0.0023977149548954908 -0.033641598791937205 -0.069071031820613971 0.092305633540434334 0.00573681979498036 -0.095505306870515158 0.091594482530871449 -0.029467772026803479 0.28144226837845732 0.16529675791029463 0.038777643893631995 0.38911810788933493 0.26194164262164626 0.67781459820484158 0.98859357726200991 1.5073194148272198 0.84186107292917756 0.12342801931179899 0.26084369819517006 0.38820295669819499 0.037981805008170763 0.16461232174515608 -0.11171644916667077 -0.029975924302427664 0.091166962874568117 -0.095852206928231723 0.0054713680034533599 -0.1088733441085203 -0.069232817250348883 -0.033766381593102496 -0.0024997856384875684 0.024551833531387273 -0.053476417806081894 -0.034220477780443792 -0.019257132475956958 -0.0085696162613418305 -0.0021500018671387656 0 -0.0021485166896541186 -0.0085606045490314829 -0.019234730350787651 -0.034190595674360273 0.047514900542900869 0.024630264784976985 -0.0023973531508204231 -0.033641126439276435 -0.069070435292275675 0.09230636806302335 0.0057378689214832935 -0.095503881227784151 0.091596317752282816 -0.029465459825264554 0.28144508838862659 0.16530013628017964 0.038781634238020286 0.38912273752623727 0.2619469545705469 0.6778206065077087 0.98860148161354133 1.5073293264142724 0.84187023710056164 0.12343356512329667 0.2608485841618185 0.38820721128689328 0.037985460132482815 0.16461542655197053 -0.11171386889119428 -0.029973823879299449 0.091168639421739306 -0.095850921960490859 0.0054723143044530876 -0.1088726854763865 -0.06923228288963329 -0.033765958483070992 -0.0024994631838369135 0.024552070361945722 -0.053476252525733951 -0.034220374699632079 -0.019257074967714633 -0.0085695914325890406 -0.0021499964458220819 0 -0.0021485083801598926 -0.0085605755954505456 -0.019234666794924946 -0.034190483179047181 0.047515075524972285 0.024630513902257574 -0.0023970145159928203 -0.033640686766105217 -0.069069882166384447 0.092307049864404661 0.0057388390300017649 -0.095502572899314422 0.091598023404624376 -0.029463321233513796 0.28144769189717772 0.16530327466006342 0.038785327403300623 0.38912701841171227 0.26195186619570082 0.67782618078610557 0.98860879415994229 1.5073385136910771 0.84187879082929318 0.12343871431302091 0.26085313158937989 0.38821117801524413 0.037988875011485054 0.1646183202186455 -0.11171146209785163 -0.029971854940054901 0.091170195016502892 -0.095849726414556261 0.0054732004802982362 -0.10887207184237788 -0.069231785803960402 -0.033765565722838842 -0.0024991622708419575 0.024552290118747419 -0.053476101287354139 -0.034220276342027824 -0.019257020954007557 -0.0085695683511038765 -0.0021499909407322912 0 -0.0021485014908192634 -0.0085605475593845699 -0.019234606845294967 -0.034190379651445557 0.047515236337421274 0.024630748179730891 -0.0023967010290536482 -0.03364027750656047 -0.06906936516664762 0.092307685263463876 0.0057397446731209537 -0.095501349077962136 0.091599609061965251 -0.029461327146380816 0.28145013392309493 0.16530619475116939 0.038788760409207215 0.38913101258572819 0.26195644783460281 0.67783136252766496 0.98861561102486673 1.5073470618030211 0.84188678083683055 0.12344354002686048 0.26085738719931217 0.38821488637138096 0.037992063431837163 0.16462102495702163 -0.11170921997849927 -0.029970026675800478 0.091171653594031954 -0.095848600950808258 0.0054740253821005079 -0.10887149803649716 -0.069231319865926011 -0.033765196514816929 -0.0024988797400598665 0.024552496727160759 -0.053475957963538226 -0.034220185867073892 -0.019256970386965402 -0.0085695463706366715 -0.0021499859861514804 0 -0.0021484947291328916 -0.0085605231455081112 -0.019234551555045342 -0.034190281166187053 0.047515388724689377 0.024630962351658896 -0.0023964086688938453 -0.033639899905271227 -0.06906888199528867 0.092308275217607996 0.0057405915952823848 -0.095500206317062436 0.09160108851096517 -0.02945946760683367 0.2814524071900858 0.16530892642459355 0.03879197231794243 0.38913473689864703 0.26196071978427987 0.67783620649606313 0.98862198390828904 1.5073550553848778 0.84120106971204478 0.12458197293667489 0.26209386153931313 0.38948694765425251 0.039236350416552122 0.16578668508991312 -0.11064765642777341 -0.028710080854119049 0.092233487516472007 -0.094991340786048276 0.0061291866988340271 -0.10839348334780174 -0.06883549828047307 -0.033445537951923253 -0.0022490937171254339 0.024739030283259543 -0.053344614256996985 -0.034135628115541404 -0.019209223667729716 -0.0085482765610575776 -0.0021446623106117267 0 -0.0021431702844762453 -0.0085392512966522768 -0.019186801950823468 -0.034105718889311194 0.047646741801053001 0.02481750438400028 -0.0021466050934992125 -0.033320216271081678 -0.068673027960123853 0.092786339461685588 0.0063958338703450591 -0.094642800192426144 0.092663149938820272 -0.028199187382063225 0.28251443162373752 0.16647523059873739 0.040037146908230202 0.39040797178368647 0.26319878091774462 0.67897681366422746 0.98933684559729618 1.5066821677939093 0.84046577001497336 0.1256994549746861 0.26331380633819834 0.39074618351402379 0.040470939456377079 0.16694525734789448 -0.10959116289560225 -0.027453538601272792 0.093293120322106723 -0.094135418029397552 0.0067836005743678171 -0.10791585149422007 -0.068439934582148115 -0.033126053266891685 -0.0019994148982351899 0.024925501927044173 -0.053213302770389964 -0.034051086927148644 -0.019161484773699923 -0.0085270095885943212 -0.0021393397185374709 0 -0.0021378466807420106 -0.0085179837146399495 -0.019139061607917871 -0.034021173673426656 0.047778056619436106 0.025003986457137625 -0.0018969073690136553 -0.033000710689048397 -0.068277432552481698 0.093264022734401583 0.0070503362613399592 -0.09378672095718843 0.09372301081154874 -0.026942304700847068 0.28357141514400491 0.1676344630334691 0.0412726260556514 0.39166838589224062 0.26442034743629805 0.68009650269113986 0.99001764642453238 1.5059598794866582 0.83968084406207988 0.12679598966415159 0.26451722450648474 0.39199256193500731 0.041695829325831171 0.16809673866726355 -0.1085397121150367 -0.026200398385410627 0.094350565338040385 -0.093280816136864508 0.0074372644045550534 -0.10743859795679146 -0.068044635894058583 -0.03280673897476101 -0.0017498408324274194 0.025111907292739082 -0.053082027486529938 -0.033966563163561815 -0.019113753551690912 -0.0085057453862284211 -0.0021340165201054989 0 -0.0021325236546432839 -0.0084967175751207141 -0.01909132755836709 -0.033936645805755498 0.047909335898874333 0.025190401792629928 -0.0016473238440255151 -0.032681367993845772 -0.067882099142434552 0.093741319980647414 0.0077040871261989368 -0.092931976883345049 0.094780691962325164 -0.025688816499483048 0.28462335315533471 0.16878661331220129 0.042498423700050754 0.39291597156505398 0.26562541214023999 0.68119527725324269 0.99066440921457843 1.5051881869398671 0.83884631299290913 0.12787154881901164 0.26570412824791928 0.39322610936716501 0.042911012672029257 0.16924113492011614 -0.10749332119174707 -0.024950657908755954 0.095405810871143179 -0.092427552316242861 0.0080901763767053034 -0.10696173504138623 -0.067649594071863009 -0.032487591245903578 -0.001500373996194689 0.025298252137551228 -0.052950784460900409 -0.033882057718360732 -0.019066031437813071 -0.0084844833827070806 -0.00212869486150299 0 -0.002127201075334454 -0.0084754538929459073 -0.019043602361638965 -0.033852136958568493 0.048040585396574645 0.025376754373289987 -0.0013978429530591989 -0.032362204218848355 -0.067487026351316454 0.094218230460028432 0.0083570922348943644 -0.092078562583886428 0.095836167656051532 -0.024438726403352044 0.28567025510414196 0.16993168337527878 0.0437145274844963 0.39415073712518417 0.26681397579549615 0.68227311028783399 0.99127712069139207 1.504367082953836 0.83389751343892604 0.12892616981643237 0.26687449821011672 0.39444680528369247 0.044116496439362864 0.1703784427874416 -0.1064519742455439 -0.023704315384149185 0.096458855695934251 -0.091575627231334736 0.0087423481073558625 -0.1064852486039128 -0.067254813277090084 -0.032168614650341737 -0.001251015538425302 0.025484532491433239 -0.052819578735844482 -0.033797568166114518 -0.019018316255561329 -0.0084632248960604933 -0.0021233742464740238 0 -0.002121878936432807 -0.0084541941552876108 -0.018995885168832695 -0.033767642817151777 0.048171797057553478 0.02556304560331461 -0.001148466406681737 -0.03204320647097629 -0.067092211115425279 0.094694764512539373 0.0090093471961198348 -0.091226472416494439 0.096889464138442877 -0.023192036301737037 0.28671210235290528 0.17106967526516956 0.044920953135992377 0.39537267904937362 0.26798603743189414 0.68333002824487554 0.99185578943333907 1.4998278325665642 0.81623628006865612 0.12806037831349715 0.26777200638312748 0.39565467511331759 0.045312290125308644 0.17150865660139092 -0.10541567066368678 -0.022461388734247863 0.097509716586182835 -0.090725026099777298 0.0093937695628822093 -0.10600915572451061 -0.066860293892702607 -0.031849810681630286 -0.0010017625486022225 0.025670749043718105 -0.052688409047585032 -0.033713098240710171 -0.018970608694268674 -0.0084419688731410467 -0.0021180527075473801 0 -0.002116558496928443 -0.0084329372036834518 -0.018948175271467152 -0.033683170408872143 0.048302972413661903 0.025749275138037313 -0.0008992021322224269 -0.031724378694746098 -0.066697657111203568 0.09517090758559503 0.009660858673427513 -0.090375727980269216 0.097940570073801275 -0.021948731182497527 0.28774890884146936 0.17220059664112905 0.046117687633804867 0.39658180867332032 0.26889616187927218 0.68255605135070441 0.98466742887145153 1.4838098544438727 0.79843182423994163 0.11976407000573216 0.26040204324268018 0.39008931520457901 0.041376411825234535 0.16885382807778521 -0.10707273616141955 -0.023038816881073315 0.097422488313997552 -0.090493367198207053 0.0098080960114082759 -0.10553343876136148 -0.066466036097416512 -0.031531177412189949 -0.00075261620114460467 0.025856902534800504 -0.052557275204640652 -0.033628644450803769 -0.018922908779465949 -0.0084207150394920906 -0.0021127329940765971 0 -0.0021112371989492071 -0.0084116833476950009 -0.018900473595035695 -0.03359871427651015 0.048434115396651004 0.025935434973536235 -0.00065003952161259485 -0.03140572146460191 -0.066303367402353472 0.095646671576572057 0.010080343834685338 -0.09012823354271135 0.097885769097403763 -0.022470180078611755 0.28618067686819104 0.16967631078084275 0.042370420998993817 0.39127917786954425 0.26188976985516543 0.67470065497106668 0.97392313727759217 1.4676579676193775 0.78277912090729107 0.11371073092132168 0.25528575053080615 0.38575444280442017 0.037683724993057041 0.16570611135750055 -0.10974244569907905 -0.02496042014032928 0.095816634027329303 -0.091827273725692382 0.0087044556775602161 -0.10639966477385331 -0.067144704996454085 -0.03204871694777589 -0.0011362870928327586 0.025580694570132113 -0.052745291975539899 -0.033745885987437906 -0.018989680329473017 -0.0084527722081473161 -0.0021227017861929123 0 -0.0021207934428280166 -0.0084412566900468246 -0.018961038180239722 -0.033707569936993725 0.048260824948378141 0.025682003796087153 -0.0010032894722199377 -0.031885110057758376 -0.066931178922393308 0.094845732520620882 0.0090636535122753364 -0.091348324786559007 0.096420431330853859 -0.024224447245773412 0.28370835900446056 0.16675480730815992 0.038941239460716988 0.38724782496000149 0.25713820332640192 0.66908982364616876 0.9653899871267474 1.4536673801953208 0.77976036409073668 0.11200198475123255 0.25376354695473713 0.38439479691527323 0.036454406950647431 0.16459319152941368 -0.11073462676176904 -0.025500996852285924 0.095349068911783241 -0.092218605174813964 0.008389083131842591 -0.10662942688636451 -0.067335008029547463 -0.032200057476507261 -0.0012530798353990746 0.02549178047031125 -0.052808525204879178 -0.033785978985125607 -0.019014426221887405 -0.0084668164549357612 -0.002128451209420242 0 -0.0021260833506257025 -0.0084525669081901064 -0.018979023803243861 -0.033738670751876573 0.048213059304399015 0.025616433242851389 -0.00108977547320286 -0.031999636669206771 -0.067074123069028851 0.094674425615239463 0.0088238068411944301 -0.091643286489038051 0.096068328596279784 -0.024632197406585697 0.28286671672518182 0.16580674845826693 0.037894213993651643 0.38608608090225227 0.25583810283726177 0.66763003932484111 0.96356102230576224 1.4511004183428349 0.77888373739667549 0.11306994643539249 0.25495398625950749 0.38564021644854735 0.037687940442960366 0.16576021332472307 -0.10966389574617941 -0.02422675651126445 0.096427141783190715 -0.091345416694953094 0.0090582686472636467 -0.10614029974149919 -0.066929665121633106 -0.03187253445403708 -0.00099703169464029711 0.02568309887812225 -0.052673749322184001 -0.033699193360455716 -0.018965379886584945 -0.0084449175843312376 -0.0021229358338885752 0 -0.0021205748524670775 -0.0084307081657009567 -0.01893007557023714 -0.033652018315274673 0.048347602179780708 0.025807401188667964 -0.00083418488359386254 -0.031672675823314587 -0.066669501152352387 0.095162659741991479 0.0094918214351869031 -0.090771616941638461 0.097144550149074194 -0.023360122745548113 0.28393494597266228 0.16697093709501865 0.039124551738258184 0.38732789813454549 0.25702437055413119 0.66869309934087917 0.96412538136304338 1.4502098265284757 0.77363692637791392 0.11804875730071436 0.26061899440808367 0.3916415162032037 0.043682369334941865 0.17146588088568623 -0.10440484166303354 -0.017921772132446317 0.10177263898825487 -0.087008561849729396 0.012386314926805512 -0.10370502928745132 -0.064910615964825669 -0.030240445877391189 0.00027933304297866912 0.026637075664434583 -0.052001573710062941 -0.033266279131034526 -0.018720686847205854 -0.0083356677530359875 -0.0020954281767505568 0 -0.0020930980397886653 -0.008321647869062301 -0.018685857532344623 -0.033219733453249127 0.049018691262701801 0.026759727150141709 0.00044002958190991564 -0.030043207797062987 -0.064653834833328941 0.097593738540889305 0.012814390708875098 -0.086441807590111913 0.10248149694441723 -0.017065115057453385 0.28918251755548091 0.17266384357062653 0.045104588889418262 0.39331323140547841 0.26267099776638597 0.67365071219575812 0.96636936395694351 1.4449090813312457 0.76696299311532035 0.12243097140506821 0.26580956657843896 0.3972701985460757 0.049391087066697939 0.17695847970672623 -0.099301433350526089 -0.011725453949665012 0.10704467691343274 -0.082719188132679103 0.015685290885591327 -0.10128654192140256 -0.062903911229881954 -0.028617218484752668 0.0015495141446098789 0.027586872284479962 -0.05133207934793494 -0.032834953750310654 -0.018476848931774151 -0.0082268001824103328 -0.0020680293847577347 0 -0.0020657264062388069 -0.0082129524402008627 -0.018442444482190453 -0.032788977570074838 0.04968720007014639 0.027708036917240331 0.0017082790193393373 -0.028422329498043374 -0.062650159589188611 0.1000084689145298 0.016108509550874377 -0.08215864042298833 0.10774608509486922 -0.010877373708824191 0.2942761799761599 0.17814574624155635 0.050801464135845242 0.39892908321907988 0.26784718687640924 0.67801683650237743 0.96765746050365187 1.438206276505573 0.75887718488853928 0.12622285657242352 0.27053103539946322 0.40253079954349574 0.054817910500482944 0.18224121646275365 -0.094350995686068223 -0.0056356469037707286 0.11224495246674922 -0.07847598593878985 0.01895613720783354 -0.098884188521461039 -0.060909013237075621 -0.027002415762393095 0.0028138452346513879 0.028532735493935209 -0.050665100285267127 -0.032405109988709033 -0.018233799919644519 -0.008118287235307841 -0.0020407297162946952 0 -0.0020384515346149957 -0.0081045937951803124 -0.018199785358072207 -0.032359647329631536 0.050353293659067447 0.028652562756882598 0.0029708713307598734 -0.02680963485806738 -0.060657969143152038 0.10240749143196949 0.019375076008875686 -0.077920872726085499 0.11293991449122047 -0.0047949062720328709 0.29921844240675499 0.18341970166131352 0.056218832729505369 0.40417973663094686 0.27255795673892963 0.68179737448291677 0.96799843242537398 1.4301150376114329 0.74939303330401563 0.12942999946363989 0.2747881940331609 0.40742736787784717 0.059966293960464261 0.187316962608603 -0.089551159661977145 0.00034954926649133529 0.1173749863933561 -0.07427778876347034 0.022199746579744363 -0.09649735366645866 -0.058925420305180637 -0.02539566374716953 0.0040726079822190593 0.029474881666764256 -0.050000489272875238 -0.031976650573686601 -0.017991491748989584 -0.0080100995193360738 -0.0020135209376619277 0 -0.002011264688579087 -0.0079965467063283103 -0.017957825013351306 -0.031931652448446687 0.051017107981247631 0.029593503426745108 0.0042280774623298838 -0.025204770211018773 -0.058676797046567829 0.10479136598477522 0.022614912686904694 -0.073727406162184816 0.11806443809421287 0.0011841361971644693 0.30401154671131014 0.18848843805665741 0.061359949088001131 0.40906903352356805 0.27680783244201401 0.68499757196137268 0.96740010748108807 1.4206474578471147 0.71964082627658388 0.13492119281132131 0.2834266437032873 0.41809911751530376 0.071638506383653919 0.19911705076792657 -0.078196979946015044 0.014865928512105744 0.12990152843531616 -0.063972534494989047 0.030194456580680568 -0.090594749480692807 -0.054013176666463658 -0.021411788078728081 0.0071968849429058807 0.031815229373457606 -0.048348415816094885 -0.030911010397060828 -0.01738861931331517 -0.0077409108409460664 -0.0019458539098036439 0 -0.0019436470469610932 -0.0077276540262444021 -0.017355685871593703 -0.030866983720709069 0.052667518103072311 0.03193135006742779 0.0073491353018160311 -0.021224749541540699 -0.053769457246095081 0.11068799020691877 0.030602181402123035 -0.063431217260693354 0.13058072503151721 0.015689590153279139 0.31535455795641482 0.20027786006462092 0.073022518508692569 0.41973313539454771 0.28544157230836531 0.69048887126208658 0.96183885556290016 1.391024715851304 0.69876524814493679 0.13690657520057689 0.28758976621226551 0.4237220315453098 0.078066255605158494 0.20579037422613941 -0.071661749670586347 0.02340163437774816 0.13731599558967467 -0.057841470997752456 0.034970028147618328 -0.087057989067035477 -0.051066009454500377 -0.01901900718422193 0.0090750750959915499 0.033223258370220048 -0.047353841561623269 -0.030269161446969825 -0.017025322162156117 -0.0075785912738904745 -0.0019050023338802191 0 -0.0019028307754178431 -0.0075655628805231393 -0.016992960531717619 -0.030225896866526387 0.053660780071792244 0.033337415741732955 0.0092247790716301452 -0.018835053571698599 -0.05082622880620067 0.11421991443908754 0.035371590140716766 -0.057307858336077634 0.13798620085835436 0.024215282180809653 0.32187888911146628 0.2069398599520553 0.079438472476942773 0.425344246512044 0.28959280956783867 0.69246283497814298 0.95633539527948852 1.3701717995414533 0.70277945621984994 0.13842004788933773 0.28885656747598781 0.42477953216743747 0.078945323661334763 0.20651417896382832 -0.071073211212182519 0.02387178627913783 0.13768321475828152 -0.0575631400406834 0.035172775019709952 -0.086918129787619605 -0.050952972887355161 -0.018930055464691821 0.0091429983299308234 0.033273337134848764 -0.047319018437993465 -0.030247048857609912 -0.017012677369828068 -0.007572628782944458 -0.0019032483644027827 0 -0.0019011305005118368 -0.0075599227963574316 -0.016981120439905826 -0.030204860721680195 0.05369371933773915 0.03338459898869995 0.0092888927834347459 -0.018750816123842561 -0.050719381555657604 0.11435196127803626 0.035563690647858005 -0.057043954224750386 0.13833490569194229 0.024662419296385126 0.3224389747127504 0.20762940484051898 0.080275589514969825 0.4263507518119849 0.29079490161265215 0.69389332218816357 0.95856156550912375 1.373774157966777 0.70523100769770786 0.13934820283657354 0.28963389126050454 0.42542878171345216 0.079485270527192273 0.20695890086088023 -0.070711486282753908 0.024160837640625755 0.13790904790257066 -0.057391949300674913 0.035297505993247311 -0.086832078053650147 -0.050883431954856721 -0.018875315724040921 0.0091848066944489413 0.033304150319161979 -0.047297586884089297 -0.030233439956513414 -0.017004895885517957 -0.0075689613559534932 -0.0019021712816177845 0 -0.0019000858099942983 -0.0075564504410264169 -0.016973829945777858 -0.030191904772103133 0.053714009343459025 0.03341366426711289 0.0093283813509857094 -0.018698936476797337 -0.050653581531131239 0.11443327320948041 0.035681966145669458 -0.056881502056836362 0.13854950717651729 0.024937493793383638 0.32278344716948054 0.20805336249628997 0.080790039996276514 0.42696905796634521 0.29153299596775756 0.69477113795608836 0.95992526018277735 1.3759759270853775 0.70673358892534677 0.13992061983898718 0.29011370786561591 0.4258298471314948 0.079819014920248288 0.20723397663442131 -0.070487629226347617 0.024339764228547816 0.13804889186347585 -0.057285917122556394 0.035374791071185963 -0.08677873708450938 -0.050840316091621526 -0.018841391286373348 0.0092107144448397328 0.0333232502680803 -0.047284304139616887 -0.030224996904021591 -0.017000075182107947 -0.0075666923813370078 -0.0019015107107349407 0 -0.0018994406772980398 -0.0075542973126472516 -0.016969301411046266 -0.03018385984132221 0.053726605627169799 0.033431706281384616 0.0093529053292414621 -0.018666732180229361 -0.050612739190195398 0.11448374068131864 0.035755353300901162 -0.056780771998240796 0.13868253376188081 0.025107965839930836 0.322996818705299 0.20831580688119988 0.081108352266324721 0.42735135437912819 0.29198901016029527 0.69531299580615824 0.96076479499241307 1.3773269597333788 0.70765920099980306 0.14027645352450135 0.29041233967901664 0.4260796984240503 0.080027137313060048 0.20740559884581505 -0.070347829944432047 0.024451559996324722 0.13813633502883568 -0.057219554781032363 0.035423167566310906 -0.08674533571015576 -0.050813317854748859 -0.018820143554597827 0.0092269440878119009 0.033335208599646719 -0.047275987783974141 -0.03021971329436576 -0.016997055680250093 -0.0075652737436332999 -0.0019010954753753465 0 -0.0018990373696329904 -0.0075529525548442035 -0.016966463337799751 -0.030178809041115758 0.053734501681174662 0.033443027937349233 0.0093682854331399532 -0.018646533766438156 -0.050587129831628004 0.11451539574545018 0.035801340746625068 -0.056717623352611553 0.13876587986389433 0.025214656714010315 0.32313026846452114 0.20847985536558516 0.08130712143179937 0.42758984827252744 0.29227313023787388 0.69565029537024381 0.96128536266566722 1.378160678615111 
end_dependent_variable

end_regular_table
