# ****************************************************************************
# CUI
#
# The Advanced Framework for Simulation, Integration, and Modeling (AFSIM)
#
# The use, dissemination or disclosure of data in this file is subject to
# limitation or restriction. See accompanying README and LICENSE for details.
# ****************************************************************************

# ##################################################################################################
# 
# This file was auto-generated by AFSIM Mover Creator 2.8.0.201104
# 
# Creation Date:  05 Nov 2020
# 
# ##################################################################################################

regular_table

independent_variable mach precision double
0.10000000000000001 0.5 0.70000000000000007 0.75 0.80000000000000004 0.84999999999999998 0.90000000000000002 0.92000000000000004 0.94000000000000006 0.95999999999999996 0.97999999999999998 1 1.02 1.04 1.0600000000000001 1.0800000000000001 1.1000000000000001 1.2 1.3 1.4000000000000001 1.5 1.75 2 2.5 3 3.5 4 
end_independent_variable

independent_variable surface_angle units deg
-40 -30 -28 -26 -24 -22 -20 -18 -16 -14 -12 -10 -9 -8 -7 -6 -5 -4 -3 -2 -1 0 1 2 3 4 5 6 7 8 9 10 12 14 16 18 20 22 24 26 28 30 35 40 
end_independent_variable

dependent_variable precision double
4.5100186734953214 -3.1737219696771799 -2.3477647248265354 -1.5127535970182462 -3.936623850458997 -2.892657574491535 -4.6575008178724424 -4.973861738666649 -3.7215039369301155 -4.5881946590394316 -3.3525635837778083 -3.6666963083416819 -3.1228541024781031 -2.6037918102285009 -2.1066734293451836 -1.6273943853692425 -1.8865427394316983 -1.4444576433842182 -1.0333855188900394 -0.65502186417652009 -0.31035588587601903 0 0.27555446234477204 0.51628280584409458 0.7216528687146746 0.89060659314749224 1.7372566745305942 1.823877245055872 1.8678508423211937 1.8643336544325104 1.817931311185992 3.1560001269597411 2.8893397499988884 2.5161941185620269 4.1170572824949208 3.472972855157789 4.9299371783157451 4.178661515362756 3.3245742298151422 5.7690368324643222 4.7714166820855795 7.5601602999091133 9.3248242993536188 11.737825761536484 4.5217672024836082 -3.1646634201905526 -2.3392674376581239 -1.5048322815126611 -3.9293052662673054 -2.8859264893972956 -4.6513751494270261 -4.9683552324250337 -3.7165983004203795 -4.5839072665164338 -3.3488842366877276 -3.6636272892702704 -3.1200915816583095 -2.6013356758990249 -2.1045265931081225 -1.6255558563722616 -1.8850147902396897 -1.4432364096475445 -1.0324703278388578 -0.6544121697537939 -0.31005126963907537 0 0.2752501172614249 0.51567495584984302 0.72074236729789576 0.88939434339822021 1.7357457792450888 1.8220678278034532 1.8657448189369354 1.8619335788951126 1.8152361495598082 3.1530124347553219 2.8857602529189625 2.5120384454448113 4.1123311648888548 3.4676861404398354 4.9240942632814431 4.1722733711294833 3.3176570000507293 5.7615895332097642 4.7634664853151909 7.5516949714943076 9.3151354513612041 11.72700737941244 4.5205315674958717 -3.1656223658549525 -2.3401668078471745 -1.5056714624646994 -3.9300846299668337 -2.8866435468416296 -4.6520299332956565 -4.9689475892775432 -3.7171259638831082 -4.5843706538911437 -3.3492819382884709 -3.6639589375804431 -3.1203901484956944 -2.6016010767565039 -2.1047589788091994 -1.6257551216021753 -1.8851810779712066 -1.4433694432219786 -1.0325700795552355 -0.65447863750581992 -0.31008448186173521 0 0.27528325296333661 0.51574117260168806 0.72084159355744215 0.889526489488353 1.7359108974721396 1.8222657354941814 1.8659754434560696 1.8621968765210697 1.8155318012846029 3.153340356454799 2.8861513684536759 2.5124925975447168 4.1128473360218782 3.4682634797903606 4.9247313828647448 4.1729692234147358 3.3184107670294614 5.7623990490998676 4.7643314708091538 7.552612202556241 9.3161768800571938 11.728162613409504 4.5202853880503353 -3.1658133393026673 -2.3403459201720387 -1.5058385710769093 -3.9302397752051337 -2.8867862874052577 -4.6521602390582073 -4.9690654336869322 -3.7172309348075694 -4.5844628095410176 -3.3493610301209213 -3.6640248939814328 -3.1204495315322527 -2.6016538621104952 -2.1048051934156717 -1.625794744717312 -1.8852141364024013 -1.4433958871521579 -1.0325899070855427 -0.65449184894741186 -0.31009108328616763 0 0.2752898398351839 0.51575433505595936 0.72086131665061104 0.88955275626633878 1.7359437129134578 1.8223050651002699 1.8660212722594667 1.8622491900011038 1.815590543943586 3.1534055074212604 2.8862291024278055 2.5125828544651871 4.1129499207053319 3.4683782250097219 4.9248580231629884 4.1731075457369089 3.3185606013400948 5.7625599863947254 4.7645034297724749 7.5527946018505423 9.3163840752971421 11.728392544893682 4.5200572696395565 -3.1659902820157977 -2.3405118685347168 -1.5059934013921605 -3.9303835053445551 -2.886918525853245 -4.652280959773293 -4.9691745866286476 -3.7173281670757241 -4.5845481619849737 -3.3494342834306665 -3.6640859829256422 -3.1205045216029004 -2.601702746861041 -2.1048479908453657 -1.6258314393799893 -1.8852447464887938 -1.4434203763765427 -1.0326082679003621 -0.65450408292440909 -0.31009719631339511 0 0.2752959397938069 0.51576652417844238 0.72087958024075782 0.88957707893383298 1.7359740983283596 1.8223414819553727 1.8660637044384205 1.8622976266213838 1.8156449347413286 3.1534658319079578 2.8863010795779531 2.512666427791777 4.1130449177474642 3.4684844761148903 4.9249752870008221 4.173235635549231 3.3186993450489686 5.7627090237598404 4.7646626646701762 7.5529635106430719 9.3165759926204288 11.728605549423516 4.5198448783607681 -3.166155007195393 -2.3406663583960663 -1.5061375441101361 -3.9305173010468102 -2.8870416176184803 -4.6523933236025083 -4.9692761758003847 -3.7174186655818731 -4.5846275943351511 -3.3495024555265767 -3.6641428356633647 -3.1205557008110421 -2.6017482420400397 -2.1048878192604592 -1.6258655900848253 -1.8852732319296619 -1.443443162102751 -1.0326253529704603 -0.65451546720276454 -0.3101028844673665 0 0.27530161578073203 0.51577786610749832 0.72089657635179638 0.88959971217703249 1.7360023717993358 1.8223753681286765 1.8661031875806653 1.8623426975733763 1.8156955400159356 3.1535219611013572 2.8863680474474398 2.5127441909987307 4.113133312894437 3.4685833362939431 4.9250844096884769 4.1733548255621313 3.3188284509891668 5.7628477132156526 4.7648108436880712 7.5531207071576105 9.3167546072213465 11.728803815758875 4.5196463013149497 -3.1663090060984755 -2.3408107929316717 -1.506272297091658 -3.9306423728572115 -2.8871566847818761 -4.6524983565031111 -4.9693711279720461 -3.7175032502493059 -4.5847018349867392 -3.3495661712124116 -3.6641959668965636 -3.1206035375201457 -2.6017907642152438 -2.104925043911694 -1.6258975028190727 -1.8852998511291352 -1.4434644565400276 -1.0326413187361285 -0.65452610537390743 -0.31010820014217577 0 0.27530691999857188 0.5157884652962228 0.72091245826457528 0.88962086418407293 1.736028792496441 1.8224070324796555 1.8661400804265749 1.8623848109039123 1.8157428271734672 3.1535744041504619 2.8864306275848404 2.5128168615667965 4.1132159057725133 3.4686757277212288 4.9251863819506383 4.1734662049217262 3.3189490929415761 5.7629773231348551 4.7649493148551079 7.5532676144838096 9.3169215554998122 11.728989149186251 4.5627141166626082 -3.146165065237764 -2.323627275181706 -1.4916242257582724 -3.9204884110173377 -2.8788934362712064 -4.6476797065394617 -4.9667948688558488 -3.7156937906412053 -4.5848629220455699 -3.3499026085485903 -3.6655514586353806 -3.1218776507941208 -2.6029445550043508 -2.105923774161099 -1.6267095412466324 -1.8864306809004003 -1.4443659263224535 -1.0333081011346497 -0.65496010826754592 -0.31031788738787608 0 0.27549594560031243 0.51614022457063846 0.72139470051118015 0.89019492137134293 1.7371766724211741 1.8235466885087237 1.867212591542468 1.8633221630849841 1.8164749999029453 3.1550661594802043 2.887163451682925 2.5124845190983107 4.1129875580946891 3.4666841329099505 4.9225834440140472 4.1685356345997464 3.3112889316448664 5.7545804663183766 4.75330465644989 7.5404757993279841 9.2974772548856848 11.703258396068019 4.60582320646086 -3.1259958766119311 -2.3064221673695471 -1.4769578821989298 -3.9103193672866734 -2.8706180716355449 -4.6428515277472817 -4.9642114565057618 -3.7138791419897217 -4.5850204171689466 -3.3502367188498057 -3.6669055426541246 -3.1231507195499115 -2.6040975920971996 -2.1069219831598809 -1.6275212354672566 -1.8875612884000752 -1.4452672691271913 -1.0339748177337844 -0.65539408046990999 -0.31052756351808203 0 0.27568495986795083 0.51649195265911929 0.72187687769241082 0.89076885173410958 1.7383243352698454 1.8246859983777459 1.8682845775270485 1.8642587674546593 1.8172061292120658 3.1565565081621698 2.8878939426697037 2.5121485861751593 4.1127540040380346 3.4646853657677066 4.9199709749000871 4.1635929543312402 3.3036136669093277 5.74616534110557 4.7416384199819799 7.5276587370197783 9.2779989924694881 11.677486500851128 4.6489735736202196 -3.1058014212260225 -2.2891954552489784 -1.4622732737665149 -3.9001352407461063 -2.8623305927131115 -4.6380137968424329 -4.961620889696305 -3.7120593013843375 -4.5851743220419028 -3.3505685021160572 -3.668258222169682 -3.1244227462384795 -2.6052498807786759 -2.1079196693378912 -1.6283325824938348 -1.8886916818235626 -1.4461684868690541 -1.0346414693186063 -0.65582802126294426 -0.3107372273839053 0 0.27587396287329236 0.51684364944677652 0.72235898839130486 0.89134265994451856 1.7394717772511226 1.8258249611293151 1.8693560405632035 1.8651946176174587 1.8179362118073485 3.1580454446816928 2.8886221056002848 2.5118090627973411 4.1125152583849109 3.4626794492722621 4.9173489550010618 4.1586381654948736 3.2959233376439765 5.7377319510196907 4.7299505840054588 7.5148164263337085 9.258486783722919 11.65167345143395 4.6921652076219793 -3.0855817084753925 -2.2719471520449823 -1.4475704032694221 -3.889936034867834 -2.854031018039306 -4.6331665321560678 -4.9590231514749927 -3.7102342502896559 -4.5853246343156018 -3.3508979555389522 -3.6696094927907472 -3.1256937313193802 -2.6064014131342166 -2.1089168311377495 -1.6291435812668376 -1.8898218550434585 -1.4470695804352396 -1.0353080543700304 -0.65626193191042614 -0.310946880924095 0 0.27606295462271996 0.51719531684523279 0.72284103244829467 0.89191633919859825 1.7406190028329052 1.8269635763932341 1.870426977663824 1.8661297099097061 1.8186652460548196 3.1595329725365016 2.8893479392747183 2.5114659426332064 4.1122713076805617 3.4606663616202717 4.9147173958569192 4.1536712608398858 3.2882179129054214 5.7292802980521467 4.7182411480607751 7.5019488522576374 9.2389406141955153 11.625819250267455 4.7176211123954932 -3.0653367286583171 -2.2546772402433946 -1.4328492784179683 -3.8797217529198051 -2.8457193254022868 -4.6283097244460176 -4.9564182561391021 -3.7084040084154939 -4.5854713573090544 -3.3512250883095964 -3.6709593603894155 -3.1269636691758271 -2.6075521949848555 -2.1099134760144631 -1.6299542357818426 -1.8909518147999076 -1.4479705454408238 -1.0359745721604268 -0.6566958107273192 -0.31115652288604367 0 0.2762519350173015 0.51754695229821146 0.72332300978040487 0.89248989113032295 1.7417660114024525 1.8281018443865154 1.8714973949052525 1.8670640493992749 1.8193932321076638 3.1610190928754838 2.8900714435142887 2.5111192314016657 4.1120221669115953 3.4586461140963709 4.9120762865404526 4.148692244655459 3.2804974180202668 5.720810381130641 4.7065101114841257 7.4890560365438485 9.2193604982356181 11.569037119236473 4.6885656625432732 -3.0545580281661238 -2.2387027087361155 -1.4181098655114297 -3.8694923754475106 -2.8373955215421987 -4.6234433619170296 -4.9538061882169382 -3.7065685609794881 -4.5856144770058229 -3.3515498808968891 -3.6723078194510235 -3.1282325604971519 -2.6087022284368877 -2.1109095953130743 -1.6307645438559626 -1.8920815519018035 -1.4488713846814352 -1.0366410240301656 -0.65712965900612297 -0.31136615351389008 0 0.27644090378417596 0.51789855754819325 0.72380492094293147 0.89306331897572822 1.742912799934359 1.8292397651474548 1.8725672839389005 1.8679976319118714 1.8201201770889888 3.1625038032476778 2.89079261334048 2.5107689271879043 4.111767809194026 3.4566187065473746 4.9094256357832142 4.1437011218435158 3.2727618367508917 5.712322191983179 4.6927238574192538 7.4610737566694336 9.1348517103823088 11.415765141732646 4.6604868614987369 -3.0804421853441353 -2.264860520589429 -1.4388888071501009 -3.8869284492284075 -2.8500396518552829 -4.6338990079367495 -4.9618218223971722 -3.7115464949366634 -4.5895533959026205 -3.3533611524039681 -3.6736548703840639 -3.1295004061769349 -2.6098515066608101 -2.1119051896718539 -1.6315744991703112 -1.8932110736509693 -1.4497720979911226 -1.0373074092516172 -0.6575634771457568 -0.31157577184544027 0 0.27662986060580341 0.51825013085269733 0.72428676511250445 0.89363662066043215 1.744059370764697 1.8303773349357826 1.8736366507134561 1.8689304648642069 1.8208460669823567 3.1639871001808868 2.8897113401513432 2.5056770978823417 4.102731294746798 3.4404461505584885 4.8857193720887482 4.1089442092083406 3.2244968039097421 5.6501394036282528 4.6133241688073072 7.3741376650088846 9.0204911397948777 11.261387920200081 4.6497714332980848 -3.0895158844293706 -2.2742710143916982 -1.4484286526525429 -3.8987250925865711 -2.861524712109849 -4.6466471282151653 -4.9746227043752453 -3.7229454491531397 -4.6008035857809064 -3.3627786425019845 -3.6820471771433025 -3.1363292012087887 -2.615247945726459 -2.1160197323452428 -1.6345649216184264 -1.8957411311303665 -1.4514477234028265 -1.0383139984969967 -0.65807082003914485 -0.31174496851905958 0 0.27656617553624668 0.51794461335915387 0.72354858960120572 0.89221979278132202 1.742245470179919 1.8273951486381412 1.8692075270145641 1.8627236797217666 1.8125581804343536 3.1543300212223255 2.8759013464542611 2.4872706201144332 4.0805161077720502 3.4122327661849368 4.8523813090378134 4.0684809154249102 3.1762401947176375 5.5957324515464055 4.5498187902449123 7.3030285303061504 8.9217432940355099 11.122288839188581 4.6946682346062749 -3.0759818662896188 -2.2643712357149655 -1.4414734779158436 -3.8964402180452922 -2.8610269748896644 -4.6492283088114261 -4.9788208413488189 -3.727068171847427 -4.6058833238540577 -3.3669248964712053 -3.686093000632936 -3.1397594970155356 -2.6180435500615085 -2.1181953891347423 -1.6361587390789265 -1.8973110711814176 -1.4525054068322316 -1.0389638825740219 -0.65840906018851109 -0.31186306288984295 0 0.27651214853558176 0.5177298296959989 0.72305962463469009 0.89129364273991762 1.7412614167998819 1.8256964413519294 1.8666471660615327 1.8591247488898097 1.8077947305708997 3.1493161020410012 2.8679043769857597 2.4758804093464444 4.066860237874975 3.394511809413566 4.8319119773764365 4.0437736063562184 3.1472045551719749 5.5646977591682747 4.5146569170007886 7.2662522919639887 8.8791812354037098 11.079629242237548 4.7414418247174233 -3.0543129036042975 -2.2458998227035223 -1.4257419160644256 -3.8853811779818415 -2.8520167669464267 -4.6438011367283369 -4.975759192549063 -3.7248800313780355 -4.6057575904627086 -3.3670521374593165 -3.6873031081395449 -3.1409153492676918 -2.6191032624340402 -2.1191210860992786 -1.6369156581093125 -1.8984021273331781 -1.4533800521918199 -1.0396138728657707 -0.65883387489900003 -0.31206911892566036 0 0.27670016151834093 0.51808106006691823 0.72354321892496465 0.89187278138356352 1.7424195863852778 1.8268526834729486 1.8677437499106517 1.8600951137252602 1.8085695993087647 3.1508609326913777 2.8687142734897924 2.4756512901262973 4.0667636046499469 3.392682305840558 4.8295026860442736 4.0390718871804481 3.1398102772658318 5.55660869351125 4.5033688005068973 7.2538733206801602 8.8603710223289944 11.054966733838491 4.9751024959090602 -2.945915382246008 -2.1534945640797321 -1.3470426671721365 -3.8300549684033389 -2.8069464412252434 -4.6166554602112209 -4.9604510848850296 -3.7139462039786912 -4.6051400317240168 -3.367701281179952 -3.6933660008174116 -3.1467061959181297 -2.6244121842055019 -2.1237584839974235 -1.6407075892960268 -1.9038630433891126 -1.4577572236977527 -1.0428663315817563 -0.66095928259798808 -0.31309985569210758 0 0.27763990713692904 0.5198359858662136 0.72595833060186765 0.89476299517050883 1.748201285331731 1.8326200407828759 1.873206906745569 1.864919767077087 1.8124080149630486 3.158538870762345 2.8726922622226501 2.4744018460117627 4.0661369561623015 3.383344303826568 4.8172103228627234 4.0152569272146019 3.1024636133276475 5.515713103644984 4.4463972386277613 7.1913574120083021 8.7654488974166451 10.930474084414364 5.2085358089986693 -2.8373842270510603 -2.0609704473441068 -1.2682419346781795 -3.7746500413384934 -2.7618215361609839 -4.589475079863381 -4.9451284195296443 -3.7030121353128056 -4.6045319808019674 -3.3683653418110207 -3.6994447780249717 -3.1525124897547792 -2.6297352748334557 -2.1284082665285236 -1.6445098569669858 -1.9093319722388702 -1.462140022873476 -1.0461223640105528 -0.66308656453271986 -0.31413121375181896 0 0.27857907206428517 0.52158881100302934 0.72836868588119241 0.8976441890353799 1.75396801968889 1.8383648299692319 1.8786378911336561 1.8697002891399002 1.8161880661979106 3.1661417248977117 2.8765540391164 2.4729833460469983 4.065276532648487 3.3736956447129556 4.8045166047432799 3.9909415852876959 3.0645036018370249 5.4740812387520723 4.388557229781858 7.1278255641316814 8.6691028502973566 10.804057058825238 5.4418886840778677 -2.7286624105230524 -1.9682793971379098 -1.1892993333715081 -3.7191326233007911 -2.7166140525797506 -4.5622370345137835 -4.9297726973387404 -3.6920632426687856 -4.6039222315676946 -3.3690360172303246 -3.7055335541350942 -3.1583293786393667 -2.6350686370334628 -2.1330673667990769 -1.6483201161773324 -1.9148072026133198 -1.4665272725871794 -1.0493812119816193 -0.66521529894948961 -0.31516302080346215 0 0.27951759300783324 0.52333947603835185 0.73077429657095705 0.90051653129031251 1.7597201889507472 1.8440877314291988 1.884037737712656 1.8744381413634477 1.8199117121232156 3.1736720060566896 2.8803033855454112 2.471401076139434 4.0641892892229823 3.3637451420048601 4.7914324234023704 3.9661390769342337 3.0259459703089164 5.4317315234265857 4.329870259457012 7.0633026882677301 8.5713692591150714 10.6757711187604 5.6752920277777932 -2.6196989786997773 -1.8753785055466898 -1.1101787835638242 -3.6634725008256153 -2.6712989263343054 -4.5349208042513984 -4.9143673689592635 -3.6810864578251388 -4.6033007366100192 -3.3697058515357359 -3.7116270741326782 -3.1641525370074297 -2.640408790439889 -2.1377330502634391 -1.6521362776736868 -1.9202871994062074 -1.4709179258186567 -1.0526422102886281 -0.6673451140393204 -0.31619512528952176 0 0.28045542056537626 0.5250879410961834 0.73317518478726174 0.90338019666206981 1.7654581718674811 1.8497893996461485 1.8894074341435485 1.8791347173492434 1.8235807787054426 3.1811320338447668 2.8839438132782673 2.4696599259576932 4.0628817197854463 3.3535010883780609 4.7779680253918162 3.9408617588308887 2.9868054030677005 5.3886812560967581 4.270356498302216 6.9978121964623128 8.4722824863530413 10.545668785265706 6.2597548285392399 -2.3459469912823008 -1.6419666959441603 -0.91139576249621568 -3.5235276592298237 -2.5573988789941042 -4.4661722734199349 -4.8755436228587312 -3.6534486922780496 -4.6016390503090587 -3.3713347887755911 -3.7268518690762851 -3.1787134599291327 -2.6537692289625654 -2.1494106503345032 -1.6616907307228526 -1.9339994658238444 -1.4819035728835017 -1.0608003830802664 -0.67267230792982924 -0.31877586456985968 0 0.28279670080635566 0.52944931820430874 0.73915703115027853 0.91050255409831848 1.7797435441418106 1.863954733836527 1.9027057664771634 1.8907039544350424 1.832525774433706 3.1994888281932776 2.8925895009447089 2.4646413112188084 4.0586876439916093 3.3266559912953313 4.7427046184034323 3.8756650978899585 2.886491752655203 5.278094411782174 4.1180761029838999 6.8299938272271108 8.2188532875449294 10.212785564415729 6.6136486525336062 -2.179698780246508 -1.5002044636834659 -0.79067006761855851 -3.4383548497055254 -2.4880895521654218 -4.4241621047564026 -4.8516844443521876 -3.6364663047100851 -4.600380571464556 -3.3721614739078181 -3.7359179391219226 -3.1874130757742924 -2.6617740499784155 -2.1564249443740686 -1.6674441602194388 -1.94225544690751 -1.4885267953173749 -1.0657250507492324 -0.67589192877723947 -0.32033754455201829 0 0.28421875591422596 0.53210280064410276 0.74280381421409691 0.91485687723171705 1.7884202884930587 1.8725846747122197 1.9108412867817226 1.8978286293545246 1.8381018683931034 3.210736973816307 2.8980621148537007 2.4619608577883465 4.0565442897796897 3.3109616619777982 4.7219929387624191 3.8370420076848046 2.8268481124860334 5.2123580797085793 4.0274288023947751 6.7301598970407612 8.0684078896047744 10.016519857192499 6.6213187482930129 -2.1764836316462812 -1.4974572623956275 -0.78833691929276806 -3.4363899443354753 -2.4864647956024513 -4.4228518346654289 -4.8506672722626165 -3.635717648241839 -4.5998744880814595 -3.3718663825852078 -3.7357970243723693 -3.1873635663476461 -2.6617861113907941 -2.1564857531171859 -1.6675390204162082 -1.9423724168214185 -1.4886534214779106 -1.06584316843447 -0.67598549088979298 -0.32039194377494135 0 0.28429652707563635 0.53227349552711067 0.74308326294374527 0.91526715864877162 1.7889818947756677 1.8733156721289632 1.9117628793427937 1.898966515138198 1.8394764085723472 3.2123696947283107 2.9002919659938082 2.4648874637292963 4.0602784576070468 3.3156192015474186 4.7276965615575106 3.8439295968969001 2.8350691652908764 5.2220919145926583 4.0388892721504535 6.743613899909942 8.0886832623172911 10.048358171561613 6.6257338698774024 -2.1747176958588867 -1.4959638378077713 -0.78708311067922143 -3.4353477724364074 -2.4856170424118136 -4.4221827310529775 -4.8501637374967395 -3.6353646727351157 -4.5996561795172894 -3.3717635066585685 -3.7357871726551615 -3.1873906967066734 -2.6618442515216887 -2.1565671084510765 -1.6676346822817045 -1.9424751392438142 -1.4887556350385285 -1.0659338551349067 -0.67605493129456462 -0.3204312785988977 0 0.28435002996622244 0.5323896767770685 0.74327171525181768 0.91554125116540575 1.7893540385263351 1.8737967984667407 1.9123658290092924 1.8997068376983417 1.8403664293636879 3.2134224415059442 2.9017190416438363 2.4667491408469613 4.0626417936112951 3.3185542077766832 4.731277472791283 3.8482398466803587 2.840199151985408 5.2281501494220324 4.0460052054660522 6.7519490845554442 8.1011798186936517 10.067889908447768 6.6281918015149754 -2.173817493364087 -1.4952184429057651 -0.78647233357287982 -3.4348545061788842 -2.4852306495739556 -4.4218935048051584 -4.8499636279615768 -3.635244398809927 -4.5996060535205858 -3.3717717626975752 -3.7358401447035026 -3.1874602210441183 -2.6619266842575007 -2.156657743291972 -1.6677280897730404 -1.9425669268026415 -1.4888412096647161 -1.0660065392343236 -0.67610883067129157 -0.32046102551114575 0 0.28438835811669438 0.5324718850807415 0.74340360491646373 0.91573092017810587 1.7896089979039445 1.8741236562318213 1.9127723471788802 1.9002024317312234 1.8409585472474299 3.2141189588698706 2.9026538633345922 2.4679587038571071 4.0641665815733079 3.3204365642455493 4.7335621801565493 3.8509772977361241 2.8434439661581874 5.2319679256808982 4.0504741690625385 6.7571670071607652 8.1089439560669092 10.079941336986545 6.6294818550014281 -2.1734275249305184 -1.4949127607478057 -0.78623855522769726 -3.4346820886814755 -2.4851129561795515 -4.4218245357637267 -4.8499383894386225 -3.6352571533849147 -4.5996507848484312 -3.371841248100472 -3.7359260655918596 -3.1875508172696012 -2.6620197576138214 -2.1567504001762825 -1.667817049790097 -1.9426495245315791 -1.4889146485199214 -1.066066770341932 -0.6761522789940797 -0.32048444093186401 0 0.28441697042195829 0.53253246795560905 0.74349966394626443 0.91586734811112047 1.7897903339659484 1.8743539001497909 1.9130561710985849 1.9005455382874143 1.8413654107217801 3.2145943356599584 2.9032840802693083 2.4687657359783515 4.0651748536081511 3.3216715221551123 4.7350508968554443 3.8527501243002571 2.8455338105782126 5.2344143301391544 4.0533243720164585 6.7604800295556098 8.1138216877392448 10.087438000397205 
end_dependent_variable

end_regular_table
