# ****************************************************************************
# CUI
#
# The Advanced Framework for Simulation, Integration, and Modeling (AFSIM)
#
# The use, dissemination or disclosure of data in this file is subject to
# limitation or restriction. See accompanying README and LICENSE for details.
# ****************************************************************************

# ##################################################################################################
# 
# This file was auto-generated by AFSIM Mover Creator 2.8.0.201104
# 
# Creation Date:  05 Nov 2020
# 
# ##################################################################################################

regular_table

independent_variable mach precision double
0.10000000000000001 0.5 0.70000000000000007 0.75 0.80000000000000004 0.84999999999999998 0.90000000000000002 0.92000000000000004 0.94000000000000006 0.95999999999999996 0.97999999999999998 1 1.02 1.04 1.0600000000000001 1.0800000000000001 1.1000000000000001 1.2 1.3 1.4000000000000001 1.5 1.75 2 2.5 3 3.5 4 
end_independent_variable

independent_variable surface_angle units deg
-40 -30 -28 -26 -24 -22 -20 -18 -16 -14 -12 -10 -9 -8 -7 -6 -5 -4 -3 -2 -1 0 1 2 3 4 5 6 7 8 9 10 12 14 16 18 20 22 24 26 28 30 35 40 
end_independent_variable

dependent_variable precision double
12.510358438261255 -2.6561942587049754 7.2091092027971637 17.125512912157113 4.4247340846706447 13.500790282254577 2.4610166579776749 13.920709966345019 20.727200468409855 12.24900266637937 16.839844292457176 9.1769774204703278 10.412721948834935 11.217825012577359 12.038094388444646 12.338867859851351 7.1830187658899947 6.5494153920076483 5.4796956776883681 4.0110573419269038 2.1806693393206751 0 -2.4891681768861784 -5.3467485334831837 -8.5578072883186369 -12.114701917165272 -10.97386246140219 -15.27228446887719 -19.994380631424097 -25.216735547740146 -30.415226848415369 -25.564025426321969 -35.623997426866865 -48.052027003116237 -45.330429885976045 -58.770514278701 -39.667822573884251 -51.313402769462805 -64.456602853852971 -51.456928467018081 -64.207255313586174 -46.354257089254439 -36.172679418153947 -0.3256158050796456 12.521195465565926 -2.6506859796010533 7.2138328351025169 17.12950290421966 4.427881086833465 13.50333096550829 2.4628965915687613 13.922155429186425 20.728234682342599 12.249643087357038 16.840205098531268 9.1771046315107494 10.412766886196746 11.217802418284663 12.038017384333724 12.33875312369544 7.1828877737305072 6.5492803917598321 5.479569674512514 4.0109578494763189 2.1806118340143943 0 -2.4890972277357544 -5.3465886508677869 -8.5575425877724047 -12.11431849816096 -10.973370845458884 -15.271643644512068 -19.993576276850867 -25.215749452313268 -30.414042348658874 -25.562703821809595 -35.622212699862359 -48.049712938846397 -45.327674081812575 -58.767119392397696 -39.664156776655169 -51.309016191370048 -64.451434261703014 -51.451206498774539 -64.200662837270244 -46.347081290177698 -36.16342500746579 -0.31424480717076397 12.519898112298499 -2.6514814004188261 7.2131311063812449 17.128889132344472 4.4273378148295475 13.502865321589299 2.4624948074572575 13.921823502589975 20.72796404204384 12.249424598417406 16.840036455004284 9.1769785264668009 10.412660534372371 11.21771419847081 12.037945561964362 12.338696175599988 7.1828445418295548 6.5492490666819529 5.479548473948987 4.0109453221259068 2.1806063702207563 0 -2.4890935159329528 -5.3465826535431864 -8.5575358808177953 -12.114312794313495 -10.973369583213602 -15.271646624983639 -19.993585183543619 -25.215765618958866 -30.41406730761901 -25.562744625215988 -35.62227965400902 -48.049811904595522 -45.32782178289294 -58.767312073731709 -39.664431006591613 -51.309349940869275 -64.451833131212553 -51.451696644140817 -64.201231123380936 -46.347757682082246 -36.164367161234054 -0.31550400917662658 12.51964174476679 -2.6516370548699539 7.2129939781369812 17.128769397758514 4.427232378541496 13.502775199727029 2.4624174413188662 13.921759759713783 20.72791226088205 12.249383081168418 16.840004579225941 9.1769548968980903 10.412640685922723 11.217697836258893 12.037932298942472 12.338685732460613 7.1828366864972564 6.5492434237255654 5.4795446989573282 4.0109431306214667 2.1806054334299985 0 -2.4890929211598607 -5.34658176072932 -8.557535001918243 -12.114312262250554 -10.973370033577817 -15.271648075391294 -19.993587935514068 -25.215769996989227 -30.414073567783724 -25.562754048653161 -35.62229457219599 -48.049833487866508 -45.327853065844913 -58.767352614170321 -39.664487099914162 -51.309418062286447 -64.451914481695567 -51.451795684440022 -64.201345940724948 -46.347893416342032 -36.164555222505221 -0.31575405833327885 12.519404664261316 -2.6517805117016127 7.2128676668037564 17.128659148394398 4.4271354634303419 13.502692318414164 2.4623464732117859 13.921701282320347 20.727864826092379 12.249345112707751 16.839975498565195 9.176933394559903 10.412622642504257 11.217682953815114 12.037920281826123 12.338676302896033 7.1828295868781566 6.5492383651703641 5.4795413306721299 4.010941174766784 2.1806046061665931 0 -2.4890924116598119 -5.3465810121647639 -8.5575343053089696 -12.114311923966778 -10.973370640701461 -15.271649635070997 -19.993590776842503 -25.215774364807256 -30.414079768716871 -25.562763121807066 -35.622308818410964 -48.049854027436311 -45.327882555509909 -58.767390763900046 -39.664539477987255 -51.309481704571091 -64.451990378788793 -51.451887955999972 -64.201452843505109 -46.348019544874376 -36.164729676853945 -0.31598553328506629 12.519184426968991 -2.6519134896507039 7.212750627254449 17.128557062775254 4.4270457439342881 13.502615787134605 2.462280993727096 13.921647359630757 20.727821137189181 12.249310190077624 16.839948775933856 9.1769136719773474 10.412606148042528 11.217669370891654 12.037909344409465 12.338667703594728 7.1828231686774711 6.5492337780423275 5.4795382922455271 4.0109394247545875 2.180603865005982 0 -2.4890919683484936 -5.3465803774678013 -8.5575337498852999 -12.114311748314519 -10.973371371394419 -15.271651269300778 -19.993593620213396 -25.215778660883583 -30.414085788891576 -25.562771854379406 -35.622322454949199 -48.049873569771037 -45.32791041426411 -58.767426786399227 -39.664588561559299 -51.309541317066163 -64.452061497527879 -51.451974137941271 -64.201552677303155 -46.348137092998222 -36.164892139872464 -0.31620092380059756 12.518978921999045 -2.6520372356440025 7.2126416922185506 17.128461958312069 4.4269624234907807 13.502544699032525 2.4622202354074108 13.921597434051238 20.72778066108831 12.249277888955305 16.83992413866245 9.1768955338394225 10.412590956675448 11.217656899070846 12.037899283722243 12.338659850304902 7.1828172917308351 6.5492295853659446 5.4795355262331089 4.010937842097122 2.180603204586689 0 -2.4890915810773948 -5.3465798436177039 -8.5575333279879846 -12.114311695465659 -10.973372147532297 -15.271652959698438 -19.993596467158614 -25.215782890579703 -30.414091646690078 -25.562780241774647 -35.622335469555914 -48.049892165421824 -45.327936776910448 -58.767460825661907 -39.664634712147162 -51.309597334817404 -64.452128306659318 -51.452054944106557 -64.201646410249026 -46.348247310704089 -36.165044100520042 -0.31640209261077656 12.605366041076158 -2.6267563355622348 7.2478097918756026 17.173563213076566 4.4454686227465379 13.531472041915691 2.4703840034669966 13.945723792481564 20.760749818964282 12.267579782169888 16.86452917788138 9.1902343969609959 10.427658386996624 11.23389929327346 12.055070754689007 12.356157575321474 7.1925845115218667 6.5581492096448768 5.4870198221930782 4.0164472336057608 2.1836149530697004 0 -2.492585334159465 -5.3540935964610465 -8.5695819138707243 -12.131394585561273 -10.988493639022396 -15.292767042369848 -20.02123431210665 -25.250563865429392 -30.45623347180031 -25.597401593555574 -35.671963091584857 -48.11705905371533 -45.38990837043886 -58.848015631543859 -39.714824169968303 -51.37501109819403 -64.534027999555946 -51.510027228649953 -64.273870687087253 -46.387963685751131 -36.175361242080498 -0.25382965480473635 12.691852824834978 -2.601437683317168 7.2830199974209489 17.218710993221823 4.4639970305748911 13.560427229357918 2.478557321290412 13.969870733884129 20.793745172719071 12.285895482264554 16.889152374845931 9.2035829936685278 10.442736806715269 11.250153493656535 12.072254463205494 12.373667702204326 7.2023583692320887 6.5670748874928764 5.4945092266721272 4.0219603975785043 2.1866287847297499 0 -2.4960815351778454 -5.3616126251526683 -8.5816389769662376 -12.148489523818753 -11.003625550367733 -15.313895708876206 -20.048891200822968 -25.285368786685659 -30.498404437211367 -25.632046295036023 -35.72162537858658 -48.184272805622314 -45.45192214134196 -58.928625364499091 -39.765044616523895 -51.440465696226809 -64.615978530300495 -51.568029597522937 -64.346132467316167 -46.427690095852419 -36.185658986321442 -0.19117655339768741 12.778439115188473 -2.576081506848241 7.3182723113055479 17.263905346541591 4.482547704573439 13.589410307927473 2.486740275886798 13.994038224558205 20.826766677009878 12.304225022940024 16.913793632130371 9.2169413968781271 10.457826107682692 11.26641951952139 12.089450473303074 12.391190242595522 7.2121388504620976 6.5760066146207583 5.5020037056631583 4.0274773414448291 2.1896446807633656 0 -2.4995801909109749 -5.3691369375050053 -8.5937045211041454 -12.165596508246692 -11.018767867475278 -15.335038946962699 -20.076567197645307 -25.320197636885393 -30.540604537408573 -25.666714363985463 -35.771322128969459 -48.251533438299496 -45.513978034473091 -59.009290039846093 -39.815296067745173 -51.505961021073411 -64.697979847422729 -51.626062047049032 -64.418431781572778 -46.467426533655065 -36.195937059960649 -0.12844274672328046 12.865125087380406 -2.5506876129379727 7.3535669014202796 17.309146262823532 4.5011206124711869 13.618421227379647 2.4949328133349971 14.018226344772794 20.859814382489915 12.32256832494854 16.938452968525414 9.2303095216231252 10.472926426437892 11.282697323278523 12.106658746174856 12.408725211098716 7.221925966751841 6.5849443867904034 5.5095032816333243 4.0329980546604949 2.1926626624377468 0 -2.5030812931123907 -5.3766665211355988 -8.6057785556287456 -12.1827155192374 -11.033920579417829 -15.356196743149042 -20.104262243035731 -25.355050431040745 -30.582833794756962 -25.701405747912467 -35.821053403394828 -48.318840970333355 -45.57607614215182 -59.090009699046995 -39.865578491361163 -51.57149709397553 -64.780031981151197 -51.684124577228275 -64.490768610249418 -46.507172891725261 -36.206195742816249 -0.065628214356834635 12.609008491260923 -2.5252560836935807 7.3889034372938056 17.354433706528699 4.5197157015724576 13.647459993841844 2.5031349593701067 14.042435006906011 20.892888278538347 12.340925505527768 16.963130305600277 9.2436874498064903 10.488037689758384 11.298986938015915 12.123879288765233 12.426272593110255 7.2317196677544793 6.5938882230478253 5.5170079589739309 4.0385225329618484 2.1956827143067286 0 -2.5065848443607077 -5.3842013882737243 -8.6178610581239496 -12.19984657650069 -11.049083685072027 -15.377369125621291 -20.131976363444195 -25.389927171704795 -30.625092190567951 -25.736120520141643 -35.870819220449121 -48.386195377827001 -45.638216481534876 -59.170784244267558 -39.915892031570095 -51.637073893691479 -64.862134839166345 -51.742217189694621 -64.563142836516903 -46.54692930772535 -36.216434928271397 -1.6924281571817406 11.471047983483942 -2.7396041651751006 7.3204990492391913 17.399767700941233 4.5383329792301357 13.67652667716647 2.5113465816401948 14.066664193801126 20.925988278146036 12.359296464801018 16.987825777545122 9.2570750628629508 10.503159869458109 11.315288300621301 12.141112090963984 12.443832383115479 7.2415200052465787 6.6028381013343687 5.524517714247656 4.0440507874548111 2.1987048344937934 0 -2.5100908451154815 -5.3917415242136126 -8.6299520396190825 -12.216989687236264 -11.064257171876694 -15.398556060065987 -20.159709523638128 -25.424827782284989 -30.667379780600918 -25.770858598565766 -35.920619567264808 -48.453596646074672 -45.70039893865254 -59.251613643645278 -39.966236446952259 -51.702691491299156 -64.944288461909025 -51.800339872193263 -65.248153042215748 -47.44119009004087 -37.962694901956482 -3.2977221413385887 10.326169040682123 -3.5132785841186185 6.6201671163416203 16.771274775350427 4.0180023719798781 13.281264739409655 2.1881647373840538 13.835417336885124 20.762958306220007 12.227736294529388 16.89685749321427 9.2704724799705165 10.518293031304538 11.331601473798452 12.158357140209933 12.461404569880809 7.2513269317407554 6.6117940198118115 5.5320325660920195 4.0495827968721816 2.201729032100689 0 -2.5135992975213033 -5.3992869360017766 -8.6420514962334565 -12.234144818202951 -11.079441073021934 -15.419757566907803 -20.187461777845055 -25.459752380223239 -30.7096964821359 -25.805620028527628 -36.20353948405436 -48.828512583236005 -46.163815522086026 -59.847391339572169 -40.668803405302015 -52.582203380286089 -66.029794183947502 -53.087542836658407 -66.199416487786962 -48.441198770778442 -39.193690031667956 -4.9085996066406778 9.5139279487148514 -3.9502693215382552 6.2567615816641187 16.47611508581803 3.7469542540215346 13.073114830876195 2.0075813361069477 13.719357915323851 20.699461849515686 12.192034746935713 16.90230393373713 9.2068925633221177 10.477832918767291 11.310374395358195 12.157881075414467 12.472340999512161 7.2625152861272113 6.6271959965011424 5.5533835145033876 4.067241528908367 2.2122303276014903 0 -2.522529476241357 -5.4265514175010257 -8.6911050782127166 -12.303318213265182 -11.17147341971004 -15.54595478325486 -20.346295592919269 -25.662431611388303 -30.960199053429495 -26.092928976822609 -36.37134208729961 -49.057386924938704 -46.437263460196661 -60.187604543219784 -41.030698439643508 -53.011060712772611 -66.528960668160124 -53.624270673124208 -66.813890004277908 -49.104679603363465 -40.089043465379412 -6.1855010266487431 9.5222029089418321 -4.1171485968521866 6.1017360693711264 16.337711318595076 3.5903622508061304 12.942480617600825 1.8738769668968911 13.624143485653651 20.635799907961299 12.138801223463101 16.87700667593688 9.1927214748225481 10.473321633597882 11.313813532141284 12.172838087255169 12.491594763026354 7.2765203837552415 6.6414385357430081 5.5718409391103974 4.0814105406008494 2.2201674742134605 0 -2.5260819385625273 -5.4418646864564071 -8.7195399224999957 -12.340117206846529 -11.217133693498985 -15.608861501295465 -20.421542770435455 -25.757432901853441 -31.075015976084753 -26.21227717111671 -36.525471986319381 -49.247444214398165 -46.640901613690936 -60.421958594799676 -41.2439155415898 -53.241964576591535 -66.77302981196668 -53.837641647672463 -67.025900377674688 -49.266668200259367 -40.12609143469831 -5.9277414320199231 9.6278739635867137 -4.0811883386074026 6.1460317175294561 16.390578326682522 3.6152572771943681 12.976706126401446 1.8861910240001367 13.651593480521713 20.671366614874977 12.158872940609468 16.90287028277108 9.2067419705154254 10.488909499904182 11.330440287487678 12.190199442600129 12.509201258047403 7.2862893811062568 6.6503264132765221 5.5791956991906337 4.0868124403326069 2.2231158025940672 0 -2.5295711953170348 -5.4492599869242015 -8.731338511921761 -12.35687621169577 -11.231697981820899 -15.629217252429379 -20.448274924368423 -25.791055871536415 -31.115731177977171 -26.245084432759054 -36.572686778491246 -49.311505776681848 -46.698771895539394 -60.49750446519905 -41.287715405535934 -53.299809135801041 -66.846041202087932 -53.884902585734515 -67.085663142446705 -49.291451138857944 -40.113704484563918 -5.8288822960546955 10.151517054581916 -3.9040433629259899 6.3654191164107274 16.653326185587062 3.738143254578659 13.146682294374422 1.9466405582528579 13.788172638895393 20.848854447420848 12.258921387773272 17.0321138873622 9.2768005951473356 10.566877228890855 11.413661033532422 12.277160660550006 12.597417215210355 7.3352489932133551 6.694881749815436 5.6160979116034779 4.1139209976728148 2.2379134512700691 0 -2.5470632224603595 -5.4863675276335027 -8.7905601919689556 -12.440987034699727 -11.304878670080177 -15.731492462649184 -20.582558952151523 -25.95995991124137 -31.320273525051011 -26.410105402585053 -36.8101340070722 -49.633625222579475 -46.990165881128533 -60.877790078353826 -41.50928060032183 -53.592143942447997 -67.214805820519331 -54.125122086899182 -67.389076600374096 -49.42026024308359 -40.058607512668708 -5.3446718457490512 10.667889917072912 -3.7309866771691849 6.5816084861487383 16.913669036266104 3.858583758359531 13.3149040169749 2.0053550138155631 13.923736441444261 21.025843503130289 12.358506894224615 17.161269116401286 9.3468055590361985 10.644906080267159 11.497035447728077 12.364381742226362 12.68593856679858 7.3843975673200601 6.7396274132332614 5.6532082305800095 4.1411899317780447 2.2528017042137733 0 -2.5646305923582919 -5.5236880084072393 -8.8501523425386619 -12.525610082916009 -11.378636752326008 -15.834565819360442 -20.717846091673835 -26.130133661450561 -31.526370781129817 -26.576701341005801 -37.049780068979196 -49.958648244186108 -47.284816896636841 -61.262156010701489 -41.734903901438834 -53.889406225843722 -67.589443645829377 -54.371507233482035 -67.699737582730364 -49.556736312986317 -40.014171589027036 -4.8761075650227443 11.177741979580883 -3.5615876146841345 6.7949638578747003 17.171912969115905 3.9768364315900131 13.481581437617862 2.0625033579464285 14.058415258906873 21.202431671371709 12.457697438407887 17.290381247321069 9.4167812114654108 10.723013291953194 11.580574819817032 12.451865686482964 12.774764954869532 7.4337325309377986 6.7845597189175475 5.6905192154089486 4.1686132524723307 2.2677771037819996 0 -2.5822722229495287 -5.5612144575358693 -8.9101013173909038 -12.61072726339628 -11.452945046882341 -15.938400176195879 -20.854091435699925 -26.301519910590116 -31.733952629653803 -26.744787772562063 -37.29151158272326 -50.286427962514729 -47.582538479024393 -61.650373169829237 -41.964307745642522 -54.191265553457121 -67.969565694054097 -54.623600988524572 -68.017113289245472 -49.700254559617967 -39.979460088831743 -4.4217120080264465 11.681765546879312 -3.3954528635169994 7.0058181518457951 17.428337412154217 4.0931367013976603 13.6469063011657 2.1182401544186189 14.192328370398808 21.378708657343893 12.556555403426154 17.419491876005569 9.4867498592502884 10.801214743117178 11.664289623065072 12.539615344094665 12.863896160368514 7.483251584758114 6.8296752730522474 5.7280241397322404 4.1961855427473198 2.2828364951274662 0 -2.5999870798516351 -5.5989405377515116 -8.9703946679379509 -12.696322081168205 -11.527778676487774 -16.042961594995003 -20.991253820327799 -26.474066229525263 -31.942954556715083 -26.914287537915349 -37.535224756203156 -50.61682985040423 -47.883159673711582 -62.042231833070531 -42.197238219426637 -54.497419764600579 -68.354816005896197 -54.880985040263489 -68.34071599079293 -49.850242677290666 -39.953614813965693 -3.9801306997874915 12.920410004126103 -2.9921103999175807 7.5239464952406179 18.063061966728991 4.3767131097123579 14.055416934124164 2.2523041986860619 14.524453946644375 21.818561425343827 12.802608826127495 17.74250297666903 9.6617721315402552 10.997223547426751 11.874405167304113 12.760169388752871 13.088056742852384 7.6078415833178639 6.9432466840844471 5.8225959936209337 4.2657365937603497 2.3208342325037608 0 -2.6445886460283119 -5.6940923277974322 -9.1225622666791235 -12.912302885297825 -11.717016974792314 -16.30734890321207 -21.337933199578941 -26.910203001281179 -32.4712980604724 -27.343771767687659 -38.152573516409014 -51.453525215786691 -48.646406617478718 -63.036590335254445 -42.793515757949827 -55.27983692329471 -69.338306826393023 -55.545156025881852 -69.17413012607301 -50.250188061997292 -39.922795313319881 -2.9243509591541832 13.721950827346237 -2.7266802840832498 7.8553401811279198 18.461940320146734 4.5606839555602479 14.312580476922504 2.3415024185845081 14.731555858568251 22.089198443391556 12.954670481410256 17.939948096881949 9.7688300524550939 11.11659812157497 12.001996552306247 12.893701430078808 13.223570791389045 7.6830408609233212 7.0117088136567771 5.8794373969228753 4.3075075760061434 2.343641689455914 0 -2.6714585669172308 -5.7512379398080835 -9.2138426353607734 -13.04190640263856 -11.830013988266316 -16.465262459367519 -21.545161637295195 -27.170861588677994 -32.787015769256286 -27.599037073827688 -38.519926423273674 -51.951718738663523 -49.098156455767615 -63.62580290004103 -43.139612890820842 -55.735674381068058 -69.912571088014374 -55.922789581018883 -69.650027622977134 -50.459096738645805 -39.854709001068571 -2.2077324412142714 13.984700111893511 -2.6140643836670767 7.9503053275670084 18.541583841102007 4.6273447935841716 14.367177895843389 2.3855361771943877 14.76589125868834 22.115186919780758 12.97311580653839 17.952338892983761 9.7758828939312092 11.121680108992706 12.00540454563793 12.895112456397504 13.223956713182702 7.6827027533077965 7.010941596259709 5.8778233479988984 4.3061441800434492 2.3428234875872702 0 -2.6710748414150527 -5.7493881064522911 -9.2102688548937408 -13.037088728464045 -11.822807336177151 -16.455413885008525 -21.533166819589329 -27.155558526676089 -32.768158973611712 -27.576380725845834 -38.489320008218158 -51.911958635191546 -49.047474386912718 -63.563445036784529 -43.063895953506091 -55.645495952646414 -69.806335143066278 -55.797730954749568 -69.50422643622575 -50.287242053533376 -39.595083794022216 -1.7929603465743396 14.143827208127451 -2.5458970211755463 8.0077839541075058 18.589785546913468 4.667687102586922 14.40021753377869 2.4121813121826201 14.786665753159099 22.130909083470538 12.984272380019148 17.959831156152216 9.780144559781375 11.124749341119067 12.007461288032831 12.895960292563403 13.224184844103597 7.6824934335180624 7.010473523846148 5.8768427782141481 4.3053165030376528 2.3423270229523618 0 -2.6708422049371894 -5.7482666363676671 -9.2081024957892108 -13.034168928409752 -11.818439873032693 -16.449445790678936 -21.525898896010364 -27.146286382769308 -32.756733749196108 -27.562654027954981 -38.470778227534183 -51.887872860806524 -49.016773140063492 -63.525672504972277 -43.018032424321554 -55.590873809649217 -69.74198742058573 -55.721981817925261 -69.41591245438083 -50.183143142954087 -39.437797206638933 -1.541626671524102 14.240121163885112 -2.5046793511962133 8.0425345267174642 18.618924714162873 4.692073252542472 14.420186999661757 2.4282841051206026 14.799218562936453 22.140407581350967 12.99101009930507 17.964354033247183 9.7827142961225242 11.126598594286268 12.008698995615067 12.896466998260999 13.224317635166859 7.6823626083303438 7.0101870472710042 5.8762465868830969 4.3048137897269143 2.3420256883792261 0 -2.6707011776213312 -5.7475868908581651 -9.2067896368699245 -13.032400080828779 -11.815794259001779 -16.445830734484769 -21.521497364498067 -27.140671303519266 -32.749815238293586 -27.55434229084322 -38.45955214886412 -51.873291400229846 -48.998187875233768 -63.502807942686538 -42.990271412419929 -55.557812296880613 -69.703040076443187 -55.67613298429869 -69.362457643174551 -50.120130561443233 -39.342568826911638 -1.3894062015814512 14.298323886215003 -2.4797966261848239 8.0635093873084447 18.636509455571094 4.7067874990762428 14.43223471218514 2.4379975166002632 14.806788802430644 22.146133977665329 12.995070132704802 17.967077547011275 9.7842590198496957 11.127709096955487 12.009440776625086 12.896767389150048 13.224393058407474 7.6822796330639438 7.0100109303532561 5.8758835739222253 4.3045082218195132 2.3418427193001521 0 -2.670615719479652 -5.747175016315996 -9.2059943495785035 -13.031329047578973 -11.81419259126409 -16.443642587351825 -21.518833774194821 -27.137273496997214 -32.745629023767961 -27.549313555674917 -38.452761514335997 -51.864472222131973 -48.986947989479368 -63.488981271088562 -42.973485276037238 -55.537821885487219 -69.679490919701038 -55.648411483942375 -69.330136310631588 -50.082026858747739 -39.284965589392598 -1.2972815359481467 
end_dependent_variable

end_regular_table
