# ****************************************************************************
# CUI
#
# The Advanced Framework for Simulation, Integration, and Modeling (AFSIM)
#
# The use, dissemination or disclosure of data in this file is subject to
# limitation or restriction. See accompanying README and LICENSE for details.
# ****************************************************************************

# ##################################################################################################
# 
# This file was auto-generated by AFSIM Mover Creator 2.8.0.201104
# 
# Creation Date:  05 Nov 2020
# 
# ##################################################################################################

regular_table

independent_variable mach precision double
0.10000000000000001 0.5 0.70000000000000007 0.75 0.80000000000000004 0.84999999999999998 0.90000000000000002 0.92000000000000004 0.94000000000000006 0.95999999999999996 0.97999999999999998 1 1.02 1.04 1.0600000000000001 1.0800000000000001 1.1000000000000001 1.2 1.3 1.4000000000000001 1.5 1.75 2 2.5 3 3.5 4 
end_independent_variable

independent_variable surface_angle units deg
-40 -30 -28 -26 -24 -22 -20 -18 -16 -14 -12 -10 -9 -8 -7 -6 -5 -4 -3 -2 -1 0 1 2 3 4 5 6 7 8 9 10 12 14 16 18 20 22 24 26 28 30 35 40 
end_independent_variable

dependent_variable precision double
-38.650349461279177 -77.081386267797058 -64.369701555278994 -51.595583870803893 -64.575077896712457 -51.419287172972112 -60.859850053705252 -58.857552004952673 -45.401372915633267 -48.126323447783292 -35.677780538267491 -36.063840883765359 -30.457631053470646 -25.254854001650848 -20.04986540163052 -15.305217784603906 -16.164975990989927 -12.141313722903806 -8.5838113788658141 -5.3706900011145011 -2.5116297143248691 0 2.1581993595315909 3.9883350247786287 5.4573411390896496 6.5276753038941422 12.155210897436753 12.320175487994669 12.003527382654816 11.202878271900222 10.40072523316559 18.95189483666886 16.836796087539859 12.243564193728801 20.738668523381424 13.933372735456022 21.043355206900632 13.529431085246088 4.4622912045214393 17.168904291062418 7.2651525339024356 22.961296107422559 31.032666842096749 42.522059338977037 -38.638796718431706 -77.075483692269657 -64.364561394284934 -51.591158056899012 -64.57157486989334 -51.4163683144956 -60.857662678625239 -58.856034978114103 -45.400240098489469 -48.125656825003645 -35.677372001756453 -36.063716050157794 -30.457580714291328 -25.254864455002558 -20.049924902811085 -15.305310445254014 -16.165116263103201 -12.141454641202927 -8.5839406926271398 -5.3707909620996448 -2.5116875893178738 0 2.158269938676153 3.9884934379658818 5.4576025216464572 6.5280527999962814 12.155728420555999 12.320838373057692 12.004349207478898 11.203876492949563 10.401915107676867 18.953282118274696 16.838628502089456 12.245904385250508 20.741522862333234 13.936839094866627 21.047418984144379 13.534195773202638 4.467815678354893 17.175061942260438 7.2721613632547815 22.968970119614536 31.042477980568627 42.534199305699367 -38.640042885406181 -77.076250969919542 -64.365233311141893 -51.591740685220671 -64.572092686617395 -51.416806885499987 -60.858042530714336 -58.856361782200572 -45.400503683082199 -48.125873452233613 -35.677537241510358 -36.063842322684131 -30.45768666528134 -25.25495180217192 -20.049995474679356 -15.305365808394226 -16.165160138381609 -12.141486384220842 -8.5839621306275848 -5.3708035948924735 -2.5116930781955737 0 2.1582736241821778 3.9884993286991794 5.4576089972915556 6.5280580828400119 12.155731513363314 12.320836964775939 12.00434157528624 11.203861195374142 10.401890538828141 18.953246023267891 16.838564972140567 12.24580733023029 20.741382214916445 13.936651537063842 21.0471731332809 13.533889039428919 4.4674422620827752 17.174602973127183 7.2716228522439961 22.968329360608397 31.041575609993945 42.532995021575672 -38.640290799162436 -77.076401904226898 -64.365365493549646 -51.591855217640386 -64.572193896017708 -51.416892534357117 -60.858116223984467 -58.856424683579903 -45.400554304122103 -48.125914694260018 -35.677568538248991 -36.06386598518764 -30.457706480540882 -25.254968055367101 -20.05000853422036 -15.305375985502129 -16.165168131580501 -12.141492094961638 -8.5839659394476211 -5.3708058054173966 -2.5116940208584269 0 2.1582742119023726 3.9885002036414496 5.4576098362353251 6.5280585418847163 12.155731385964366 12.320835791888635 12.004339023222354 11.203856941423714 10.401884318746863 18.95323738056414 16.838550615121701 12.245786019118176 20.741352078810305 13.936611814123076 21.047121815248754 13.5338253767196 4.4673651456361085 17.174509046146852 7.2715130175008991 22.968199562782129 31.041394155085825 42.532754106336341 -38.640520369512728 -77.076541251612753 -64.365487492211514 -51.591960924555472 -64.572287141834948 -51.416971441027087 -60.858184006351948 -58.85648241343003 -45.400600686019487 -48.125952352776167 -35.677597130759871 -36.063887512290762 -30.457724440218165 -25.254982787434173 -20.0500203468346 -15.305385190905842 -16.165175301664753 -12.141497231513593 -8.5839693448802095 -5.3708077719950387 -2.5116948522705966 0 2.158274718115325 3.988500941355396 5.4576104969737562 6.5280588084268043 12.155731050744292 12.320834449476481 12.004336366992597 11.203852711982908 10.401878210490715 18.953228998785693 16.838536849397354 12.245765744558623 20.741323620591711 13.936574428787049 21.047073578279736 13.533765692738136 4.4672929351978095 17.174421381373705 7.2714104233072048 22.968078637437277 31.041225533004763 42.532530646029372 -38.640734071928371 -77.076670572522701 -64.365600698048183 -51.592059060041301 -64.572373549468963 -51.417044508280739 -60.858246661103244 -58.85653565597773 -45.400643505852493 -48.125987017544681 -35.677623379027985 -36.063907249681193 -30.457740903276935 -25.254996235299419 -20.05003114153379 -15.30539358596033 -16.165181821478221 -12.141501877490237 -8.5839724221137033 -5.3708095363683368 -2.5116955927610216 0 2.1582751592884333 3.9885015586275498 5.4576110157606506 6.5280589285494575 12.155730568977127 12.320833021791278 12.004333680125814 11.203848512668499 10.401872215080925 18.953220875379454 16.838523665265789 12.245746475914602 20.741296702904666 13.936539060388261 21.0470281665547 13.533709543247705 4.4672251426180001 17.174339196542455 7.2713144170943504 22.967965603167901 31.041068181262641 42.532322403130934 -38.640933671101827 -77.076791129202078 -64.365706226247312 -51.592150494189326 -64.572453897100161 -51.417112526553275 -60.858304902081009 -58.856585017836061 -45.40068317109354 -48.126019085315029 -35.677647676739078 -36.063925404158873 -30.457756052007497 -25.25500863946348 -20.050041046227516 -15.305401254917415 -16.165187768379393 -12.141506106803394 -8.5839752082954952 -5.3708111330039445 -2.5116962594672874 0 2.1582755438468797 3.9885020836056784 5.4576114194034089 6.5280589378682192 12.155729994277667 12.320831521087847 12.004330968749418 11.203844394031584 10.401866378473034 18.953213025663949 16.838511015239639 12.245728063064719 20.74127106380266 13.936505601697149 21.046985278299005 13.533656631069212 4.4671611980480854 17.174261903422302 7.2712241502168489 22.967859519417466 31.040920684429093 42.532127456699818 -38.638918036951672 -77.163512100310314 -64.438220162642963 -51.650362218901599 -64.654548189821099 -51.482696540675029 -60.940258295140339 -58.937278778133006 -45.462757496682251 -48.193302655317424 -35.727348670757927 -36.114019685417702 -30.499951083922248 -25.289835192397224 -20.077751251531009 -15.326551041462995 -16.187939617778113 -12.158613933902609 -8.5960469703700912 -5.3783445639806278 -2.5152072660432903 0 2.1612713138977293 3.9939966283371349 5.4650831145607066 6.5369677052037405 12.172966160421373 12.338326937706977 12.021508561095189 11.220093263266557 10.416946937370637 18.981496183300742 16.863147957605982 12.264088600440262 20.774300154432716 13.960717460905675 21.085094784871842 13.562701406881038 4.4858068766331316 17.219538810443055 7.3066112114406518 23.036850939354952 31.141699761646223 42.674308278065482 -38.636865827916836 -77.250277989785417 -64.510771675141171 -51.708604009561228 -64.736693116960097 -51.548321215434655 -61.022266264989661 -59.018027313339353 -45.524873917946913 -48.260633006621838 -35.777084092006262 -36.164148548112358 -30.542175152788936 -25.324685590226881 -20.105480478339882 -15.347715373445121 -16.210707370548295 -12.175733745540811 -8.6081271821862622 -5.3858832471640206 -2.5187207087603496 0 2.164269144301036 3.9994949227591765 5.4725598611501001 6.5458824528347863 12.190214502228017 12.355834731580646 12.038698370055384 11.236353847792161 10.432038354845627 19.009800314940293 16.887802834271938 12.282462857278253 20.807355303279238 13.984949747246125 21.123237381061809 13.591773955357047 4.504474588955504 17.264862184021485 7.3420404696468253 23.105914795831964 31.242583739616272 42.816632677993908 -38.634777142035766 -77.337088749833612 -64.583360701242398 -51.766875875972062 -64.818888867241228 -51.613986629262918 -61.10432866334579 -59.098830730071924 -45.587032448367815 -48.328010139840998 -35.826853941096822 -36.21431202778178 -30.584428301499383 -25.359559832033337 -20.133228711948359 -15.368894198780854 -16.233491066211691 -12.192865560253392 -8.6202158337869754 -5.3934271764267168 -2.5222365844398733 0 2.1672690363205769 4.0049969502512184 5.4800416622352897 6.554803229627403 12.207474961180884 12.373354873603681 12.05590038092423 11.252626158944087 10.447140630285261 19.038125458878874 16.912475661781489 12.300850803554408 20.840436445391731 14.009202491355516 21.16141293084053 13.620874225027041 4.523164453886845 17.31023215038212 7.3775117814541069 23.175051106005217 31.343572722505108 42.959100836630768 -38.632651928246787 -77.423944311011013 -64.655987264639279 -51.825177948852065 -64.901135318933385 -51.679692773172967 -61.186445602952972 -59.179688943772554 -45.649232995012667 -48.395434042107361 -35.876658231714153 -36.264510102367325 -30.626710523415575 -25.394457920369678 -20.160995969308935 -15.390087521044519 -16.25629068536486 -12.210009362109107 -8.6323129243041841 -5.4009763583046171 -2.5257549045452148 0 2.1702709915137346 4.0105027361653969 5.4875285203693629 6.5637299854390019 12.224747566078779 12.390887335385781 12.073114613615793 11.268910153422018 10.462253740303282 19.066471628801022 16.937166458108365 12.319252483386043 20.873543685548817 14.033475697114541 21.199621538782374 13.65000224734503 4.5418763121146437 17.355648569820147 7.413025126029325 23.244259823306454 31.444666634741417 43.101712633470463 -40.552480338282464 -77.510844866126604 -64.728651440494659 -51.883510169378155 -64.983432566807096 -51.745439652883711 -61.268617042961836 -59.260601993248137 -45.71147567614036 -48.462904770814283 -35.926496972232357 -36.314742788208733 -30.669021752667913 -25.429379878622164 -20.188782252055574 -15.411295347895367 -16.279106269674148 -12.227165164281875 -8.6444184563420343 -5.4085307869766845 -2.52927566026823 0 2.1732750087316202 4.0160122674043848 5.4950204222762755 6.5726627490683818 12.242032345720503 12.408432160227264 12.090341063943015 11.285205884942865 10.477377706651973 19.094838826544962 16.961875219167627 12.33766792209976 20.906677062353143 14.057769356966066 21.237863161995509 13.679158036608293 4.5606104675581536 17.4011115166814 7.4485806377668773 23.313541013094646 31.545865617255494 42.911533174598844 -42.604625737577514 -78.494263457598677 -65.441380757270636 -51.941872460345039 -65.065780577774376 -51.81122724756198 -61.350842928225759 -59.341569874822227 -45.773760421285758 -48.530422300226668 -35.976370111181254 -36.365010128810574 -30.711362070444505 -25.464325710467239 -20.216587558962804 -15.432517712727751 -16.301937764605658 -12.244332942415262 -8.6565324334237808 -5.4160904727829164 -2.5327988569703979 0 2.1762810887018631 4.0215255437384041 5.5025173949166062 6.5816015183709515 12.259329278660138 12.42598935762561 12.107579752739067 11.301513322256863 10.492512580801533 19.123227036485808 16.98660189103812 12.356097030848199 20.939836318453725 14.082083461718987 21.276137786999644 13.708341601395192 4.5793666873760115 17.446621010573576 7.3846741227085504 23.154518702418422 30.946142536565027 41.853545794334075 -44.664732030456868 -79.587736048666116 -66.439678872611779 -53.28400039842456 -66.192272447455153 -52.721734333364047 -62.107664190872455 -59.95484247746608 -46.249144354701407 -48.914127689813704 -36.264524164760168 -36.415312044312344 -30.753731437427838 -25.499295397114189 -20.244411874507858 -15.45375456478634 -16.324785206719568 -12.261512729546187 -8.6686548588684378 -5.4236554202422713 -2.5363244811714281 0 2.179289227607601 4.0270425737202906 5.5100194244015723 6.5905463030484324 12.276638374497283 12.443558876212743 12.124830650592408 11.317832502332683 10.507658294533522 19.15163625076006 16.898100555637239 12.227888969019563 20.782301128593947 13.857962712469158 20.993789008014733 13.326554864875433 4.0772400529263857 16.841155445456046 6.7113079773802671 22.463099996942891 30.11346316815316 40.79060077292624 -46.399254988188879 -80.35086840701149 -67.107374250286767 -53.865984597541527 -66.730132629458851 -53.185039442973789 -62.530075323706171 -60.323444023610726 -46.545516867303874 -49.167071515992866 -36.449458231005003 -36.736085719215104 -31.019755758292995 -25.715288473413363 -20.421212356899364 -15.590603127152846 -16.433611942791195 -12.338611248908508 -8.7252850438554894 -5.4576831391387488 -2.5514625407286973 0 2.1837065269480682 4.0386799818743837 5.5256438197902149 6.6005131436120132 12.290536093041606 12.450528077190599 12.115989592759304 11.294324664924359 10.466259640741338 19.103634505638894 16.904451867941212 12.192505421453626 20.724666177672784 13.748325885961149 20.85434457408957 13.130213257291041 3.8210354570689868 16.562784342451067 6.3690060662014272 22.102519540819259 29.610840474983632 40.056246024944905 -46.269955212457177 -80.583850680237504 -67.347788240982482 -54.106010227634549 -66.998799047429117 -53.43946538040791 -62.795836060387117 -60.579575673128581 -46.767570795497868 -49.37743473486622 -36.618698040618639 -36.884525364210461 -31.147042548547191 -25.821650881245844 -20.51314089044882 -15.663480083249523 -16.495945145900663 -12.383601108943843 -8.7617090928879637 -5.4803548012400229 -2.5618969740066744 0 2.1848486082420506 4.0460070672778459 5.5373872715091874 6.6082588382132288 12.305943207150943 12.464192249414118 12.12069363718288 11.293274596741512 10.458089955549557 19.101727616370869 16.877930315957329 12.137313775239017 20.663360058239949 13.655546165474764 20.756262070890845 13.005081427331186 3.67136712617511 16.431749285824999 6.222966160272394 21.993499661203099 29.559241273003149 40.12258847609764 -46.224985768371248 -80.654946840672253 -67.406923288315639 -54.152756116516827 -67.071372575282439 -53.496935407340729 -62.871160852405801 -60.65483868600203 -46.825203092027486 -49.441276535139906 -36.665740531203163 -36.932697476701676 -31.187622769135682 -25.855151901184087 -20.539714861763649 -15.683729178231317 -16.518063148209528 -12.400271319126585 -8.7734205998442345 -5.4876690048993257 -2.5653096801930668 0 2.1878732610767884 4.0514867029623733 5.5448197479089698 6.6172228749396744 12.323312504020352 12.481869274739211 12.138210706823282 11.309963323429395 10.473732946333669 19.13082155786196 16.903825709518259 12.157465328786813 20.698913979507594 13.683009856725384 20.798574163698692 13.039263903371493 3.6961892054068053 16.484558793125128 6.2671801346249945 22.072887301346803 29.675187384561859 40.287106480189372 -46.013284072769324 -81.016160209456572 -67.707489811238062 -54.390638813593128 -67.43814519704695 -53.787567575818436 -63.250842889686119 -61.033839820587019 -47.115510391657246 -49.762400099124783 -36.90239967653298 -37.174775995562896 -31.391546106935522 -26.023495333947778 -20.673277470411797 -15.785513147811331 -16.62913355744114 -12.4839715386418 -8.8322392585548748 -5.5244006523333242 -2.5824465496439899 0 2.2030250766566839 4.0789563207916082 5.5820834802385075 6.662132942997256 12.410333248681654 12.570416036162394 12.225907546210019 11.393477069692382 10.551963874397215 19.276409787698565 17.033228633769507 12.257909263132982 20.876360732913888 13.819681957609772 21.009416961638106 13.209076769892789 3.8187795028547113 16.747097897492978 6.4862617249705927 22.467877612497009 30.252026383507484 41.105147895603729 -45.822106742825284 -81.386403160168484 -68.015759253403459 -54.635060018850865 -67.811100108302156 -54.083392388550415 -63.635389395616919 -61.417124282417596 -47.409236742030373 -50.086588139349089 -37.141373013786904 -37.418811238688235 -31.597111669762047 -26.193185949051816 -20.807951635132095 -15.888160632563595 -16.740979212501294 -12.568235771679763 -8.8914787514769564 -5.5613912326389618 -2.5997016892950744 0 2.2182248701951184 4.1065434400232474 5.6195134817258712 6.7071928661731191 12.497645084874771 12.659234490776649 12.313797610227283 11.477118987466422 10.630236856368246 19.422216308355409 17.162544253743231 12.357884792143297 21.053344732493553 13.955377579007088 21.219192017509751 13.377217804791135 3.9390329921293095 17.00735663525089 6.7023066186853653 22.859940793174935 30.824510869067019 41.916292639716318 -45.64968870212013 -81.765009355973788 -68.33116157830591 -54.885531872445519 -68.189822790147915 -54.384057581064091 -64.0245045595438 -61.804445941833336 -47.706181842385575 -50.413680144372513 -37.382537224868656 -37.664710278885451 -31.804241501714174 -26.364159689590515 -20.943682989508744 -15.991628830016058 -16.853567805119024 -12.653041390502352 -8.9511209011550328 -5.5986296317260882 -2.6170700858445484 0 2.2334731081407408 4.1342460628681819 5.6571062403471633 6.7524027882059494 12.585249112468757 12.748327610373044 12.40189056383409 11.560903053871298 10.708571333989939 19.568267087771844 17.291818395274859 12.457461804991057 21.229961549413723 14.090224626396896 21.428062284524479 13.543891171134927 4.0571993935498849 17.265631703484345 6.9156673866120366 23.24948303309575 31.393232442124432 42.721412768790294 -45.494410030400061 -82.151368531915082 -68.653174761737148 -55.141607594693461 -68.573933453811691 -54.689240300427556 -64.417917635980913 -62.195579347120891 -48.006162397551009 -50.74352932916166 -37.625779366398731 -37.912388426236191 -32.012864287465263 -26.536358072553657 -21.080421867866299 -16.095878555418306 -16.966869796610109 -12.738367640059398 -9.0111491214716235 -5.6361057301865252 -2.6345471680573338 0 2.248770209646302 4.1620623671895629 5.69485853002403 6.7977628247505058 12.673146227596501 12.837698121646493 12.490195193728196 11.644842046076809 10.786984995546629 19.714585829811366 17.421092951427507 12.556703763202478 21.406298505312908 14.224340289449911 21.636176854683434 13.7092832461804 4.173506769104038 17.522194601349952 7.1266663118339455 23.636875824526641 31.958732538504844 43.521307817174204 -45.171736947994148 -83.147634638026616 -69.484090544936038 -55.803714053560398 -69.555572746342477 -55.470083563843936 -65.418677294451726 -63.188779180131718 -48.768327359162804 -51.579360766282711 -38.242319809643256 -38.538873225381074 -32.540538431025077 -26.971871417943007 -21.426388180655763 -16.359694047884506 -17.25307428564366 -12.953840629175939 -9.162812505049736 -5.7307771336510811 -2.6786888963178019 0 2.2872290075474417 4.2320898184606781 5.7899187590974277 6.9118200278835396 12.894176994520652 13.062353974559707 12.711934112425165 11.855441893968059 10.983469084735225 20.081693066060357 17.74452407544257 12.80371254014338 21.846423993865358 14.557108515516456 22.154021215867274 14.11823934653677 4.4574640926124687 18.15768527549519 7.6456997085852958 24.598110120383737 33.361538142677098 45.502848364790587 -44.87827072023034 -83.71495304265072 -69.956571242917903 -56.178559282314474 -70.127464385112447 -55.923905299641 -66.008375716442814 -63.776490313855504 -49.218800777439782 -52.076407964153006 -38.608752462082585 -38.912825676011877 -32.855532935046277 -27.231873879059034 -21.632788185653027 -16.517030712755872 -17.424465362411873 -13.082958704188501 -9.2536158923272982 -5.7874767031814018 -2.7051367416533871 0 2.3104573120189862 4.2742906058845742 5.8471920492992515 6.9807067623187189 13.027781219222184 13.198270054857129 12.846373645303919 11.983395825993032 11.103175194857872 20.304871006930902 17.94218829631432 12.95630502777812 22.117055461506038 14.764387491552659 22.474923302271087 14.375281959905317 4.641160956683791 18.556412435212131 7.9768377438471916 25.19973791429673 34.240571594337631 46.748983507399231 -44.360446173540126 -83.532125667460221 -69.800314202427785 -56.04502385176805 -70.014292657640993 -55.827820594739784 -65.927912185396366 -63.70966637454179 -49.164620629644752 -52.033152079517492 -38.575703643253192 -38.888115274033758 -32.834859420198185 -27.21497324702106 -21.618532080031702 -16.505851038960948 -17.416088013565616 -13.077105733573148 -9.2490417607720072 -5.784719788681226 -2.7039117110961781 0 2.3104700270211556 4.2737578453150586 5.8463813196724841 6.9807108344894866 13.0281484115834 13.199271405478216 12.848957336808335 11.987237072763408 11.108547166789707 20.31205429063197 17.954427418735321 12.97458965151646 22.142131797174418 14.797629017246916 22.517137569027014 14.427799523351709 4.7051232552222642 18.632821503690582 8.0675852753667723 25.305973573299315 34.400399471587654 46.997870213759406 -44.04660742945152 -83.421372640920339 -69.705659756235448 -55.964134384424845 -69.945739789508664 -55.769617484340941 -65.879170777815204 -63.669186209154887 -49.131799193682305 -52.006947137253299 -38.555681471480902 -38.873143666307541 -32.822333310585009 -27.204732843029436 -21.60989335399011 -16.499076141649507 -17.411011165508224 -13.073558472001254 -9.2462689865070633 -5.7830483910827386 -2.7031688868317514 0 2.310477644788882 4.2734341785872418 5.8458883725505988 6.9807110515017206 13.028367494370631 13.19987343316185 12.850517149268564 11.98955728843652 11.111793189848287 20.316396072293202 17.961829088231379 12.985650034962237 22.157302632344877 14.81774171120521 22.542680884388517 14.459579703972636 4.7438308850967239 18.679063543062657 8.1225079573319405 25.370272603340428 34.497156424225651 47.148590164090642 -43.856475636883332 -83.354325327083302 -69.648360642215906 -55.915169224463789 -69.904243220510821 -55.734385450939058 -65.849665733043437 -63.644681427546153 -49.111929395136151 -51.991082123344889 -38.543558943351165 -38.864078186981978 -32.814748232560099 -27.19853152437414 -21.604661227295722 -16.494972583254651 -17.407935800871403 -13.071409503236019 -9.2445886697057116 -5.7820353300984815 -2.7027185660190316 0 2.3104821832168185 4.2732374142318577 5.8455882127157546 6.9807090830730925 13.028497058334301 13.200233765383345 12.851456579916233 11.990955842934403 11.113750972110854 20.319015706129935 17.966298319901803 12.99233113192637 22.166468085377574 14.82989526442533 22.558117424233586 14.478787104584406 4.7672271018278476 18.707015740190414 8.1557101246659851 25.409146122473647 34.55567196075679 47.239785976507932 -43.741356548842745 -83.313775585020721 -69.613708904637122 -55.88555828793357 -69.879149855764695 -55.713079782002907 -65.831823181099793 -63.629861856038836 -49.099912692384635 -51.981486199736274 -38.536225788447382 -38.858593389112521 -32.810158842491589 -27.194779186239984 -21.60149468433001 -16.492488742909277 -17.406074142263602 -13.070108459994668 -9.2435709321077848 -5.7814215333307137 -2.7024456188802093 0 2.3104848598074312 4.2731176726249158 5.8454051909792994 6.9807060066055229 13.028572696034065 13.200447938587891 12.852020283239131 11.991796098990585 11.114928209872025 20.320591883865784 17.968990726876797 12.996358399031671 22.171994810010869 14.837225049256748 22.567428847354932 14.490375118813422 4.7813441204780078 18.723882809371407 8.1757479928055847 25.432609056425125 34.591008384703059 47.294898097389009 
end_dependent_variable

end_regular_table
