# ****************************************************************************
# CUI
#
# The Advanced Framework for Simulation, Integration, and Modeling (AFSIM)
#
# The use, dissemination or disclosure of data in this file is subject to
# limitation or restriction. See accompanying README and LICENSE for details.
# ****************************************************************************

# ##################################################################################################
# 
# This file was auto-generated by AFSIM Mover Creator 2.5.0.200324
# 
# Creation Date:  24 Mar 2020
# 
# ##################################################################################################

regular_table

independent_variable mach precision double
0.10000000000000001 0.5 0.70000000000000007 0.75 0.80000000000000004 0.84999999999999998 0.90000000000000002 0.92000000000000004 0.94000000000000006 0.95999999999999996 0.97999999999999998 1 1.02 1.04 1.0600000000000001 1.0800000000000001 1.1000000000000001 1.2 1.3 1.4000000000000001 1.5 1.75 2 2.5 3 3.5 4 5 
end_independent_variable

independent_variable surface_angle units deg
-20 -16 -14 -12 -10 -9 -8 -7 -6 -5 -4 -3 -2 -1 0 1 2 3 4 5 6 7 8 9 10 12 14 16 18 20 
end_independent_variable

dependent_variable precision double
0.10950600785726881 0.22871637266083264 0.04830705477830801 0.096798427641973939 -0.021080232824973177 -0.0019475713373297173 0.01519189505747591 0.030331937030204186 0.043470240987835702 -0.026162270215223889 -0.016739421954422365 -0.0094191942625473125 -0.0041923637887941127 -0.0010527556217480921 0 -0.0010520833295778157 -0.0041871244711022722 -0.0094056072741385242 -0.016721297559188449 0.054657313512968729 0.043519113454211861 0.030395957380988509 0.015270268146238537 -0.0018456896051124805 0.13836468067116334 0.096966087411057486 0.048525995209146862 0.22898617349568232 0.17244935620247551 0.41076014859342763 0.10949737531322824 0.2287104573370049 0.048302148107415829 0.096794615839541451 -0.021083174629184354 -0.0019500643456564601 0.015189817011451395 0.030330236277282083 0.043468886499586981 -0.02616333608755941 -0.016740203132334354 -0.0094197304189164287 -0.004192685916269364 -0.0010528990566723161 0 -0.0010519792956061346 -0.0041869477321400637 -0.0094053930806565888 -0.016721084868467139 0.054657470801914756 0.043519196063110534 0.030395927383023907 0.015270095056837858 -0.0018460399630195856 0.13836403107783457 0.09696488033647066 0.048524106997570045 0.22898327165059187 0.17244549007166818 0.41075488847323499 0.10949795569369591 0.22871081204576182 0.048302396220351998 0.096794786266908989 -0.021083076048086957 -0.0019499922131461735 0.015189865987135957 0.030330266704606854 0.043468901698937357 -0.026163334083878567 -0.016740209129064872 -0.0094197407378727605 -0.0041926963998137647 -0.0010529060051512333 0 -0.0010519687333456996 -0.0041869227934695922 -0.0094053498011504155 -0.016721020178199979 0.05465756010883225 0.043519314108536093 0.030396077000734722 0.015270280712179809 -0.0018458150355331446 0.1383642927013044 0.09696523578945189 0.048524569962340419 0.22898384040971065 0.1724461901005061 0.41075570895191543 0.10949807416848166 0.22871088655406513 0.04830244923202226 0.096794822504908215 -0.021083054122093756 -0.0019499751102989927 0.015189878266837114 0.030330275134378398 0.043468906607955424 -0.026163332867358058 -0.016740209536957044 -0.0094197420116412956 -0.0041926979204644039 -0.0010529071697907226 0 -0.0010519669246659405 -0.0041869181957376617 -0.0094053421299151955 -0.016721008227674961 0.054657576496079135 0.043519335390489036 0.03039610506657851 0.015270314817690129 -0.0018457724000672435 0.13836434293644551 0.09696530425808865 0.048524658152921459 0.22898395061215696 0.17244632632217929 0.41075586884564658 0.10949818657497688 0.22871095522307 0.048302498637067016 0.096794855995002302 -0.021083032081604506 -0.0019499590665402568 0.015189890260298152 0.030330282734053596 0.043468911030365293 -0.026163330734869171 -0.016740209114752869 -0.0094197428417376466 -0.004192699183498935 -0.0010529083201182058 0 -0.0010519652447942352 -0.004186914270670015 -0.0094053348880401566 -0.016720997364862406 0.054657591709741535 0.043519355012249281 0.030396130098277029 0.015270347091263684 -0.0018457333139788327 0.13836438704604806 0.096965365341730322 0.048524740046219851 0.22898405119693524 0.17244644949130306 0.41075601511434812 0.10949829196858911 0.22871102088655354 0.048302545895310849 0.09679489088767293 -0.021083011873052015 -0.0019499434521417004 0.015189901123110711 0.030330290348040786 0.043468915753327265 -0.026163328044212033 -0.016740208463556592 -0.0094197433712818659 -0.0041927002282753732 -0.0010529089641584759 0 -0.0010519638189606364 -0.004186910685512509 -0.0094053285764455052 -0.016720988169398539 0.054657604762291007 0.043519373374552979 0.030396153498406846 0.015270376631244083 -0.0018456990796604583 0.13836442835049736 0.096965423219482594 0.048524815871227679 0.22898414579929491 0.17244656527543165 0.41075615391218229 0.10949839180914304 0.22871108363038789 0.04830259109262583 0.096794922116470047 -0.021082992637715941 -0.0019499285247194329 0.015189912615651537 0.03033029801927601 0.043468920476289252 -0.026163325782915088 -0.016740207583368225 -0.0094197436861459989 -0.0041927012587398057 -0.0010529098479248472 0 -0.0010519625612931084 -0.0041869076012752138 -0.0094053231092592095 -0.016720979632286956 0.054657616727128031 0.043519389790423878 0.030396174579991699 0.015270404253415682 -0.0018456656181904088 0.13836446788025797 0.096965476860881125 0.048524885971433118 0.22898423089848266 0.17244667195712443 0.41075628034444339 0.10977192368091288 0.22890098140585816 0.048452515481110806 0.096907047626914752 -0.021002009067681245 -0.0018829436021847721 0.01524402134696865 0.030372602992334661 0.04350047340026382 -0.026141160132305958 -0.016725977324674943 -0.0094117300132820856 -0.0041891391178025643 -0.0010520195502698364 0 -0.0010510717863326973 -0.0041833438402188918 -0.0093973068316102019 -0.016706745274635153 0.054679786448071664 0.043550947425910827 0.030438486411363631 0.01532452018653422 -0.0017786708718948235 0.13844546323193599 0.097077618274826902 0.048674834724677124 0.22917416389293729 0.1726776801454846 0.41102987676908515 0.11004375720990243 0.22909012383944968 0.048601977420057618 0.097018911353595153 -0.020921160385440788 -0.0018160488052143529 0.01529807121014265 0.030414872042258231 0.043532005554655279 -0.026119005461867847 -0.016711752017935743 -0.0094037187276607755 -0.0041855779572377346 -0.0010511296927090106 0 -0.0010501811015379242 -0.0041797813400503 -0.0093892931730582968 -0.016692517451845298 0.054701944942677785 0.043582484434934718 0.03048076031591964 0.01537857755492417 -0.0017117680831002487 0.13852632280275065 0.097189499553751474 0.048824322562630008 0.22936334016011103 0.17290753314886692 0.41130177552647329 0.10905571009382078 0.22865190127576607 0.048341565696234941 0.096884820486202991 -0.020966894434992008 -0.0018300218456732342 0.015309071211868433 0.03044490788787102 0.043563515634208655 -0.026096862939460428 -0.016697532727963867 -0.0093957094342706996 -0.0041820176181820486 -0.0010502401099386999 0 -0.0010492906400104446 -0.0041762194696099717 -0.0093812821078418773 -0.016678295056168115 0.054724091747237393 0.043614000147693663 0.030510929881466975 0.015390108034015087 -0.0017245135541797086 0.13848286645743252 0.097060690812692335 0.048574322056055511 0.22894290937777928 0.17225766987278862 0.41035511975078504 0.10716455434273517 0.22734201174524318 0.047293529371880756 0.096074987167373865 -0.021562752993688043 -0.0023306093419292618 0.014896617558124497 0.030110741988985085 0.043308821625484301 -0.02627360998508908 -0.016809515607819087 -0.0094598431676290277 -0.004212509116561361 -0.0010593914491694868 0 -0.001058124186156999 -0.0042048081295423352 -0.0094406794831795437 -0.016783920548678853 0.054558412971603201 0.043376251617057035 0.030199016793306759 0.015004846258545845 -0.002189876490090747 0.13793083201681061 0.096308524023854938 0.047601528458435995 0.22772558446356164 0.17077593858212708 0.40859303186821455 0.10534151883982251 0.22610176592440973 0.046315633944855127 0.095335653095604558 -0.022087863711504674 -0.0027603617513172547 0.014555067665978229 0.029847534535009376 0.043112587535667199 -0.026411344975451279 -0.016897349387675592 -0.0095108007186742519 -0.0042373382300575982 -0.0010672075741300548 0 -0.0010656097817791873 -0.0042276657470363983 -0.0094867523980970477 -0.016865239543473583 0.054431927040495362 0.043197069589698808 0.029958061005096289 0.014690491301718756 -0.0025844047971179426 0.13744954484458785 0.095626865779156467 0.046698887139052223 0.22657792006705327 0.16936321724262965 0.40689910352886072 0.10351545908409444 0.22486004871486243 0.045336776819723312 0.094595725155733099 -0.022613322657601916 -0.0031903701967679497 0.014213335049588839 0.029584198026813075 0.042916268489782423 -0.02654913506703661 -0.016985216156705944 -0.0095617760337813346 -0.0042621752523683562 -0.0010750252097228574 0 -0.0010730970368784726 -0.0042505305963870966 -0.0095328427479002727 -0.016946590803254658 0.054305386843985538 0.043017801043401853 0.029716980461991838 0.014375953672171767 -0.0029791846691371634 0.13696791818013293 0.094944617398927011 0.045795298387769849 0.22542880747873043 0.16794838093213219 0.40520219871589236 0.10168631672836488 0.22361683089720988 0.044356937753584 0.093855187226715917 -0.023139134755309831 -0.0036206408610679427 0.013871412094969131 0.02932072976801426 0.042719860388871454 -0.026686981845615344 -0.017073116141039842 -0.0096127691644734975 -0.0042870196081509927 -0.0010828449234189324 0 -0.0010805861282081285 -0.0042734032801298848 -0.0095789505698004335 -0.017027976257280492 0.054178788998715505 0.042838443900062896 0.029475767469858975 0.01406122858969487 -0.0033742246189295833 0.13648593895944677 0.09426176887621196 0.044890736511675688 0.22427821530377676 0.16653139198143488 0.40350225648306304 0.099854028628063293 0.22237207809973844 0.043376089255936057 0.093114023828687317 -0.02366531427083602 -0.0040511801502711234 0.013529295647752982 0.029057125138697387 0.042523360324734673 -0.026824887772852513 -0.017161051939737576 -0.0096637806116709503 -0.0043118720917218424 -0.0010906664898041852 0 -0.0010880773019346589 -0.0042962840945232868 -0.0096250775096782207 -0.017109397436935722 0.054052132336825577 0.042658996024330639 0.029234418742661118 0.013746310764570646 -0.0037695319742422789 0.13600359881286828 0.093578302063387714 0.043985184210416875 0.22312611113981062 0.1651122042944288 0.40179922202111457 0.10052256877429389 0.22272092638789956 0.043615033634822005 0.093269592517404604 -0.023567774709645141 -0.0039757531249726662 0.013586616663020447 0.02909946410563272 0.042553136636430511 -0.026805001085933068 -0.017148657587963946 -0.009657222690223068 -0.0043093579731862371 -0.0010903017633586472 0 -0.0010876600132158516 -0.0042934599421575069 -0.0096177647644462086 -0.017096016724607147 0.054073673760705425 0.042691191150914069 0.029279781367032399 0.013807136257703141 -0.0036898449975295887 0.13610605071250576 0.093739151664779904 0.044229189612317407 0.22347856938532107 0.16560293661204456 0.40246397755772417 0.10086587776654835 0.22296197909701471 0.043806470511968891 0.093413832806830979 -0.023463477397053671 -0.0038894945846079622 0.013656193627238631 0.029153792045358669 0.042593703925866755 -0.026776476536631618 -0.017130352824243095 -0.0096468477424605219 -0.0043046567182227135 -0.0010890621361141629 0 -0.0010864329025362226 -0.0042888369209124312 -0.00960758434260694 -0.01707797171234576 0.054101749290855136 0.042731078831882569 0.029333219890007312 0.013875627478796653 -0.0036049921709455043 0.1362085970026852 0.093881088030378132 0.044417619273660849 0.22371592818858443 0.1658902096468767 0.40280214714296952 0.10253063261589947 0.22413824228206208 0.044742872147537256 0.094120734842518997 -0.022951359129741798 -0.0034655748558001451 0.013998412783134703 0.02942119533296169 0.042793481782867786 -0.026635952330941508 -0.017040140958605704 -0.0095957167413520707 -0.0042815026904969968 -0.0010829688281797565 0 -0.0010803997515410743 -0.0042660505328410763 -0.0095573692096990355 -0.016988981147429156 0.054240160300233972 0.042927648938976749 0.02959643851879731 0.014212731523745036 -0.0031876991299120447 0.13671246920736679 0.094577150896939091 0.045339895073794177 0.22487483543293654 0.16728872861033098 0.40444278431576225 0.10411210590228305 0.22526821597432983 0.045646243562421182 0.094805007077793407 -0.022453993964464337 -0.0030532438731221134 0.014331745643123674 0.029681974537575449 0.042988474535155689 -0.026498696815679828 -0.016951970600441481 -0.0095457416064729361 -0.0042588947946085856 -0.0010770403086825401 0 -0.0010745253886745969 -0.0042437759707286225 -0.0095082226540957968 -0.016901916119801033 0.054375503187636592 0.043119740819390656 0.029853431911581515 0.01454144126230489 -0.0027813560329321553 0.13720239149979119 0.095251644368235688 0.046230536302821056 0.22598918848661367 0.16862654342928929 0.40600262660800762 0.10561415660050333 0.22635449339481076 0.046518618149186404 0.095468174027534311 -0.021970299512830815 -0.0026516219348125037 0.014656898504702096 0.029936670051922836 0.043179085695427874 -0.026364427300103879 -0.016865660688562406 -0.009496818432659487 -0.0042367838401928251 -0.001071260498083762 0 -0.0010687953194527039 -0.0042219663198193704 -0.0094600500877495067 -0.016816606774574066 0.054508042639302125 0.043307729218689625 0.030104705139051981 0.014862415647856888 -0.0023851399969083303 0.13767936566313105 0.09590599351933024 0.047091444053123682 0.22706141283389808 0.16990666288815096 0.40748527784006655 0.10704023659466569 0.22739940287789051 0.047361824123480577 0.096111620292451072 -0.021499300783743867 -0.0022599068243104891 0.014974499607685751 0.030185769886784761 0.043365680477453712 -0.026232889431242877 -0.01678104823784405 -0.0094488526318640149 -0.0042151241003905177 -0.0010656168483321544 0 -0.0010631961693057803 -0.0042005793096035748 -0.0094127634059511783 -0.01673289978722789 0.054638016778386568 0.043491952730311832 0.030350711605559091 0.015176244363672627 -0.0019983062536718626 0.13814429884957527 0.096541486259019552 0.047924329754380664 0.22809369718124489 0.17113178817768218 0.40889400424070271 0.1102927762105544 0.2298439905396632 0.049352662801777011 0.097641759790913052 -0.020371781772250758 -0.001319418323866163 0.015739105862602132 0.030786835138954933 0.043816670964891766 -0.025914531523693461 -0.016576015799396771 -0.0093325935951101575 -0.0041626926567460481 -0.0010520218559340044 0 -0.0010496947058669004 -0.0041487217416200589 -0.0092979314193164971 -0.016529767589598465 0.054953090509917049 0.043937964285539373 0.030945292230926551 0.01593293994350754 -0.0010680395310393698 0.13925913255766215 0.098055046014120156 0.0498937097264672 0.23051212893643547 0.17396937264734305 0.41211088306057841 0.11223564304838884 0.23133406815714436 0.050575194355083189 0.098587393529077721 -0.019671923247200105 -0.00073460263707871801 0.016215171914848704 0.031161486030380173 0.044098132306269369 -0.025715640080784613 -0.016447840765339727 -0.0092598009077665827 -0.0041297506588446418 -0.0010434064934566592 0 -0.0010411536405907505 -0.0041162285324470868 -0.0092262518482402883 -0.01640307767662498 0.055149417384469115 0.044215542278766472 0.031314875813504173 0.016402825212838978 -0.0004912178152083655 0.13994907143134785 0.098987679727866484 0.051099367567808585 0.23198158223765705 0.17567796740377331 0.41402545663685336 0.11295766915330704 0.23181921968548569 0.050955285454672615 0.098872680183421463 -0.019469865487641808 -0.00056937525066444591 0.016346524214239794 0.0312627301627297 0.04417348559038807 -0.025662822195087892 -0.016414155956436437 -0.0092403699265680688 -0.004120425814449406 -0.0010405654887038023 0 -0.0010384139469504312 -0.0041075242566324093 -0.0092083661343305874 -0.016371452866306625 0.055198662850345886 0.04428546988140708 0.031409028919356381 0.016525494418184284 -0.00033726170600658159 0.14013705877155838 0.099254368502881524 0.051455054979711604 0.23243651081666863 0.17624103750019043 0.4147047090218921 0.11339618071646554 0.23211386181191748 0.051186113781190846 0.099045936462086828 -0.019347168946365026 -0.00046903907197614307 0.016426290891651547 0.031324214969905416 0.044219242504800089 -0.025630748703381143 -0.016393699877807512 -0.00922857153817426 -0.0041147647004724655 -0.0010388407130796182 0 -0.0010367511244222594 -0.0041022379025328192 -0.0091975026061693003 -0.016352250304724016 0.055228573368584458 0.044327939328038787 0.031466212968726329 0.016599992846184051 -0.00024376838363139916 0.14025123451693752 0.099416342054729587 0.051671079539694152 0.23271282098084337 0.17658303175722406 0.41511726747959365 0.11366268887396472 0.2322929133080561 0.051326382603445728 0.099151214719570169 -0.019272608547379236 -0.00040807364749849824 0.016474755780720572 0.031361571452390338 0.044247046581994229 -0.02561126290719961 -0.016381272548309629 -0.0092214040855648511 -0.0041113249171681977 -0.0010377927164395941 0 -0.0010357401958777993 -0.0040990265746244743 -0.0091909030539583363 -0.016340577289502847 0.055246748471255658 0.044353748597835363 0.031500964522997513 0.016645270022154646 -0.0001869424206517963 0.1403206285679941 0.09951478861926448 0.051802383035144749 0.23288077122640088 0.17679091393074783 0.41536805361225154 0.11382482186155975 0.23240183654722987 0.051411711641992965 0.099215247493175715 -0.0192272641049804 -0.00037099238488913256 0.016504234362617793 0.03138429419497097 0.04426395464277344 -0.02559940884510243 -0.016373711730215058 -0.0092170446485344473 -0.0041092336826301481 -0.0010371571560327405 0 -0.0010351268548602749 -0.0040970736298444888 -0.0091868869619520944 -0.016333479536362706 0.055257803350937294 0.044369450156508006 0.031522106218274316 0.016672810329078035 -0.00015237134077638483 0.14036284182971825 0.099574675777209409 0.05188226750036596 0.23298294520978086 0.17691739513889371 0.4155206422092792 0.11398393873700841 0.23250869914377845 0.051495419130259359 0.099278069184832757 -0.019182776665501392 -0.00033462328769878486 0.016533142038595301 0.031406576557126704 0.044280537964136314 -0.025587791503584641 -0.016366303406544516 -0.0092127692229793199 -0.0041071843464896909 -0.0010365337966110097 0 -0.0010345254643677683 -0.0040951572522398569 -0.0091829458648573416 -0.016326513167437728 0.055268647844130596 0.044384855313536198 0.031542849753543933 0.016699843990988703 -0.00011845045533397147 0.14040426535495082 0.09963345633084969 0.051960673821606546 0.23308325748741915 0.17704156953791103 0.41567046601298596 
end_dependent_variable

end_regular_table
