# ****************************************************************************
# CUI
#
# The Advanced Framework for Simulation, Integration, and Modeling (AFSIM)
#
# The use, dissemination or disclosure of data in this file is subject to
# limitation or restriction. See accompanying README and LICENSE for details.
# ****************************************************************************

# ##################################################################################################
# 
# This file was auto-generated by AFSIM Mover Creator 2.5.0.200324
# 
# Creation Date:  24 Mar 2020
# 
# ##################################################################################################

regular_table

independent_variable mach precision double
0.10000000000000001 0.5 0.70000000000000007 0.75 0.80000000000000004 0.84999999999999998 0.90000000000000002 0.92000000000000004 0.94000000000000006 0.95999999999999996 0.97999999999999998 1 1.02 1.04 1.0600000000000001 1.0800000000000001 1.1000000000000001 1.2 1.3 1.4000000000000001 1.5 1.75 2 2.5 3 3.5 4 5 
end_independent_variable

independent_variable surface_angle units deg
-20 -16 -14 -12 -10 -9 -8 -7 -6 -5 -4 -3 -2 -1 0 1 2 3 4 5 6 7 8 9 10 12 14 16 18 20 
end_independent_variable

dependent_variable precision double
1.9391203091409874 6.5939482110506686 2.8703996553174362 4.5197534621703648 1.436715434059302 1.9818466441439822 2.4006636951299694 2.8427910284876643 3.1252787486209459 1.1883950045960525 1.1921703227483049 1.0672705806183338 0.81902932402736661 0.46220076324568415 0 -0.55142963591452165 -1.2185794047666141 -1.9940356813752196 -2.8730798116711096 -1.7040719794521704 -2.8178638687623243 -4.0619481573564 -5.4667761008289739 -6.856615240473583 -3.9268989541490238 -6.5646963576627293 -9.9517263907037901 -6.8593386169099793 -10.518225786880746 -5.6678124093125035 1.9390357382380219 6.5938015908463861 2.8701965118491013 4.5195498623207824 1.4365016900888528 1.9816439586598398 2.4004741789812765 2.8426160225376398 3.1251212186607229 1.188254835328111 1.192054075826664 1.0671793402633203 0.81896631078382098 0.4621681699991671 0 -0.55139591562615531 -1.2185087077505301 -1.9939258129139206 -2.8729295788875184 -1.7038885246097666 -2.8176369120624227 -4.0616764460977395 -5.4664565595332064 -6.8562455760138583 -3.9265090559476836 -6.5642040807590751 -9.9511233070437228 -6.858683919347409 -10.517454563484161 -5.6670141185921707 1.9389592667854976 6.5937458674517249 2.8701473106073228 4.5195097909938768 1.4364686724054854 1.9816150928321676 2.4004492694500494 2.8425948123737257 3.1251035681789436 1.1882403767671603 1.1920429286059195 1.0671712211195592 0.81896109806499218 0.4621656650832513 0 -0.55139368489965068 -1.2185043697242606 -1.9939195654370572 -2.8729216952621282 -1.7038798693955082 -2.8176271000945907 -4.0616657428926697 -5.4664451087834376 -6.8562335605695806 -3.9264989585412033 -6.5641944507254628 -9.9511149341767169 -6.8586824112054634 -10.517456646396267 -5.6670275274533521 1.9389451649942329 6.5937357103928047 2.8701384394535183 4.5195026201063859 1.4364628301301365 1.9816100077191847 2.4004449006243433 2.8425911084838189 3.1251005006008237 1.1882378818982728 1.1920410135450195 1.0671698380931707 0.81896021458486135 0.46216524305081813 0 -0.55139331670898406 -1.2185036604784909 -1.9939185580149543 -2.8729204358055993 -1.7038785116441224 -2.8176255906931895 -4.0616641340514503 -5.4664434142419269 -6.856231830190807 -3.9264976172200008 -6.5641933341600023 -9.9511142000280586 -6.858683028568155 -10.517458091107402 -5.6670311407196383 1.9389323918151102 6.5937265402898202 2.8701304581630001 4.5194961872604225 1.4364576054464711 1.9816054701263039 2.4004410087891737 2.8425878191841027 3.1250977790297618 1.1882356699491203 1.1920393239268383 1.0671686158192337 0.81895943747155919 0.46216487374381521 0 -0.55139299597692959 -1.218503045577465 -1.9939176822060591 -2.8729193519860092 -1.7038773497954749 -2.8176243044445859 -4.0616627725216956 -5.4664420089174337 -6.8562304114702766 -3.926496553208227 -6.5641925191771335 -9.9511137779956265 -6.8586838547716393 -10.517459710310517 -5.6670347104774264 1.9389207505439179 6.5937182120762738 2.8701232355232946 4.5194903706321874 1.4364529006893594 1.9816013877697094 2.4004375127668416 2.8425848626671484 3.1250953459887394 1.1882336965524836 1.192037813609468 1.0671675305111936 0.81895874903544597 0.46216454649979766 0 -0.5513927131430667 -1.2185025034673012 -1.9939169202634828 -2.8729184113437256 -1.7038763516189275 -2.8176232096906215 -4.0616616178290501 -5.4664408245703111 -6.8562292363973336 -3.9264957075404148 -6.5641919337588384 -9.9511135957179171 -6.8586848073787579 -10.517461441719753 -5.6670382326048561 1.9389100632537988 6.593710585952496 2.8701166540614595 4.5194850898454586 1.4364486378869936 1.9815976912647977 2.4004343476380887 2.8425822044124005 3.1250931482370969 1.1882319203180418 1.1920364609531562 1.0671665575237772 0.81895813313257948 0.46216425586589172 0 -0.5513924627115856 -1.2185020289098061 -1.9939162500322414 -2.8729175862279552 -1.7038754815634582 -2.8176222629800485 -4.0616606364834222 -5.4664398254777966 -6.8562282527617855 -3.9264950393414786 -6.5641915329081746 -9.9511135886191617 -6.8586858795197525 -10.517463252360258 -5.667041698858216 1.9412904445201584 6.6013889429192156 2.8723084341399461 4.5238648065074933 1.4370291187906121 1.9829873829264333 2.4024935110201509 2.8452583012399915 3.1282266450523468 1.1889637285645711 1.1929256915107234 1.068054504718041 0.81969449394807314 0.46260415522419929 0 -0.55196560567797914 -1.219798677613547 -1.9960819517694939 -2.876091831934823 -1.705451811607215 -2.8204835833849935 -4.0659529378400689 -5.4723367304178154 -6.863785919581626 -3.9302304759783748 -6.5712929890337071 -9.9622449125948531 -6.8654856608624408 -10.528438840047915 -5.6711296195022332 1.9436724459513972 6.6090718144193135 2.8745007661351831 4.5282464964402189 1.4376092166362524 1.9843772731242169 2.4045533793772806 2.8479355326776212 3.1313616142409768 1.1896955245829228 1.1938150993081733 1.0689427249052321 0.82043113385913369 0.46304424409064088 0 -0.55253903467267529 -1.221095998592284 -1.9982488068941362 -2.8792678044481894 -1.7070287951486158 -2.8233463005959272 -4.0702474580614298 -5.4782367640310463 -6.8713477079386083 -3.9339675546717943 -6.5783982391918858 -9.9733824563622626 -6.8722886544146577 -10.539419998288903 -5.6752183152386975 1.74320454783171 6.4617626853096795 2.7405955545887819 4.4121671788776533 1.330727622124823 1.8837342551943255 2.3094420518394925 2.7576735125272531 3.1344980538794522 1.1904272988928233 1.194704684757691 1.0698312208676044 0.82116805369013235 0.4634845218984609 0 -0.55311275029677798 -1.2223939911590402 -2.0004168194593279 -2.8824455116682799 -1.7086064313632889 -2.8262104120023381 -4.181318842388877 -5.5981840570238193 -7.0011866540281442 -4.0692213282430538 -6.7390049476143021 -10.164561243982725 -7.0910173574210678 -10.799288393389407 -5.9711367285688262 1.7505487536695346 6.5066482541567217 2.794764869749395 4.4797739796902682 1.4055494296484772 1.9627866879846283 2.3918844459290605 2.8456122779778901 3.1346714886689067 1.1916200205069445 1.198213994218555 1.0771985416255982 0.82748657947295745 0.4673204034623919 0 -0.55555071272487622 -1.2319335848458264 -2.0183660861065045 -2.9073103654150629 -1.7425081164596183 -2.8732099258732089 -4.1331421204772214 -5.5593005089616359 -6.9718677496477257 -4.0441561615763382 -6.7323550192489146 -10.17822418609291 -7.1192971977996464 -10.84992024643447 -6.0349142010846943 1.6760161150291759 6.4697581123352634 2.7672003552471498 4.4656929398722749 1.3987196612870152 1.9602058079254512 2.3927100107530035 2.8519487018974461 3.1426995667844104 1.197731234134821 1.2042554296267849 1.0855710852006899 0.83385834289544092 0.47086367412848151 0 -0.5566154767386603 -1.2382175439511489 -2.0304873979978884 -2.9227545785336964 -1.7626155204336389 -2.9012205865923466 -4.1666123249035651 -5.6020862400719249 -7.0242418295183784 -4.1008053262618818 -6.8074664342215261 -10.273699165994534 -7.2294428170255474 -10.98247291666876 -6.1806661154260905 1.6011773140478651 6.4326630289537334 2.7394728395452264 4.4514949237470152 1.3918092540458713 1.9575625800508607 2.3934897138185036 2.8582537850427547 3.1507084040451283 1.2038311994419426 1.2102928830227571 1.0939464274713824 0.84023468948023283 0.47441056102630386 0 -0.55768229673508041 -1.2445125085654574 -2.042631023806539 -2.9382289042274685 -1.782767548692815 -2.92929407454475 -4.2001584722228769 -5.6449702827101094 -7.0767379798544674 -4.1575978847446686 -6.8827683413987408 -10.369415362231576 -7.3398834373344393 -11.115375691178508 -6.3268218438643071 1.5260319670264459 6.395362751067462 2.7115820803241886 4.4371797543493985 1.3848180662705347 1.9548568927501091 2.3942234903207966 2.8645274425493454 3.1586979546297416 1.2099198789194041 1.2163263392242958 1.1023245616595094 0.84661561027374199 0.47796106601069493 0 -0.55875117454607337 -1.2508184825014697 -2.0547969788176781 -2.9537333670214339 -1.8029642447456449 -2.9574304459708776 -4.2337806145995556 -5.6879527171150199 -7.1293562940847677 -4.2145339891212492 -6.9582608917321487 -10.465373025046597 -7.4506194039548079 -11.24862893058047 -6.4733817838380263 1.4505797073943709 6.3578569619803806 2.6835278615986917 4.4227472677210837 1.3777459651913881 1.952088635282619 2.3949112223747524 2.8707696232603839 3.1666681662364558 1.215997253537962 1.2223557758588732 1.1107054716211282 0.85300110556220876 0.48151518639099761 0 -0.55982211250735847 -1.2571354731441813 -2.0669852734962455 -2.9692679854639517 -1.8232056493069235 -2.985629763133681 -4.2674788277154896 -5.7310336447301555 -7.1820968977885453 -4.2716137730314108 -7.0339442930549758 -10.561572382057742 -7.5616509657552626 -11.382232960959389 -6.6203463626464991 1.508359864180181 6.3988197307049344 2.7106917449484556 4.4452136569017684 1.3909594330509503 1.9637038800113826 2.4050038914658813 2.8799270822877663 3.1746164063721345 1.2200546679007294 1.2252875620780326 1.1131617985054623 0.85454963146579888 0.48223375695366183 0 -0.55974118826917607 -1.2574189191257077 -2.0674801692909059 -2.9691970400486927 -1.8200942690292032 -2.9819816033764512 -4.2625574015802092 -5.7249399192057639 -7.1743897895818005 -4.2562456012494492 -7.0121939987060857 -10.531671611692115 -7.5124824016987661 -11.319176590416491 -6.5289226078634703 1.5135321755215509 6.4081003373536731 2.7139011778556079 4.4502237900868522 1.3917513816519853 1.9651950350481255 2.407079690711543 2.8824445586260756 3.1775594993508309 1.2205737556111851 1.2259816768057852 1.1137700346479855 0.8550789879489693 0.48256129294743444 0 -0.56030066091121222 -1.2585432767295692 -2.0693005429438944 -2.9719488922705231 -1.8210157564438982 -2.9839604992124147 -4.2658295393243515 -5.7295515378581081 -7.1803901134894268 -4.2581133794035315 -7.0169022151552758 -10.539835800763134 -7.5155946373993601 -11.325805007813948 -6.5278668874345387 1.5385588664324894 6.4540818144677283 2.7296344752907551 4.4751058349343689 1.3956292535710091 1.9726143565220711 2.4174585948850287 2.8950924299537721 3.1923529243744566 1.2232291369664881 1.2295117700701785 1.1168979426821368 0.85779176645941169 0.48423566517858357 0 -0.56310771375019764 -1.2642293712252861 -2.0785277050357167 -2.9858677963644662 -1.8258345452073943 -2.994149141638943 -4.2825417689253404 -5.7530588284274131 -7.2109424448212875 -4.2680545807566945 -7.0412465815232137 -10.581680366893114 -7.5323494152202617 -11.360387074043155 -6.5241897396823525 1.5622852802255747 6.4994117394546489 2.7448775448435256 4.4997266030060725 1.3993773229232767 1.9799756564366793 2.4278373000643834 2.9078351567919523 3.2072693004068258 1.2259771587917281 1.2331343997276016 1.1201608960570861 0.86060751034991834 0.48596735994207291 0 -0.56593037597853713 -1.2700166801130044 -2.0879518516244553 -3.0000381755710368 -1.8309836444214502 -3.0047983473957451 -4.2998053580241971 -5.7772712117658553 -7.2423597429601001 -4.278937290440914 -7.066849379909323 -10.625130789788614 -7.5509704209187554 -11.397223328849169 -6.5230109822581461 1.584827294687188 6.5441549509684718 2.7596722387123558 4.5241112472517848 1.4030041327169185 1.9872826948421682 2.4382158641846066 2.9206652917451676 3.2222997919024046 1.2288086951793933 1.2368411679509117 1.1235469066931114 0.86351733564312694 0.48775155177333213 0 -0.56876796293848697 -1.2758976819183332 -2.09755798292634 -3.0144415833174327 -1.8364352412785483 -3.0158704546107513 -4.3175765371861603 -5.8021334471941106 -7.2745749374948536 -4.2906823362708844 -7.093608603952438 -10.670060079363797 -7.5713014983726987 -11.436128962328855 -6.5241142474000311 1.6062906918001771 6.5883708566576953 2.7740569636806041 4.5482829249552168 1.4065176195889957 1.9945390783640531 2.4485945276873999 2.9335762137359525 3.2374364587892521 1.2317154759654358 1.2406244472423791 1.1270451109189317 0.86651317740915557 0.48958385699079299 0 -0.57161983849000431 -1.2818655204461709 -2.1073324545618184 -3.0290612051720198 -1.8421639798273706 -3.0273311498488189 -4.3358154446120949 -5.8275951820981451 -7.3075269418070059 -4.3032176159632751 -7.1214311896617417 -10.716352331727188 -7.5932002538849313 -11.476935460572614 -6.5273020788873755 1.6558442757019951 6.6969487288070901 2.8084489402504151 4.6079157522560612 1.4148531574459706 2.0124803383140368 2.4745436910454344 2.966169615395073 3.275697592583132 1.2392646103107823 1.2503738283856265 1.1362190204694349 0.87433275700173418 0.49434985431717943 0 -0.5788083534346169 -1.2971254599897846 -2.1324261855995608 -3.0664589769355586 -1.8575517703812252 -3.0574844062928319 -4.3832281401884545 -5.8935808981937461 -7.3927766443250871 -4.3375953830010401 -7.1951012427610577 -10.837375020355886 -7.6539804100172661 -11.586291357412838 -6.5432474214006096 1.6910988168371726 6.7656556398458845 2.8313570960138574 4.6452894532291742 1.4205261068794004 2.0237074412337379 2.4904051171151154 2.9857346228050625 3.2985785523865152 1.2435438955276923 1.2559724484158477 1.1413336157555478 0.87872739426779733 0.49704427521825001 0 -0.58310151092115148 -1.3060148342662596 -2.1469416513724315 -3.0882355633898069 -1.8656394549218138 -3.0740568719991384 -4.4099350704515343 -5.9309902898749645 -7.441289244469826 -4.3548509736349708 -7.2350483053874521 -10.904769880533708 -7.6836696841072669 -11.643997351902422 -6.5430987528620292 1.7207528627831017 6.7831406359066975 2.8433231146367679 4.6529525443462081 1.4240649324138928 2.0258898114774131 2.4914812299771847 2.9850461826846462 3.2973281942861661 1.2419986866318633 1.2543931843879597 1.1389300554626816 0.87688362003844911 0.49601341133749971 0 -0.58288524405890718 -1.3042426083311125 -2.1434273540400786 -3.0838228479133538 -1.8589854901814438 -3.0650135688062736 -4.3993394813621087 -5.9175708984914248 -7.4249414208685618 -4.335481228357847 -7.2099185639113896 -10.87334157749274 -7.644887436148827 -11.598019416609118 -6.4891417711721502 1.7387259944255076 6.7937374306395091 2.8505743920928923 4.6575956190016221 1.426207929756556 2.0272106951360143 2.4921317152301445 2.9846268815546733 3.2965685078548748 1.2410605415077227 1.2534347019032801 1.1374718541174642 0.87576513362018849 0.49538810247743026 0 -0.58275407495319298 -1.3031677680926177 -2.1412960247034336 -3.0811467958995156 -1.8549503294308745 -3.059529510373113 -4.3929142963277155 -5.909433441087538 -7.4150283095178482 -4.3237358253002069 -7.1946808573535108 -10.854285165535655 -7.621372498846454 -11.570142170715457 -6.4564274015758381 1.7496151845860481 6.8001568622474844 2.8549663986691307 4.6604072492208655 1.4275045024692699 2.0280092054597656 2.4925241218109049 2.9843709038849555 3.2961064985540101 1.2404906265513116 1.2528527482598941 1.1365870415387564 0.87508655075079078 0.49500877177472008 0 -0.58267451723106889 -1.3025158974374755 -2.1400034693708063 -3.0795240279532012 -1.8525034383948544 -3.0562041163493547 -4.3890184371940348 -5.9044994319739672 -7.4090177639068306 -4.3166145203229735 -7.1854425593760514 -10.84273219369609 -7.6071170722043657 -11.553242757822753 -6.4365963150822889 1.7562087532335398 6.8040432519855099 2.8576247015055962 4.6621083868496846 1.428287903894518 2.0284910998617796 2.4927601725884161 2.9842141244463285 3.2958251124937843 1.2401441414730323 1.252499208507613 1.1360500479172881 0.87467479863150788 0.49477863428873192 0 -0.58262625500000509 -1.3021205660551673 -2.1392196486037824 -3.0785400723877467 -1.851019871308907 -3.0541879537213856 -4.3866565926775642 -5.9015082856908707 -7.4053740966310384 -4.3122976151395482 -7.1798427671925396 -10.835729784850059 -7.5984771408787859 -11.543000955797073 -6.4245783976907083 1.7626083587058321 6.8078137671430419 2.8602021220437823 4.6637565116632862 1.4290444914902676 2.0289550767772306 2.4929857137736744 2.9840578728344833 3.2955483160076455 1.2398046274866403 1.2521534899803759 1.1355260120998207 0.87427320030800826 0.49455425581084189 0 -0.58257922832441988 -1.3017354540176298 -2.1384562261664435 -3.0775819831969926 -1.8495754292400273 -3.0522251960575999 -4.3843576906460813 -5.8985970198656341 -7.4018279891478898 -4.3080966704086512 -7.1743943788581968 -10.828917711944424 -7.5900730714122373 -11.533039955329293 -6.4128914334160054 
end_dependent_variable

end_regular_table
