# ****************************************************************************
# CUI
#
# The Advanced Framework for Simulation, Integration, and Modeling (AFSIM)
#
# The use, dissemination or disclosure of data in this file is subject to
# limitation or restriction. See accompanying README and LICENSE for details.
# ****************************************************************************

# ##################################################################################################
# 
# This file was auto-generated by AFSIM Mover Creator 2.5.0.200324
# 
# Creation Date:  24 Mar 2020
# 
# ##################################################################################################

regular_table

independent_variable mach precision double
0.10000000000000001 0.5 0.70000000000000007 0.75 0.80000000000000004 0.84999999999999998 0.90000000000000002 0.92000000000000004 0.94000000000000006 0.95999999999999996 0.97999999999999998 1 1.02 1.04 1.0600000000000001 1.0800000000000001 1.1000000000000001 1.2 1.3 1.4000000000000001 1.5 
end_independent_variable

independent_variable surface_angle units deg
-20 -16 -14 -12 -10 -9 -8 -7 -6 -5 -4 -3 -2 -1 0 1 2 3 4 5 6 7 8 9 10 12 14 16 18 20 
end_independent_variable

dependent_variable precision double
0.0058746373135048361 0.050683621429449169 -0.0026201679869466876 0.017853555847397309 -0.016193754089452773 -0.0081713659600128261 -0.0010106728900508852 0.0052857739070861359 0.010718077010315973 -0.010720985649792694 -0.0068558905079301631 -0.0038564138272761611 -0.0017158730130672586 -0.00043061328823758467 0 -0.000430338015169072 -0.0017139377259632201 -0.0038514738833553531 -0.0068492997318412834 0.015322602481729565 0.010735680917010819 0.0053088164562117126 -0.00098246634207335942 -0.0081347158647130293 0.035380007694611366 0.017913926827476029 -0.0025411884221587517 0.050781114144581981 0.031421446376432516 0.10449927212868526 0.0058893042381803927 0.05069305685412763 -0.0026129794995049796 0.017858821507290342 -0.016190150034374733 -0.0081684656434446654 -0.0010084024849408067 0.0052874905348852981 0.010719315560820536 -0.010720153371340309 -0.0068553806398536825 -0.003856149559424669 -0.0017157753522318534 -0.00043060376836825417 0 -0.00043026968917531713 -0.0017137215412041833 -0.0038510314047903683 -0.0068485534981231602 0.015323726756590949 0.010737264018564582 0.0053109351511956915 -0.00097973360001289201 -0.0081312947399709949 0.035384173465392986 0.017919828427044076 -0.0025332575709653463 0.050791307239225494 0.031434182088632141 0.10451475755125966 0.0058920169357993771 0.050694812156783557 -0.0026116322054246222 0.017859812838882039 -0.01618946348744647 -0.0081679102288402614 -0.001007964484125436 0.0052878245303529994 0.010719559703606244 -0.010719985933273739 -0.006855275059231219 -0.0038560918138198898 -0.0017157509726837504 -0.00043059884718498788 0 -0.00043026050730786191 -0.0017136886340858332 -0.0038509608213161987 -0.0068484308127452478 0.015323915367839207 0.010737532633926433 0.0053112979853555016 -0.00097926305178758894 -0.008130702089343491 0.035384900200434118 0.01792086500747397 -0.0025318584044504095 0.050793116919871192 0.031436451129330981 0.10451752735569089 0.0058925578628371634 0.050695161954614168 -0.0026113638505412813 0.017860010591685602 -0.01618932599200474 -0.0081677985703859143 -0.001007876380370577 0.0052878911446308362 0.010719608568134229 -0.010719952492794633 -0.0068552535945616737 -0.0038560799434421058 -0.0017157460328948765 -0.00043059760526066641 0 -0.00043025868085736174 -0.0017136824849324514 -0.0038509469353309022 -0.0068484066378588313 0.015323952380595016 0.010737585771542345 0.0053113692820446366 -0.00097916960202141861 -0.0081305847499768911 0.035385044703988129 0.017921071219627223 -0.0025315800273463269 0.05079347584685337 0.031436902352531639 0.10451807840417933 0.0058930602390555647 0.050695487689192006 -0.0026111143741480002 0.017860194129804802 -0.016189198593206184 -0.0081676955201261132 -0.0010077950242494847 0.0052879539757684181 0.010719653984422898 -0.010719920912876308 -0.0068552336183407532 -0.003856069077767144 -0.0017157414280069433 -0.00043059672614569739 0 -0.00043025708697695924 -0.0017136764536145859 -0.0038509341780858129 -0.0068483844723780593 0.015323986925006854 0.010737634642272198 0.0053114359397355582 -0.00097908364411332751 -0.0081304759691898845 0.035385178118599883 0.017921262001529728 -0.0025313228110201962 0.050793809246941622 0.031437320184868146 0.10451858896686518 0.0058935279840359569 0.05069579021637502 -0.002610881543571841 0.017860366008409765 -0.016189079815005909 -0.0081675997012458802 -0.0010077190389471806 0.0052880118826217973 0.010719696492034879 -0.010719891751686996 -0.0068552151925871498 -0.0038560589346099514 -0.0017157369688629374 -0.000430595767956895 0 -0.00043025561868440936 -0.0017136710858967319 -0.0038509222456893353 -0.0068483638139515178 0.015324018721990603 0.010737680412067414 0.0053114976545366706 -0.00097900279654551518 -0.008130374903528248 0.035385302081562861 0.017921439263357219 -0.0025310833940588714 0.050794118633392053 0.031437708595536823 0.10451906355870924 0.0058939640746755919 0.050696073741030599 -0.0026106635726744548 0.017860526153078076 -0.016188968131744086 -0.0081675098857751042 -0.0010076479407178619 0.0052880662047947394 0.010719736258420643 -0.01071986374404537 -0.0068551977591326304 -0.0038560492627948244 -0.0017157329624553886 -0.00043059483767650441 0 -0.00043025413178625176 -0.0017136660654835576 -0.0038509112125639034 -0.0068483444579175243 0.015324048497164972 0.01073772322977286 0.0053115554869676198 -0.00097892817565445062 -0.008130280957612538 0.035385417709213544 0.017921604270291037 -0.0025308604740698075 0.050794408694817848 0.03143807160334898 0.1045195082823509 0.0061152374922561299 0.050940619866547597 -0.0024125186621275856 0.018011889073727586 -0.016077637076554761 -0.0080746911970143807 -0.00093215530002417287 0.0053474346502251115 0.01076422905650553 -0.010688484828302258 -0.0068349881321022243 -0.0038446405633226631 -0.0017106529431152335 -0.00042932388550593454 0 -0.00042898311139511982 -0.0017085855896858239 -0.0038395018780203291 -0.0068281340792205629 0.015355429211450175 0.010782218392010311 0.005370927951209279 -0.00090342996816290442 -0.0080374531595462304 0.035496762497822187 0.018072991854534263 -0.0023326730484687138 0.051039020708993972 0.03163716924009171 0.10474091816090138 0.0063338734681801599 0.051184004739177863 -0.0022150817420921679 0.018162855238473125 -0.015966508703414695 -0.0079820113308954124 -0.00085675276504874334 0.005406748189266457 0.010808689044221224 -0.010657123520906378 -0.0068147871554390758 -0.0038332352984457039 -0.001705574087245753 -0.0004280532390875196 0 -0.00042771216914754071 -0.0017035063889924121 -0.0038280960177639197 -0.0068079317108579503 0.015386792409175808 0.010826681307008302 0.0054302459580772471 -0.00082801975775406548 -0.0079447629139788502 0.035607904609343058 0.018223983040101185 -0.0021351923829282088 0.051282472834694608 0.031834479587417558 0.10495969656151284 0.0065498731634376101 0.051426227689119516 -0.0020183530060665228 0.01831342296536774 -0.015855582997439402 -0.0078894673998278642 -0.00078143814777209444 0.0054660061893281086 0.010853116623448856 -0.010625779434861088 -0.0067945947175095389 -0.0038218337472480635 -0.001700496647883214 -0.00042678272538910702 0 -0.00042644160273323935 -0.0016984284187498634 -0.0038166936578425265 -0.0067877379705358664 0.015418138544318701 0.0108711118482487 0.0054895080786608423 -0.00075269965802498141 -0.0078522099827586164 0.035718843686548485 0.01837457724649684 -0.0019384185518707229 0.051524763464395239 0.032030005026844312 0.10517583889976349 0.0067632343354325549 0.051667287346999838 -0.0018223299484954659 0.018463595563728882 -0.015744861020388908 -0.0077970608972218608 -0.00070621294656584243 0.0055252095186717667 0.010897513185887896 -0.010594452188131244 -0.0067744103742597749 -0.003810435739798525 -0.0016954201388010659 -0.00042551244426079218 0 -0.00042517123477875472 -0.0016933516094972427 -0.0038052949272550313 -0.0067675525134303811 0.015449466964442212 0.010915510983223112 0.0055487162628277652 -0.00067746747599467831 -0.0077597930907812099 0.035829581123618705 0.018524774290145901 -0.0017423517587175693 0.051765894091506004 0.032223743742464665 0.10538934864870018 0.0068007634439908116 0.051907185389804274 -0.0016270147573984753 0.018613369823469016 -0.015634341611273275 -0.0077047910738915907 -0.00063107641720567447 0.005584357333843209 0.01094187658569157 -0.010563142693632 -0.0067542344159372651 -0.0037990412277225075 -0.0016903450834370747 -0.00042424261959005566 0 -0.00042390111365866708 -0.0016882762018670769 -0.0037938998780971348 -0.0067473762648603899 0.01548077849067383 0.010959877759324417 0.0056078687442856472 -0.0006023247993416893 -0.0076675138703786215 0.035940115228683761 0.018674575327076795 -0.0015469915420496738 0.052005862835620122 0.032381120948166128 0.10543271780451435 0.0060248441064923884 0.051465809854558141 -0.0019326381169822431 0.018408789937712337 -0.015761632060694163 -0.0078022616806008279 -0.00070353115410180756 0.0055320066359127763 0.010904922159705167 -0.010587878978216888 -0.0067694449443773865 -0.0038076974520265565 -0.0016945784347477651 -0.0004256248705065568 0 -0.00042521454057131095 -0.001692096022457791 -0.0038015205204722387 -0.0067611847019840255 0.015458509289838827 0.010926748814994997 0.0055606441418629285 -0.00066832748356078931 -0.0077563502743812169 0.035823949980127306 0.018485806333032366 -0.0018301784190189751 0.05159466351241692 0.031747614172199644 0.10470182499052801 0.0054903703865642342 0.051201729329287217 -0.002133318991719865 0.018260556802793999 -0.015862668330429909 -0.0078831701110773592 -0.00076619091666962999 0.0054848519434412242 0.010870099981027472 -0.010612115377254075 -0.0067847080051309776 -0.0038167641259619278 -0.0016993415373278162 -0.00042736452026463954 0 -0.00042684120405483397 -0.0016961842897195113 -0.0038089142860656838 -0.006774216139156462 0.015438128369659914 0.010897773852934089 0.0055211259127349909 -0.00072164786111692338 -0.0078251500264488599 0.035737993391793815 0.018357465406032922 -0.002004830172465044 0.051362707290672265 0.03135724919031848 0.10421248529979461 0.0049501301785112159 0.050934792356990596 -0.0023358941654075156 0.018111130026346858 -0.015964414009664793 -0.0079646077991544582 -0.00082923702096254618 0.0054374240536668042 0.010835091034297067 -0.010636473042681484 -0.0068000443446911227 -0.0038258699634613693 -0.0017041214680599461 -0.00042910838729382623 0 -0.00042847192728198149 -0.0017002891655871382 -0.0038163473541450704 -0.0067873202721597404 0.015417627048871726 0.010868613474827971 0.0054813371977614289 -0.00077535062112480888 -0.0078944720949849796 0.03565133948016401 0.018227949413343512 -0.0021813451212463753 0.051127941716416402 0.030962833514580387 0.10371748145674081 0.0050238790172953468 0.051052956864932629 -0.0022457074606583413 0.018175626499787417 -0.015918149816313593 -0.0079262586347877782 -0.00079790926071792584 0.0054621471332316424 0.01085334764555994 -0.010623742373841947 -0.0067918192073585836 -0.0038214778740663239 -0.0017025038282962124 -0.00042894976518442545 0 -0.00042826291684531739 -0.0016983721553918407 -0.003811216576226057 -0.0067781155967101079 0.015432037618040611 0.01088939450736251 0.0055093230212116132 -0.00074008204926224726 -0.0078510878413402645 0.035703771864154993 0.018300266180975105 -0.0020814149722602864 0.05125742862481969 0.031034265464003889 0.10380473599212128 0.0052376669374340559 0.051298345973328358 -0.0020449530962506099 0.018330232462223973 -0.015803770453070822 -0.0078306715556220197 -0.00072002355186297554 0.0055234893979798309 0.010899393843206278 -0.010591223963850259 -0.0067708583032499627 -0.0038096226958234981 -0.0016972043074373344 -0.00042761006405261638 0 -0.00042692591414682799 -0.0016930883562715636 -0.0037994014819047019 -0.0067572077781216959 0.015464464982110654 0.010935304328384333 0.0055704873617726698 -0.00066241319744896239 -0.0077557792955656926 0.03581780890902149 0.018454430451243703 -0.0018812234746230733 0.051502148625943552 0.031230144211519255 0.10401765966937337 0.0062605292294242564 0.052503642178901883 -0.0010550537642414163 0.019094900170031754 -0.015236597526258 -0.0073561601870100798 -0.00033301596927671763 0.0058285458645395485 0.011128532161302395 -0.010429323000588389 -0.0066664534311626639 -0.0037505584620038421 -0.0016707989869576923 -0.00042093836907442834 0 -0.00042026622288661328 -0.0016667579233633648 -0.0037405235646416745 -0.0066530499512949242 0.015625939368400347 0.011163798867642679 0.0058747080148145205 -0.00027641681724354625 -0.0072825680124052224 0.036383380389151239 0.01921704345495464 -0.00089392533062337769 0.052704356499080104 0.032177739625741698 0.10503659965116202 0.0072073190456359267 0.053673324472685899 -8.7896934922485417e-05 0.019845905383103584 -0.01467710663164345 -0.0068871976804495529 5.0090910420546165e-05 0.0061309383553652752 0.011355915151935103 -0.010268521827208027 -0.0065626827746307227 -0.0036918271941415899 -0.0016445400554003155 -0.00041430772116800828 0 -0.00041364660190375648 -0.0016405671317436647 -0.0036819607147413366 -0.006549503120224961 0.015786355591755084 0.011390601983498581 0.0061763511213725353 0.00010578230725231036 -0.0068147667438469327 0.036941443687882124 0.019966232314169434 7.0952931925514617e-05 0.05387136645701035 0.033072900765643433 0.10598010381626403 0.0080789312909973418 0.054807984711468596 0.00085697394851441178 0.020583590767120387 -0.014125059815906983 -0.006423585849006019 0.00042945126569888441 0.0064307884270947092 0.01158163026146111 -0.010108759045203385 -0.0064595079192758722 -0.0036334063918550255 -0.0016184170564136121 -0.00040771494187535467 0 -0.00040706378901502079 -0.0016145054506384402 -0.0036236921931528435 -0.0064465300116774852 0.015945772123398341 0.01161579618562081 0.0064755270002972952 0.00048433026727114699 -0.0063521925099398564 0.03749222291596209 0.020702315482471381 0.0010138368852929565 0.055003732922039555 0.033916319759835035 0.10684900971472057 0.0088761683881622179 0.055908152782960491 0.001779967986173845 0.021308260263291398 -0.013580241328420423 -0.0059651524791735746 0.00080520270363367453 0.0067282004571876811 0.01180575790331739 -0.0099499778330482107 -0.0063568929934862553 -0.0035752753657082642 -0.0015924199243637571 -0.000401157138024453 0 -0.00040051496547082306 -0.0015885639121447275 -0.0035656986872552895 -0.0063440971727696553 0.016104240872975923 0.011839455077793873 0.0067723357497588331 0.00085935655784333503 -0.0058946803905763527 0.038035919237222819 0.021425582016583459 0.0019351156843719431 0.056101950654490695 0.034708620714824966 0.10764407987876229 
end_dependent_variable

end_regular_table
