# ****************************************************************************
# CUI
#
# The Advanced Framework for Simulation, Integration, and Modeling (AFSIM)
#
# The use, dissemination or disclosure of data in this file is subject to
# limitation or restriction. See accompanying README and LICENSE for details.
# ****************************************************************************

# ##################################################################################################
# 
# This file was auto-generated by AFSIM Mover Creator 2.5.0.200324
# 
# Creation Date:  24 Mar 2020
# 
# ##################################################################################################

regular_table

independent_variable mach precision double
0.10000000000000001 0.5 0.70000000000000007 0.75 0.80000000000000004 0.84999999999999998 0.90000000000000002 0.92000000000000004 0.94000000000000006 0.95999999999999996 0.97999999999999998 1 
end_independent_variable

independent_variable surface_angle units deg
-20 -16 -14 -12 -10 -9 -8 -7 -6 -5 -4 -3 -2 -1 0 1 2 3 4 5 6 7 8 9 10 12 14 16 18 20 
end_independent_variable

dependent_variable precision double
0.055156197364826735 0.036603344101577569 0.028737220055631195 0.021811297733470302 0.015825577135094884 0.013185292482326735 0.010780058260504953 0.0086098744696295384 0.0066747411097004949 0.0049746581807178208 0.0035096256826815174 0.0022796436155915834 0.0012847119794480194 0.0005248307742508247 0 0.0005248307742508247 0.0012847119794480194 0.0022796436155915834 0.0035096256826815174 0.0049746581807178208 0.0066747411097004949 0.0086098744696295384 0.010780058260504953 0.013185292482326735 0.015825577135094884 0.021811297733470302 0.028737220055631195 0.036603344101577569 0.045409669871309427 0.055156197364826735 0.059060999102204532 0.039102417213499344 0.030650572906946307 0.0232170263589263 0.016801777569439329 0.013976014834145734 0.011404826538485397 0.0090882126824583156 0.0070261732660644944 0.0052187082893039322 0.0036658177521766292 0.0023675016546825839 0.0013237599968217971 0.00053459277859426932 0 0.00053459277859426932 0.0013237599968217971 0.0023675016546825839 0.0036658177521766292 0.0052187082893039322 0.0070261732660644944 0.0090882126824583156 0.011404826538485397 0.013976014834145734 0.016801777569439329 0.0232170263589263 0.030650572906946307 0.039102417213499344 0.04857255927858542 0.059060999102204532 0.064077753949419516 0.042313140315716938 0.03310878278208166 0.025023058103923697 0.018055966281243077 0.014991907690706767 0.012207507314039792 0.0097027651512421546 0.0074776812023138453 0.00553225546725487 0.0038664879460652279 0.0024803786387449208 0.001373927545293947 0.00054713466571230669 0 0.00054713466571230669 0.001373927545293947 0.0024803786387449208 0.0038664879460652279 0.00553225546725487 0.0074776812023138453 0.0097027651512421546 0.012207507314039792 0.014991907690706767 0.018055966281243077 0.025023058103923697 0.03310878278208166 0.042313140315716938 0.052636130704829545 0.064077753949419516 0.065931772196651223 0.043499711993945242 0.0340172517232252 0.025690504672927116 0.018519470843051004 0.01536734638577119 0.012504150233596871 0.0099298823865280397 0.0076445428445646984 0.0056481316077068508 0.0039406486759544978 0.0025220940493076343 0.0013924677277662645 0.00055176971133038611 0 0.00055176971133038611 0.0013924677277662645 0.0025220940493076343 0.0039406486759544978 0.0056481316077068508 0.0076445428445646984 0.0099298823865280397 0.012504150233596871 0.01536734638577119 0.018519470843051004 0.025690504672927116 0.0340172517232252 0.043499711993945242 0.054137885485087238 0.065931772196651223 0.068170702832624622 0.044932627600968209 0.035114327734852152 0.026496519701877531 0.019079203502044353 0.015820729839555802 0.012862379135352608 0.010204151389434779 0.0078460466018023031 0.0057880647724551882 0.0040302059013934315 0.0025724699886170354 0.0014148570341259979 0.00055736703792031946 0 0.00055736703792031946 0.0014148570341259979 0.0025724699886170354 0.0040302059013934315 0.0057880647724551882 0.0078460466018023031 0.010204151389434779 0.012862379135352608 0.015820729839555802 0.019079203502044353 0.026496519701877531 0.035114327734852152 0.044932627600968209 0.055951419300225701 0.068170702832624622 0.053525926446946218 0.034946950827150575 0.027133798704203949 0.020304870372558119 0.014460165832213099 0.01190689748377839 0.0095996850831688782 0.0075385286303845701 0.0057234281254254582 0.0041543835682915477 0.0028313949589828381 0.0017544622974993279 0.00092358558384101881 0.00033876481800790921 0 0.00053676335701909831 0.0013195826618633969 0.0023484579145328956 0.0036233891150275945 0.0051443762633474931 0.0069114193594925931 0.0089245184034628961 0.011183673395258392 0.013688884334879092 0.016440151222324992 0.022680852840692396 0.029905778250360598 0.038114927451329599 0.047308300443599412 0.057485897227169999 0.038881150061267779 0.02496127405333291 0.019153269673555722 0.014113221043238698 0.0098411281623818365 0.0079930651280009681 0.0063369910309851374 0.0048729058713343548 0.0036008096490486078 0.0025207023641279037 0.0016325840165722406 0.0009364546063816184 0.00043231413355603813 0.00012016259809549841 0 0.00051615967611787705 0.0012243082896007953 0.0021244458404487548 0.0032165723286617545 0.0045006877542397962 0.0059767921171828779 0.0076448854174910041 0.0095049676551641656 0.011557038830202374 0.01380109894260562 0.018865185979507242 0.024697228765869023 0.031297227301690961 0.038665181586973081 0.046801091621715342 0.033023239506996413 0.02096700334380585 0.015961058061296433 0.011636561311510927 0.0079935130944493293 0.0064275321856899978 0.0050319134101116424 0.0038066567677142679 0.0027517622584978677 0.0018672298824624458 0.0011530596396080012 0.00060925152993453484 0.00023580555344204581 3.2721710130534102e-05 0 0.00050791820375738867 0.0011861985406957549 0.0020348410108150987 0.003053845614115419 0.004243212350596718 0.0056029412202589944 0.0071330322231022486 0.0088334853591264806 0.010704300628331687 0.012745478030717872 0.017338919235033178 0.022613808972072397 0.028570147241835524 0.035207934044322549 0.042527169379533492 0.02716532895272503 0.016972732634278787 0.012768846449037143 0.0091599015797831536 0.0061458980265168255 0.0048619992433790293 0.003726835789238147 0.0027404076640941805 0.0019027148679471272 0.0012137574007969887 0.00067353526264376238 0.00028204845348745074 3.9296973328053678e-05 -5.4719177834430215e-05 0 0.00049967673139690008 0.0011480887917907144 0.0019452361811814426 0.0028911188995690835 0.0039857369469536398 0.0052290903233351083 0.0066211790287134921 0.0081620030630887887 0.0098515624264609979 0.011689857118830124 0.015812652490559118 0.020530389178275765 0.025843067181980067 0.031750686501672024 0.038253247137351641 0.021307418398453685 0.012978461924751748 0.0095766348367778715 0.0066832418480553997 0.0042982829585843287 0.0032964663010680685 0.0024217581683646581 0.0016741585604741014 0.0010536674773963925 0.0005602849191315341 0.00019401088567952662 -4.5154622959630816e-05 -0.00015721160678593734 -0.00014216006579939407 0 0.00049143525903641171 0.0011099790428856738 0.0018556313515477865 0.0027283921850227485 0.0037282615433105624 0.0048552394264112257 0.0061093258343247409 0.0074905207670511054 0.0089988242245903158 0.010634236206942383 0.014286385746085066 0.018446969384479147 0.023115987122124631 0.028293438959021512 0.033979324895169805 0.015449507844182322 0.0089841912152246791 0.0063844232245185845 0.0042065821163276293 0.0024506678906518215 0.0017309333587571009 0.0011166805474911636 0.00060790945685401426 0.00020462008684565174 -9.3187562533923957e-05 -0.00028551349128471217 -0.00037235769940671481 -0.00035372018689992975 -0.00022960095376435837 0 0.00048319378667592317 0.0010718692939806335 0.0017660265219141306 0.0025656654704764126 0.0034707861396674833 0.0044813885294873405 0.0055974726399359844 0.0068190384710134161 0.0081460860227196303 0.0095786152950546356 0.012760119001611007 0.016363549590682518 0.020388907062269184 0.02483619141637099 0.029705402652987944 0.0095915972899109463 0.004989920505697615 0.003192211612259287 0.001729922384599859 0.00060305282271931734 0.00016540041644613301 -0.00018839707338233372 -0.00045833964676607027 -0.00064442730370508792 -0.00074666004419938006 -0.00076503786824895113 -0.00069956077585379853 -0.00055022876701392182 -0.00031704184172932269 0 0.00047495231431543474 0.0010337595450755929 0.0016764216922804745 0.0024029387559300766 0.0032133107360244051 0.0041075376325634544 0.0050856194455472297 0.0061475561749757277 0.0072933478208489439 0.0085229943831668879 0.011233852257136946 0.014280129796885891 0.01766182700241373 0.021378943873720462 0.025431480410806083 
end_dependent_variable

end_regular_table
