# ****************************************************************************
# CUI
#
# The Advanced Framework for Simulation, Integration, and Modeling (AFSIM)
#
# The use, dissemination or disclosure of data in this file is subject to
# limitation or restriction. See accompanying README and LICENSE for details.
# ****************************************************************************

# ##################################################################################################
# 
# This file was auto-generated by AFSIM Mover Creator 2.5.0.200324
# 
# Creation Date:  24 Mar 2020
# 
# ##################################################################################################

regular_table

independent_variable mach precision double
0.10000000000000001 0.5 0.70000000000000007 0.75 0.80000000000000004 0.84999999999999998 0.90000000000000002 0.92000000000000004 0.94000000000000006 0.95999999999999996 0.97999999999999998 1 
end_independent_variable

independent_variable surface_angle units deg
-20 -16 -14 -12 -10 -9 -8 -7 -6 -5 -4 -3 -2 -1 0 1 2 3 4 5 6 7 8 9 10 12 14 16 18 20 
end_independent_variable

dependent_variable precision double
0.003419334762077988 0.0022692041804954332 0.0017815624236943405 0.0013522032642640425 0.00098112704411076239 0.00081744514619202862 0.0006683341092937324 0.00053379396766422866 0.00041382475080291574 0.00030842648368371639 0.00021759918700649255 0.00014134287781627237 7.9657569889684651e-05 3.254327433789015e-05 0 3.2526472870724924e-05 7.9624026843416577e-05 0.00014129267077580944 0.00021753241575112923 0.00030834327556462812 0.00041372526725667842 0.00053367841153645378 0.00066820273334994176 0.00081729826220585267 0.00098096503237116443 0.0013520124553382448 0.0017813453483104147 0.0022689640531938973 0.0028148688049409731 0.0034190596228268169 0.0036612950093370357 0.0024240332796414067 0.0019000902469789758 0.0014392724840700409 0.0010415800590760915 0.00086640587045903189 0.00070701304155536835 0.00056340157934885973 0.0004355714896127472 0.00032352277737533719 0.00022725544673376835 0.00014676950127303707 8.2064943530575846e-05 3.3141775869223157e-05 0 3.3138415563684931e-05 8.2058234885006687e-05 0.00014675945976810303 0.00022724209252925407 0.00032350613568261308 0.00043555159278989725 0.00056337846813447879 0.00070698676632563874 0.00086637649350908513 0.0010415476566685772 0.0014392343219235882 0.001900046831648913 0.0024239852539129233 0.0030110496358327146 0.0036612399812260745 0.003972282798559751 0.002623063646202867 0.0020524719279491396 0.001551225483162399 0.0011193243603378682 0.00092937831027246085 0.00075676860875295126 0.00060149526073315248 0.00046355827038469671 0.00034295764122739845 0.00023969337619443652 0.00015376547776271756 8.5173947920284956e-05 3.3918788280387067e-05 0 3.3916388043854684e-05 8.5169156051211406e-05 0.00015375830535829612 0.00023968383743169818 0.00034294575429205193 0.00046354405841626394 0.00060147875280269476 0.00075674984084079557 0.00092935732670219829 0.0011193012157318068 0.0015511982246752556 0.0020524409173396361 0.002623029342089809 0.0032629635333417391 0.0039722434926597874 0.0040872145803178637 0.0026966196833137241 0.0021087881118960427 0.0015926004903340037 0.0011480568647204172 0.00095265156500780942 0.00077515728086874271 0.00061557401691249812 0.00047390177732933105 0.00035014056540160821 0.00024429038378315823 0.00015635123481354024 8.6323120168856562e-05 3.4206041560128126e-05 0 3.420380130987758e-05 8.6318647769516055e-05 0.0001563445404264793 0.00024428148095686949 0.00035012947100187007 0.00047388851279628384 0.00061555860934312738 0.00077513976378509213 0.00095263197989340818 0.0011480352629757323 0.0015925750489185547 0.0021087591682650703 0.0026965876664097133 0.0033560605742206989 0.0040871778946312059 0.0042260077386003046 0.0027854470392994287 0.0021767964187259566 0.0016425656474338256 0.0011827547684802383 0.0009807568020205929 0.00079736382477341096 0.00063257584001640379 0.00048639285244265725 0.00035881486473393501 0.00024984187942301368 0.00015947389878194287 8.7710924412331336e-05 3.4552957804047701e-05 0 3.4550857573511674e-05 8.7706731475095776e-05 0.00015946762274766032 0.00024983353295556735 0.00035880446351419204 0.00048638041688181766 0.00063256139529324705 0.00079734740224967141 0.00098073844147576251 0.0011827345166961916 0.0016425417962761984 0.0021767692840468948 0.0027854170232144704 0.0034684850429803505 0.0042259733458773112 48.180415114607513 -2.6623685707065086 -1.4695840115561287 0.0012587368072780709 0.00089641419041740992 0.00073813284189987649 0.00059510480447599976 0.00046733008131175053 0.00035480867549395024 0.00025754058868473367 0.00017552582325857879 0.00010876438040272476 5.7256261700156935e-05 2.1001467942368025e-05 0 3.3273663452518636e-05 8.180065810260851e-05 0.00014558098497921015 0.00022461464471551772 0.0003189016389340912 0.00042844196886174436 0.0005532356367146567 0.00069328264462985853 0.00084858299514012651 0.0010191366917280285 0.0014060041358006177 -3.7658813852847723 -3.7394309380769948 -3.6711569033593312 -3.5127542351332353 102.02445493155001 -5.6410128991643003 -3.1144366937843699 0.00087490800345648725 0.00061007365049521828 0.00049550891833681162 0.0003928458190787611 0.00030208435439716904 0.00022322452688999377 0.00015626633739528639 0.00010120978742153886 5.8054877890607421e-05 2.6801609766250801e-05 7.449983635104777e-06 0 3.1996463169522141e-05 7.5894572522510346e-05 0.00013169432866655167 0.0001993957320416229 0.0002789987838209956 0.0003705034846751107 0.00047390983619626518 0.00058921783939012041 0.00071642749660321932 0.00085553880984688485 0.0011694664134768668 -7.9771489150791695 -7.9218055909651728 -7.7779772874910167 -7.4433707624685352 125.14907043677545 -6.920247232705818 -3.8208430567997023 0.00072212527262108771 0.00049605767574289583 0.00039887984345806922 0.00031227301736382382 0.00023623744469640658 0.00017077335238887978 0.00011588094664278405 7.1560413613477872e-05 3.7811918296460656e-05 1.4635605384047392e-05 2.0315984086940532e-06 0 3.1519955525950004e-05 7.3612548393471719e-05 0.00012627779502929776 0.00018951569112863901 0.00026332621107692935 0.00034770930818541114 0.00044266491486247013 0.00054819294252796797 0.00066429328144190726 0.00079096580121843657 0.0010760267586722545 -9.7857542734182292 -9.7179990944682917 -9.5417188952959453 -9.1314338897953888 149.18054106229584 -8.2496407743005289 -4.5549447498616358 0.00056902382222012856 0.00038180122187146345 0.00030204594843371798 0.00023152864318029987 0.00017024972625415778 0.00011820958234867913 7.5408560882749513e-05 4.1846975037925276e-05 1.7525102765025875e-05 2.4431854711872418e-06 -3.3985715862542463e-06 0 3.1042331589008433e-05 7.1325355507952543e-05 0.00012084909335480579 0.00017961352970244425 0.00024761861233935361 0.00032486425211645191 0.00041135032272826522 0.00050707666145693075 0.00061204306820936919 0.00072624930700529097 0.00098238015334400582 -11.665273832550044 -11.584618709138971 -11.374612571428901 -10.885679789976477 174.11886677584025 -9.6291935446684729 -5.3167417864197493 0.00041560365237652396 0.00026730428863509277 0.00020500723302910353 0.00015061269638292699 0.0001041211991374668 6.5533216769391836e-05 3.4849179522959986e-05 1.2069471605488977e-05 -2.8055689020356837e-06 -9.7756499555686209e-06 -8.8405263748816534e-06 0 3.0563591448089545e-05 6.9032994122955138e-05 0.00011540822360117314 0.00016968924790271376 0.00023187598791555374 0.00030196831661349514 0.00037996605977130241 0.00046586899641166306 0.00055967685755369781 0.00066138932782201885 0.00088852659806199559 -13.615707593770598 -13.521664436612058 -13.276658317887016 -12.706108465593559 199.96409978800745 -11.058873129326393 -6.1062134515465916 0.00026186476299715726 0.00015256687549370645 0.00010776369720697926 6.9525176614136831e-05 3.7851863066983252e-05 1.2744255453610324e-05 -5.7971970715667195e-06 -1.7772096639134963e-05 -2.3180096573429353e-05 -2.2020900981887651e-05 -1.4294266055426384e-05 0 3.0083735105986841e-05 6.6735464305523625e-05 0.00010995518602447106 0.0001597428458523618 0.00021609833766026763 0.0002790215018441511 0.00034851212660242796 0.0004245699477534582 0.00050719464955683625 0.00059638586297955604 0.0007944660930385303 -15.637053738653199 -15.529133954862036 -15.247853263825196 -14.592716154469189 226.71619948795797 -12.538704740019348 -6.9233758568527115 0.00010780715388462072 3.758898263726273e-05 1.0315340550181871e-05 -1.1733916342101635e-05 -2.8558282229193913e-05 -4.0157301863117112e-05 -4.6530569254674401e-05 -4.7677730187603196e-05 -4.3598480542473013e-05 -3.4292567646878893e-05 -1.9759790601350149e-05 0 2.9602762651161274e-05 6.4432766109665719e-05 0.00010448998060142029 0.00014977432392758013 0.00020028566204652854 0.00025602380816598826 0.00031698852297581341 0.00038317951641720862 0.00045459644470299148 0.00053123891394914766 0.00070019863924574907 -17.729313681476917 -17.607029069832439 -17.288199642030893 -16.545505782630343 
end_dependent_variable

end_regular_table
