# ****************************************************************************
# CUI
#
# The Advanced Framework for Simulation, Integration, and Modeling (AFSIM)
#
# The use, dissemination or disclosure of data in this file is subject to
# limitation or restriction. See accompanying README and LICENSE for details.
# ****************************************************************************

# ##################################################################################################
# 
# This file was auto-generated by AFSIM Mover Creator 2.5.0.200324
# 
# Creation Date:  24 Mar 2020
# 
# ##################################################################################################

regular_table

independent_variable mach precision double
0.10000000000000001 0.5 0.70000000000000007 0.75 0.80000000000000004 0.84999999999999998 0.90000000000000002 0.92000000000000004 0.94000000000000006 0.95999999999999996 0.97999999999999998 1 
end_independent_variable

independent_variable surface_angle units deg
-20 -16 -14 -12 -10 -9 -8 -7 -6 -5 -4 -3 -2 -1 0 1 2 3 4 5 6 7 8 9 10 12 14 16 18 20 
end_independent_variable

dependent_variable precision double
0.00140514233783007 0.0014631935548248349 0.001412104003297427 0.0013120568673824927 0.0011693597589602066 0.0010840453234647561 0.00099039668162020271 0.00088904539286568051 0.00078053589079066742 0.00066532826403062058 0.00054380506229408207 0.00041628013683331057 0.00028300812456143252 0.00014419368743306669 0 -0.00016574887601202124 -0.00033577219699164513 -0.00050990678839406853 -0.0006879479882437214 -0.00086964115966937981 -0.0010546724513629151 -0.0012426593136623434 -0.0014331416579135845 -0.0016255750505364721 -0.0018193279320546248 -0.0022078630183857851 -0.002592362913261561 -0.0029665200048762711 -0.0033260004841681062 -0.0036704482113609996 0.0013249635159988267 0.0014118823977631288 0.0013728206008533496 0.001283197193839855 0.0011493198248997433 0.0010678137751997151 0.00097757253522320854 0.00087922766856236628 0.00077332361171191053 0.00066032045597974988 0.00054060075339303472 0.00041447835690340486 0.00028220790505353079 0.00014399406090844879 0 -0.00016595031029665493 -0.00033657602556658498 -0.00051171397031286783 -0.00069115948141226899 -0.00087465792046179363 -0.0010618954343468469 -0.0012524894710868374 -0.0014459799395135314 -0.0016418224027131814 -0.0018393852976523453 -0.0022367432220013034 -0.002631669671649562 -0.0030178569982337901 -0.0033909713671781776 -0.003750656636471855 0.0012219425055854231 0.0013459491861938578 0.0013223406072979539 0.0012461099658575042 0.0011235649131597076 0.0010469523537150072 0.00096108949259231398 0.00086660789364449752 0.00076405199325453989 0.00065388188340079049 0.00053648011604521791 0.00041216054441881251 0.00028117780696647197 0.0001437365669906805 0 -0.00016620793333947347 -0.00033760638138229034 -0.0005140321686035931 -0.00069528063174978405 -0.0008810971324085563 -0.0010711678172185559 -0.0012651101342829962 -0.001462463991753891 -0.0016626849530527133 -0.0018651414545873205 -0.0022738319161633553 -0.0026821513334853364 -0.0030837920555267916 -0.0034744202448625371 -0.0038536797613067933 0.001183869398932822 0.0013215824369431882 0.0013036848350757892 0.0012324037032391513 0.0011140466931953696 0.0010392426050483241 0.00095499784869534899 0.00086194398768202893 0.0007606254590385072 0.00065150235428220555 0.00053495722557994922 0.00041130392620928713 0.00028079709457321422 0.00014364139397537873 0 -0.00016630312784031017 -0.00033798713676756915 -0.00051488885111026074 -0.00069680360768695248 -0.00088347676809464931 -0.0010745944788462896 -0.001269774188124236 -0.0014685558039222038 -0.0016703948897687502 -0.0018746598818389405 -0.0022875384231574067 -0.0027008073837076719 -0.0031081591122863422 -0.0035052597718034542 -0.0038917532205740477 0.0011378919076994831 0.0012921568769973788 0.0012811559085587215 0.0012158518553935758 0.00110255237022314 0.0010299322117546575 0.00094764149669589052 0.00085631178854586533 0.00075648752462804318 0.00064862879625964464 0.0005331181555888715 0.0004102694560655389 0.0002803373360134925 0.00014352645879574247 0 -0.00016641808185165292 -0.00033844693291388254 -0.00051592337759897764 -0.00069864275261842155 -0.00088635041946213489 -0.0010787325247920429 -0.0012754065166089305 -0.0014759123033720968 -0.0016797054476835871 -0.001886154386491336 -0.0023040904845570251 -0.002723336553622713 -0.0031375849411161899 -0.0035425018106924264 -0.0039377310202846835 48.178629067061465 -2.6628550913367692 -1.4695991711698415 0.0013797996104492343 0.0012217746767562566 0.0011299857905319119 0.0010304337727825197 0.0009236066496755474 0.00080992512253448079 0.0006897447168206553 0.00056336104104820397 0.00043101661795968038 0.00029290821402548579 0.0001491939779363204 0 -0.00016717338885121168 -0.00033897280088044366 -0.00051527214583924205 -0.00069591327485882075 -0.00088069942158750263 -0.0010693880632035844 -0.0012616835914303812 -0.0014572304804899607 -0.001655608029217135 -0.001856328211602736 -0.0022625330323771545 -3.769888977976334 -3.7442752139519277 -3.6769011146818342 -3.5194565675966816 102.02403955016574 -5.6404500705143539 -3.1135441664438552 0.0015437473739040274 0.0013409969884480438 0.0012300393731828252 0.0011132260513833027 0.00099090151199712458 0.00086336272094374937 0.00073086063740028973 0.00059360392603264103 0.00045176377943479643 0.00030547909154396023 0.00015486149675797336 0 -0.00016792869495452142 -0.00033949866689620816 -0.00051462091088094481 -0.00069318379248993923 -0.00087504841782788949 -0.0010600435943427051 -0.0012479606572008807 -0.0014385486473091082 -0.0016315105988317347 -0.0018265020228211116 -0.0022209755627285751 -7.9802616164855991 -7.9255681009838099 -7.7824509624509997 -7.4486067911371263 125.14922784660186 -6.9192489124982846 -3.8195765701400255 0.0016123030148461918 0.0013909495004425924 0.0012720118446066444 0.0011480075186238111 0.0010192211076910501 0.00088589752963715821 0.00074824330288662702 0.00060642964453713267 0.00046059649428793753 0.000310856832978637 0.00015730088836813153 0 -0.00016839618157214731 -0.00034004487603474264 -0.00051487475782941751 -0.00069279561943620552 -0.00087369450575857852 -0.0010574315080232218 -0.001243835443913442 -0.0014326998331267605 -0.001623779798526417 -0.0018167907970638372 -0.0022072842751465248 -9.788512303205545 -9.7213331971435508 -9.5456898906822083 -9.1360902858327595 149.181281545578 -8.2482003347892601 -4.553299967442511 0.0016804409630217408 0.0014406309721609167 0.0013137722156456053 0.0011826270177443497 0.0010474206718855724 0.00090834668514526548 0.00076556779210444365 0.00061921843973209681 0.00046940801123831756 0.00031622428621407256 0.00015973681186259961 0 -0.00016886488248995905 -0.00034059375993905259 -0.00051513224156020919 -0.00069241081010725858 -0.00087234172419598346 -0.001054815645125185 -0.0012396981771307951 -0.0014268266404254418 -0.001616007585527729 -0.0018070157780043065 -0.0021934659400726438 -11.667675854466294 -11.58752268551766 -11.378078736050385 -10.889753848106833 174.12020064171861 -9.6273043406474219 -5.3147143607728768 0.0017481594897994425 0.00149004023168354 0.0013553195451348069 0.0012170838076954449 0.0010754996371530564 0.00093070976545347485 0.00078283380362910871 0.00063197010803816157 0.00047819820324856462 0.00032158138236526042 0.00016216923988878658 0 -0.00016933479971229548 -0.00034114532616556537 -0.00051539337616375211 -0.00069202938414701588 -0.00087099009339300577 -0.0010521960212586934 -0.0012355488578697754 -0.0014209290420746452 -0.0016081938922552304 -0.0017971768406835141 -0.0021795202576969461 -13.617752269697073 -13.524136565151025 -13.279617497086123 -12.709597475833288 199.96598512964874 -11.056560933331436 -6.1038197525555846 0.0018154568648123695 0.0015391761068600563 0.0013966528920583354 0.0012513771489472893 0.0011034574352836862 0.00095298634823804296 0.00080004103587583099 0.00064468444551838669 0.00048696694346381583 0.0003269280524717697 0.00016459814510387882 0 -0.00016980593509637097 -0.0003416995821198592 -0.00051565817579938525 -0.00069165136077478282 -0.00086963963381485353 -0.0010495726506594416 -0.0012313874857057708 -0.0014150070121506568 -0.001600338651348237 -0.0017872738595949283 -0.0021654469268089704 -15.638741548325184 -15.531174835089178 -15.250306172320672 -14.595621166888774 226.71863500399189 -12.535970116099731 -6.9206161452120813 0.0018823313592356069 0.0015880374262030516 0.0014377713157354968 0.0012855063012549377 0.0011312934990360601 0.00097517601172275234 0.00081718918747212513 0.00065736124858595084 0.00049571410497892504 0.00033226422780037408 0.00016702350017251192 0 -0.00017027829070146331 -0.00034225653550362363 -0.00051592665463948378 -0.00069127675884112178 -0.00086829036587831329 -0.0010469455484235237 -0.0012272140609889 -0.0014090605238507403 -0.0015924417951629886 -0.0017773067102302292 -0.0021512456471443212 -17.730643689781715 -17.608637494375461 -17.290144760285393 -16.547824919147761 
end_dependent_variable

end_regular_table
