# ****************************************************************************
# CUI
#
# The Advanced Framework for Simulation, Integration, and Modeling (AFSIM)
#
# The use, dissemination or disclosure of data in this file is subject to
# limitation or restriction. See accompanying README and LICENSE for details.
# ****************************************************************************

# ##################################################################################################
# 
# This file was auto-generated by AFSIM Mover Creator 2.5.0.200324
# 
# Creation Date:  24 Mar 2020
# 
# ##################################################################################################

regular_table

independent_variable mach precision double
0.10000000000000001 0.5 0.70000000000000007 0.75 0.80000000000000004 0.84999999999999998 0.90000000000000002 0.92000000000000004 0.94000000000000006 0.95999999999999996 0.97999999999999998 1 
end_independent_variable

independent_variable surface_angle units deg
-20 -16 -14 -12 -10 -9 -8 -7 -6 -5 -4 -3 -2 -1 0 1 2 3 4 5 6 7 8 9 10 12 14 16 18 20 
end_independent_variable

dependent_variable precision double
-0.85394981514863022 -0.58902412925892411 -0.47351629236942361 -0.36949902969791754 -0.27723758814837651 -0.23560057552069735 -0.19700042698361037 -0.16146370078056269 -0.12901329138453202 -0.099668546364086799 -0.073445552643846723 -0.050357508273781458 -0.030415121202846007 -0.013626997844483438 0 -0.000593333797077919 -0.0043942522348199547 -0.011409617110616129 -0.021648034835951395 -0.035120213375445672 -0.051839350756550301 -0.071821533915633687 -0.095086110433012946 -0.12165597475621029 -0.15155768515217019 -0.22147982008906061 -0.30512097453390774 -0.40274639535543605 -0.51453832730579707 -0.64051174673839029 -0.90682874609590758 -0.62286114625237265 -0.4994199067279354 -0.38852756917970865 -0.29044932114950817 -0.24630073698185193 -0.20545356205237705 -0.16793434878501873 -0.13376598652249846 -0.10296781848441569 -0.075555928053163635 -0.051543510257343508 -0.030941270688342258 -0.013757813857785657 0 -0.00072706205755691821 -0.0049262158493984243 -0.012604321617193735 -0.02376998389949269 -0.038433908233834101 -0.056609289687981457 -0.078312211654118571 -0.10356201730289201 -0.13238159604555727 -0.16479750018856273 -0.24054143306729184 -0.33106221521705453 -0.43662503433631566 -0.5574120944093135 -0.69343836830400618 -0.9747921055855312 -0.666357303515412 -0.53272144851304848 -0.41299381604686014 -0.30743958962494977 -0.26006275855138933 -0.21632716428401993 -0.17625935885123795 -0.1398822311003623 -0.10721512409630146 -0.0782741208670302 -0.053072416268835819 -0.031620715737435252 -0.013927623587663916 0 -0.00089707981099996646 -0.0056060761751035174 -0.014133849259082046 -0.026489003418891349 -0.042682244042274595 -0.062726765985519073 -0.086638652399960672 -0.1144372461586128 -0.14614543620474191 -0.18178977459415796 -0.26501004240956666 -0.3643664446689549 -0.48012416479818482 -0.61246540377383318 -0.76140513445602553 -0.99990931668210947 -0.68243225326747115 -0.54502879782603719 -0.42203591825161696 -0.31371879719074341 -0.26514890068730307 -0.2203458288792508 -0.17933613363245957 -0.14214270382459904 -0.10878488239134222 -0.079278752377307887 -0.053637508598152445 -0.031871856412736911 -0.013990400171142735 0 -0.00095989105699570247 -0.0058572860843867525 -0.014699045172088606 -0.027493772721583192 -0.044252174055016885 -0.064987443980703205 -0.089715665616690143 -0.11845618173710636 -0.15123188139585172 -0.18806931634131244 -0.2740525383007813 -0.37667424193946231 -0.49619960975703004 -0.63281084266348542 -0.78652291311558276 -1.0302411933853191 -0.70184459697870405 -0.55989134389047557 -0.43295531190035391 -0.32130168305568962 -0.2712910242215798 -0.22519885108516566 -0.18305171534588063 -0.14487250596657231 -0.1106805657360552 -0.080491977639225623 -0.05431993649908292 -0.032175147679872916 -0.014066215474891794 0 -0.0010357366987690409 -0.0061606379081264274 -0.015381563751765066 -0.028707118530813588 -0.046148007586020452 -0.067717425756049915 -0.093431455994468476 -0.12330944116841519 -0.15737427014674821 -0.19565249472289034 -0.28497227636593592 -0.39153717985756464 -0.51561238711980784 -0.65738009856530555 -0.81685528670955565 -11237.389877759355 620.89681862757209 342.6979585551868 -0.35062036324780044 -0.25974922433916992 -0.21909535764734331 -0.18166101214749364 -0.14746670508309356 -0.11653012325893292 -0.088866213334605898 -0.064487403155901624 -0.043403888596824279 -0.025623942013796273 -0.011154212149026638 0 -0.00070707859936861689 -0.0047655663093578203 -0.012180764110808274 -0.022959320762572972 -0.037109508646040269 -0.054641523568638495 -0.075567793442732609 -0.09990326484469704 -0.12766562464589742 -0.15887539015638227 -0.23173229592341596 878.44578413427303 872.29077906859311 856.38086556042958 819.4496324198841 -23795.688070815497 1315.6122504537134 726.32681222875601 -0.26828542085729246 -0.19819677244863229 -0.16689969789125644 -0.13812317973817051 -0.11188170093745166 -0.088187746110376455 -0.067051865857810894 -0.048482832776782565 -0.032487843887268948 -0.019072738549617739 -0.0082422099627832719 0 -0.00037841916943038689 -0.0033704920064351147 -0.0089799604018716596 -0.017211517554694352 -0.028071002807627879 -0.041565613198272712 -0.057704121323656474 -0.076497077802268179 -0.097956967255384345 -0.12209827252534405 -0.17849230082246187 1860.6548404672537 1847.7572888987684 1814.2219124959358 1736.1903969281561 -29215.901766797571 1615.499722142476 891.93834433775214 -0.23533484873569982 -0.17355139867866817 -0.14599475955094718 -0.12068013077541684 -0.09761956976674209 -0.076823480285717727 -0.058300663564816328 -0.042058445689707166 -0.028102844018499579 -0.016438746319322219 -0.0070700854627898883 0 -0.00026638703799822938 -0.0028525289305912508 -0.0077615577391024516 -0.01499739534071263 -0.024564916731170752 -0.036470128207597249 -0.050720350343181557 -0.067324389216334435 -0.086292668530057029 -0.10763728558342704 -0.15751167502996735 2284.8129699510991 2268.9916618659704 2227.8303675832631 2132.0341825393057 -34857.899406289725 1927.6731999112922 1064.3382207591746 -0.20223879717609297 -0.14879720488929113 -0.12499745400336343 -0.10315993310296193 -0.08329427922857556 -0.065408815765737746 -0.04951059089570873 -0.035605477467855987 -0.023698304586024944 -0.013792998701744255 -0.0058927220753355681 0 -0.00015393479449174108 -0.0023324164150770447 -0.0065379586142304356 -0.012773704123229031 -0.021043556367367086 -0.031352323154444292 -0.043705864633506994 -0.058111231709942299 -0.074576774127051534 -0.093112186463300245 -0.13643764496732447 2726.4058449569602 2707.5364391515982 2658.4307539726187 2544.1341962186589 -40722.262531923116 2252.1659197065883 1243.5450537974555 -0.16899702813145359 -0.12393401285070313 -0.10390762999602203 -0.085562460133497609 -0.068905725636167453 -0.053943669620041719 -0.040681583633387912 -0.029123880912089218 -0.019274193263944403 -0.01113547620523928 -0.0047101111131539319 0 -4.1061879380122789e-05 -0.0018101511731997701 -0.0053091547614730642 -0.010540428550245748 -0.01750689697350059 -0.026212161818813817 -0.036660613952585325 -0.048857539039344589 -0.062809199293753032 -0.078522870061288511 -0.1152700562827487 3185.4841242833722 3163.4416847149814 3106.0719283476997 2972.5368512632053 -46809.584915810934 2589.0035238332766 1429.5726026260638 -0.13560930370827973 -0.09896164424303304 -0.082725135827640392 -0.067887585087820751 -0.054453804982385966 -0.042427958751795267 -0.031813577726018477 -0.022613608626672537 -0.014830477679166815 -0.0084661592727617585 -0.0035222438482498549 0 7.2232271860612996e-05 -0.0012857299372603986 -0.0040751380135408801 -0.0082975533112769791 -0.013954913941964789 -0.021049607924703794 -0.029584548341903889 -0.039563245069665257 -0.050989859467875376 -0.063869230708213653 -0.094008754965167377 3662.0980405757823 3636.7569183572755 3570.8020746418338 3417.2876793804949 -53120.438626339863 2938.2251300166877 1622.443238319496 -0.10207538600993613 -0.073879921098869913 -0.061449820190124925 -0.050135181359042047 -0.039938413437112581 -0.030861600248226557 -0.022906509008977657 -0.016074613551883773 -0.010367125459384256 -0.0057850284776764706 -0.002329111584349636 0 0.00018594823413245289 -0.00075914937925001744 -0.0028359001733810995 -0.0060450630981866496 -0.010387582610326017 -0.015864625216476524 -0.022477617734862138 -0.030228283520344592 -0.03911867005423602 -0.049151163101456181 -0.072653586627549921 4156.2985825738815 4127.5326253543108 4052.6705704365718 3878.4337764970214 
end_dependent_variable

end_regular_table
