# ****************************************************************************
# CUI
#
# The Advanced Framework for Simulation, Integration, and Modeling (AFSIM)
#
# The use, dissemination or disclosure of data in this file is subject to
# limitation or restriction. See accompanying README and LICENSE for details.
# ****************************************************************************

# ##################################################################################################
# 
# This file was auto-generated by AFSIM Mover Creator 2.5.0.200324
# 
# Creation Date:  24 Mar 2020
# 
# ##################################################################################################

regular_table

independent_variable mach precision double
0.10000000000000001 0.5 0.70000000000000007 0.75 0.80000000000000004 0.84999999999999998 0.90000000000000002 0.92000000000000004 0.94000000000000006 0.95999999999999996 0.97999999999999998 1 
end_independent_variable

independent_variable surface_angle units deg
-20 -16 -14 -12 -10 -9 -8 -7 -6 -5 -4 -3 -2 -1 0 1 2 3 4 5 6 7 8 9 10 12 14 16 18 20 
end_independent_variable

dependent_variable precision double
-0.017303421799927544 -0.011483081367783192 -0.009015346665239286 -0.006842568971712675 -0.0049647482872033589 -0.0041364468233389155 -0.003381884611727632 -0.0027010616523695085 -0.0020939779452622165 -0.0015606334904150678 -0.001101028287822243 -0.00071516233748315989 -0.00040303563940043727 -0.00016464819357262032 0 -0.00016464819357262032 -0.00040303563940043727 -0.00071516233748315989 -0.001101028287821079 -0.0015606334904150678 -0.0020939779452622165 -0.0027010616523695085 -0.003381884611727632 -0.0041364468233389155 -0.0049647482872033589 -0.006842568971712675 -0.009015346665239286 -0.011483081367783192 -0.014245773079339736 -0.017303421799927544 -0.018528585521480272 -0.012267189726812561 -0.0096156815838087419 -0.0072836332772189391 -0.0052710448069034771 -0.0043845480103922732 -0.0035779161728972768 -0.0028511492945232442 -0.0022042473752236164 -0.0016372104149867542 -0.0011500384138533964 -0.00074273137176534491 -0.000415289288769158 -0.00016771216484592143 0 -0.00016771216484592143 -0.00041528928876770306 -0.00074273137176534491 -0.0011500384138533964 -0.001637210414992574 -0.0022042473752236164 -0.0028511492945232442 -0.0035779161728972768 -0.0043845480103922732 -0.0052710448069034771 -0.0072836332771956591 -0.0096156815838087419 -0.012267189726812561 -0.015238157705974328 -0.018528585521387156 -0.020102451770326053 -0.013274464381431383 -0.010386876381054493 -0.0078502255099709949 -0.0056645117682786591 -0.004703256320990841 -0.0038297351559774847 -0.0030439482732711799 -0.0023458956729534041 -0.0017355773549508284 -0.0012129933192878953 -0.00077814356596053107 -0.00043102809497484669 -0.00017164690631963885 0 -0.00017164690631963885 -0.00043102809497688358 -0.00077814356596053107 -0.001212993319296043 -0.0017355773549508284 -0.002345895672937109 -0.0030439482732874754 -0.0038297351559611892 -0.004703256320990841 -0.0056645117682786591 -0.0078502255100361771 -0.010386876381119675 -0.013274464381431383 -0.01651298951110166 -0.020102451770326053 -0.020684095915292463 -0.013646716676975071 -0.010671882068039491 -0.0080596174661055533 -0.0058099228711383389 -0.0048210393262628892 -0.0039227982830680116 -0.0031151997416235455 -0.0023982437019120307 -0.0017719301639247372 -0.0012362591276791251 -0.00079123059316646394 -0.00043684456038020706 -0.00017310102932362786 0 -0.00017310102932362786 -0.00043684456038020706 -0.00079123059316646394 -0.0012362591276791251 -0.001771930163933467 -0.0023982437019120307 -0.0031151997416235455 -0.0039227982830680116 -0.00482103932622797 -0.0058099228711034206 -0.0080596174661753898 -0.010671882067969653 -0.013646716676905235 -0.016984121292702783 -0.020684095915292463 -0.021386494515761745 -0.014096251818497919 -0.011016057431285186 -0.008312481018178091 -0.0059855225794746038 -0.0049632751004869682 -0.0040351821150257415 -0.0032012436231467932 -0.0024614596248501244 -0.0018158301201450465 -0.0012643551089663778 -0.00080703459136533212 -0.00044386856734190982 -0.00017485703688563514 0 -0.00017485703688563514 -0.00044386856734190982 -0.00080703459136533212 -0.001264355108957066 -0.001815830120135735 -0.0024614596248501244 -0.0032012436231467932 -0.0040351821150257415 -0.0049632751004869682 -0.0059855225794746038 -0.0083124810181035968 -0.011016057431285186 -0.014096251818572412 -0.017553064180188753 -0.021386494515761745 -0.016792140566161989 -0.010963548874269126 -0.0085124086994877446 -0.0063700389718727071 -0.0045364396916218888 -0.0037354289691888059 -0.0030116108586363518 -0.0023649853599051651 -0.0017955524730051394 -0.0013033121979362742 -0.00088826453468372963 -0.00055040948327718625 -0.00028974704368696331 -0.00010627721592913795 0 -0.00016839326920775616 -0.00041397915024419976 -0.00073675764311056751 -0.0011367287477932557 -0.0016138924643268921 -0.0021682487926719019 -0.0027997977328777534 -0.0035085392848257231 -0.0042944734486938963 -0.0051576002243437623 -0.0071154316111864454 -0.0093820334453537709 -0.011957405726687442 -0.01484154845546448 -0.018034461631526586 -0.012197785768538338 -0.0078308453564688556 -0.00600875951135286 -0.0044275965736557043 -0.0030873565431050218 -0.0025075826181117453 -0.001988039419931276 -0.001528726948532187 -0.0011296452039878081 -0.00079079418627194973 -0.00051217389537413659 -0.00029378433129174968 -0.00013562549403788352 -3.7697383607300291e-05 0 -0.00016192949904424099 -0.000384089724909146 -0.00066648067760126232 -0.0010091023571114238 -0.0014119547634448681 -0.0018750378966120712 -0.0023983517565920815 -0.0029818963433744235 -0.0036256716570324263 -0.0043296776974822851 -0.0059183819588413773 -0.0077480091274516978 -0.0098185592034389559 -0.012130032186677442 -0.014682428077167157 -0.010380320505743126 -0.0065910643620617918 -0.0050175686212086184 -0.0036582019500072849 -0.0025129912687885244 -0.0020207019964690377 -0.0015819604157504348 -0.0011967690117489255 -0.00086513006761436287 -0.00058704566245280844 -0.00036251766966672498 -0.00019154775516934595 -7.4137376036751744e-05 -1.0287779140202204e-05 0 -0.00015969211359183428 -0.00037294833234847817 -0.0006397688200192376 -0.00096015352559584153 -0.0013341021830862272 -0.0017616143114516265 -0.002242689214745778 -0.002777325982366572 -0.003365523489436203 -0.0040072803975293404 -0.0054514659996091506 -0.0071098678415643301 -0.0089824676246144149 -0.011069243745057406 -0.013370171353680141 -0.0085556777197979064 -0.0053462265881272647 -0.0040222785306594285 -0.002885585875369441 -0.0019361949056312356 -0.0015317505437009503 -0.00117414650460326 -0.0008633870323727724 -0.00059947601713930792 -0.00038241699185647467 -0.00021221312921624363 -8.8867238843208654e-05 -1.2381764726220027e-05 1.7241216991315127e-05 0 -0.00015744380425913862 -0.00036175547214239431 -0.00061293521921099983 -0.00091098288549060398 -0.0012558979351238876 -0.0016476794563021811 -0.0020863261614842889 -0.0025718363879107266 -0.0031042080984899603 -0.0036834388826518225 -0.0049824661719513955 -0.0064688915650907433 -0.0081426825158932917 -0.010003800707978593 -0.012052202157325357 -0.0067238468669527955 -0.0040963243615364979 -0.0030228829316779407 -0.0021097433294836906 -0.0013569636226425056 -0.001040724979770479 -0.00076459492560025872 -0.00052857873430025453 -0.00033268122485142414 -0.00017690675679695727 -6.125922632508563e-05 1.4257937230479026e-05 4.9641774566758519e-05 4.4889799217931835e-05 0 -0.00015518455257681731 -0.00035051105855512464 -0.00058597967301627708 -0.00086159006887731289 -0.0011773414365277984 -0.001533232483793512 -0.0019292614362744587 -0.0023654260380935282 -0.0028417235530809421 -0.0033581507659475227 -0.0045113790416827825 -0.0058250756443360046 -0.0072991978458386182 -0.0089336955222876231 -0.01072851128886064 -0.0048848174036860426 -0.0028413500086257593 -0.0020193755160277608 -0.0013306692920880595 -0.0007752935885637415 -0.00054762202473059344 -0.00035330291778489393 -0.00019234184135183429 -6.4743862992920045e-05 2.9486460397923733e-05 9.0345086754449954e-05 0.00011782849261980252 0.00011193367652827806 7.2658161978046584e-05 0 -0.00015291434006063509 -0.00033921500585066698 -0.00055890197927747453 -0.00081197470783384604 -0.0010984321042343864 -0.0014182725465167539 -0.0017714938785777783 -0.0021580934108977952 -0.0025780679221033762 -0.0030314136605756907 -0.0040382011743823982 -0.0051784154255995933 -0.0064520075822815347 -0.0078589206347603469 -0.009399089547630312 -0.0030385787854283336 -0.0015812958553988888 -0.0010117499750539314 -0.00054835874266450193 -0.00019118097207151638 -5.2438398373739949e-05 5.9732279922504016e-05 0.00014532592273449303 0.00020433789628967379 0.0002367640774715974 0.00024260085779229571 0.00022184514691798876 0.00017449437586124469 0.00010054649971410279 0 -0.00015063314824550366 -0.00032786722828347418 -0.00053170193582861684 -0.00076213643440409284 -0.0010191693551698355 -0.0013027987971407926 -0.0016130223278212844 -0.0019498369842234685 -0.0023132392744561452 -0.0027032251794124997 -0.0035629291357615524 -0.0045289062548774265 -0.0056011056928986008 -0.0067794684912544801 -0.0080639277336603046 
end_dependent_variable

end_regular_table
