# ****************************************************************************
# CUI
#
# The Advanced Framework for Simulation, Integration, and Modeling (AFSIM)
#
# The use, dissemination or disclosure of data in this file is subject to
# limitation or restriction. See accompanying README and LICENSE for details.
# ****************************************************************************

# ##################################################################################################
# 
# This file was auto-generated by AFSIM Mover Creator 2.5.0.200324
# 
# Creation Date:  24 Mar 2020
# 
# ##################################################################################################

regular_table

independent_variable mach precision double
0.10000000000000001 0.5 0.70000000000000007 0.75 0.80000000000000004 
end_independent_variable

independent_variable surface_angle units deg
-20 -16 -14 -12 -10 -9 -8 -7 -6 -5 -4 -3 -2 -1 0 1 2 3 4 5 6 7 8 9 10 12 14 16 18 20 
end_independent_variable

dependent_variable precision double
0.0074738271952635195 0.0054977046722966541 0.0045998978640471259 0.0037622606912868679 0.0029847931540158798 0.0026186229986888622 0.0022674952522341637 0.0019314099146517812 0.001610366985941717 0.0013043664661039698 0.0010134083551385409 0.00073749265304542922 0.00047661935982463521 0.00023078847547615885 0 0.00023078847547615885 0.00047661935982463521 0.00073749265304542922 0.0010134083551385409 0.0013043664661039698 0.001610366985941717 0.0019314099146517812 0.0022674952522341637 0.0026186229986888622 0.0029847931540158798 0.0037622606912868679 0.0045998978640471259 0.0054977046722966541 0.0064556811160354517 0.0074738271952635195 0.0092347779989797596 0.006624713186675046 0.0054627637578680823 0.0043962029806247143 0.0034250308549449403 0.0029752155364414015 0.0025492473808287615 0.0021471263881070205 0.0017688525582761786 0.0014144258913362348 0.0010838463872871905 0.00077711404612904468 0.0004942288678617976 0.00023519085248544942 0 0.00023519085248544942 0.0004942288678617976 0.00077711404612904468 0.0010838463872871905 0.0014144258913362348 0.0017688525582761786 0.0021471263881070205 0.0025492473808287615 0.0029752155364414015 0.0034250308549449403 0.0043962029806247143 0.0054627637578680823 0.006624713186675046 0.0078820512670456071 0.0092347779989797596 0.012429511861652556 0.0086693428587856364 0.0070281833505777529 0.0055463071711869191 0.0042237143206131393 0.0036221491436326421 0.0030604047988564091 0.002538481286284438 0.0020563786059167297 0.0016140967577532846 0.0012116357417941022 0.00084899555803918253 0.00052617620648852555 0.00024317768714213141 0 0.00024317768714213141 0.00052617620648852555 0.00084899555803918253 0.0012116357417941022 0.0016140967577532846 0.0020563786059167297 0.002538481286284438 0.0030604047988564091 0.0036221491436326421 0.0042237143206131393 0.0055463071711869191 0.0070281833505777529 0.0086693428587856364 0.010469785695810571 0.012429511861652556 0.013891217435366119 0.0096048344259623171 0.0077444190816974012 0.0060725211777238044 0.0045891407140415301 0.0039181445223096393 0.0032942776906505788 0.0027175402190643501 0.0021879321075509513 0.0017054533561103825 0.001270103964742645 0.0008818839334477377 0.00054079326222566124 0.0002468319510764153 0 0.0002468319510764153 0.00054079326222566124 0.0008818839334477377 0.001270103964742645 0.0017054533561103825 0.0021879321075509513 0.0027175402190643501 0.0032942776906505788 0.0039181445223096393 0.0045891407140415301 0.0060725211777238044 0.0077444190816974012 0.0096048344259623171 0.011653767210518556 0.013891217435366119 0.01585269395158111 0.01086017939633991 0.0087055425746427433 0.0067786527235611984 0.005079509843095277 0.0043153435168431743 0.003608113933244977 0.002957821092300686 0.0023644649940102991 0.0018280456383738194 0.0013485630253912443 0.00092601715506257488 0.00056040802738781107 0.00025173564236695276 0 0.00025173564236695276 0.00056040802738781107 0.00092601715506257488 0.0013485630253912443 0.0018280456383738194 0.0023644649940102991 0.002957821092300686 0.003608113933244977 0.0043153435168431743 0.005079509843095277 0.0067786527235611984 0.0087055425746427433 0.01086017939633991 0.013242563188652696 0.01585269395158111 
end_dependent_variable

end_regular_table
