# ****************************************************************************
# CUI
#
# The Advanced Framework for Simulation, Integration, and Modeling (AFSIM)
#
# The use, dissemination or disclosure of data in this file is subject to
# limitation or restriction. See accompanying README and LICENSE for details.
# ****************************************************************************

# ##################################################################################################
# 
# This file was auto-generated by AFSIM Mover Creator 2.5.0.200324
# 
# Creation Date:  24 Mar 2020
# 
# ##################################################################################################

regular_table

independent_variable mach precision double
0.10000000000000001 0.5 0.70000000000000007 0.75 0.80000000000000004 
end_independent_variable

independent_variable surface_angle units deg
-20 -16 -14 -12 -10 -9 -8 -7 -6 -5 -4 -3 -2 -1 0 1 2 3 4 5 6 7 8 9 10 12 14 16 18 20 
end_independent_variable

dependent_variable precision double
-0.00093234859971428696 -0.00068561362961976275 -0.00057355508035169937 -0.00046903264801231002 -0.00037204308820023901 -0.00032637215195934128 -0.00028258331360632888 -0.00024067627357912268 -0.00020065077284314319 -0.00016250659100604294 -0.00012624354303429532 -9.1861475249875349e-05 -5.936026115522585e-05 -2.8739797381800935e-05 0 -2.895879335392723e-05 -5.9797618469212994e-05 -9.2516391411227384e-05 -0.00012711500881932767 -0.00016359334419092746 -0.00020195124384800168 -0.0002421885227598976 -0.00028430496052852009 -0.00032830029812216347 -0.00037417423598737023 -0.00047155651883424172 -0.000576448721762851 -0.00068884760037184255 -0.00080875044614709497 -0.00093615586385859635 -0.0011525978029551126 -0.00082659924194700715 -0.00068151087251594868 -0.00054836014479195741 -0.00042714402691457643 -0.00037101052763647213 -0.00031785963396499192 -0.00026769106598392169 -0.00022050458166919591 -0.00017629997503524323 -0.00013507707318207145 -9.6835732487372518e-05 -6.15758347662962e-05 -2.9297283415058157e-05 0 -2.9501929810804429e-05 -6.1984534503271662e-05 -9.7447735658112719e-05 -0.00013589143667154326 -0.00017731551933715894 -0.00022171984006857522 -0.00026910422593706115 -0.00031946847097141464 -0.00037281233313320091 -0.0004291355324918363 -0.00055071864038457106 -0.00068421490978828284 -0.00082962130872755936 -0.00098693530617355199 -0.0011561555983891914 -0.0015519586338669541 -0.0010821920395633242 -0.00087720008560100953 -0.00069213274264152752 -0.00052698699443535428 -0.00045188380385779471 -0.00038175997028077572 -0.00031661521522215083 -0.00025644929791948922 -0.00020126201327812319 -0.00015105318940679361 -0.00010582268332263142 -6.557037747591451e-05 -3.0296175706514272e-05 0 -3.0499797127541136e-05 -6.5977030230735472e-05 -0.000106431621290123 -0.00015186347417072156 -0.00020227247125239898 -0.00025765846967298927 -0.00031802129743058871 -0.00038336074947076406 -0.00045367658501096727 -0.00052896852564952065 -0.00069447942593083912 -0.00087989057961300552 -0.0010851989704062615 -0.0013104020795992218 -0.001555498610076243 -0.0017346779771549691 -0.0011991327302639941 -0.0009667329647026784 -0.00075791215606643291 -0.00057266729022665945 -0.00048888492217616418 -0.00041099549910549905 -0.00033899874268627009 -0.00027289441235290755 -0.00021268230325502383 -0.00015836224362781063 -0.00010993409058898475 -6.7397726636243206e-05 -3.0753055764826691e-05 0 -3.0956506360266135e-05 -6.7804038235634158e-05 -0.00011054251766484021 -0.00015917184860271099 -0.00021369191356310907 -0.00027410256973919075 -0.00034040364524759995 -0.00041259493530261158 -0.00049067619931710156 -0.00057464715904889272 -0.00076025687045555709 -0.00096942120163873277 -0.0012021371382973886 -0.0014584021643756072 -0.0017382149835221984 -0.0019798700963061956 -0.001356055958677164 -0.0010868774540039425 -0.00084618171254525803 -0.00063396572251760098 -0.00053853672130372806 -0.00045022661785483063 -0.00036903513425491695 -0.000294962029971467 -0.0002280071004069948 -0.00016817017384123726 -0.00011545110753416845 -6.9849784099159124e-05 -3.1366107551387553e-05 0 -3.1569408668802502e-05 -7.0255797182205201e-05 -0.00011605908759762446 -0.00016897918398196842 -0.00022901596895435569 -0.00029616929968279598 -0.00037043900456198151 -0.00045182487890246218 -0.00054032668228667317 -0.00063594413666067642 -0.00084852470437195868 -0.0010895637159011951 -0.0013590581595108581 -0.0016570055205302418 -0.0019834045040565936 
end_dependent_variable

end_regular_table
