# ****************************************************************************
# CUI
#
# The Advanced Framework for Simulation, Integration, and Modeling (AFSIM)
#
# The use, dissemination or disclosure of data in this file is subject to
# limitation or restriction. See accompanying README and LICENSE for details.
# ****************************************************************************

# ##################################################################################################
# 
# This file was auto-generated by AFSIM Mover Creator 2.5.0.200324
# 
# Creation Date:  24 Mar 2020
# 
# ##################################################################################################

regular_table

independent_variable mach precision double
0.10000000000000001 0.5 0.70000000000000007 0.75 0.80000000000000004 
end_independent_variable

independent_variable surface_angle units deg
-20 -16 -14 -12 -10 -9 -8 -7 -6 -5 -4 -3 -2 -1 0 1 2 3 4 5 6 7 8 9 10 12 14 16 18 20 
end_independent_variable

dependent_variable precision double
-2.8217117784178331e-06 -2.0756349299811505e-06 -1.7366717353680215e-06 -1.4204253566598567e-06 -1.1268957823611237e-06 -9.8864979111752798e-07 -8.560830124718226e-07 -7.2919542918070885e-07 -6.079870498658362e-07 -4.9245786877943834e-07 -3.8260789598010621e-07 -2.7843711997230735e-07 -1.7994554578533724e-07 -8.7133173059960426e-08 0 -8.7133336512061888e-08 -1.7994587268954017e-07 -2.7843761140631796e-07 -3.8260855122545364e-07 -4.9245868783612264e-07 -6.079880212383249e-07 -7.2919656149065131e-07 -8.5608429709756946e-07 -9.8865123380684566e-07 -1.1268973629968302e-06 -1.4204272361794059e-06 -1.736673902275881e-06 -2.0756373555384891e-06 -2.4373175902194641e-06 -2.821714629309871e-06 -3.4865538836808725e-06 -2.5011341992244033e-06 -2.0624447376778312e-06 -1.6597689686280811e-06 -1.2931067771198294e-06 -1.1232808052749501e-06 -9.6245817752249112e-07 -8.106390088177765e-07 -6.6782322731372858e-07 -5.3401086174917851e-07 -4.0920187620058737e-07 -2.9339629940678629e-07 -1.8659413136777526e-07 -8.879536310266954e-08 0 -8.8795399026208325e-08 -1.8659419962249893e-07 -2.9339639999269491e-07 -4.0920200552532698e-07 -5.3401100544333365e-07 -6.6782341411613023e-07 -8.1063923872842467e-07 -9.6245845054138592e-07 -1.1232810351855983e-06 -1.2931070932469706e-06 -1.6597693134940535e-06 -2.0624451974991276e-06 -2.5011346015680378e-06 -2.9758377268726009e-06 -3.4865544009798312e-06 -4.6927132530298533e-06 -3.2730761277841098e-06 -2.6534628671688651e-06 -2.0939863806785246e-06 -1.5946466280787238e-06 -1.3675281124857985e-06 -1.1554437300725539e-06 -9.5839356130771674e-07 -7.7637758607410564e-07 -6.0939580437172037e-07 -4.5744826649351535e-07 -3.2053490202935453e-07 -1.9865574115501043e-07 -9.1810768782596841e-08 0 -9.1810791414426272e-08 -1.9865578641866929e-07 -3.2053498249808141e-07 -4.5744835702083307e-07 -6.0939596530917414e-07 -7.7637774701155941e-07 -9.5839374236235219e-07 -1.1554439312443709e-06 -1.3675282734232522e-06 -1.5946469097192679e-06 -2.0939866623190687e-06 -2.653463229278136e-06 -3.2730765703621074e-06 -3.9528266855709822e-06 -4.6927135749047611e-06 -5.244574449353669e-06 -3.6262673802226212e-06 -2.9238749746454016e-06 -2.292656482627399e-06 -1.7326119472768595e-06 -1.4792799564601349e-06 -1.2437415410267693e-06 -1.025996571652023e-06 -8.2604511299826578e-07 -6.4388716506549758e-07 -4.7952273863078017e-07 -3.3295179058586692e-07 -2.0417435326194274e-07 -9.3190421270476818e-08 0 -9.3190445518865506e-08 -2.0417440175872009e-07 -3.329518552482367e-07 -4.7952281407021161e-07 -6.4388729439023725e-07 -8.2604526387712865e-07 -1.0259967009767627e-06 -1.2437417134597556e-06 -1.4792801720013676e-06 -1.7326121628180922e-06 -2.2926566550603851e-06 -2.9238751470783881e-06 -3.6262677250885938e-06 -4.3998342597662621e-06 -5.244574880436134e-06 -5.9851220961426575e-06 -4.1002179936061559e-06 -3.2867433099615184e-06 -2.5592536453575928e-06 -1.9177489078301193e-06 -1.6292408867200522e-06 -1.3622291893433575e-06 -1.1167136777536463e-06 -8.9269444391517771e-07 -6.9017139586369257e-07 -5.091446025723853e-07 -3.4961412151891794e-07 -2.1157982625243408e-07 -9.5041794367777397e-08 0 -9.5041814484959117e-08 -2.1157987223456373e-07 -3.4961416750104762e-07 -5.0914474051877423e-07 -6.9017151081901666e-07 -8.9269451288837212e-07 -1.1167138157000351e-06 -1.3622293502808113e-06 -1.6292411166307004e-06 -1.917749091758638e-06 -2.5592538292861111e-06 -3.2867436318364258e-06 -4.1002183154810628e-06 -4.9996779721842821e-06 -5.9851226479282128e-06 
end_dependent_variable

end_regular_table
