# ****************************************************************************
# CUI
#
# The Advanced Framework for Simulation, Integration, and Modeling (AFSIM)
#
# The use, dissemination or disclosure of data in this file is subject to
# limitation or restriction. See accompanying README and LICENSE for details.
# ****************************************************************************

# ##################################################################################################
# 
# This file was auto-generated by AFSIM Mover Creator 2.5.0.200402
# 
# Creation Date:  03 Apr 2020
# 
# ##################################################################################################

regular_table

independent_variable mach precision double
0.10000000000000001 0.5 0.70000000000000007 0.75 0.80000000000000004 0.84999999999999998 0.90000000000000002 0.92000000000000004 0.94000000000000006 0.95999999999999996 0.97999999999999998 1 1.02 1.04 1.0600000000000001 1.0800000000000001 1.1000000000000001 1.2 1.3 1.4000000000000001 1.5 1.75 2 2.5 3 
end_independent_variable

independent_variable surface_angle units deg
-25 -22 -20 -18 -16 -14 -12 -10 -9 -8 -7 -6 -5 -4 -3 -2 -1 0 1 2 3 4 5 6 7 8 9 10 12 14 16 18 20 22 24 25 
end_independent_variable

dependent_variable precision double
5.6584653568249692 0.85621754898413649 0.28841353387289681 0.040177682787352412 -0.012874922885093438 -0.066433613825285703 -0.060216483056989498 -0.04896296762685249 -0.052733604423268243 -0.048714447169606725 -0.033006066342524294 -0.022087786810442638 -0.015069534594258355 -0.0098237700069180815 -0.0062447666323560431 -0.0030756347452988116 -0.0013824260660585575 0 0.00043026751346197955 1.4536684824805665e-05 -0.0013547969151502621 -0.0030350733533968605 -0.0061895815848925315 -0.0097485137940468685 -0.014949788814821728 -0.021950450927814041 -0.032861580676620657 -0.048548181069344394 -0.048764326109290733 -0.0599796217942688 -0.066149479111342738 -0.012589582835671511 0.040436051378150185 0.28843409280176924 0.85582671725551462 0.96445626576434162 5.6580136801044816 0.85623662859001393 0.28841507896906665 0.040166307874234114 -0.01288983706093158 -0.066449536433572334 -0.06022995403005537 -0.048974050776317252 -0.052743555282596423 -0.048723312662842917 -0.03301363932954185 -0.022094359395663423 -0.015074989281613979 -0.0098277752468300152 -0.0062476656834289102 -0.0030775247927698002 -0.0013833572472253259 0 0.00043119657345270823 1.6342709846405035e-05 -0.0013521548041685355 -0.0030316308609463047 -0.0061853518329969904 -0.0097434628237367382 -0.014943636659562458 -0.021943591543287087 -0.032854194138129629 -0.048540038139951142 -0.048755225633078193 -0.059969640769003546 -0.066138798914942828 -0.012581904908494267 0.040437960113222537 0.28842060964531918 0.85579290982400336 0.96448497308711456 5.6579802639153289 0.85623708626143569 0.28841443280023338 0.04016487471374601 -0.012891400133547387 -0.066451061781056614 -0.060231207782730507 -0.04897505102055446 -0.052744438273822233 -0.048724085160850777 -0.033014289985158256 -0.02209491250970156 -0.015075439913238273 -0.0098281031969666231 -0.0062478989303493392 -0.0030776737573897147 -0.0013834289929304012 0 0.00043126468253974775 1.6471716312029307e-05 -0.0013519713159906126 -0.0030313989216785736 -0.0061850758570551143 -0.0097431438722049273 -0.014943258203954868 -0.021943185208798753 -0.032853776228510288 -0.048539595722492689 -0.04875478414693106 -0.059969219337500664 -0.066138423976943903 -0.012581854190195748 0.04043747581423595 0.28841889013194361 0.85578958991105414 0.96448603935979749 5.6579746327704328 0.85623711402000935 0.2884142845544026 0.040164602582135132 -0.012891687304767389 -0.06645133678660263 -0.060231432358531845 -0.048975228904986359 -0.052744594638244956 -0.048724221373833948 -0.033014404311714672 -0.022095009171572321 -0.015075518295452558 -0.0098281600936760503 -0.0062479392068921936 -0.0030776993311985986 -0.0013834412356665848 0 0.00043127613072233391 1.6493221969852966e-05 -0.0013519410082957473 -0.0030313610112008356 -0.006185031258846045 -0.0097430929618425345 -0.01494319840277551 -0.021943121966958426 -0.032853712450173572 -0.048539529450073719 -0.048754721720369827 -0.059969164710137385 -0.06613838228900637 -0.012581872382828053 0.040437361878524945 0.28841856300166629 0.85578898809034998 0.96448616433811274 5.6579696860947779 0.85623712298624743 0.28841414201857896 0.040164353947661574 -0.012891947056960701 -0.066451583994490471 -0.060231633843919379 -0.04897538810395434 -0.052744734416165728 -0.048724342915457651 -0.033014506197783934 -0.022095095177409482 -0.01507558789982863 -0.0098282105909026363 -0.0062479748850472298 -0.003077721949239093 -0.0013834520357862644 0 0.00043128617147976996 1.6512032473782256e-05 -0.0013519145861538543 -0.0030313280778950778 -0.0061849926882059881 -0.0097430491166215719 -0.014943147112254893 -0.02194306804922384 -0.03285365851930902 -0.048539473814756783 -0.048754670677181075 -0.059969121847220863 -0.066138352365515615 -0.012581896792345114 0.040437251639967212 0.28841826396218129 0.85578844616792593 0.96448625702404767 5.6579653042798954 0.8562371174948693 0.28841400509138687 0.040164125408138178 -0.012892183573394564 -0.066451807849365233 -0.060231815899709946 -0.048975531654143964 -0.052744860302891092 -0.048724452254154907 -0.033014597724617803 -0.022095172312277287 -0.015075650226541079 -0.0098282557672880935 -0.0062480067642154439 -0.0030777421080833388 -0.0013834616365372692 0 0.00043129505966310871 1.6528631724019302e-05 -0.0013518913471882547 -0.0030312992240382544 -0.0061849590341263357 -0.0097430110502636919 -0.01494310274641563 -0.021943021708088529 -0.032853612545507324 -0.048539426766740904 -0.048754628665880033 -0.059969088339555554 -0.066138331697732616 -0.012581925654446329 0.040437145152303983 0.28841798892182557 0.85578795461020718 0.96448632420365532 5.6579613943619878 0.85623710084729776 0.28841387353099074 0.040163914151310133 -0.012892400305722482 -0.066452011901813171 -0.060231981509458632 -0.048975661945513865 -0.052744974393413524 -0.048724551190868069 -0.033014680509949879 -0.022095241918180096 -0.01507570642156086 -0.009828296470631076 -0.0062480354366192328 -0.0030777602142258286 -0.0013834702388767358 0 0.00043130298454992585 1.6543387741210027e-05 -0.0013518707557422659 -0.0030312737516048974 -0.0061849294616330552 -0.0097429777738994843 -0.014943064118064805 -0.021942981625365302 -0.032853573109816452 -0.048539386799133867 -0.048754594102626787 -0.059969062367878259 -0.066138318409599467 -0.012581957820412628 0.040437042492482964 0.28841773453520686 0.85578750586349595 0.96448637111304325 5.6747797074015649 0.85894958259284426 0.28940147674339362 0.040352713262670765 -0.012899980982012723 -0.066628897761317279 -0.060397860160760555 -0.049113971466799987 -0.052881825733754266 -0.048847168511265575 -0.033104864216044708 -0.022161534500441869 -0.015123281127689878 -0.0098590211417279739 -0.0062674007822760341 -0.0030878018346973128 -0.0013876364916304749 0 0.00043270609525532006 1.6573286559870409e-05 -0.0013559795719771622 -0.0030412307034801442 -0.0062041802899214914 -0.0097735493418121631 -0.014990407914620531 -0.022009009179326119 -0.032943474828034218 -0.048661681147849196 -0.048892520111987151 -0.060134488953702873 -0.066314672171922232 -0.012589025201872654 0.040626272943033261 0.28940530768500239 0.85849921548685681 0.96737846876373479 5.69162291680379 0.86166631526928306 0.29039073234367185 0.040541898341932003 -0.012907522365148532 -0.06680601145267033 -0.06056396251218691 -0.049252473394562325 -0.053018848811933271 -0.048969933175251674 -0.033195168751874983 -0.022227925541364022 -0.015170929973772708 -0.0098897932520525655 -0.0062867957571903057 -0.003097859497846015 -0.0013918089001383048 0 0.00043411137049616651 1.6602993375724612e-05 -0.00136009492974278 -0.0030512042910794436 -0.0062234614848216858 -0.0098041693265546112 -0.015037827102446067 -0.022075136718626119 -0.033033499012286145 -0.048784124692271801 -0.04903064076077239 -0.060300141763780409 -0.066491256575051005 -0.012596055796230141 0.040815887886287018 0.29039453454568503 0.8612151816829634 0.97027489408463863 5.7084910199092009 0.86438729892498067 0.29138164031863434 0.040731469429399737 -0.012915024518153722 -0.066983353004452836 -0.060730288622364459 -0.049391167846420891 -0.053156043656164657 -0.049092845218735262 -0.033285594144921986 -0.02229441510598567 -0.015218653007810043 -0.0099206128144294567 -0.0063062203677743513 -0.0031079332368327229 -0.0013959874833623341 0 0.0004355188154481132 1.6632520097343617e-05 -0.0013642168171305474 -0.003061194486188642 -0.006242773060990337 -0.0098348376918514797 -0.015085321642334724 -0.022141364120148992 -0.033123645581960348 -0.048906717358385296 -0.049168955946019152 -0.060466020738018336 -0.066668071592603698 -0.012603049541194095 0.041005887226975644 0.29138541509966664 0.86393540421584236 0.97317564709700655 5.725384013925213 0.86711253382815545 0.29237420069246489 0.040921426383881104 -0.012922487562678938 -0.067160922466986211 -0.060896838619539401 -0.049530054843872219 -0.053293410330205127 -0.049215904732099386 -0.033376140468102854 -0.022361003250429778 -0.015266450259176367 -0.0099514798749051336 -0.0063256746490210529 -0.0031180230537338049 -0.0014001722394704757 0 0.00043692843005009075 1.66618683736065e-05 -0.0013683452277281579 -0.0030712012759831261 -0.0062621149642587207 -0.0098655544334279067 -0.015132891519263393 -0.022207691356779847 -0.033213914480872825 -0.049029459068875618 -0.049307465629986454 -0.060632125816568516 -0.066845117085585951 -0.012610006330014875 0.041196271212308899 0.29237794934450456 0.86665988287346063 0.9760807281411189 5.7286802469469027 0.86717298881322102 0.29218426652109514 0.040561845844463623 -0.012929911527549021 -0.067338719969737948 -0.061063612482948053 -0.049669134419161029 -0.053430948904651096 -0.04933911170264154 -0.033466807735952127 -0.022427689983429294 -0.015314321719993699 -0.0099823944486248494 -0.0063451586037396096 -0.0031281289629006151 -0.0014043631656840622 0 0.00043834022556943927 1.6691059212453879e-05 -0.001372480126420594 -0.0030812246331037166 -0.0062814871983520775 -0.0098963194379387189 -0.0151805366532309 -0.022274118416793318 -0.033304305709023568 -0.049152349815803693 -0.049446169707023875 -0.060798456906849402 -0.067022393038119646 -0.012616926055454265 0.040856274941534113 0.29221793897658782 0.86678472007900476 0.97361717016631588 5.7226199638324511 0.86343263537177273 0.28936787620907417 0.037754986654582851 -0.015362848895310538 -0.069113779673791995 -0.062288047370585714 -0.050537406040654022 -0.054168245512909149 -0.049932935725573446 -0.033908268623466929 -0.022755148011900143 -0.015518959626141197 -0.010072263038480569 -0.0063937733798176801 -0.0031540924168382508 -0.0014153779177980303 0 0.0004429482556653947 1.7308215621709216e-05 -0.0013825809323067108 -0.0031060605081492049 -0.0063284758516409323 -0.0099829501220286398 -0.015374871821930298 -0.022589964028888423 -0.033735291673611889 -0.049733419831629336 -0.050299764294220957 -0.062003984244253921 -0.068768772646913126 -0.015008168514228025 0.038086489531239179 0.28944420642561175 0.86315702115194737 0.9642935557150748 5.7164419764809518 0.85982512519144472 0.28673173723157697 0.035135599796610337 -0.017453703625560063 -0.070767813488341422 -0.063504676813579394 -0.051462459051903428 -0.054980185023151031 -0.050603975033978538 -0.034417923731967885 -0.023143442631502368 -0.015758076736549404 -0.010161069322001176 -0.0064377610929720087 -0.0031779428497254562 -0.0014261936006208567 0 0.00044802193100965565 1.8007534514238811e-05 -0.0013925353529083209 -0.0031290348821561877 -0.0063711325477542255 -0.010068290801310524 -0.015600304719026284 -0.022963671224847944 -0.034233188972650305 -0.050390676655728689 -0.051211282570617633 -0.063204967811799392 -0.07040009050930883 -0.017068419257892587 0.035504283349559886 0.2868508507980484 0.8596624974779159 0.95497355028439779 5.7099277987639496 0.85613289161761985 0.28405845917497458 0.032486320121652937 -0.019566975911907498 -0.072437444679187446 -0.064731689743292922 -0.052395276451563194 -0.055799107470137818 -0.051280879859804722 -0.034932056703776866 -0.023535802260134343 -0.016000059043459341 -0.010250588116637654 -0.0064820052945467523 -0.0032019234348049535 -0.0014370732221796951 0 0.00045313199587812764 1.87087798471377e-05 -0.0014025515090992395 -0.0031521373570277721 -0.0064140425032025725 -0.0101543344666225 -0.015828562386567512 -0.023341400490705825 -0.034735530090407564 -0.051053759179629024 -0.052130526787961977 -0.064416290927590492 -0.072046941289776609 -0.019151000003886882 0.032892291231236423 0.28422048119977328 0.85608358132820106 0.94543911814215531 5.7230478828727041 0.85752307872234534 0.2842194744000815 0.031928882286578107 -0.020192818652452284 -0.073090430737967407 -0.065259007378517628 -0.052822813318535743 -0.056192228670266832 -0.051616849727060564 -0.035188124914816439 -0.023732844674813246 -0.016125660913431213 -0.010301560972645483 -0.0065087370933628562 -0.0032162129493302624 -0.0014435142818598696 0 0.00045595164479814067 1.8987168862448912e-05 -0.0014086803975451737 -0.0031661490863939233 -0.0064403366531795474 -0.010203976421774199 -0.01594843898965663 -0.023532508414802884 -0.03498709183191949 -0.051384589783375907 -0.052553600887053221 -0.064939019708205606 -0.072693727109418974 -0.019769560947868428 0.03234184797826755 0.28438671377917929 0.85749115360084849 0.94569295230942929 5.7400908952854968 0.86029259286467563 0.28525346716352096 0.032144863824165343 -0.020182610988882271 -0.073256227452682496 -0.06541640239840868 -0.052955010997212851 -0.056324409481766126 -0.051736043642065105 -0.035275744469114752 -0.023798176082538591 -0.016173451984249188 -0.010332281408138492 -0.0065280961580423636 -0.0032262269231992094 -0.0014476586260185986 0 0.00045733585151732335 1.9001860771832453e-05 -0.0014127873581193614 -0.00317610044172936 -0.0064596137989823945 -0.010234619965517456 -0.015996278124871741 -0.023597875602715288 -0.035074678707266903 -0.051503754916402536 -0.052685715178007776 -0.065096318511117884 -0.072859511326607895 -0.019759548728742686 0.03255738053414773 0.2854196391323312 0.86025721139000655 0.94857698450361572 5.825611743869314 0.87418246215361817 0.29043223173713029 0.033218471247807337 -0.020139820847765194 -0.074094972514879454 -0.06621141387424942 -0.053622354690811412 -0.056990759299464816 -0.052336492037967058 -0.035717389074734499 -0.02412746537337699 -0.016414091721430161 -0.010486829582330348 -0.0066254544911951863 -0.003276607616323376 -0.0014685050739786821 0 0.00046430632583582864 1.9077876997338212e-05 -0.0014334447633928603 -0.0032261673762220399 -0.0065565608265818675 -0.010388770861841897 -0.016237086902996582 -0.023927267924067144 -0.035516101283992775 -0.05210398974277089 -0.053352574054138895 -0.065890767824849317 -0.073698066922829639 -0.019717548020842825 0.033628992374425154 0.29059339344034746 0.8741306635632824 0.9630359213719567 5.9116415150020423 0.88814330722432278 0.29562664318247728 0.034282311532668891 -0.020110238944881682 -0.074949578761564578 -0.067019490758144631 -0.05430004480921416 -0.057665991690954717 -0.05294425815364432 -0.036164831844485636 -0.024461087100359793 -0.016657528453688605 -0.010642941930528159 -0.0067237433509250598 -0.0033275013404571096 -0.0014895571191421097 0 0.00047135824539048436 1.9158209316459448e-05 -0.0014543040126850783 -0.0032767453972683876 -0.0066544342729120947 -0.010544464355979088 -0.016480579592714088 -0.024260872269727212 -0.035963228327602757 -0.052711430689115539 -0.054029670041110124 -0.066698152355419454 -0.074552281570508971 -0.019688458684547647 0.034691228392786391 0.29578330322845087 0.88807643424695237 0.97755758306177465 5.9981799377777323 0.9021758783314181 0.30083800109596037 0.035337359698801737 -0.020093149325951014 -0.07581950692989449 -0.067840201925014595 -0.054987759372142682 -0.058349851954497954 -0.05355914779938848 -0.036617923711762 -0.024798966807742302 -0.016903745185050924 -0.010800601616149968 -0.0068229520833358124 -0.003378901399013986 -0.0015108117884883297 0 0.00047849025771877539 1.9242766124803883e-05 -0.0014753618425895399 -0.0033278271606389251 -0.0067532227433027186 -0.01070168402753636 -0.016726746963354983 -0.024598622263763536 -0.036415916302563883 -0.053325890334681977 -0.054716687359039021 -0.067518048248083842 -0.075421629100123649 -0.019671586347571251 0.035745032541958904 0.30099062263161214 0.9020951508004138 0.99213992685008401 6.0852275024594329 0.91628102612794793 0.3060675589261283 0.036384557237828706 -0.020087861041027416 -0.076704240001015125 -0.06867313779330067 -0.055685193032844187 -0.05904209714242168 -0.054180974868052068 -0.037076521720581124 -0.02514103008710878 -0.017152721778123572 -0.010959791958035949 -0.0069230705340805653 -0.0034308014460997329 -0.0015322662182350292 0 0.0004857010448625083 1.9331382534465454e-05 -0.0014966153803925046 -0.0033794059498996128 -0.0068529157316459923 -0.010860414085748581 -0.016975576622677093 -0.024940451612077447 -0.036874028269470192 -0.053947189686319834 -0.055413327172413006 -0.068350054048425521 -0.07630560573515055 -0.019666261389134559 0.03679131688657053 0.30621656354662752 0.91618755285951547 1.0067815137747858 6.3050824481661856 0.9518676424211665 0.31922886496535463 0.038974060284260939 -0.020121977649576451 -0.078977654342211573 -0.070806465311509956 -0.057469437968181561 -0.060807905076998556 -0.055764746699363786 -0.038246226816202884 -0.026014011577315907 -0.017787084819775489 -0.011364359504510478 -0.0071772843189636549 -0.0035627004188844395 -0.0015867589795500183 0 0.0005040643850044434 1.9569282958022676e-05 -0.0015505887455667313 -0.0035104880183785838 -0.0071060427067518731 -0.011263748925657081 -0.017609193715258778 -0.025812443759580733 -0.038042196982331876 -0.055529261066824709 -0.057195209184665863 -0.070480606338287691 -0.078576444365419704 -0.01969930424763924 0.039379807759430889 0.31937043415809868 0.9517465225471432 1.0436396590121202 6.4404722347397421 0.97395048999361911 0.32746040636209522 0.040716387742838568 -0.020023632767959099 -0.080279157990066394 -0.07204886915209037 -0.058514514420940987 -0.061845822797649858 -0.0566979838717541 -0.038935787953905975 -0.026527922712722373 -0.018162308947310035 -0.011607540054093431 -0.0073307730286634601 -0.0036423657900900718 -0.0016195941380725317 0 0.00051507319971865763 1.9690776336741501e-05 -0.0015831353029246795 -0.0035896828338519288 -0.0072589114470852801 -0.011506296070562772 -0.017984447495898472 -0.026326271594533095 -0.038731243297243478 -0.056461960574868332 -0.058239347724480743 -0.071721914535373979 -0.079877262992575707 -0.019601542055454117 0.041119947008927897 0.32759553065759162 0.97380763548437976 1.0669618870527213 6.4477064831820945 0.97583514737056287 0.32846762087523051 0.041479393318841588 -0.019469247602843541 -0.079895718694372883 -0.071784022826313035 -0.05831982347775938 -0.061678803913866272 -0.056562430052422848 -0.038832720346775894 -0.026446586388087577 -0.01811203562170928 -0.011592570719281183 -0.0073244852787506757 -0.0036389245123137578 -0.001617964925711443 0 0.00051419849227803431 1.9574179212789149e-05 -0.0015816322840110028 -0.0035863481332057932 -0.0072527991546986964 -0.011491910171758548 -0.017936802549170346 -0.026247746168995775 -0.038630416535077823 -0.056329064458502415 -0.058047298884036473 -0.071460206246299784 -0.079498569928081977 -0.019053929349625603 0.041874222600850795 0.32859178348380069 0.97566375237701952 1.0708299363916318 6.4520935018707961 0.97697800087984676 0.32907830556241857 0.041941985979020942 -0.01913315658389337 -0.079663280201025227 -0.0716234839670081 -0.058201809392639657 -0.061577561765476928 -0.056480261758376636 -0.038770245949722719 -0.026397283997288034 -0.018081566200816225 -0.011583507440253516 -0.0073206819407208995 -0.0036368430834197124 -0.0016169791364946515 0 0.00051366930973469841 1.9505075912745525e-05 -0.0015807198416677264 -0.0035843265693088319 -0.007249095819657215 -0.011483192569538784 -0.01790791713158069 -0.026200136963248029 -0.038569288118001928 -0.056248493229019196 -0.05793086943276371 -0.071301550077106396 -0.079268987122272649 -0.018721927135472816 0.042331530212795079 0.32919580303540769 0.97678924229817765 1.073175757180385 
end_dependent_variable

end_regular_table
