# ****************************************************************************
# CUI
#
# The Advanced Framework for Simulation, Integration, and Modeling (AFSIM)
#
# The use, dissemination or disclosure of data in this file is subject to
# limitation or restriction. See accompanying README and LICENSE for details.
# ****************************************************************************

# ##################################################################################################
# 
# This file was auto-generated by AFSIM Mover Creator 2.5.0.200402
# 
# Creation Date:  03 Apr 2020
# 
# ##################################################################################################

regular_table

independent_variable mach precision double
0.10000000000000001 0.5 0.70000000000000007 0.75 0.80000000000000004 0.84999999999999998 0.90000000000000002 0.92000000000000004 0.94000000000000006 0.95999999999999996 0.97999999999999998 1 1.02 1.04 1.0600000000000001 1.0800000000000001 1.1000000000000001 1.2 1.3 1.4000000000000001 1.5 1.75 2 2.5 3 
end_independent_variable

independent_variable surface_angle units deg
-25 -22 -20 -18 -16 -14 -12 -10 -9 -8 -7 -6 -5 -4 -3 -2 -1 0 1 2 3 4 5 6 7 8 9 10 12 14 16 18 20 22 24 25 
end_independent_variable

dependent_variable precision double
-0.009385376834510302 -0.0088268366515735271 -0.0087779322841748161 -0.007906168910217802 -0.0065509132929917032 -0.0057096755390168546 -0.0042879261861894433 -0.0030788072718312075 -0.0025462861626529866 -0.0020545321239747614 -0.0016187775631448928 -0.0012331069423209887 -0.00088058970189861582 -0.00058740718659356175 -0.0003633000764478616 -0.00019362910511597778 -7.2912144268732427e-05 0 2.4566388333808711e-05 0 -7.2912144268732427e-05 -0.00019362910511597778 -0.0003633000764478616 -0.0005874071865922735 -0.00088058970189732757 -0.0012331069423209887 -0.0016187775631448928 -0.0020545321239747614 -0.003078807271826055 -0.0042879261861894433 -0.0057096755390117016 -0.0065509132929813972 -0.0079061689102074961 -0.0087779322841645101 -0.0088268366515735271 -0.0037175141285262681 -0.0093862274828908961 -0.0088274526297445685 -0.0087785012069753043 -0.0079066706106098571 -0.0065513274401934538 -0.0057100501612993328 -0.0042882091757847785 -0.0030790111872644557 -0.0025464552390674139 -0.0020546691116181967 -0.0016188859779646683 -0.0012331902737419578 -0.00088065034080765452 -0.00058744837585722129 -0.00036332572028262592 -0.00019364277121564069 -7.2917273854199171e-05 0 2.4568104805961347e-05 0 -7.2917273850978698e-05 -0.00019364277121564069 -0.00036332572028262592 -0.00058744837584433934 -0.00088065034080765452 -0.0012331902737419578 -0.0016188859779646683 -0.0020546691116181967 -0.0030790111872902193 -0.0042882091757847785 -0.0057100501612220413 -0.0065513274402965085 -0.0079066706107129119 -0.0087785012069753043 -0.0088274526297445685 -0.0037179595415872701 -0.0093863721836839904 -0.0088275626141722571 -0.0087785969956981885 -0.0079067516923208465 -0.0065513933068110774 -0.0057101052025312592 -0.0042882506415995942 -0.0030790409574048996 -0.0025464798687449418 -0.0020546890467154711 -0.0016189017197602454 -0.0012332023227569419 -0.00088065911966327441 -0.00058745436879383201 -0.0003633294593625839 -0.00019364476486629574 -7.2918021878490565e-05 0 2.4568354639801208e-05 0 -7.2918021878490565e-05 -0.00019364476486629574 -0.0003633294593625839 -0.00058745436880284932 -0.00088065911966327441 -0.0012332023227569419 -0.0016189017197602454 -0.0020546890467154711 -0.0030790409575131073 -0.0042882506415995942 -0.0057101052025673284 -0.0065513933069553543 -0.007906751692392985 -0.00877859699562605 -0.0088275626141722571 -0.0037180631046409545 -0.0093864007998152015 -0.0088275844815084575 -0.0087786159164514391 -0.0079067676308083729 -0.0065514062297409806 -0.0057101158921755643 -0.0042882586917131456 -0.0030790467340117977 -0.0025464846465613838 -0.002054692913155234 -0.0016189047719976984 -0.0012332046576675939 -0.0008806608211602558 -0.00058745553114214163 -0.00036333018477484991 -0.00019364515168736552 -7.2918167019298628e-05 0 2.456840308399683e-05 0 -7.2918167014467925e-05 -0.00019364515168736552 -0.00036333018477484991 -0.00058745553114214163 -0.0008806608211602558 -0.0012332046576675939 -0.0016189047719976984 -0.002054692913155234 -0.0030790467340117977 -0.0042882586917131456 -0.0057101158922142096 -0.0065514062295863986 -0.0079067676309629558 -0.0087786159164514391 -0.0088275844815084575 -0.0037180842106020965 -0.0093864272594599337 -0.0088276047325412665 -0.0087786334064001905 -0.0079067823436428722 -0.0065514181510902166 -0.0057101257244336753 -0.0042882660950590394 -0.0030790520460933961 -0.0025464890397226812 -0.0020546964682763252 -0.0016189075781760209 -0.0012332068038588852 -0.00088066238530561168 -0.00058745659980964518 -0.00036333085176816818 -0.00019364550738036826 -7.2918300445658297e-05 0 2.4568447645919589e-05 0 -7.2918300445658297e-05 -0.00019364550738036826 -0.00036333085176816818 -0.00058745659981995063 -0.00088066238529530623 -0.0012332068038588852 -0.0016189075781760209 -0.0020546964682763252 -0.0030790520460933961 -0.0042882660950590394 -0.005710125724227565 -0.0065514181512551038 -0.0079067823436428722 -0.0087786334064001905 -0.0088276047325412665 -0.0037181038926118936 -0.0093864518486111055 -0.0088276235774821486 -0.0087786496541040673 -0.0079067959946662412 -0.0065514292071953157 -0.0057101348179888134 -0.0042882729420860195 -0.0030790569580075038 -0.0025464931014811862 -0.0020546997552600525 -0.0016189101726640355 -0.0012332087878610212 -0.00088066383121764339 -0.00058745758794067813 -0.00036333146856857722 -0.00019364583627876419 -7.2918423851857199e-05 0 2.4568488838428835e-05 0 -7.2918423851857199e-05 -0.00019364583627876419 -0.00036333146856857722 -0.0005874575879516277 -0.00088066383121764339 -0.0012332087878610212 -0.0016189101726640355 -0.0020546997552600525 -0.0030790569580075038 -0.0042882729420860195 -0.0057101348179888134 -0.0065514292071077191 -0.0079067959947538378 -0.0087786496541040673 -0.0088276235774821486 -0.0037181223209428703 -0.0093864748002398732 -0.0088276411892779117 -0.0087786648160623065 -0.007906808718968053 -0.0065514395079489191 -0.0057101432702433581 -0.0042882793056101317 -0.0030790615226908694 -0.0025464968759431263 -0.0020547028094632788 -0.0016189125830585679 -0.0012332106309252198 -0.00088066517447922467 -0.0005874585060574722 -0.00036333204164921572 -0.00019364614189060797 -7.2918538509335684e-05 0 2.4568527126721019e-05 0 -7.2918538509335684e-05 -0.00019364614189060797 -0.00036333204164921572 -0.00058745850604587861 -0.00088066517447922467 -0.0012332106309252198 -0.0016189125830585679 -0.0020547028094632788 -0.0030790615226908694 -0.0042882793056101317 -0.0057101432702433581 -0.0065514395077634199 -0.0079068087188753026 -0.0087786648159695578 -0.0088276411892779117 -0.0037181396373934758 -0.0094081760034397336 -0.0088496758738055275 -0.0088001623022060747 -0.0079259691752913974 -0.0065673430511111091 -0.0057235274239411391 -0.0042983942789822415 -0.0030863551924204613 -0.0025525361305373906 -0.0020595832003404862 -0.0016227586204178937 -0.0012361335262190403 -0.00088275294557605365 -0.0005888554913534512 -0.00036419789329382224 -0.00019410828788768235 -7.30927084906907e-05 0 2.4627208709459762e-05 0 -7.30927084906907e-05 -0.00019410828788768235 -0.00036419789329382224 -0.0005888554913534512 -0.00088275294557605365 -0.0012361335262190403 -0.0016227586204178937 -0.0020595832003404862 -0.003086355192467867 -0.0042983942789822415 -0.005723527423798923 -0.0065673430509214882 -0.0079259691751965861 -0.0088001623022060747 -0.0088496758738055275 -0.0037323674858757579 -0.0094299013776711089 -0.0088717376083590257 -0.0088216854000214198 -0.0079451520107908305 -0.0065832651267588166 -0.0057369262563591429 -0.0043085204047508983 -0.0030936569251830892 -0.0025585820615728221 -0.0020644689906216085 -0.0016266089073368668 -0.0012390596334251858 -0.00088484300870520795 -0.00059025401689415525 -0.00036506470232025047 -0.00019457094575813492 -7.326707157420483e-05 0 2.4685955329463464e-05 0 -7.3267071568150347e-05 -0.00019457094575813492 -0.00036506470232025047 -0.00059025401689415525 -0.00088484300868099002 -0.0012390596334251858 -0.0016266089073368668 -0.0020644689906216085 -0.0030936569252799609 -0.0043085204047508983 -0.005736926256407579 -0.0065832651270494313 -0.0079451520106939583 -0.0088216854000214198 -0.0088717376083590257 -0.0037466205464629365 -0.0094516509237192736 -0.008893826392740535 -0.0088432341114869917 -0.0079643572268761394 -0.0065992057365491606 -0.0057503397686938353 -0.0043186576844340989 -0.0031009667221443024 -0.0025646346694204168 -0.0020693601810022649 -0.001630463444390533 -0.0012419889526580469 -0.00088693536415266477 -0.00059165408287822257 -0.00036593246871304209 -0.00019503411564302206 -7.3441627791567419e-05 0 2.4744767005861682e-05 0 -7.3441627779200833e-05 -0.00019503411564302206 -0.00036593246871304209 -0.00059165408285348931 -0.00088693536415266477 -0.0012419889526580469 -0.001630463444390533 -0.0020693601810022649 -0.0031009667221937689 -0.0043186576844340989 -0.0057503397685454366 -0.0065992057364502275 -0.0079643572270740055 -0.0088432341117837907 -0.008893826392740535 -0.003760898819025161 -0.0094734246445831276 -0.0089159422282155745 -0.0088648084370830313 -0.0079835848255115568 -0.0066151648808181031 -0.0057637679619263011 -0.0043288061178947809 -0.003108284583127363 -0.0025706939545975115 -0.0020742567716432224 -0.0016343222315876526 -0.0012449214843818866 -0.00088903001216511198 -0.00059305568934803449 -0.00036680119262130474 -0.00019549779744515013 -7.3616377129316946e-05 0 2.4803643719653668e-05 0 -7.361637712300483e-05 -0.00019549779744515013 -0.00036680119262130474 -0.00059305568932278602 -0.00088903001216511198 -0.0012449214843818866 -0.0016343222315876526 -0.0020742567716432224 -0.00310828458317786 -0.0043288061178947809 -0.0057637679619767981 -0.0066151648812220786 -0.0079835848255115568 -0.0088648084368810436 -0.0089159422282155745 -0.0037752023040983173 -0.013561384135337978 -0.010256853960073779 -0.0098058575832061286 -0.0087189966331305043 -0.0066311425614350586 -0.0057772108377342722 -0.004338965706535523 -0.0031156105092952449 -0.002576759917865682 -0.0020791587632318568 -0.0016381852693471434 -0.0012478572286894539 -0.00089112695271098899 -0.0005944588364866425 -0.00036767087405051324 -0.0001959619913150437 -7.3791319647032041e-05 0 2.4862585479405866e-05 0 -7.3791319640591107e-05 -0.0001959619913150437 -0.00036767087405051324 -0.0005944588364866425 -0.00089112695271098899 -0.0012478572286894539 -0.0016381852693471434 -0.0020791587632318568 -0.0031156105093725363 -0.004338965706535523 -0.0057772108375796901 -0.0066311425615381142 -0.008718996633233559 -0.0098058575832061286 -0.010256853960073779 -0.0057242185152952523 -0.015011059088387842 -0.010735880772812116 -0.0099739634910202182 -0.0088185154551045416 -0.0072276402316306864 -0.0062055129423426499 -0.004647350099126253 -0.003343714163487963 -0.0027669014791294293 -0.0022296281047025331 -0.0017541622217847708 -0.0013283264219136365 -0.00093231269564538182 -0.00061094366373288795 -0.00037581250491718505 -0.00020064111234449164 -7.5908901936756136e-05 0 2.5793965137171851e-05 0 -7.5908901943325886e-05 -0.00020064111234449164 -0.00037581250491718505 -0.0006109436637197484 -0.00093231269564538182 -0.0013283264219136365 -0.0017541622217847708 -0.0022296281047025331 -0.003343714163487963 -0.004647350099126253 -0.0062055129423426499 -0.00722764023152557 -0.00881851545541989 -0.0099739634913355649 -0.010735880772812116 -0.0066257644567081055 -0.016595368118296691 -0.011345344843243468 -0.010271454167422254 -0.0090471158559227906 -0.0074021182360232106 -0.0063369858864004633 -0.0047406068375689236 -0.0034150368744681209 -0.0028283983818254556 -0.0022790460002583435 -0.0017940594842698241 -0.001359201995798213 -0.00094909692943539483 -0.00061729454563392032 -0.00037867452561621766 -0.00020219649443680836 -7.6612424062835673e-05 0 2.6121059067880452e-05 0 -7.661242406953424e-05 -0.00020219649443680836 -0.00037867452561621766 -0.00061729454562052316 -0.00094909692944879199 -0.001359201995798213 -0.0017940594842698241 -0.0022790460002583435 -0.0034150368744681209 -0.0047406068375689236 -0.0063369858864004633 -0.007402118235808856 -0.0090471158559227906 -0.010271454167636609 -0.011345344843243468 -0.0076592398794672811 -0.018186278915460315 -0.011957207400771176 -0.010570290048251305 -0.0092767577805653902 -0.0075773876559015393 -0.00646904780286966 -0.0048342916856048542 -0.0034866878470144027 -0.0028901759226694552 -0.0023286889412218923 -0.0018341352943347525 -0.0013902089084360887 -0.00096594895105289063 -0.00062366973163293705 -0.00038154727143299862 -0.00020375796529304761 -7.7318834302485666e-05 0 2.6449534922068765e-05 0 -7.7318834309313063e-05 -0.00020375796529304761 -0.00038154727143299862 -0.00062366973161928228 -0.00096594895105289063 -0.0013902089084360887 -0.0018341352943347525 -0.0023286889412218923 -0.0034866878471782599 -0.0048342916856048542 -0.0064690478029788981 -0.0075773876559015393 -0.0092767577806746274 -0.010570290048469782 -0.011957207400771176 -0.0086966073056045489 -0.0174761794912934 -0.011804593509443923 -0.010440624462168353 -0.0091875532984583425 -0.0075196255973153147 -0.0064337491265038238 -0.0048089352812061628 -0.0034697072741554599 -0.0028774208767781591 -0.002319223969225299 -0.0018280828052025856 -0.0013881807172899877 -0.00096587138078096512 -0.00062373191478162586 -0.00038150876142699916 -0.00020366148917399572 -7.7255646605403394e-05 0 2.6422760617108525e-05 0 -7.7255646612359595e-05 -0.00020366148917399572 -0.00038150876142699916 -0.00062373191479553824 -0.00096587138078096512 -0.0013881807172899877 -0.0018280828052025856 -0.002319223969225299 -0.0034697072742111098 -0.0048089352812061628 -0.0064337491265038238 -0.0075196255973153147 -0.0091875532986809404 -0.010440624462390951 -0.011804593509443923 -0.0084858386684647964 -0.017451449358426189 -0.011810323904729947 -0.010453903511204309 -0.0092005617510687553 -0.0075309689692081225 -0.006443809200689786 -0.0048167034852651608 -0.0034752213386563813 -0.002881940444737662 -0.0023228925863683549 -0.0018309660584812141 -0.0013903871100296092 -0.00096759320919369719 -0.00062500599503591638 -0.00038232411513173696 -0.00020409513532505799 -7.741587343013352e-05 0 2.6474458511645279e-05 0 -7.741587343013352e-05 -0.00020409513532505799 -0.00038232411513173696 -0.00062500599505008647 -0.00096759320919369719 -0.0013903871100296092 -0.0018309660584812141 -0.0023228925863683549 -0.0034752213387130612 -0.0048167034852651608 -0.0064438092008031467 -0.0075309689689814019 -0.0092005617510687553 -0.010453903511204309 -0.011810323904729947 -0.0084722891515499089 -0.017342821213221688 -0.011844564906021829 -0.010523366220451956 -0.0092679604129443337 -0.0075894675165525689 -0.0064954291110173104 -0.0048564920940140461 -0.0035035030609526013 -0.002905141560252057 -0.002341718021658713 -0.0018457643433223757 -0.001401703246100072 -0.00097635887318004366 -0.00063144285553341567 -0.00038643408519435098 -0.00020628162819918465 -7.8224914687622385e-05 0 2.6736333980667638e-05 0 -7.8224914679893257e-05 -0.00020628162819918465 -0.00038643408519435098 -0.00063144285551795744 -0.00097635887318004366 -0.001401703246100072 -0.0018457643433223757 -0.002341718021658713 -0.0035035030610144342 -0.0048564920940140461 -0.0064954291110173104 -0.0075894675166762347 -0.009267960412697002 -0.010523366220451956 -0.011844564906021829 -0.0084136455945567068 -0.017257703013993719 -0.011887579383357343 -0.010597665163680074 -0.0093390788175641785 -0.007650781162861219 -0.0065491354225806391 -0.0048977801632887246 -0.0035329100253670277 -0.0029292966033178619 -0.002361306264515597 -0.0018611666753973722 -0.0014134686885815225 -0.00098537279723942507 -0.00063798602091734869 -0.00039059746299400139 -0.00020849747798727208 -7.9046622979934012e-05 0 2.7003606336487118e-05 0 -7.9046622979934012e-05 -0.00020849747798727208 -0.00039059746299400139 -0.00063798602093409517 -0.00098537279720593211 -0.0014134686885815225 -0.0018611666753973722 -0.002361306264515597 -0.0035329100254340132 -0.0048977801632887246 -0.0065491354226476246 -0.0076507811632631328 -0.0093390788174302058 -0.010597665163948018 -0.011887579383357343 -0.0083692584130674579 -0.017194153295553377 -0.011938679124924988 -0.010676449006281646 -0.0094136528693795057 -0.0077147134915168088 -0.0066047845790530172 -0.0049404660702302775 -0.0035633653375917564 -0.0029543399969662451 -0.0023816050013523828 -0.0018771315109290358 -0.0014256525080671924 -0.00099461894228658932 -0.0006446298160557968 -0.000394811795064987 -0.00021074131055537693 -7.9880347577591126e-05 0 2.7275961410962406e-05 0 -7.9880347568573817e-05 -0.00021074131055537693 -0.000394811795064987 -0.0006446298160557968 -0.00099461894228658932 -0.0014256525080671924 -0.0018771315109290358 -0.0023816050013523828 -0.0035633653375917564 -0.0049404660702302775 -0.0066047845792694326 -0.0077147134915168088 -0.0094136528695237826 -0.010676449005848816 -0.011938679124924988 -0.0083379627502348699 -0.017150395098881752 -0.011997234345469105 -0.010759395842101152 -0.0094914405530531886 -0.007781084490589554 -0.0066622450082946851 -0.0049844566552071116 -0.0035947985024587892 -0.0029802116260681287 -0.0024025662770026384 -0.0018936207710521492 -0.0014382263642369639 -0.0010040826146159678 -0.0006513690396737678 -0.00039907483201100211 -0.00021301186575154176 -8.0725491556745459e-05 0 2.7553111331064598e-05 0 -8.072549157606826e-05 -0.00021301186575154176 -0.00039907483201100211 -0.0006513690396737678 -0.0010040826146159678 -0.0014382263642369639 -0.0018936207710521492 -0.0024025662770026384 -0.0035947985026133717 -0.0049844566552071116 -0.0066622450083719765 -0.0077810844904349719 -0.0094914405530531886 -0.010759395842255735 -0.011997234345469105 -0.0083186931461044604 -0.01711725217472183 -0.012172577939592812 -0.010983101147033689 -0.009698559455799052 -0.0079566323819882552 -0.0068130537769674985 -0.0050995980844150213 -0.0036772486361706931 -0.0030481638720158176 -0.0024575885738009977 -0.0019369163820060146 -0.0014712023427927989 -0.0010286079082174485 -0.00066860430047665413 -0.00040993239511475586 -0.00021879781722756338 -8.2884832105895121e-05 0 2.826528527687337e-05 0 -8.2884832117166758e-05 -0.00021879781722756338 -0.00040993239511475586 -0.00066860430047665413 -0.0010286079082174485 -0.0014712023427927989 -0.0019369163820060146 -0.0024575885738009977 -0.0036772486361706931 -0.0050995980844150213 -0.0068130537767871523 -0.0079566323821686005 -0.0096985594563400914 -0.010983101147033689 -0.012172577939592812 -0.0083169415080504537 -0.017002084834912425 -0.012245715800278426 -0.011100969591583982 -0.0098106857531683554 -0.0080530512328424904 -0.0068971070221840658 -0.0051641381700878166 -0.0037232500841354668 -0.0030859714590908138 -0.0024882433432519761 -0.0019610284679012851 -0.0014896255814518687 -0.001042670203006372 -0.00067876709553528253 -0.00041638983796251245 -0.00022223482102156437 -8.4160328395173001e-05 0 2.8680899760386934e-05 0 -8.4160328395173001e-05 -0.00022223482102156437 -0.00041638983796251245 -0.00067876709550951874 -0.0010426702029548447 -0.0014896255814518687 -0.0019610284679012851 -0.0024882433432519761 -0.0037232500841354668 -0.0051641381700878166 -0.0068971070218749007 -0.0080530512334608204 -0.0098106857531683554 -0.011100969591377872 -0.012245715800278426 -0.0082611627082764243 -0.016475821557295985 -0.01206061398008659 -0.011002568589279997 -0.0097363328344819075 -0.0079976682243044165 -0.0068566046985194633 -0.0051352481680513899 -0.0037013835958058061 -0.0030673656746798097 -0.0024734016910043237 -0.0019492901661353516 -0.0014809886377098597 -0.0010382205439953386 -0.00067718287135413449 -0.00041569642600769831 -0.00022184302474261445 -8.3974646919688723e-05 0 2.8591880724969684e-05 0 -8.3974646935791063e-05 -0.00022184302474261445 -0.00041569642600769831 -0.0006771828714185439 -0.0010382205439953386 -0.0014809886377098597 -0.0019492901661353516 -0.0024734016910043237 -0.0037013835959346245 -0.0051352481680513899 -0.0068566046983906453 -0.0079976682237891429 -0.0097363328349971828 -0.011002568589537635 -0.01206061398008659 -0.0079527821321822012 -0.016156652321296781 -0.011948364162765053 -0.010942902256328668 -0.0096912494063686912 -0.0079640878914844487 -0.0068320475450819318 -0.0051177320753437788 -0.0036881256081767329 -0.0030560845837805596 -0.0024644029177887045 -0.0019421730045548814 -0.001475751955815504 -0.0010355230682440369 -0.00067622293681650564 -0.00041527644179339452 -0.00022160570368558779 -8.3862143663060023e-05 0 2.8537927415074253e-05 0 -8.3862143663060023e-05 -0.00022160570368558779 -0.00041527644179339452 -0.00067622293681650564 -0.0010355230682440369 -0.001475751955815504 -0.0019421730045548814 -0.0024644029177887045 -0.0036881256083313154 -0.0051177320753437788 -0.0068320475453910968 -0.0079640878908661186 -0.0096912494066778553 -0.010942902255710337 -0.011948364162765053 -0.0077657614647950188 
end_dependent_variable

end_regular_table
