# ****************************************************************************
# CUI
#
# The Advanced Framework for Simulation, Integration, and Modeling (AFSIM)
#
# The use, dissemination or disclosure of data in this file is subject to
# limitation or restriction. See accompanying README and LICENSE for details.
# ****************************************************************************

# ##################################################################################################
# 
# This file was auto-generated by AFSIM Mover Creator 2.5.0.200324
# 
# Creation Date:  24 Mar 2020
# 
# ##################################################################################################

regular_table

independent_variable mach precision double
0.10000000000000001 0.5 0.70000000000000007 0.75 0.80000000000000004 0.84999999999999998 0.90000000000000002 0.92000000000000004 0.94000000000000006 0.95999999999999996 0.97999999999999998 1 
end_independent_variable

independent_variable surface_angle units deg
-20 -16 -14 -12 -10 -9 -8 -7 -6 -5 -4 -3 -2 -1 0 1 2 3 4 5 6 7 8 9 10 12 14 16 18 20 
end_independent_variable

dependent_variable precision double
-0.2539712877686171 -0.1748174174314851 -0.14054178582053026 -0.1098076936448137 -0.082619913874183507 -0.070357218557697776 -0.058982617909785887 -0.048496537308322582 -0.038899363077077066 -0.030191442202329732 -0.022373082081208702 -0.015444550301314171 -0.0094060744520014384 -0.0042578419671524519 0 -0.0042578419671524519 -0.0094060744519976133 -0.015444550301310348 -0.022373082081201052 -0.030191442202322082 -0.038899363077077066 -0.048496537308322582 -0.058982617909770593 -0.070357218557667175 -0.082619913874183507 -0.1098076936448137 -0.14054178582053026 -0.17481741743154627 -0.21262922837904921 -0.2539712877686171 -0.26640004596523298 -0.18277604678352169 -0.14663645657040714 -0.11428626199826813 -0.085730523369816763 -0.072876980603442679 -0.060973656771024815 -0.050021001044647309 -0.040019420787468507 -0.030969281253884887 -0.022870905323158882 -0.015724573266395765 -0.0095305225484376734 -0.00428894766267652 0 -0.00428894766267652 -0.0095305225484567969 -0.015724573266414889 -0.022870905323158882 -0.030969281253884887 -0.040019420787468507 -0.050021001044570822 -0.060973656771024815 -0.072876980603442679 -0.085730523369816763 -0.11428626199826813 -0.14663645657040714 -0.18277604678352169 -0.22269934346777687 -0.26640004596584488 -0.28207453069794247 -0.19281309505566704 -0.15432279589944919 -0.11993446901459646 -0.089653537070719699 -0.07605484832982233 -0.063484724731507972 -0.051943645455667625 -0.041432044399558665 -0.031950309855855931 -0.023498784228717616 -0.016077763785456809 -0.0096874984454782941 -0.00432819160510204 0 -0.00432819160510204 -0.0096874984454782941 -0.016077763785483579 -0.023498784228717616 -0.031950309855909471 -0.041432044399558665 -0.051943645455667625 -0.063484724731507972 -0.07605484832982233 -0.089653537070719699 -0.11993446901459646 -0.15432279589944919 -0.19281309505566704 -0.23539926231412073 -0.28207453069794247 -0.28778818343264911 -0.19647179381144941 -0.15712461598449026 -0.12199335058046737 -0.091083552355846809 -0.077213243491703512 -0.064400058458289111 -0.052644487375120272 -0.041946973811018307 -0.032307914456603255 -0.023727658833617406 -0.016206509039902069 -0.0097447195348752211 -0.0043424969602895878 0 -0.004342496960275246 -0.0097447195348752211 -0.016206509039930751 -0.023727658833617406 -0.032307914456603255 -0.041946973811018307 -0.052644487375235006 -0.064400058458289111 -0.077213243491703512 -0.091083552356076264 -0.12199335058046737 -0.1571246159849492 -0.19647179381099047 -0.24002862861394036 -0.28778818343356699 -0.29463373268281107 -0.20085529498254137 -0.16048148758842684 -0.12446010472552785 -0.092796859409396221 -0.078601121430846105 -0.065496723552879221 -0.053484168999897906 -0.042563912929157628 -0.032736362092870168 -0.024001874539836109 -0.016360759353944987 -0.0098132764340711238 -0.0043596363100263094 0 -0.0043596363100416079 -0.0098132764340711238 -0.016360759353944987 -0.024001874539774919 -0.032736362092870168 -0.042563912929157628 -0.053484168999897906 -0.065496723552879221 -0.078601121430601342 -0.092796859409151458 -0.12446010472577261 -0.16048148758842684 -0.20085529498254137 -0.24557509021951329 -0.29463373268281107 -0.41829006836225413 -0.27738839256948722 -0.21764107976764027 -0.16504318170625515 -0.1196035088516689 -0.09957042610610968 -0.08132964758570177 -0.064881926472840884 -0.050227936727269995 -0.037368272569856552 -0.026303448030409838 -0.017033896559473592 -0.009559970703346167 -0.0038819418435635526 0 -0.0038819418435554255 -0.009559970703346167 -0.017033896559473592 -0.026303448030409838 -0.037368272569856552 -0.050227936727269995 -0.064881926472840884 -0.08132964758570177 -0.09957042610610968 -0.1196035088516689 -0.16504318170625515 -0.21764107976712016 -0.277388392568447 -0.34427511296366314 -0.41829006836329435 -0.5419463980148701 -0.35392148649084554 -0.27480066924594276 -0.20562625680798946 -0.14641015709107888 -0.12053972986112135 -0.097162570945820731 -0.076279683484219915 -0.057891960238824758 -0.04200018289880654 -0.028605021475174436 -0.017707033784889283 -0.0093066650223006826 -0.0034042474200674179 0 -0.0034042474200588128 -0.0093066650223006826 -0.017707033784889283 -0.028605021475243273 -0.04200018289880654 -0.057891960238824758 -0.076279683484219915 -0.097162570945820731 -0.12053972986112135 -0.14641015709052818 -0.20562625680798946 -0.27480066924704422 -0.35392148648974409 -0.44297513093197538 -0.54194639801707289 -0.59244504784607022 -0.38522369455380828 -0.29820278432150865 -0.22226389334422397 -0.15742116609514062 -0.12916472612619337 -0.10368670279593015 -0.080988282971879252 -0.061070521363215051 -0.043934339691380934 -0.02958052597478138 -0.018009733912484293 -0.0092224823802684389 -0.0032191550305014391 0 -0.0032191550305014391 -0.0092224823802684389 -0.018009733912484293 -0.02958052597478138 -0.043934339691380934 -0.061070521363215051 -0.080988282971879252 -0.10368670279593015 -0.12916472612647484 -0.15742116609514062 -0.22226389334478694 -0.29820278432150865 -0.38522369455268235 -0.48331047995135124 -0.59244504784381846 -0.64311799142646831 -0.41663626747034543 -0.32168811404111686 -0.23896110490942715 -0.16847181101081596 -0.13782082772566062 -0.11023439233365169 -0.085713890777177185 -0.064260553147479804 -0.045875452715739895 -0.030559505090269827 -0.01831346749982023 -0.0091379382024944587 -0.0030333560199569437 0 -0.0030333560199569437 -0.0091379382024944587 -0.01831346749982023 -0.030559505090269827 -0.045875452715739895 -0.064260553147623606 -0.085713890777177185 -0.11023439233365169 -0.13782082772508542 -0.16847181101081596 -0.23896110490942715 -0.3216881140399665 -0.41663626747034543 -0.52378663582746887 -0.64311799142646831 -0.69396545633618478 -0.44815935254061123 -0.3452567704724715 -0.2557179723469879 -0.17956214596147499 -0.14650807723878889 -0.1168056718746793 -0.090456530269391128 -0.067462071367771631 -0.047823531537271702 -0.0315419635872249 -0.018618235943649711 -0.0090530319622088573 -0.0028468493945439433 0 -0.0028468493945531218 -0.0090530319621721436 -0.018618235943723138 -0.031541963587298327 -0.047823531537418557 -0.067462071367771631 -0.090456530269391128 -0.11680567187497302 -0.14650807723937631 -0.17956214596147499 -0.2557179723469879 -0.34525677047364633 -0.44815935254061123 -0.56440378457223039 -0.69396545633618478 -0.74498767013996992 -0.47979309706980261 -0.3689088656874624 -0.27253457650151919 -0.19069222506963132 -0.15522651724944567 -0.12340057373748511 -0.095216224819101983 -0.070675091801112117 -0.049778585722199925 -0.032527906232206208 -0.018924040640523443 -0.0089677631326241635 -0.0026596341604005619 0 -0.0026596341604005619 -0.0089677631326241635 -0.018924040640448486 -0.032527906232281169 -0.049778585722199925 -0.070675091801112117 -0.095216224819101983 -0.12340057373748511 -0.15522651725004535 -0.19069222506963132 -0.27253457650151919 -0.3689088656874624 -0.47979309706980261 -0.60516211218446803 -0.74498767013996992 -0.79618486039601322 -0.51153764836742355 -0.39264451174515347 -0.28941099821640986 -0.20186210245278069 -0.1639761903354526 -0.13001913023732245 -0.099992997794308258 -0.073899630220955304 -0.051740624836038272 -0.033517337791164496 -0.019230882986927857 -0.0088821311871685911 -0.002471709323623234 0 -0.0024717093236136731 -0.0088821311872068365 -0.019230882987004348 -0.033517337791011514 -0.051740624835885297 -0.073899630221261267 -0.099992997794308258 -0.13001913023732245 -0.1639761903354526 -0.20186210245278069 -0.28941099821640986 -0.39264451174515347 -0.51153764836742355 -0.64606180467295049 -0.79618486039601322 
end_dependent_variable

end_regular_table
