# ****************************************************************************
# CUI
#
# The Advanced Framework for Simulation, Integration, and Modeling (AFSIM)
#
# The use, dissemination or disclosure of data in this file is subject to
# limitation or restriction. See accompanying README and LICENSE for details.
# ****************************************************************************

# ##################################################################################################
# 
# This file was auto-generated by AFSIM Mover Creator 2.5.0.200324
# 
# Creation Date:  24 Mar 2020
# 
# ##################################################################################################

regular_table

independent_variable mach precision double
0.10000000000000001 0.5 0.70000000000000007 0.75 0.80000000000000004 
end_independent_variable

independent_variable surface_angle units deg
-20 -16 -14 -12 -10 -9 -8 -7 -6 -5 -4 -3 -2 -1 0 1 2 3 4 5 6 7 8 9 10 12 14 16 18 20 
end_independent_variable

dependent_variable precision double
-1.0307483045778247e-06 -8.771616575305793e-07 -7.8546164604734865e-07 -6.8556602118266259e-07 -5.7925579726846589e-07 -5.2423508685194394e-07 -4.6822570891819351e-07 -4.1139207831952068e-07 -3.5387638904408136e-07 -2.9579962869661664e-07 -2.3726337754927494e-07 -1.7835199556665325e-07 -1.191349207938085e-07 -5.9668897334132938e-08 0 6.0549059598641631e-08 1.2095261305885146e-07 1.8116458592749139e-07 2.4112823302346306e-07 3.0077411342782634e-07 3.6001787436069213e-07 4.1875793267602879e-07 4.7687329789521224e-07 5.3422178465173578e-07 5.9063894935446238e-07 6.9991422169115452e-07 8.0300436304855492e-07 8.9812835334695302e-07 9.8379932593773281e-07 1.0592513852262553e-06 -1.0274524664624411e-06 -8.7506541845663061e-07 -7.8386360035702112e-07 -6.8439850617218618e-07 -5.784512536938619e-07 -5.2358672732843986e-07 -4.6771667237362576e-07 -4.1100554678997222e-07 -3.5359550720515476e-07 -2.956076015754597e-07 -2.3714337856032123e-07 -1.7828720099821951e-07 -1.1910853423610095e-07 -5.9664105134059158e-08 0 6.0561110508962071e-08 1.2099349260904595e-07 1.8125107975029213e-07 2.4127710735289123e-07 3.0100213880872788e-07 3.603418328334452e-07 4.1919456173582367e-07 4.7743937814548562e-07 5.3493405358767794e-07 5.9151411573243239e-07 7.0116537244768594e-07 8.0469827573142257e-07 9.0033167905307479e-07 9.8657877898945487e-07 1.0626733983053804e-06 -1.0213646049306438e-06 -8.711701285603849e-07 -7.8088172247507631e-07 -6.8220815317439004e-07 -5.7693067639645116e-07 -5.2235529715775916e-07 -4.667439232949032e-07 -4.1026099265125417e-07 -3.5304873370156532e-07 -2.9522811105951286e-07 -2.3690070643418676e-07 -1.7815089128571638e-07 -1.1904812521328197e-07 -5.9649128610740158e-08 0 6.0576598583473363e-08 1.210549398221358e-07 1.8138893273802145e-07 2.4152184436403504e-07 3.013842100717009e-07 3.6089167851807145e-07 4.1994266799405666e-07 4.7841619376879857e-07 5.3617004748472575e-07 5.9303975106410384e-07 7.0336161115807645e-07 8.0768698195961952e-07 9.0423472843369785e-07 9.9151774827328137e-07 1.0687702608390553e-06 -1.0185777717471136e-06 -8.6938681224807489e-07 -7.7951642108170498e-07 -6.8120521970143954e-07 -5.7623418220485978e-07 -5.2179122575177452e-07 -4.662983032918214e-07 -4.0991982967730668e-07 -3.5279812678418423e-07 -2.9505411324400073e-07 -2.3678938441679088e-07 -1.7808830314103476e-07 -1.1902033835603262e-07 -5.9642204348639553e-08 0 6.0583610319390895e-08 1.2108290090854825e-07 1.8145179174618548e-07 2.4163352274293555e-07 3.0155865190215238e-07 3.6114282716241735e-07 4.2028445316369585e-07 4.7886254661207147e-07 5.3673487184808322e-07 5.9373703557354836e-07 7.0436564245437205e-07 8.090534156629331e-07 9.0601933799340388e-07 9.9377634737311757e-07 1.0715584964775394e-06 -1.0148379244401274e-06 -8.6699342228295536e-07 -7.7768407919754612e-07 -6.7985902963070145e-07 -5.7529943735628746e-07 -5.2103408687894973e-07 -4.6570008871763506e-07 -4.0946192095007778e-07 -3.5246169134794077e-07 -2.9482049384963983e-07 -2.3663990297955728e-07 -1.7800426145899141e-07 -1.1898300230370375e-07 -5.9632887578855966e-08 0 6.0593005941342135e-08 1.2112037814038455e-07 1.8153606836817251e-07 2.4178328007294714e-07 3.0179260323001171e-07 3.6147970661360033e-07 4.2074294672613624e-07 4.7946129860239811e-07 5.3749265447072307e-07 5.9467253625337678e-07 7.0571261996908045e-07 8.1088676340617823e-07 9.0841389475506334e-07 9.9680676801455046e-07 1.0752996427796884e-06 
end_dependent_variable

end_regular_table
