# ****************************************************************************
# CUI
#
# The Advanced Framework for Simulation, Integration, and Modeling (AFSIM)
#
# The use, dissemination or disclosure of data in this file is subject to
# limitation or restriction. See accompanying README and LICENSE for details.
# ****************************************************************************

# ##################################################################################################
# 
# This file was auto-generated by AFSIM Mover Creator 2.5.0.200324
# 
# Creation Date:  24 Mar 2020
# 
# ##################################################################################################

regular_table

independent_variable mach precision double
0.10000000000000001 0.5 0.70000000000000007 0.75 0.80000000000000004 0.84999999999999998 0.90000000000000002 0.92000000000000004 0.94000000000000006 0.95999999999999996 0.97999999999999998 1 1.02 1.04 1.0600000000000001 1.0800000000000001 1.1000000000000001 1.2 1.3 1.4000000000000001 1.5 
end_independent_variable

independent_variable surface_angle units deg
1 2 3 4 5 6 7 8 9 10 12 14 16 18 20 22 24 26 28 30 35 40 45 
end_independent_variable

dependent_variable precision double
-1.7285290308041839e-05 -4.0205683728988613e-05 -6.8761180267231861e-05 -0.00010295177990374156 -0.00014277748267072239 -0.00018823828855646352 -0.00023933419752583264 -0.00017848470919347542 0.00021457023524025498 0.00055062005104485512 0.0010862510672324259 0.0014775587346700764 0.0017961930725031972 0.0023605303703035123 0.0028132000761010392 0.0031710229362083698 0.0034464349587662777 0.0036488874870723117 0.0037857275023842505 0.0038627738977832027 0.0038224298406884828 0.0034883574679243443 0.0028940914127609891 -1.827167918845966e-05 -4.4151532450750975e-05 -7.7639559779554707e-05 -0.00011873576119682859 -0.00016744013687823445 -0.00022375268629678678 -0.00028767340997947106 -0.00024162252870301714 0.00013465866617196138 0.00045196197533237158 0.00094418150063115003 0.0012841861387162968 0.0015436254741224087 0.0020408738365035989 0.0024185628719580968 0.0026935132211203367 0.0028781608179315335 0.0029819569416078004 0.0030122485363071371 0.002974854447518006 0.0026138812851708945 0.0019098539700440704 0.00089630691355855208 -1.9884363206348296e-05 -5.060228949632823e-05 -9.2153778808458177e-05 -0.00014453883132718303 -0.00020775744660163746 -0.00028180962520565011 -0.0003666953665653923 -0.00034483494310217234 4.0302563427902025e-06 0.00029069220383208549 0.00071195288692278084 0.00096809718991692833 0.001130774648070126 0.0015183594675579298 0.001773483433696426 0.0019129671916169918 0.0019492466718881356 0.0018917731432331029 0.0017478935535573466 0.0015234267326100289 0.00063832749436120882 -0.00067046055569659649 -0.0023694030128877819 -2.0590769743409916e-05 -5.3427919058269649e-05 -9.8511447900663748e-05 -0.00015584135631450767 -0.00022541764438763231 -0.00030724031185654495 -0.00040130935916040013 -0.00039004506598119528 -5.3188838562382008e-05 0.00022005132368611133 0.0006102300015697759 0.00082964103366325729 0.00094993396093701835 0.0012894829612733493 0.0014909198559638801 0.0015710652856430443 0.0015423551608304803 0.001414240776668973 0.0011940690473369036 0.00088765885954471106 -0.00022702311413072258 -0.0018007143165007663 -0.0037998803080385086 -2.1530946135656907e-05 -5.7188627789170586e-05 -0.00010697304491369788 -0.00017088419736870932 -0.00024892208548210696 -0.00034108670916020457 -0.00044737806840300208 -0.00045021645106662744 -0.00012934327723668462 0.0001260334815485753 0.00047484428784603134 0.00064536602993121763 0.00070924825158518638 0.00098486510502017888 0.0011148484328883034 0.0011160188791967014 0.0010008123467827332 0.00077868012048368978 0.00045696916169585288 4.149830466532731e-05 -0.0013787415733257729 -0.0033049995426199939 -0.0057037412045376551 8.1067631483260094e-05 0.00014855682183664438 0.0002024675706619861 0.00024279987875561876 0.00026955374571937569 0.00028272917095600658 0.00028232615605817876 0.00036785998174415266 0.00072574966089538001 0.0010265834348894489 0.0014863222145277389 0.0017886751733136694 0.0019942839411357109 0.0023726090528609946 0.0026211868402159994 0.0027542537004653211 0.002782334921818386 0.0027134297329977756 0.0025537563529902715 0.0023082396339129878 0.0013431204192619858 -9.0826387249106494e-05 -0.0019652184482216234 0.00018366619866786433 0.00035430225010198071 0.00051190815482933462 0.00065648391211214636 0.00078802952342597529 0.00090654498624129112 0.0010120303009796823 0.0011859363238665847 0.0015808425118991763 0.0019271332930450315 0.0024978000291606198 0.0029319841949039184 0.0032793194916557519 0.003760352863545053 0.0041275250916496756 0.004392488319371511 0.0045638572907441572 0.0046481791251616602 0.0046505433119426419 0.0045749806948430565 0.0040649820550922762 0.0031233463618979399 0.0017733038374143856 0.00023571258946681272 0.00045708646593145839 0.000664121629824894 0.00085681808157807673 0.0010351758186052642 0.0011991948447850698 0.0013488751558079235 0.001562641270298467 0.0019874034954057303 0.0023635639298072194 0.0029931216523756427 0.0034840970477388006 0.0038842796474166698 0.0044060218958395167 0.0048109627368746544 0.0051103213610035831 0.0053123924360537755 0.0054234798221415503 0.0054484839074900402 0.0053912857876568659 0.0049077562781892391 0.0039638097535419584 0.0025818131868224365 0.00029205042626327584 0.00056842130849050511 0.00082911264734217619 0.0010741244425981262 0.0013034566933777041 0.0015171094010018866 0.0017150825645900225 0.0019719466289267566 0.0024273922090197828 0.0028345789811408668 0.0035260859312493229 0.0040776390484780871 0.0045346793066911792 0.0050991233908461043 0.0055443241445789198 0.0058809494468131792 0.0061168862909711484 0.0062581287985353463 0.0063093364744859015 0.0062741997128229719 0.005826762689498644 0.0048903979748930806 0.003486373467385544 0.00035264161921317103 0.00068823501763021872 0.0010067801977244617 0.0013082771538747212 0.001592725891927023 0.0018601264091832016 0.0021104787047438681 0.0024136747039524282 0.0029006408773107539 0.00334002358301298 0.0040965737858344679 0.0047125411859119089 0.0052305158041412274 0.0058397461505955124 0.0063278048310467933 0.0067046904202742764 0.0069777950793466492 0.0071527368785931356 0.0072338829539518859 0.0072246921956037463 0.0068235139769665309 0.0059052730481675949 0.0044899030547365963 0.0004174480786106029 0.00081645583383407991 0.0011970232663590253 0.0015591503750377821 0.0019028371603294128 0.0022280836231520435 0.0025348897579969194 0.0028876477881842021 0.003406981729345007 0.0038797428705286538 0.0047044661130995792 0.005388734416827151 0.005971786441900875 0.0066279789568821929 0.0071616002398620206 0.0075818620824396931 0.0078955749731659097 0.0081079148868648046 0.0082229053300803077 0.0082437329780501497 0.0078995229436606799 0.0070105970597381748 0.0055953204138477469 0.00048643171410324036 0.0009530119942128618 0.0013997408433736695 0.0018266182590092898 0.0022336442425250173 0.0026208187901733998 0.0029881419113230679 0.003393688177653606 0.0039462469702052101 0.0044535819942324844 0.0053496438281508242 0.0061061497210950074 0.0067584885412911395 0.0074639106394679888 0.0080459058880584123 0.0085127822991182215 0.0088706821869856192 0.0091242736706847478 0.0092771855432932371 0.0093322918309935738 0.0090563023039091969 0.0082085319442806171 0.0068055439521302798 0.00055955443533406825 0.0010978317409926104 0.0016148319179312271 0.002110554966149918 0.0025850008842152826 0.0030381696702161203 0.0034700613317972342 0.0039316181599229269 0.0045182688380640346 0.0050613860866063473 0.0060319878328283921 0.0068647180544530763 0.0075906194369739673 0.0083476299765497981 0.0089809172474005546 0.0094977688872518763 0.0099035728996867221 0.010202424070492046 0.010397505573286041 0.010491338404147751 0.010295364829301259 0.0095012397348038721 0.0081234921603388199 0.00063677815235829087 0.0012508433127643426 0.0018421954773208049 0.0024108346518737032 0.002956760829602674 0.0034799740163537437 0.0039804742121269119 0.0045012600354456854 0.0051228795375169792 0.0057030002735366037 0.0067513790442620758 0.0076643704020189826 0.0084681764330320937 0.0092792257757045426 0.0099668298070412133 0.010537139715347614 0.010994703318930597 0.011342976983087468 0.01158464736977447 0.011721842479136739 0.011618223262645612 0.010890882437934825 0.0095520834860573396 0.0007180647756292798 0.0014119749460486082 0.0020817305127475978 0.0027273314712574115 0.0033487778295226483 0.0039460695835710083 0.0045192067274440429 0.0051024361060994375 0.0057599113067367163 0.0063782697125381125 0.007507698363692473 0.0085050377385673861 0.0093911568411930574 0.010258786867593458 0.011003839022855778 0.011631212582359681 0.012144529703343973 0.012546543165566755 0.01283939294213372 0.013024773774927188 0.013026390405511052 0.012379622149040035 0.011094236413444951 0.00080337621508513152 0.0015811548839427358 0.0023333360085964375 0.0030599195910698605 0.0037609056232685081 0.0044362941072160038 0.0050860850550540947 0.0057349686583222344 0.0064291963519676259 0.0070870395396903044 0.0083008267100481547 0.0093866510337764098 0.010359557995669115 0.011286402007029338 0.012092140433163591 0.012780305348400746 0.013353508150862826 0.013813733514131085 0.014162524200806242 0.01440110202667475 0.014521378921560132 0.01396962075722628 0.012752869276762667 0.00089267438042972666 0.0017583113653937502 0.002596910953861521 0.0034084731551079842 0.0041929979567665466 0.0049504853608983062 0.0056809353798698576 0.0063986799900942774 0.0071305668958679255 0.0078291548786310668 0.0091306449618601526 0.010309141243983242 0.011373377206688819 0.012362160001888901 0.01323192946835736 0.013984735789340738 0.014622094936003081 0.015145158881211382 0.015554823114694739 0.015851796951247495 0.016104701642341266 0.015663040317087831 0.014530900662100299 0.00091984573841891518 0.0018109729314996993 0.0026733815792423527 0.0035070716861438176 0.0043120432409617373 0.0050882962571869401 0.0058358307280740127 0.0065546466558714257 0.0072447440360822353 0.0079061228642095006 0.0091427249001889369 0.010264452750318908 0.011271306419096353 0.012163285924509047 0.012940391248569218 0.013602622391276863 0.014149979307662557 0.014582462105652927 0.014900070677321343 0.015102805130594437 0.015107066595569712 0.014393364505788216 0.012961698807286629 0.00084553893051829095 0.0016604837289766314 0.0024448343972019045 0.0031985909297134615 0.0039217533338188337 0.004614321597338801 0.0052762957421959612 0.005907675746467716 0.0065084616223332866 0.0070786533600492975 0.0081272544551344531 0.0090534790122364303 0.0098573270216118537 0.010538798536849293 0.011097893509231866 0.011534611958246326 0.011848953864405919 0.0120409192471974 0.012110508096877391 0.012057720413445891 0.011390353916349568 0.0099581341360233163 0.0077610610724671344 0.0007993655470133629 0.0015653643929055647 0.0022979965350533888 0.002997261976080052 0.0036631607186087705 0.0042956927560815032 0.0048948580937446832 0.0054606567289750933 0.0059930886643959512 0.0064921538921376065 0.007390184245569041 0.008154747805008699 0.0087858445442244113 0.0092834744789554811 0.0096476376249412053 0.0098783339507029864 0.0099755634352550887 0.0099393261415547142 0.0097696220696018611 0.009466451166932198 0.0081246066412935247 0.0059485945495891838 0.0029384148918191744 0.00076641510850273327 0.0014962595807614259 0.0021895334153707834 0.0028462366137361 0.0034663691702361975 0.0040499310947081386 0.0045969223843413337 0.0051073430307040143 0.0055811930422279494 0.0060184724132919592 0.0067833192509037426 0.0074018835491605414 0.0078741652855776421 0.0082001644713974014 0.0083798811066198194 0.0084133152137296097 0.0083004667477573468 0.0080413357536724545 0.0076359221977478657 0.0070842260687412209 0.0050649996646524465 0.0021315073108985226 -0.0017162509475511225 
end_dependent_variable

end_regular_table
