# ****************************************************************************
# CUI
#
# The Advanced Framework for Simulation, Integration, and Modeling (AFSIM)
#
# The use, dissemination or disclosure of data in this file is subject to
# limitation or restriction. See accompanying README and LICENSE for details.
# ****************************************************************************

# ##################################################################################################
# 
# This file was auto-generated by AFSIM Mover Creator 2.5.0.200324
# 
# Creation Date:  24 Mar 2020
# 
# ##################################################################################################

regular_table

independent_variable mach precision double
0.10000000000000001 0.5 0.70000000000000007 0.75 0.80000000000000004 0.84999999999999998 0.90000000000000002 0.92000000000000004 0.94000000000000006 0.95999999999999996 0.97999999999999998 1 1.02 1.04 1.0600000000000001 1.0800000000000001 1.1000000000000001 1.2 1.3 1.4000000000000001 1.5 1.75 2 
end_independent_variable

independent_variable surface_angle units deg
-20 -16 -14 -12 -10 -9 -8 -7 -6 -5 -4 -3 -2 -1 0 1 2 3 4 5 6 7 8 9 10 12 14 16 18 20 
end_independent_variable

dependent_variable precision double
-0.21466698363231046 -0.19970001768139428 -0.18532866233653242 -0.15919233228298726 -0.18325557553946073 -0.1684871888035927 -0.047578282474640486 -0.036458348597298663 -0.02680880954221853 -0.018632407236428953 -0.011934197958514511 -0.0067186133595943335 -0.0029893822081356203 -0.00074924307285502 0 -0.00074709804163318255 -0.0029820501288146889 -0.0067032116560531967 -0.011908073024544597 -0.018593197629681157 -0.026754495084402238 -0.03638728068271687 -0.047486466367662315 -0.16837347408227593 -0.18312172255478287 -0.15901908050974137 -0.18511372856895025 -0.1994312564763859 -0.210908717015835 -0.21418752024473825 -0.21466836044728854 -0.19970117934112361 -0.18532969732928378 -0.15919322825463705 -0.18325634607210264 -0.16848788104383694 -0.04757886404872947 -0.036458856381547063 -0.02680924617862266 -0.01863277162725795 -0.011934490754964649 -0.0067188342081590611 -0.0029895307832168028 -0.00074931924886480412 0 -0.00074702564256178417 -0.0029819055539391862 -0.0067029949751446181 -0.011907784172483315 -0.018592837015790543 -0.026754062876132766 -0.036386777140547041 -0.047485891454380924 -0.16837278731208036 -0.1831209562270083 -0.15901818892901504 -0.18511269789269988 -0.19943010270543426 -0.2109074493041411 -0.21418614886259763 -0.21466845816394073 -0.19970126038715122 -0.18532977123075797 -0.15919329196023818 -0.18325640188892606 -0.16848793046033128 -0.047578905018277863 -0.03645889199268041 -0.02680927728719892 -0.018632798270488332 -0.011934511742090259 -0.0067188498740808379 -0.0029895412860824122 -0.00074932464914247144 0 -0.00074702045624860654 -0.0029818952650380657 -0.0067029794394620947 -0.011907764115638092 -0.018592811042362035 -0.026754032139668656 -0.036386741789892194 -0.047485851415112905 -0.16837273826769816 -0.18312090201026712 -0.15901812537225871 -0.18511262540525183 -0.19943001942673366 -0.21090735895530954 -0.21418605300650617 -0.21466847263910363 -0.19970127404366736 -0.18532978272902362 -0.15919330118861966 -0.18325640988933742 -0.16848793844213703 -0.047578912516337814 -0.036458898523248753 -0.026809282180473775 -0.018632802419538876 -0.011934515267852939 -0.0067188525811967747 -0.0029895432024600165 -0.00074932560965697476 0 -0.0007470196422532647 -0.0029818934370370981 -0.006702977020733079 -0.011907760450333354 -0.018592807293332063 -0.026754026874281644 -0.036386735743069658 -0.047485844382193151 -0.16837273112314474 -0.18312089306096976 -0.15901811562292023 -0.18511261230690393 -0.19943000651444184 -0.2109073452987934 -0.21418603499627781 -0.21466848852829273 -0.1997012885932527 -0.18532979437613412 -0.15919331227756192 -0.18325641967588716 -0.16848794579135215 -0.047578917595668756 -0.036458904272381576 -0.026809287073748633 -0.01863280623368848 -0.011934518161024955 -0.0067188548603837328 -0.0029895447467254655 -0.000749326491097645 0 -0.00074701891198315827 -0.0029818917392753857 -0.0067029746020040642 -0.011907757492041713 -0.018592803134978717 -0.0267540224647526 -0.036386729993936849 -0.047485838353976233 -0.16837272289946612 -0.18312088452099581 -0.15901810639453878 -0.18511260173891872 -0.19942999442079681 -0.21090732888864736 -0.21418602040948131 -0.21995331542234495 -0.20327280354235486 -0.1882068800195916 -0.1614278008246304 -0.1848937395460919 -0.16984733745497393 -0.048677444013759091 -0.037317349527554271 -0.02745285372696633 -0.019088203193133486 -0.012231262451358228 -0.006888941763923977 -0.0030670195302657196 -0.00076977775659894856 0 -0.00076617503414756804 -0.0030550886330908758 -0.0068641994033677642 -0.012189581210549062 -0.01902591040881452 -0.027366807479449164 -0.037204986243166531 -0.048532546907734522 -0.16966797396282912 -0.18468276771245404 -0.1611550909886873 -0.18786883242416064 -0.20285057457668892 -0.21506084593013799 -0.21920255745299347 -0.23052295990764554 -0.21041582290978519 -0.1939610439014747 -0.16589676973229991 -0.18816837586306961 -0.17256611365626984 -0.050874491100806975 -0.039034235126019223 -0.028739984372799822 -0.019998994637477667 -0.012824748027219113 -0.0072291135988100394 -0.0032219677484396623 -0.00081067963640528266 0 -0.00080448786222733304 -0.0032014832812312178 -0.007186650838747536 -0.012753231605855406 -0.019892127914777773 -0.028592382476539592 -0.038841503318605426 -0.050625971159804529 -0.17225848436905067 -0.18780653984450338 -0.165429072531108 -0.193381304920798 -0.20969174564251458 -0.22336789441385979 -0.22923564288943862 -0.23480672012588211 -0.21331136271884929 -0.19629292708979609 -0.16770748213089479 -0.18949548373465464 -0.17366754481534188 -0.051763841907848843 -0.039728715589643145 -0.029260264995826193 -0.020367001804975311 -0.01306450160492113 -0.0073665192312715498 -0.0032845472302905237 -0.00082719181006699397 0 -0.00081964070367033951 -0.0032593477764643907 -0.0073140585617952093 -0.012975879567289501 -0.020234229820995819 -0.02907641746289177 -0.039488026763853247 -0.05145323736067324 -0.1732822659765266 -0.18904103650962376 -0.16711609934408378 -0.19555468523933783 -0.21238627269745117 -0.22663676235238289 -0.23318072283227168 -0.23909156115131872 -0.21620737637553319 -0.19862509988556645 -0.1695183582886074 -0.19082267842000572 -0.17476903350295328 -0.05265322968795455 -0.040423221840639498 -0.029780561247563127 -0.020735018115268636 -0.013304259755881547 -0.0075039269996568375 -0.0033471274433417722 -0.00084370396140197594 0 -0.00083479361488437531 -0.0033172129191727162 -0.0074414680895868402 -0.013198532213615645 -0.020576339880191207 -0.029560467512344039 -0.040134574708965427 -0.052280541710480209 -0.17430610683170003 -0.19027561471195983 -0.16880328844261314 -0.19772835078928769 -0.21508126108215458 -0.22990635674314186 -0.23712687797085349 -0.24337753688067998 -0.21910388741220951 -0.20095757840868431 -0.17132940767197091 -0.19214996373699353 -0.17587058583662785 -0.053542660290727191 -0.041117755374899131 -0.030300874021079789 -0.021103043311600247 -0.013544022401956807 -0.00764133688163917 -0.0034097084601552776 -0.00086021633042256899 0 -0.0008499469726329982 -0.0033750792563610613 -0.0075688803933351544 -0.013421190203472348 -0.020918459845012189 -0.030044534946876235 -0.040781150458297916 -0.053107890639323481 -0.17533001142224355 -0.19151028722240071 -0.1704906542497632 -0.19990232072698128 -0.21777675089543069 -0.23317671929246714 -0.24107415929943385 -0.2432106558908162 -0.21899088918540732 -0.20086561516111734 -0.17125745883395493 -0.1920974465511229 -0.17582654127988487 -0.053506325376904473 -0.041088841858478206 -0.030278824046400511 -0.021087284789712491 -0.013533704572837766 -0.0076354066753289247 -0.0034069979505557718 -0.00085949357233010347 0 -0.0008489556146833553 -0.0033712571993762884 -0.0075604174130757106 -0.013406337041624089 -0.020895576175373586 -0.030012175217911705 -0.040738140991055466 -0.05305313257172125 -0.17526236373933463 -0.19142872106384204 -0.17037717921332851 -0.19975368335422389 -0.21758991198264124 -0.23294730271138134 -0.24079466885066425 -0.24304932297412613 -0.2188813804180236 -0.20077637285717476 -0.17118756292382045 -0.19204640063718012 -0.17578370547738575 -0.053470958073763883 -0.041060680157457757 -0.030257333609328335 -0.021071919367106593 -0.013523642139176039 -0.0076296218755648538 -0.0034043542053193388 -0.00085878834258075768 0 -0.0008479808566570023 -0.0033674979846924622 -0.007552093610204944 -0.013391727263452741 -0.020873066537989954 -0.029980349321046526 -0.040695850980340384 -0.052999299961936079 -0.17519586948503418 -0.19134856382609833 -0.17026567291812111 -0.19960766755626069 -0.21740643574321636 -0.23272212704788678 -0.24052049490223126 -0.24289344668032611 -0.21877530533788825 -0.20068980237805187 -0.1711196824326621 -0.19199679737229811 -0.17574205608007437 -0.05343654156927817 -0.041033254911047957 -0.030236392015359877 -0.021056940412743919 -0.01351383018909116 -0.0076239807408620625 -0.0034017753769091225 -0.00085810028673770269 0 -0.00084702185292906396 -0.003363800200143948 -0.0075439048207878246 -0.013377355521706616 -0.020850924547416685 -0.02994904618222291 -0.040654263390858141 -0.052946374769970619 -0.17513050930206778 -0.19126978369358016 -0.17015609932879971 -0.19946421818607007 -0.21722626716409479 -0.23250111438169785 -0.24025154613781166 -0.24274293270131128 -0.21867260144504352 -0.20060585668877215 -0.17105378068510571 -0.19194860866945124 -0.17570156663077638 -0.053403056788978213 -0.041006551234762559 -0.030215988480684849 -0.02104234046205461 -0.01350426448050455 -0.0076184795649834732 -0.0033992598931512621 -0.00085742893873046264 0 -0.00084607895607580826 -0.0033601629768488608 -0.0075358493963675003 -0.013363217555701525 -0.02082914362471085 -0.029918256870749109 -0.040613366128963657 -0.052894338092527332 -0.1750662570756043 -0.19119235840653834 -0.17004842842335557 -0.19932329795801396 -0.21704934015815758 -0.23228420060533231 -0.23998774106484322 -0.24259769832399167 -0.21857320757913551 -0.20052448725102601 -0.17098982253887934 -0.1919018066872081 -0.17566222054073191 -0.053370485082602767 -0.040980557377299678 -0.030196113084793176 -0.021028111689520033 -0.013494939565694244 -0.0076131166027230785 -0.0033968071009889242 -0.00085677426227810259 0 -0.00084515128233086446 -0.003356584590067358 -0.0075279251005499143 -0.013349308587517384 -0.020807716792769534 -0.02988797032745185 -0.040573145002299311 -0.052843172358470213 -0.17500309541312165 -0.19111625955793091 -0.16994261885268597 -0.19918485367493857 -0.21687560572567607 -0.23207131172800904 -0.23972899164158987 -0.24245765714392459 -0.21847706778938042 -0.20044565258175026 -0.17092777061903802 -0.19185636737968115 -0.17562399233514278 -0.053338808767382152 -0.04095525733039436 -0.030176754418726151 -0.021014247274324365 -0.013485850689066886 -0.0076078882706408129 -0.0033944154096426423 -0.00085613545640920649 0 -0.00084423902147143237 -0.0033530643532525117 -0.0075201286847959431 -0.013335624910917122 -0.020786637074489807 -0.029858176817877134 -0.040533586771114585 -0.052792862095375821 -0.17494100339447438 -0.19104146417355339 -0.16983864141342883 -0.1990488472027902 -0.21670500510269858 -0.23186238751221225 -0.23947522012637992 -0.24232271809782302 -0.21838412672037374 -0.20036929756369223 -0.17086758978330965 -0.1918122651753229 -0.17558686272371471 -0.053308010755926144 -0.040930640540945827 -0.030157904310900804 -0.021000739186287261 -0.01347699289408855 -0.0076027921611710207 -0.0033920842721075436 -0.00085551260670956952 0 -0.00084334147857805962 -0.0033496011109960745 -0.0075124581769111546 -0.01332216059815408 -0.020765896450854689 -0.02982886889978181 -0.040494680450658606 -0.052743392143394872 -0.17487995798591993 -0.19096794689768332 -0.16973645739103538 -0.19891523195312669 -0.21653748151979443 -0.23165735475603844 -0.23922634560714603 -0.24172181538710508 -0.21796548588338555 -0.20002329212653278 -0.17059357011257659 -0.19161093683287567 -0.17541695992266373 -0.053166629495792976 -0.040817317616518356 -0.030070923801392965 -0.020938319828018349 -0.013436026583062362 -0.0075792070415123007 -0.00338128905658214 -0.00085262525359865214 0 -0.00083906639830007518 -0.0033330982624649986 -0.0074759023810336165 -0.013257996815307935 -0.020667068150770698 -0.029689259079568424 -0.040309472044030868 -0.052508073141613522 -0.17458977826567693 -0.19061871375968067 -0.16925135233663996 -0.19828157057200152 -0.2157442647719805 -0.23068839226488505 -0.23805273534705571 -0.24123691804571534 -0.21761894252089312 -0.19973311966247687 -0.1703614522056193 -0.19143944976431956 -0.17527153741288021 -0.053044827735407092 -0.040719167044304533 -0.029995232244425043 -0.020883837715070068 -0.013400206936663515 -0.0075585613101981476 -0.0033718277328976002 -0.00085008934181369524 0 -0.00083512103730093055 -0.0033178583905006109 -0.0074421350634156832 -0.013198727535286454 -0.02057580096503981 -0.02956041491056963 -0.040138750931137147 -0.052291457017761792 -0.17432298542234143 -0.19029803412703006 -0.16880647937877533 -0.19770166495950131 -0.21502053580168815 -0.22980763494155698 -0.23699044839229891 -0.24085926700003038 -0.21733861398624069 -0.19949405963113273 -0.17016757611611383 -0.19129512971122126 -0.17514837948974085 -0.052940813457046453 -0.040634786035897742 -0.029929780916307089 -0.020836553516404774 -0.013369051678931907 -0.0075405762180123185 -0.0033635763132834635 -0.00084787187430924364 0 -0.00083147442654642244 -0.0033037613307848566 -0.0074108938663815932 -0.013143892232085071 -0.020491386671200651 -0.029441338387982387 -0.039981180336267332 -0.052091828037109662 -0.17407746481695191 -0.19000335322651149 -0.16839833002076499 -0.19717099142256497 -0.21436066946387383 -0.2290082179121509 -0.23603118009261745 -0.24058097131408754 -0.21711919343912345 -0.19930183601729071 -0.17000862900395566 -0.19117555344200818 -0.17504547328695907 -0.052852967972831434 -0.040562907772673309 -0.029873619926337889 -0.020795795309101965 -0.013342123038521338 -0.0075250033800905274 -0.0033564181126703391 -0.00084594219369502565 0 -0.00082809804363977548 -0.0032907005010933861 -0.0073819417916990418 -0.01309307814029448 -0.020413190241252998 -0.029331123381495044 -0.039835552606629597 -0.051907639738747041 -0.17385130081612807 -0.18973236258594145 -0.16802374369079887 -0.19668544809447197 -0.21375956767315232 -0.22828394908154226 -0.23516741594070589 -0.24027482589851382 -0.21680677495681985 -0.19900182375427611 -0.16974517713240372 -0.19097103557742495 -0.17486534262978734 -0.052694810910597793 -0.040430674555000351 -0.029768440006647839 -0.020718613015019319 -0.013290793515577534 -0.0074951893355064596 -0.0033426616146513773 -0.00084220752492444471 0 -0.00082067824352941281 -0.0032619600000800687 -0.0073182150266719896 -0.012981251274185566 -0.02024123926047168 -0.029089187592985101 -0.039516830637427329 -0.051505900384740136 -0.17335963814083694 -0.18914531695980971 -0.16721601676435335 -0.19564569230750814 -0.21248485692172961 -0.22676667739318712 -0.23338307898570565 -0.23990198421639225 -0.2164733339982495 -0.198697756585095 -0.16948655341607902 -0.19077219186505617 -0.17469321294214302 -0.052547584456897604 -0.040310062213910668 -0.029674153112163461 -0.020650101771429404 -0.013245458719470747 -0.0074689365903136806 -0.0033305865054103836 -0.00083895606704575032 0 -0.0008152802450489471 -0.0032411078581528487 -0.0072720542811204082 -0.012900358928877177 -0.020116975940961054 -0.028914377488451323 -0.039286318413029812 -0.051215091757741887 -0.1730037679359932 -0.18872068768468001 -0.16663565631916455 -0.19490374271664065 -0.21158147316989653 -0.22569911366478754 -0.23213645898095744 
end_dependent_variable

end_regular_table
