# ****************************************************************************
# CUI
#
# The Advanced Framework for Simulation, Integration, and Modeling (AFSIM)
#
# The use, dissemination or disclosure of data in this file is subject to
# limitation or restriction. See accompanying README and LICENSE for details.
# ****************************************************************************

# ##################################################################################################
# 
# This file was auto-generated by AFSIM Mover Creator 2.5.0.200324
# 
# Creation Date:  24 Mar 2020
# 
# ##################################################################################################

regular_table

independent_variable mach precision double
0.10000000000000001 0.5 0.70000000000000007 0.75 0.80000000000000004 0.84999999999999998 0.90000000000000002 0.92000000000000004 0.94000000000000006 0.95999999999999996 0.97999999999999998 1 1.02 1.04 1.0600000000000001 1.0800000000000001 1.1000000000000001 1.2 1.3 1.4000000000000001 1.5 1.75 2 
end_independent_variable

independent_variable surface_angle units deg
-20 -16 -14 -12 -10 -9 -8 -7 -6 -5 -4 -3 -2 -1 0 1 2 3 4 5 6 7 8 9 10 12 14 16 18 20 
end_independent_variable

dependent_variable precision double
0.48059969552362686 0.45671455217804924 0.42691866249954968 0.36357603167943486 0.4406394109222258 0.40694607984335923 0.075722928664695571 0.053815016508488217 0.035442749140758983 0.019775225717941873 0.0074688658890039953 -0.00084618239209187829 -0.0049040623208364493 -0.0046070329042148597 0 0.0088337042187249248 0.021771430394504545 0.038758525117210847 0.059877773652736811 0.08537458639615407 0.1158552614425731 0.15194855108349792 0.19280227581848178 0.54457284270734474 0.5942560960370521 0.53526676086537806 0.61945901552975191 0.67069969691952136 0.71326251042417177 0.73077278578692229 0.48058915708409483 0.45670567975906318 0.42691073718042366 0.36356900143888943 0.44063345336939319 0.40694145441483476 0.075718933445318881 0.05381155679571558 0.035439583322167345 0.019772452831181616 0.0074665234429804684 -0.00084796778621751441 -0.0049052464003232106 -0.0046076240508890658 0 0.0088343086079404904 0.021772606138679006 0.038760261504165505 0.059880112359033164 0.085377651279323313 0.1158590883184103 0.15195323645929076 0.19280759196159067 0.54457933118980184 0.59426251906498095 0.53527412585801926 0.61946771737252559 0.67070946575669177 0.71327310691320012 0.73078435482828219 0.48058840474773729 0.45670504634975073 0.42691017090014421 0.36356850005497005 0.44063302767308637 0.40694112386760628 0.075718648444618411 0.053811309713243827 0.035439357487299719 0.019772254346557477 0.00746635599251016 -0.0008480953648702809 -0.0049053310930499703 -0.0046076662809673959 0 0.008834351810161829 0.02177269016160388 0.038760385287274275 0.059880279381574482 0.085377870378960899 0.11585936092777595 0.15195357102533041 0.19280797144156758 0.54457979417174651 0.59426297743273493 0.53527465187576317 0.61946833850213667 0.67071016369025194 0.7132738639381706 0.73078517980093249 0.48058827908546214 0.45670494130248906 0.42691007723951452 0.36356841647857979 0.44063295752994497 0.40694106946480907 0.075718600125854921 0.05381126831576645 0.035439319401620525 0.019772221935588669 0.0074663278980423636 -0.00084811653805197092 -0.0049053451495866722 -0.0046076733324927569 0 0.00883435895936663 0.021772704283260211 0.038760406302308301 0.059880306880662829 0.085377906548262494 0.11585940656733192 0.15195362671191459 0.19280803449597247 0.54457987121756846 0.59426305369712129 0.53527473984307694 0.61946844224700581 0.67071027882175316 0.71327398974929068 0.73078531748243025 0.48058816949843219 0.45670484674879019 0.42690999429571491 0.36356834265152804 0.4406328943453009 0.4069410205320606 0.075718558914433631 0.053811232090648045 0.035439286599933964 0.019772192966657307 0.0074663033014288381 -0.00084813529250464558 -0.0049053574106822208 -0.0046076794816461396 0 0.0088343653829527288 0.021772716367602488 0.038760424656740414 0.059880331347037116 0.085377938847597659 0.11585944718337378 0.15195367618422581 0.19280809010813424 0.54457993918385394 0.59426312184946284 0.53527481687029332 0.61946853289352721 0.67071038204566535 0.71327410119688162 0.73078544087482145 0.49551591196281708 0.46679307585778052 0.43503670688380519 0.36987994803272889 0.44525771876430648 0.41078080032576586 0.078821491202862484 0.056236021901553801 0.037257121202872515 0.021058514994169678 0.0083044886311709771 -0.00036770945544592406 -0.0046865250938101649 -0.0045499148068942974 0 0.0088884764070532047 0.021979477728935489 0.039215838407746464 0.0606764008275772 0.086601336969968468 0.11759038105765078 0.15426500170529592 0.19576472315332821 0.54823863063393652 0.59867495314020347 0.54131112645933255 0.62725401435505623 0.6803724324045074 0.72500644955824034 0.74495552071716209 0.5253716583003768 0.48696972887647516 0.45129029761268408 0.38250329949073697 0.45450747460316826 0.41846045037364177 0.085027428471829938 0.061085662642786982 0.040892842913774881 0.023631199795475528 0.0099808904736539486 0.00059316381978218838 -0.0042488467058704798 -0.0044343788547255431 0 0.0089966936364017369 0.022392991395321898 0.040126655034780821 0.062268527406625397 0.089048118720941621 0.12105223168904565 0.15888763330457603 0.2016779700241233 0.55555599038872594 0.60749860383270138 0.55338374083716424 0.64282497616177792 0.6996965410853917 0.74847117180785194 0.77329572948343728 0.53623351555557053 0.49460589284841661 0.4575780232841955 0.38747765910234577 0.45834983564959447 0.42170313817535654 0.087430743262270155 0.062965521078541337 0.042301802904668402 0.02462533369436179 0.010624087336695268 0.00095637248567035922 -0.0040889128378597652 -0.0043965371164493153 0 0.0090507919789199302 0.022583167166195049 0.040533651369784908 0.062970785632020895 0.090120840567580726 0.12256677064526332 0.16091077721000069 0.20427010148857891 0.55904763744705477 0.61166444246029228 0.5588713248875945 0.64989314510200047 0.70845420715723495 0.75910678083835637 0.78612742987929085 0.54707089473728532 0.5022283624380911 0.46385582307232209 0.39244500148245026 0.46218730601106683 0.42494174066189944 0.08983063025227625 0.064842480537331312 0.043708302683483191 0.025617378194654133 0.01126553224733043 0.0013181702287802038 -0.0039300080422960092 -0.0043592665982413277 0 0.0091056214901956006 0.022774977655539527 0.040943386174895922 0.063677107776139372 0.091199192493470471 0.12408875802166759 0.16294344861553575 0.20687410429831016 0.56255376574113181 0.61584764073023568 0.56438278359443117 0.65699269726702503 0.71725181728103116 0.76979220828899164 0.79902080743339099 0.55788367751385526 0.50983707030808256 0.47012364227657666 0.39740527822670085 0.46601985188491679 0.42817622885317547 0.092227062582792771 0.066716524095495985 0.045112326264280994 0.026607320134745583 0.011905217246080414 0.0016785522711916356 -0.0037721362933370388 -0.0043225692536903969 0 0.0091611837498448475 0.022968427261721019 0.041355865299716944 0.064387503819028816 0.092283185193114167 0.1256182074375633 0.16498566440018855 0.20949000024420483 0.56607439858006214 0.62004822909619028 0.56991815687786618 0.66412368811644695 0.72608943785647295 0.78052754181449691 0.81197597043037495 0.55613876573761722 0.50895662950335463 0.46955194489263258 0.3970530871393993 0.46595954948758922 0.42817874619935464 0.092011918140192217 0.066550017152771659 0.044986910513422497 0.026515409209868886 0.011840387910873863 0.0016355761042660475 -0.0037975650798850618 -0.0043339276051474447 0 0.0091703391257053693 0.022985829200201757 0.04138153377114704 0.064422551477827203 0.092329997095867394 0.12568078408019842 0.16506964748673994 0.20960132012610647 0.56649602324302861 0.62051204520480385 0.57034089166302826 0.6646601237505847 0.72674221023325625 0.78132317007235053 0.81292488200033253 0.5544056066624149 0.50808426457433109 0.46898683401292995 0.39670607567469884 0.4659030974091648 0.42818449458050206 0.091799408073044042 0.066385594573963799 0.044863082550250191 0.026424647240812525 0.011776331832170223 0.0015930664692352231 -0.0038227615791406747 -0.0043452092791735793 0 0.0091795040313582144 0.02300332611658926 0.041407456685427342 0.064458085048121463 0.092377592964511396 0.12574450711108001 0.16515519433741674 0.20971467764952226 0.56692020436116197 0.62097898540335195 0.57076798620351998 0.66520228398790315 0.72740220176448445 0.78212768573786806 0.81388464361654189 0.55268399086352682 0.5072198452222193 0.46842819836104932 0.39636416153627485 0.46585043871648341 0.42819341697415075 0.091589494403581509 0.066223225235611624 0.044740819333579353 0.026335015729881207 0.011713035290194289 0.0015510139442193661 -0.0038477302564497509 -0.0043564163214553772 0 0.0091886793291732997 0.023020918652776987 0.041433633942087551 0.06449410197350107 0.09242596948352684 0.12580936715298169 0.16524229432469573 0.2098300553102963 0.56734692009892074 0.62144902055545259 0.57119940370489086 0.66575011966494391 0.72806935082838442 0.78294102325977166 0.8148551793234694 0.55097364854475506 0.50636318101490219 0.4678758927834808 0.39602723003916074 0.46580148861262688 0.42820544939189426 0.091382117035691407 0.066062863635840671 0.044620085170411945 0.026246489615321208 0.011650482451573812 0.0015094088096489551 -0.0038724760013660233 -0.0043675503571926804 0 0.0091978652042764251 0.02303860575382697 0.041460062731680875 0.064530596095509818 0.092475113201059278 0.12587534759481683 0.16533092464554391 0.20994742351806991 0.5677761360284882 0.62192210872406561 0.57163508117599537 0.66630355125389695 0.72874356246193372 0.78376305856098416 0.81583634957905637 0.54927429792789062 0.50551409698524397 0.46732977011730903 0.39569516951994088 0.46575616643856443 0.42822052074542644 0.091177223494117485 0.06590446739107636 0.044500847121379923 0.026159045487556792 0.011588655283753704 0.001468240571961185 -0.003897004321149406 -0.0043786136088253443 0 0.009207061692018249 0.023056386945296225 0.041486738629793803 0.064567559387688531 0.092525012883042726 0.12594243221993767 0.16542106059171421 0.21006674843296369 0.56820781094216433 0.62239819680878672 0.57207495919796436 0.66686249837853684 0.72942473323283774 0.78459367661419588 0.81682800491329244 0.5475856758701011 0.50467241188485579 0.46678968849849561 0.39536787182793814 0.46571439204133763 0.42823856485832146 0.090974758252283794 0.06574799258464202 0.04438307308064645 0.026072658932309384 0.011527539609260817 0.0014275004567514116 -0.0039213203509476553 -0.0043896075638717143 0 0.0092162694956907463 0.023074261507147732 0.041513659504223685 0.064604985989270752 0.092575657354949159 0.126010603144634 0.16551268001509112 0.21018800587512973 0.56864190726406372 0.62287724290234492 0.57251896945100622 0.66742687441115356 0.73011276307269546 0.78543275497962306 0.81783000832936592 0.54590752595634173 0.5038379533662708 0.4662555145620435 0.39504522629699707 0.46567608376465464 0.42825951629837755 0.090774667941864853 0.065593397004134607 0.044266730808414284 0.025987308065663066 0.011467118947247742 0.0013871776690459819 -0.0039454290956692697 -0.0044005339052090135 0 0.0092254884608673655 0.023092228324905564 0.041540821347322565 0.064642868521272379 0.092627036915814615 0.12607984435319855 0.16560575953214662 0.21031116301683347 0.56907839082684775 0.62335920360157782 0.57296705413866034 0.66799661028773072 0.73080755840274148 0.7862801824850375 0.81884221446538386 0.53766506025375405 0.49976826459779 0.46366856167827486 0.39349825365824492 0.46553395813136406 0.42840571146184231 0.089808078893677645 0.064847223679815283 0.043705435901662544 0.025575302881489823 0.011174919216164599 0.0011915103432540463 -0.0040630243513961675 -0.0044542130978035763 0 0.0092717608958826428 0.023183418706687404 0.041680150594970142 0.064838912554805686 0.092894576197529916 0.1264415531838298 0.16609230767469513 0.2109544606143566 0.57129534295596274 0.62581119412269703 0.57526650007217051 0.67092293757003452 0.7343797195246029 0.79063854700805936 0.82405162903543006 0.52964820339786434 0.4958552608716697 0.46121003757470508 0.39205284359970088 0.46546770884593835 0.42861558349939688 0.088893554959744714 0.064142268958564091 0.043175539223274828 0.025185986510424575 0.010897938407131449 0.0010049676354620782 -0.0041761131800661447 -0.0045064451090113108 0 0.0093183449143605449 0.023276792633299261 0.041825070418441856 0.065045440513440092 0.093178911003290024 0.12682770889005679 0.16661219051726875 0.21164111325968171 0.57356674328000312 0.62832971952532224 0.57765913457392482 0.67397203871852129 0.73810733399758777 0.79518914236389915 0.82949656790153448 0.52182989472286867 0.4920809588260453 0.458865570758903 0.39069789787630488 0.46546921150924758 0.42888237143085184 0.088025600564475365 0.063474208562224549 0.042673756064825569 0.024816973806573848 0.010634568865394082 0.00082656863942062221 -0.0042851982493854572 -0.0045574061060297804 0 0.009365256177571446 0.023372246034273819 0.041975226939077091 0.065261728266919547 0.09347883875963392 0.12723652354739118 0.16716295598960265 0.21236794062184297 0.57588860640335282 0.63090994715166859 0.58013832995430825 0.67713540791910098 0.74197992619469555 0.79991937694699133 0.8351619744383636 0.51418574517940097 0.48842913228707702 0.45662219565258649 0.3894234020568636 0.46553113614440478 0.42919997637517787 0.087199270337313256 0.06283913910870019 0.042197117194575286 0.024466123190056071 0.010383361697849749 0.00065543156095303873 -0.0043907282707977063 -0.0046072518457047863 0 0.0094125059884220957 0.023469675536854091 0.042130285200118439 0.065487098701358978 0.093793237660044271 0.12766634899667065 0.16774234429178328 0.21313200126587906 0.57825726449091042 0.63354742717293855 0.58269798565778674 0.68040521116897101 0.7459878621322017 0.80481765648677217 0.84103398039796673 0.49569818976294716 0.47974288212910404 0.45138201068180611 0.38653194864209672 0.4659084680108877 0.43018153456513025 0.085287302912928603 0.061373564776155277 0.041098648249207476 0.023656255455861686 0.0098003391622951963 0.0002543699627247002 -0.0046415414459910131 -0.0047278597098200925 0 0.0095321455236788283 0.023721247774332106 0.042537357665548566 0.066086238344680637 0.094635940756961287 0.12882310596230395 0.16930274982586913 0.21518780073687468 0.58436210424544277 0.64036553271791474 0.58941341615605269 0.68899948952823964 0.75654332002760172 0.81773055931643623 0.85653643665441448 0.48381168780101569 0.47400510059653311 0.44782001171966429 0.38447763222409981 0.46590526459036274 0.43058211627821913 0.083990080027249683 0.060379025639688638 0.040355223977864806 0.023112639179026701 0.0094148625049365314 -4.8690875643911326e-06 -0.0047988593953123384 -0.0048008025649922195 0 0.0095983576141688998 0.023855634591109304 0.042748792257863932 0.066391630233138002 0.095061469008546493 0.12940673113349555 0.17009434727181835 0.21623901274079269 0.58780232959748346 0.64419087061556923 0.59308621355933178 0.69370391020730793 0.76232412312106035 0.82481696461013598 0.86504823951720611 
end_dependent_variable

end_regular_table
