# ****************************************************************************
# CUI
#
# The Advanced Framework for Simulation, Integration, and Modeling (AFSIM)
#
# The use, dissemination or disclosure of data in this file is subject to
# limitation or restriction. See accompanying README and LICENSE for details.
# ****************************************************************************

# ##################################################################################################
# 
# This file was auto-generated by AFSIM Mover Creator 2.5.0.200324
# 
# Creation Date:  24 Mar 2020
# 
# ##################################################################################################

regular_table

independent_variable mach precision double
0.10000000000000001 0.5 0.70000000000000007 0.75 0.80000000000000004 0.84999999999999998 0.90000000000000002 0.92000000000000004 0.94000000000000006 0.95999999999999996 0.97999999999999998 1 1.02 1.04 1.0600000000000001 1.0800000000000001 1.1000000000000001 1.2 1.3 1.4000000000000001 1.5 1.75 2 
end_independent_variable

independent_variable surface_angle units deg
-20 -16 -14 -12 -10 -9 -8 -7 -6 -5 -4 -3 -2 -1 0 1 2 3 4 5 6 7 8 9 10 12 14 16 18 20 
end_independent_variable

dependent_variable precision double
-2.6642209715834668 -1.9178462278658548 -1.5713188096350406 -1.1621328706987066 -1.2187395006977699 -1.2366600832225023 -0.29497787601143327 -0.18760854588745457 -0.047808094700255287 0.047404571217304077 0.1117810304870572 0.1252949090358442 0.10661046308651846 0.067593846810598102 0 -0.079540869298282066 -0.18063219138714767 -0.30157699589676928 -0.45406193571338876 -0.65653978865133777 -0.88889719369040809 -1.1647294410444207 -1.4110406065242134 -2.628566618446333 -2.7737516958171291 -2.9295747104497689 -3.5967594683896338 -4.1551247636716013 -4.6774260253657465 -5.2056049200250998 -2.6642884411734977 -1.9179016085738434 -1.5713675101856004 -1.1621744892107091 -1.2187746675292075 -1.236691626723452 -0.29500448776113158 -0.18763168545862299 -0.047827835547833507 0.04738818726790972 0.11176797098766669 0.12528512386295007 0.10660391588476308 0.067590508108698669 0 -0.07953773049503296 -0.18062595296405953 -0.30156769647908394 -0.45404962765728657 -0.65652454031382179 -0.88887905664622324 -1.1647084821993325 -1.4110168300458783 -2.6285380009376902 -2.7737198166710142 -2.9295383452683432 -3.5967180764195121 -4.1550791251575525 -4.6773767315195647 -5.2055525787292032 -2.664293261663214 -1.917905562935305 -1.5713709857131395 -1.1621774643218206 -1.2187771782443477 -1.2366938788950663 -0.29500638873329288 -0.18763334001811449 -0.047829245183103768 0.047387016751911044 0.11176703828854706 0.12528442570612253 0.10660344815838828 0.067590269584806503 0 -0.079537506223036389 -0.18062550655971127 -0.30156703255657474 -0.45404874876558465 -0.65652345017404878 -0.88887776199360913 -1.1647069846711708 -1.4110151333632905 -2.6285359575954175 -2.7737175380050139 -2.9295357468835781 -3.5967151222955254 -4.1550758651573734 -4.6773732146131533 -5.2055488409370154 -2.6642940622997293 -1.9179062156944495 -1.5713715676965518 -1.1621779584123415 -1.2187775971682133 -1.2366942549516113 -0.29500670387507805 -0.18763361486015309 -0.047829480097508002 0.047386823104744943 0.11176688386200223 0.12528430912338398 0.10660337041485604 0.067590229861833828 0 -0.079537468714131046 -0.18062543256520899 -0.30156692155551851 -0.45404860137195957 -0.65652326992292032 -0.88887754587086887 -1.1647067356909271 -1.4110148485486462 -2.628535614954544 -2.7737171631392279 -2.9295353147869423 -3.5967146280561595 -4.1550753266366609 -4.6773726181917894 -5.2055482160862825 -2.6642947676755333 -1.9179067974545949 -1.5713720745133091 -1.1621783929649179 -1.2187779653359809 -1.2366945845685597 -0.29500698448485507 -0.18763385390500228 -0.047829686656965936 0.047386651114506337 0.11176674722241847 0.12528420563899334 0.10660330271835203 0.067590194780960317 0 -0.079537436275253837 -0.18062536807817237 -0.30156682555058228 -0.45404847351422278 -0.6565231101379605 -0.88887735594482442 -1.1647065187867514 -1.411014598935812 -2.6285353169671297 -2.7737168287592446 -2.9295349337440948 -3.5967141946943433 -4.1550748485469633 -4.6773721021466512 -5.2055476728025356 -2.5548036529947638 -1.8406031235123252 -1.5051875569200306 -1.1041685086004216 -1.1688450590209665 -1.1909052781711711 -0.25345779176756478 -0.15279746822085402 -0.017653064992972645 0.072884292849385246 0.13261712381235835 0.1415751532467997 0.11848148938761778 0.075261640369776145 0 -0.083012013895919168 -0.18717521478815677 -0.310753996087759 -0.46540463043982949 -0.66955903573962861 -0.90309325038468613 -1.1796029793822436 -1.4261038312663521 -2.643352841634186 -2.7893393636735273 -2.9422826674486582 -3.6058631590252008 -4.1607088936201091 -4.6805283879690691 -5.2138679693348768 -2.580711073864475 -1.8514932955108272 -1.5061373543699565 -1.0916906900950851 -1.1448494373623399 -1.1623180861010429 -0.22126281226004699 -0.12290319167892141 0.012878737575306186 0.10277758221497858 0.16056755168135789 0.16627575234412473 0.13864799877777814 0.089656962351587724 0 -0.090848920596941427 -0.20366690970388401 -0.33659951498394325 -0.50117660153153143 -0.71570086895134821 -0.95992113667176704 -1.2473132950929799 -1.5047859379815176 -2.7330087488338464 -2.8929606812524531 -3.0668039362967501 -3.7518819796554799 -4.330482978992384 -4.8793102599117031 -5.4629691328547407 -2.5981308719276899 -1.8612296373769761 -1.5110489145181711 -1.0902591431642288 -1.1386716729614788 -1.1540343041605996 -0.2096206019361288 -0.11186718431219875 0.024488473448082072 0.11438367716380399 0.17159290541006725 0.17612339191429074 0.14674658474013982 0.095464695620419454 0 -0.094060342686873272 -0.21046337553899663 -0.34730472447497235 -0.51607329416872205 -0.73503562304656711 -0.98387000712657546 -1.2760152420867465 -1.5382697192942838 -2.7729876211072537 -2.9388932736925644 -3.1212897357452847 -3.8160056082360723 -4.4049575461897668 -4.9661768119471379 -5.5707414819668939 -2.6158337328503345 -1.8711432677932334 -1.5160966105889111 -1.0889260018587001 -1.1325582989672092 -1.1457990289449362 -0.19801085359015344 -0.10085238689184713 0.036087649313705394 0.12598780956334843 0.18262265865801106 0.18597941683095706 0.15485507651415667 0.10128134520072667 0 -0.097277981557850252 -0.21727439839421908 -0.35803477861460775 -0.53100685174884843 -0.7544207561860915 -1.0078839952439735 -1.3047980123618055 -1.5718507314594163 -2.813082047214214 -2.9849623050140344 -3.1759449745887172 -3.8803329906680109 -4.4796727393855234 -5.0533281681482807 -5.6788770660681491 -2.6338203205400332 -1.8812346105209214 -1.5212807990060837 -1.0876915407079637 -1.126509532573954 -1.1376124357635318 -0.18643371230120834 -0.089858907122009044 0.047676189975751605 0.13758992440055065 0.19365677041098736 0.19584380501298823 0.16297346059215737 0.10710690713509652 0 -0.10050183842667906 -0.22409998644113427 -0.36878969611264856 -0.54597730285012414 -0.7738563079328854 -1.0319631689865254 -1.3336616931263612 -1.6055290697673954 -2.8532921617402516 -3.0311679229305035 -3.23076987091454 -3.9448643837979893 -4.5546288581150529 -5.1407646839566601 -5.7873763165109162 -2.7690314223043466 -1.9734091839155623 -1.5959141114819912 -1.1459848934299486 -1.1703528371904932 -1.1745049513170591 -0.21511873069245974 -0.11232338318822491 0.030760372490017784 0.1255308449400426 0.18570531830965806 0.19117077143613057 0.16071485675119332 0.10636994419132637 0 -0.10089957668193723 -0.22578117625445268 -0.37261870599073399 -0.5527965134714552 -0.78448048290943573 -1.0471343313492174 -1.3540716701196069 -1.6317358193821858 -2.8875085563052316 -3.0720380788954524 -3.2855828723627152 -4.0155525462549022 -4.6420774130317541 -5.2465077612203999 -5.9141924455609187 -2.7755601390162572 -1.9785765817094081 -1.6004390842217822 -1.1498140791607971 -1.1742796660442079 -1.1782543567374513 -0.21701843067678409 -0.11385843475263287 0.029533388293028325 0.12457080918136569 0.18498302871383951 0.19063801417531079 0.16033926857622674 0.10612865926232837 0 -0.10082062205858677 -0.2256546144465276 -0.37247599969130823 -0.55268133419111409 -0.78445466678018105 -1.047242632940113 -1.3543720604113614 -1.632220949799746 -2.8898981035412712 -3.0745299863862026 -3.287878172163043 -4.0184914971741872 -4.6454285496691456 -5.2501120211089711 -5.9176280977401463 -2.7820969609263098 -1.9837484422592278 -1.6049651106938925 -1.1536392077081523 -1.1781987093292379 -1.1819941910759573 -0.21890570960198658 -0.1153820255156649 0.028318080811772298 0.12362217429912302 0.1842713782511024 0.19011463986391314 0.15997132920012172 0.1058928275383703 0 -0.10074460613145225 -0.22553423320941368 -0.37234297394916493 -0.55257955533187864 -0.78444613939847074 -1.0473722440992461 -1.3546978587741798 -1.6327356531611212 -2.892322871252436 -3.0770624382053509 -3.2902214004258599 -4.0214867002583601 -4.6488449220328709 -5.2537922814224842 -5.9211576441759943 -2.7886420256266948 -1.9889248679405176 -1.6094923395348015 -1.1574604716474977 -1.1821102351747184 -1.1857247296360345 -0.22078085930818911 -0.11689442022767793 0.027114194524274261 0.12268470656222699 0.18357014993540616 0.18960046126254287 0.15961088787652264 0.10566234519457891 0 -0.10067147337395771 -0.22541991847957163 -0.37221945394601302 -0.55249093389706849 -0.78445459060138034 -1.0475227796905346 -1.3550486221713292 -1.6332794055026265 -2.8947822820695044 -3.0796347515717439 -3.2926117608906886 -4.0245372260010246 -4.6523254348628935 -5.2575472611425136 -5.924779531583015 -2.7951953975970083 -1.9941059657131968 -1.6140209020554479 -1.1612780877862598 -1.1860144768205492 -1.1894462497454312 -0.22264416082937666 -0.11839587323477303 0.025921482243871072 0.12175816890546519 0.18287913038275602 0.18909529788936205 0.1592578003561522 0.10543710943497107 0 -0.10060117056290148 -0.22531155635719172 -0.37210526443935388 -0.55241523015714866 -0.78447971769799762 -1.0476938735407331 -1.3554239105429737 -1.6338517035797822 -2.8972757583553355 -3.0822462802307591 -3.2950484524744814 -4.0276421487359828 -4.6558690214178542 -5.2613757172953841 -5.9284922051277782 -2.8017572099045571 -1.9992918324752709 -1.6185509274829413 -1.1650922476877774 -1.1899116995975825 -1.1931590100369807 -0.22449590561867447 -0.11988663039889408 0.024739696188520146 0.12084233426599987 0.18219811454446938 0.18859896650890268 0.15891192112455174 0.10521701975577452 0 -0.10053364386853905 -0.22520903624681993 -0.37200023478599487 -0.55235220950284658 -0.78452121784856566 -1.0478851556959357 -1.355823292045514 -1.6344520471845434 -2.8998027326537756 -3.0848963669727909 -3.2975307189262599 -4.0308005540497067 -4.6594746509173133 -5.2652764501319655 -5.9322941492718941 -2.8083275439377107 -2.0044825735195944 -1.6230825478724427 -1.1689031386584245 -1.1938021451107983 -1.1968632814083318 -0.22633635885808945 -0.12136694130310645 0.023568602344328643 0.11993697255944251 0.18152689554851403 0.18811129423041467 0.15857311021173354 0.10500197759192123 0 -0.10046884169193822 -0.22511225193648343 -0.37190419741638953 -0.55230164739424481 -0.78457880287454551 -1.0480962720690983 -1.3562463420840949 -1.6350799534344065 -2.9023626661464208 -3.0875843702764798 -3.3000577880984143 -4.0340115835836396 -4.6631412901397695 -5.269248251627352 -5.9361838719944569 -2.8413100612405811 -2.0305124012784797 -1.6457688199009362 -1.1879149932189443 -1.2131608424352516 -1.2152660422509283 -0.23537851382733668 -0.12862003959560855 0.017865416599880234 0.11555967988179161 0.17831084475547074 0.18579685065134813 0.15698033560866806 0.10399915404809779 0 -0.10018393038211727 -0.22471069469416577 -0.37155323499877441 -0.55222791820794392 -0.7850980708762032 -1.0494372891135291 -1.3587023682731822 -1.6386163699834966 -2.9156378473987936 -3.1015717667536511 -3.3133396749606874 -4.0508260133074563 -4.6823550256664994 -5.2901328918953139 -5.9568989452181675 -2.8745177206870833 -2.0566766189798846 -1.6685123727909335 -1.2068715237813685 -1.2323837220972649 -1.2334927886852087 -0.24417651358232936 -0.13564603932760649 0.01239618841046714 0.11141283008543795 0.17531118473515739 0.18367426344863666 0.15554462616053058 0.10310875215445381 0 -0.09995983279451949 -0.22443736936611067 -0.37140364364208212 -0.55243348840570505 -0.78597841039200245 -1.0512240651148688 -1.3616909305693929 -1.6427734118573876 -2.9296592971989868 -3.1164181551187538 -3.327635549140795 -4.0688317858496355 -4.7029504130339674 -5.3126265760865881 -5.9795998985596741 -2.9079585479922021 -2.0829841329050005 -1.6913257892917295 -1.225792181243482 -1.251495881722172 -1.251570655724985 -0.25275889637182092 -0.14247050653921703 0.0071359150393546181 0.10747276926579065 0.17250643244809136 0.18172500132526578 0.15425115922611185 0.10232037684627106 0 -0.099791038962116552 -0.22428082991263137 -0.37143768710413111 -0.55289405642172917 -0.78718876174121832 -1.0534186741044631 -1.3651671330456967 -1.6474992173383287 -2.9443682486183889 -3.1320559364355685 -3.3428647740833233 -4.0879347933016366 -4.7248183769407959 -5.3366019513460605 -6.004128168480027 -2.9416388178599626 -2.1094423787477794 -1.7142199737779518 -1.2446942290789726 -1.2705198181690258 -1.2695240772963505 -0.26115139308161356 -0.14911653153395918 0.0020619705789946992 0.1037180878755181 0.16987710949739837 0.17993223896961275 0.15308646793623837 0.10162457744227273 0 -0.099672533213062964 -0.2242306558351439 -0.37163921434052588 -0.5535874827362679 -0.78870080994239156 -1.0559864953626756 -1.369090026471016 -1.6527464792125188 -2.9597110482936411 -3.1484233857815349 -3.3589536867635141 -4.1080490500702274 -4.7478592392571608 -5.3619426328988506 -6.0303388768323183 -3.0269154198505861 -2.1762854792640449 -1.7718680225332051 -1.2919645397743653 -1.3178212359522314 -1.3140019750182006 -0.28144863391920671 -0.16508281108078507 -0.0099371600577143927 0.095019590762258993 0.16395941545840725 0.1760383047077127 0.15066062264780702 0.10023564312011377 0 -0.099567342036980186 -0.22451035979814765 -0.37278238670069935 -0.55621174176147159 -0.79363700049191732 -1.0638385201154452 -1.3806142874819327 -1.667871850033759 -3.0005303013399067 -3.1921765310758183 -3.4025098381149572 -4.1622599416311958 -4.8100143353802993 -5.430591693435403 -6.1023845131277321 -3.076846682248517 -2.2158519021257868 -1.8062699837595126 -1.3205545850516629 -1.3468392838874113 -1.3414692946610578 -0.29441530918812031 -0.17541243206194662 -0.017921914239717184 0.08901659261623511 0.15966441713303584 0.17303578000057016 0.1486556486738396 0.099006988713525798 0 -0.099284477213779324 -0.22421298478701238 -0.37273550884850876 -0.55676767564838836 -0.79528003529782887 -1.066920836181054 -1.3855834840076049 -1.6746825607799107 -3.022549061763069 -3.2155527060376885 -3.4251105008300282 -4.1906297084195892 -4.8424464178324875 -5.4660507713413242 -6.1383426008774133 
end_dependent_variable

end_regular_table
