# ****************************************************************************
# CUI
#
# The Advanced Framework for Simulation, Integration, and Modeling (AFSIM)
#
# The use, dissemination or disclosure of data in this file is subject to
# limitation or restriction. See accompanying README and LICENSE for details.
# ****************************************************************************

irregular_table
   independent_variable alt units ft
   independent_variable mach precision float
   dependent_variable precision float
   alt       0.0
      mach       0.00     0.20     0.40     0.60     0.80     0.90     1.00     1.10     1.20     1.30     1.50
      values       2500.0000       2412.5000       2437.5000       2567.5000       2800.0000       2952.5000       3130.0000       3320.0000       3520.0000       3735.0000          0.0000
   alt    5000.0
      mach       0.00     0.20     0.40     0.60     0.80     0.90     1.00     1.10     1.20     1.30     1.50
      values       2150.0000       2074.7500       2096.2500       2208.0500       2408.0000       2539.1500       2691.8000       2855.2000       3027.2000       3212.1000          0.0000
   alt   10000.0
      mach       0.00     0.20     0.40     0.60     0.80     0.90     1.00     1.10     1.20     1.30     1.50
      values       1840.0000       1775.6000       1794.0000       1889.6800       2060.8000       2173.0400       2303.6800       2443.5200       2590.7200       2748.9600          0.0000
   alt   15000.0
      mach       0.00     0.20     0.40     0.60     0.80     0.90     1.00     1.10     1.20     1.30     1.50
      values       1562.5000       1507.8125       1523.4375       1604.6875       1750.0000       1845.3125       1956.2500       2075.0000       2200.0000       2334.3750          0.0000
   alt   20000.0
      mach       0.00     0.20     0.40     0.60     0.80     0.90     1.00     1.10     1.20     1.30     1.50
      values       1322.5000       1276.2125       1289.4375       1358.2075       1481.2000       1561.8725       1655.7700       1756.2800       1862.0800       1975.8150          0.0000
   alt   25000.0
      mach       0.00     0.20     0.40     0.60     0.80     0.90     1.00     1.10     1.20     1.30     1.50
      values       1110.0000       1071.1500       1082.2500       1139.9700       1243.2000       1310.9100       1389.7200       1474.0800       1562.8800       1658.3400          0.0000
   alt   30000.0
      mach       0.00     0.20     0.40     0.60     0.80     0.90     1.00     1.10     1.20     1.30     1.50
      values        925.0000        892.6250        901.8750        949.9750       1036.0000       1092.4250       1158.1000       1228.4000       1302.4000       1381.9500          0.0000
   alt   35000.0
      mach       0.00     0.20     0.40     0.60     0.80     0.90     1.00     1.10     1.20     1.30     1.50
      values        765.0000        738.2250        745.8750        785.6550        856.8000        903.4650        957.7800       1015.9200       1077.1200       1142.9100          0.0000
   alt   40000.0
      mach       0.00     0.20     0.40     0.60     0.80     0.90     1.00     1.10     1.20     1.30     1.50
      values        605.0000        583.8250        589.8750        621.3350        677.6000        714.5050        757.4600        803.4400        851.8400        903.8700          0.0000
   alt   45000.0
      mach       0.00     0.20     0.40     0.60     0.80     0.90     1.00     1.10     1.20     1.30     1.50
      values        475.0000        458.3750        463.1250        487.8250        532.0000        560.9750        594.7000        630.8000        668.8000        709.6500          0.0000
   alt   50000.0
      mach       0.00     0.20     0.40     0.60     0.80     0.90     1.00     1.10     1.20     1.30     1.50
      values        372.5000        359.4625        363.1875        382.5575        417.2000        439.9225        466.3700        494.6800        524.4800        556.5150          0.0000
   alt   55000.0
      mach       0.00     0.20     0.40     0.60     0.80     0.90     1.00     1.10     1.20     1.30     1.50
      values        292.5000        282.2625        285.1875        300.3975        327.6000        345.4425        366.2100        388.4400        411.8400        436.9950          0.0000
   alt   60000.0
      mach       0.00     0.20     0.40     0.60     0.80     0.90     1.00     1.10     1.20     1.30     1.50
      values          0.0000          0.0000          0.0000          0.0000          0.0000          0.0000          0.0000          0.0000          0.0000          0.0000          0.0000
end_irregular_table
