# ****************************************************************************
# CUI
#
# The Advanced Framework for Simulation, Integration, and Modeling (AFSIM)
#
# The use, dissemination or disclosure of data in this file is subject to
# limitation or restriction. See accompanying README and LICENSE for details.
# ****************************************************************************

# ##################################################################################################
# 
# This file was auto-generated by AFSIM Mover Creator 2.5.0.200402
# 
# Creation Date:  03 Apr 2020
# 
# ##################################################################################################

regular_table

independent_variable mach precision double
0.10000000000000001 0.5 0.70000000000000007 0.75 0.80000000000000004 0.84999999999999998 0.90000000000000002 0.92000000000000004 0.94000000000000006 0.95999999999999996 0.97999999999999998 1 1.02 1.04 1.0600000000000001 1.0800000000000001 1.1000000000000001 1.2 1.3 1.4000000000000001 1.5 1.75 2 2.5 3 
end_independent_variable

independent_variable surface_angle units deg
-25 -22 -20 -18 -16 -14 -12 -10 -9 -8 -7 -6 -5 -4 -3 -2 -1 0 1 2 3 4 5 6 7 8 9 10 12 14 16 18 20 22 24 25 
end_independent_variable

dependent_variable precision double
0.15442593714232747 0.023461556512475685 0.0080428910949457057 0.0011205798898438978 -0.00063050462239421011 -0.0020020284786378402 -0.0018341796035144927 -0.0014975037946212434 -0.0012995456718230933 -0.0010952377903325975 -0.00089363815997941978 -0.0006998585806375422 -0.00051972876161312262 -0.00036190472774846888 -0.00023014823430912145 -0.00012489242677831474 -4.7621444349135879e-05 0 1.666589390419667e-05 -6.2734494556870048e-08 -4.774557919413235e-05 -0.0001250776746823382 -0.00023039584473604394 -0.0003622191677074703 -0.00052013127045966124 -0.00070032443539845167 -0.00089415715139327457 -0.0010958220430502678 -0.0014982037212547164 -0.0018349926183328475 -0.0020029505566448455 -0.00063129090632722785 0.0011201237650874092 0.0080433717642563411 0.023463420192289548 0.026739899424864797 0.15441478015987822 0.023462213231614303 0.008043013707323984 0.0011203450350938616 -0.00063085609935100773 -0.0020024205099606353 -0.0018345159774810894 -0.0014977845982100122 -0.001299799696832698 -0.0010954636962655841 -0.00089383429017607916 -0.00070003021471587749 -0.00051987224669799016 -0.00036201060555010595 -0.00023022543236373206 -0.00012494316454410038 -4.7646654140963074e-05 0 1.6691483484399025e-05 -1.2547196740154353e-08 -4.767148166079103e-05 -0.00012498021488235888 -0.00023027495603410156 -0.00036207349513719668 -0.00051995275043564728 -0.00070012338813107251 -0.00089393809133820517 -0.0010955805499543549 -0.0014979245874239392 -0.0018346785845752024 -0.0020026049311063919 -0.00063101336180975526 0.0011202538040582001 0.008043109833881578 0.023462585959077104 0.026740776053231202 0.15441396729902399 0.023462247685272056 0.008043012063597671 0.0011203197313957955 -0.00063088804139495042 -0.0020024538382378155 -0.0018345440039113157 -0.0014978075161861874 -0.00129982020297286 -0.0010954817416392469 -0.00089384980404633087 -0.00070004362076219297 -0.00051988333166877931 -0.00036201874196444212 -0.00023023130511960247 -0.00012494697997810847 -4.7648526502393138e-05 0 1.6693335234840827e-05 -8.9623378577220805e-09 -4.7666260804715525e-05 -0.00012497344465707398 -0.00023026667925893533 -0.00036206366294349598 -0.00051994083467714347 -0.00070011017368450394 -0.00089392394795439578 -0.0010955652088660177 -0.0014979075090354016 -0.0018346601526012332 -0.0020025855675363646 -0.00063100037222906869 0.0011202545646861108 0.0080430807244057517 0.023462513917160067 0.026740825118925414 0.15441383096976505 0.023462252759264533 0.0080430112317381851 0.0011203150571328232 -0.00063089373058420662 -0.0020024596781037011 -0.0018345488889525594 -0.001497811489160284 -0.0012998237465067109 -0.0010954848515900431 -0.00089385246963452592 -0.00070004591619249714 -0.00051988522402029156 -0.00036202012872841243 -0.0002302323031783688 -0.00012494762605014644 -4.7648842448232155e-05 0 1.6693645203493254e-05 -8.3647634751224701e-09 -4.7665394321345472e-05 -0.00012497232654187738 -0.00023026531900584865 -0.000362062055343092 -0.00051993889364247692 -0.00070010803273870949 -0.00089392167092455137 -0.0010955627543240368 -0.0014979048155090119 -0.0018346572951247371 -0.0020025826266162824 -0.00063099857301345951 0.0011202542351370194 0.0080430753151137149 0.023462501243690106 0.026740832571240436 0.15441371141517118 0.02346225698849505 0.0080430103282349043 0.0011203108221724547 -0.00063089882630066707 -0.0020024648784518436 -0.0018345532322339771 -0.0014978150145667712 -0.001299826888270568 -0.0010954876049913539 -0.00089385482824266198 -0.00070004794455592108 -0.0005198868937731307 -0.00036202135173808107 -0.00023023318243539886 -0.00012494819478460373 -4.7649120176146213e-05 0 1.6693916706888849e-05 -7.8420275908920951e-09 -4.7664637591487917e-05 -0.00012497135139480088 -0.00023026413502823912 -0.00036206065796446279 -0.00051993720931766915 -0.00070010617892459263 -0.00089391970437863416 -0.0010955606386267034 -0.0014979025078821558 -0.0018346548618842131 -0.0020025801426830328 -0.00063099711565170176 0.0011202538016261037 0.0080430704061328108 0.023462489942128753 0.02674083886117817 0.15441360568949924 0.023462260536470568 0.0080430093774294057 0.001120306959467145 -0.00063090342199455208 -0.0020024695449135568 -0.0018345571230320636 -0.0014978181668834538 -0.0012998296953531973 -0.0010954900632742291 -0.00089385693157855556 -0.00070004975143881775 -0.00051988837989752265 -0.0003620224395808886 -0.00023023396365368684 -0.00012494869932098531 -4.7649366142527346e-05 0 1.6694156702524325e-05 -7.3807665555183775e-09 -4.7663970877545203e-05 -0.00012497049364276072 -0.00023026309551304626 -0.00036205943359446895 -0.00051993573528677452 -0.0007001045596429109 -0.00089391799164673178 -0.001095558800054412 -0.001497900512862158 -0.0018346527747743198 -0.0020025780297475712 -0.00063099592971604826 0.0011202532928232475 0.0080430659214497068 0.023462479786105508 0.026740844211605223 0.15441351150511509 0.023462263527537188 0.0080430083963257543 0.0011203034159023777 -0.00063090759631739335 -0.0020024737640549923 -0.0018345606329184766 -0.0014978210061810581 -0.0012998322199416219 -0.0010954922715458169 -0.00089385882046742195 -0.00070005137166860489 -0.00051988971153225222 -0.00036202341392928939 -0.00023023466265474269 -0.00012494915026364472 -4.7649585603177587e-05 0 1.6694370357316809e-05 -6.9706774512452449e-09 -4.7663379115461295e-05 -0.00012496973382383132 -0.00023026217612899852 -0.00036205835301703478 -0.0005199344361504209 -0.00070010313606256301 -0.00089391648836369218 -0.0010955571915213609 -0.0014978987782619973 -0.0018346509708800167 -0.0020025762210302968 -0.00063099496518363078 0.0011202527305554878 0.0080430617977474538 0.02346247059698495 0.026740848790521767 0.15462875745097643 0.023497715154779018 0.0080565487819132895 0.0011236422245829041 -0.00063044000641013166 -0.0020043305745479976 -0.0018364612460692294 -0.0014994697987745778 -0.0013012933192177438 -0.0010967444504991872 -0.00089489457900262278 -0.00070087117984395661 -0.00052050306345941509 -0.00036245313343344425 -0.00023050966468726955 -0.00012509927467031914 -4.770714598222757e-05 0 1.6714845071389679e-05 -6.8357455555074239e-09 -4.7720671796934668e-05 -0.00012511945874523966 -0.00023053664463991099 -0.00036248739474120732 -0.00052054692215431741 -0.00070092194027255434 -0.00089495112742543235 -0.0010968081091440828 -0.0014995460569825513 -0.0018365498232010651 -0.0020044310318204882 -0.00063052565218950623 0.0011235925734376945 0.0080566012292111206 0.023497918291303956 0.026780870513139324 0.15484400462680264 0.023533166693014366 0.0080700891419267125 0.0011269810500737531 -0.00062997238423430693 -0.0020061873476897706 -0.0018383618246388667 -0.0015011185618902623 -0.0013027543921118013 -0.0010979966054283899 -0.00089593031670217574 -0.00070169096916849864 -0.00052111639998192558 -0.00036288284157888359 -0.00023078465844654579 -0.00012524939300808812 -4.7764703161421632e-05 0 1.6735316959696064e-05 -6.7063270991289464e-09 -4.7777972929943784e-05 -0.000125269194928492 -0.00023081112707354609 -0.00036291645390845934 -0.00052115942920409413 -0.00070174076952489667 -0.00089598579383383186 -0.0010980590566403712 -0.0015011933717929463 -0.0018384487161793495 -0.0020062858884330294 -0.00063005637931260947 0.0011269323895091278 0.0080701406745418633 0.02353336606532154 0.026820892124012355 0.15505925295789943 0.023568618146002661 0.0080836294791856028 0.001130319893092186 -0.00062950473117497725 -0.0020080440842099399 -0.0018402623717066694 -0.0015027672985331931 -0.0013042154413939102 -0.0010992487372732853 -0.00089696603515518781 -0.00070251074133645397 -0.00052172972190361183 -0.00036331253870568853 -0.00023105964426646931 -0.0001253995063559368 -4.7822257922946764e-05 0 1.6755786074793976e-05 -6.5823911656274208e-09 -4.7835282369181157e-05 -0.00012541894199022397 -0.0002310856234608202 -0.00036334552941198062 -0.00052177195668760455 -0.0007025596216307027 -0.00089702048556076922 -0.0010993100336268615 -0.0015028407202816957 -0.0018403476483679774 -0.0020081407893839279 -0.00062958714689920463 0.0011302721802043123 0.0080836801347290033 0.023568813912137127 0.026860913623091377 0.15527450236625845 0.023604069520397137 0.0080971697922059722 0.0011336587503569344 -0.00062903705054638982 -0.0020099007877277942 -0.0018421628900798543 -0.0015044160096885761 -0.0013056764664910857 -0.001100500849508887 -0.00089800173508304364 -0.00070333049785654706 -0.00052234303046937776 -0.00036374222592273035 -0.00023133462273239227 -0.00012554961455000791 -4.7879810253921107e-05 0 1.6776252651133409e-05 -6.4636564150131102e-09 -4.7892599381926173e-05 -0.0001255686991039349 -0.00023136013185811721 -0.00036377462070764108 -0.00052238450338880046 -0.00070337849518018098 -0.00089805520112225354 -0.001100561036183344 -0.0015044881003052574 -0.0018422466163991143 -0.0020099957314331377 -0.00062911795024998677 0.0011336119469825062 0.008097219608024734 0.023604261828024265 0.026900935021885581 0.15532510128117505 0.023604937738037565 0.0080945675519987249 0.0011314384485559645 -0.00062856934338733825 -0.0020117574578888257 -0.0018440633795729223 -0.0015060646961767281 -0.0013071374703094768 -0.0011017529417765631 -0.00089903741781309087 -0.00070415023935122966 -0.00052295632586059999 -0.00036417190392253821 -0.00023160959404218005 -0.00012569971820347827 -4.793735993123072e-05 0 1.6796716865453588e-05 -6.349472570606436e-09 -4.7949923256069183e-05 -0.00012571846575228898 -0.00023163465267559574 -0.00036420372563953138 -0.00052299706749803709 -0.00070419738976935605 -0.00089908993966086751 -0.0011018120639841649 -0.0015061355097613102 -0.001844145618652736 -0.0020118507133357537 -0.00062864878679270433 0.001131390855722975 0.0080946139695931632 0.02360512109174024 0.02688362492676984 0.15520700895384373 0.02353138597284047 0.0080273818697182038 0.0010712344761538836 -0.00067582749721045244 -0.0020459579155757087 -0.0018683729853048291 -0.0015233360688434773 -0.0013212112376864557 -0.0011127704030915015 -0.00090738941863862982 -0.00070987353165580876 -0.00052615303457031993 -0.00036578683728745394 -0.0002325230615563556 -0.00012620909239417891 -4.8147615068987351e-05 0 1.6878640998545811e-05 -6.2902489569423899e-09 -4.8160034791917868e-05 -0.00012622760501070104 -0.00023254781696194256 -0.00036581837367623114 -0.00052619393627269186 -0.00070992083997059401 -0.00090744190412862314 -0.0011128295655523633 -0.0015234068752183357 -0.0018684553714728993 -0.0020460519460782393 -0.00067590904539345075 0.0010711846486280807 0.0080274239539760272 0.023531556632936247 0.026770363168140517 0.15509393501484828 0.023463455819438032 0.0079658934084167899 0.0010167738153196563 -0.00071826264604484295 -0.0020789311567099315 -0.0018934168538164695 -0.0015423585315335125 -0.0013371606997148811 -0.0011255359193792611 -0.00091723957525257065 -0.000716602633249779 -0.00052966670588384935 -0.00036733151151573833 -0.00023334464296201305 -0.00012668534466903612 -4.8358193131463621e-05 0 1.6967988507804849e-05 -6.2401745609666102e-09 -4.8370470513878672e-05 -0.00012670361070806131 -0.00023336908149323597 -0.00036736279309292877 -0.00052970804871495854 -0.00071665034626131865 -0.00091729213642199067 -0.0011255952099868812 -0.0015424292386499736 -0.0018934991077691722 -0.0020790254372237502 -0.00071834529719602257 0.0010167218228321355 0.0079659313088253723 0.023463614226391979 0.026662603548145973 0.15497997407319283 0.02339524192265623 0.0079041968050965195 0.00096215110115910438 -0.00076081919081347476 -0.0021119931426216471 -0.0019185272343953204 -0.0015614312997429018 -0.0013531522451519569 -0.0011383349595589681 -0.00092711544690631485 -0.00072334898120565792 -0.00053318879137363706 -0.00036887935292122812 -0.00023416775637212237 -0.00012716251706066181 -4.8569207714060235e-05 0 1.7057535016155534e-05 -6.1923879846876045e-09 -4.8581348615663783e-05 -0.00012718054623099608 -0.00023419189075832758 -0.00036891039110944151 -0.00053323056538662065 -0.00072339709070871764 -0.00092716808619138034 -0.0011383943801353581 -0.0015615019168017106 -0.0019186093704078261 -0.0021120876728046105 -0.00076090291667929306 0.00096209700856852358 0.007904230658900311 0.023395388488473758 0.026554440680118599 0.15513771461267575 0.023408262286999826 0.0078991566516559333 0.00094947931684019951 -0.00077331746750490624 -0.0021239342598095528 -0.0019284150068089524 -0.0015694267156604999 -0.0013600267763579938 -0.0011439638029909324 -0.00093154828462589884 -0.00072644705270032757 -0.00053487016366354887 -0.0003696650184730706 -0.00023460094679658613 -0.0001274132200499205 -4.8678474002358587e-05 0 1.710334618327703e-05 -6.1123369673876155e-09 -4.8690438597568566e-05 -0.00012743097285060486 -0.00023462471655070639 -0.00036969564882959825 -0.00053491170636353342 -0.00072649484185298018 -0.00093160041111369862 -0.0011440226476179887 -0.001569496510584087 -0.0019284961344535909 -0.002124027698496411 -0.00077340034900449071 0.00094942562826621048 0.007899189622971408 0.023408405134801181 0.0265641498342577 0.15536085723481954 0.023446132880469536 0.0079144170535884826 0.00095411629684323681 -0.00077190370887808763 -0.0021251159271499305 -0.0019298215719164369 -0.0015707105391258309 -0.001361185564157567 -0.001144977006645494 -0.0009324018628461086 -0.00072714471193134872 -0.0005354226548524337 -0.00037007034525804623 -0.00023486368458001971 -0.00012755612949049702 -4.8732726366744063e-05 0 1.7122358231869519e-05 -6.0142245410760684e-09 -4.8744499953227275e-05 -0.00012757359890039829 -0.00023488707457874238 -0.00037010048315004807 -0.00053546351494122033 -0.00072719171774278152 -0.00093245314143907342 -0.0011450348907510309 -0.0015707791981407553 -0.0019299013742621635 -0.0021252078266411631 -0.00077198518873153777 0.00095406358288043858 0.0079144496682926387 0.023446273785677003 0.02660765669299487 0.15647419180278441 0.02363475182498323 0.0079901972155357031 0.00097690751428630338 -0.00076512177840681503 -0.0021312288793965393 -0.0019370041220207585 -0.001577240269072179 -0.0013670711117844 -0.0011501154148724881 -0.00093672492014350566 -0.0007306699497584303 -0.00053820344080826848 -0.00037210426644515522 -0.00023618100816252311 -0.00012827280875583809 -4.9004964036521578e-05 0 1.7217831920950935e-05 -5.5733761131995779e-09 -4.9015877678470765e-05 -0.00012828900484980119 -0.0002362026918084443 -0.00037213219280903334 -0.00053824123633165473 -0.00073071343515123538 -0.00093677238436392838 -0.0011501689869531716 -0.001577303820251382 -0.0019370779720985748 -0.0021313138660859756 -0.00076519696630265724 0.00097685916684381183 0.0079902281983030305 0.023634883940758421 0.026824133391446518 0.15758381796461543 0.023822226892873461 0.0080651640365575154 0.0009990850461906902 -0.00075878706973443082 -0.0021376608651524926 -0.0019444201527199186 -0.0015839424903593921 -0.0013730995249710161 -0.0011553667299901119 -0.00094113401910377373 -0.00073425280668526765 -0.00054101282921992396 -0.0003741495668558273 -0.00023750401226220954 -0.00012899282158058728 -4.9278726860173692e-05 0 1.7313955361131736e-05 -5.2008376531612147e-09 -4.9288914315173546e-05 -0.00012900794159546435 -0.0002375242540715998 -0.00037417562496759116 -0.00054104804226892526 -0.0007342933243327898 -0.00094117826557793126 -0.0011554166635512049 -0.0015840017311832314 -0.0019444889775914653 -0.0021377400205605198 -0.00075885695458788175 0.00099904036886443387 0.0080651936163760925 0.023822351509340572 0.027038962177657673 0.15869006069545444 0.024008658854064901 0.0081393890504688673 0.0010207027581787746 -0.00075286039119042516 -0.0021443839692044555 -0.0019520492566828314 -0.0015908021441047833 -0.0013792583375321632 -0.001160721107304099 -0.00094562166462347529 -0.00073788827219091989 -0.0005438483429866922 -0.00037620526759178587 -0.00023883221065040748 -0.00012971588350219003 -4.9553885712435311e-05 0 1.7410675886184156e-05 -4.8822587603854917e-09 -4.9563451380294104e-05 -0.00012973008273147214 -0.0002388512179801142 -0.00037622972685766293 -0.00054388134993856518 -0.00073792625626362672 -0.00094566316082919254 -0.0011607679306464527 -0.0015908577002404184 -0.0019521137879969701 -0.0021444581408136885 -0.00075292574805708751 0.0010206612075806592 0.008139417408962726 0.024008776989736531 0.02725228843964329 0.1597932171001003 0.02419413964020194 0.0082129375390299873 0.0010418098323144072 -0.00074730594692949323 -0.0021513726899682643 -0.0019598727870659763 -0.0015978054667232246 -0.0013855361563112512 -0.0011661695481394202 -0.00095018100081805876 -0.00074157176136104919 -0.00054670771157119043 -0.00037827046712840458 -0.00024016515632115649 -0.00013044173307541311 -4.9830320614167426e-05 0 1.750794434663033e-05 -4.6068650407599024e-09 -4.9839348420252985e-05 -0.00013045513544781987 -0.00024018309622839227 -0.00037829354458210129 -0.00054673881463455053 -0.0007416075566189414 -0.0009502201211436319 -0.0011662136835821841 -0.001597857837698567 -0.0019599336072067906 -0.0021514425606001335 -0.00074736739838487823 0.0010417709733876927 0.0082129648228256961 0.02419425211745652 0.027464244764222091 0.16253932935929372 0.024654212686861667 0.0083942271991146421 0.0010926285471381145 -0.00073484081603379615 -0.0021698586384994896 -0.001980174043647605 -0.0016158624497311616 -0.0014016852224400856 -0.0011801499217553117 -0.00096185318899391398 -0.00075096394970060386 -0.00055394729332088044 -0.00038346978047016533 -0.00024351567594467456 -0.00013226702033512035 -5.0526292002858041e-05 0 1.7753221039015126e-05 -4.0575177943133384e-09 -5.0534247837885164e-05 -0.00013227883309793948 -0.00024353148635036711 -0.00038349010313646253 -0.00055397461287665323 -0.00075099539683864914 -0.00096188758370939031 -0.0011801887149329737 -0.0016159084827245594 -0.0019802274780468866 -0.0021699199450080993 -0.00073489451301706843 0.0010925950085257992 0.0083942522845423424 0.024654313703788445 0.027988909732971096 0.16420127517825447 0.024934666182330662 0.0085061460850174454 0.0011255004376783942 -0.00072562215384584089 -0.0021797062661719651 -0.0019914423941607444 -0.0016260210287364605 -0.0014108145314079923 -0.001188095108321463 -0.00096851863958245148 -0.00075637290472084994 -0.00055817878140782635 -0.00038654489496072305 -0.00024550381480922486 -0.00013334913724269231 -5.0937872305690791e-05 0 1.7897773429128693e-05 -3.6071290552463618e-09 -5.0944947027410775e-05 -0.00013335964379701239 -0.00024551787614069006 -0.00038656295904916307 -0.00055820301168562389 -0.00075640080066290941 -0.00096854916981492034 -0.001188129537740691 -0.0016260618879595857 -0.0019914898076781361 -0.0021797606177602247 -0.00072566961682960418 0.0011254710472335761 0.008506169034940652 0.024934757263112218 0.028310052047643364 0.16428061546210582 0.024959147731777723 0.0085235929770018353 0.0011386962185237714 -0.0007159863507100896 -0.0021728199993742568 -0.0019863944015162728 -0.0016222853198859485 -0.0014077181057481406 -0.0011856464426364685 -0.00096665155023707954 -0.00075512200647864032 -0.00055755804506647832 -0.00038629857839889414 -0.00024538090514835629 -0.00013327681714945101 -5.0904655018682597e-05 0 1.7883346110921405e-05 -2.8802567905495909e-09 -5.0910308097487395e-05 -0.00013328521509661724 -0.00024539214406261669 -0.00038631300377193941 -0.00055757732587308271 -0.00075514420992337991 -0.00096667588305454372 -0.0011856738763771164 -0.0016223178955528921 -0.0019864322010381907 -0.0021728632886328977 -0.00071602405748256038 0.0011386730352841775 0.0085236117268178545 0.024959221614956787 0.028345279928724092 0.16432872389566136 0.024973993702336578 0.0085341723054236981 0.0011466973279053445 -0.00071014411126278426 -0.0021686450559362481 -0.0019833340206618527 -0.0016200205212202909 -0.0014058408897089619 -0.0011841619670205253 -0.00096551968040053916 -0.00075436375413890115 -0.00055718189829225267 -0.00038614942863123523 -0.00024530652034936607 -0.00013323304724256394 -5.088454851012474e-05 0 1.7874623527808231e-05 -2.3972640444300574e-09 -5.0889255931024474e-05 -0.00013324004163295719 -0.00024531588031440928 -0.00038616143350134684 -0.00055719791179347086 -0.00075438220107644808 -0.00096553991090995506 -0.0011841847722545947 -0.0016200476127154785 -0.0019833654571594756 -0.0021686810408667596 -0.00071017540492625828 0.0011466781720528563 0.0085341881272427249 0.02497405578510653 0.028366643611724644 
end_dependent_variable

end_regular_table
