# ****************************************************************************
# CUI
#
# The Advanced Framework for Simulation, Integration, and Modeling (AFSIM)
#
# The use, dissemination or disclosure of data in this file is subject to
# limitation or restriction. See accompanying README and LICENSE for details.
# ****************************************************************************

# ##################################################################################################
# 
# This file was auto-generated by AFSIM Mover Creator 2.5.0.200402
# 
# Creation Date:  03 Apr 2020
# 
# ##################################################################################################

regular_table

independent_variable mach precision double
0.10000000000000001 0.5 0.70000000000000007 0.75 0.80000000000000004 0.84999999999999998 0.90000000000000002 0.92000000000000004 0.94000000000000006 0.95999999999999996 0.97999999999999998 1 1.02 1.04 1.0600000000000001 1.0800000000000001 1.1000000000000001 1.2 1.3 1.4000000000000001 1.5 1.75 2 2.5 3 
end_independent_variable

independent_variable surface_angle units deg
-25 -22 -20 -18 -16 -14 -12 -10 -9 -8 -7 -6 -5 -4 -3 -2 -1 0 1 2 3 4 5 6 7 8 9 10 12 14 16 18 20 22 24 25 
end_independent_variable

dependent_variable precision double
-0.0013791467252383179 -0.0011725163087986357 -0.0035917060951996529 -0.0042470289528105474 -0.0041192369895274609 -0.0051703681456516312 -0.0045311830271227245 -0.003825635026210692 -0.003464377246910334 -0.0031072608209081983 -0.0027388104234685848 -0.0023571025435211172 -0.0019689246310154469 -0.0015770898311795872 -0.0011835944225438075 -0.00078928201390356578 -0.00039463122553325174 0 0.00039465900059959416 0.00078934953215181736 0.0011840744964648248 0.0015788804005409459 0.0019734102933252474 0.0023671915965824092 0.0027593970365856779 0.003148031298311804 0.0035302583557697397 0.003899289704211592 0.00461903244351871 0.0053262106866236768 0.0059673154058135173 0.0049183596650119966 0.0050484372665660811 0.0043951940136866931 0.0019772080059953247 -0.0091938004696954598 -0.0013807003100956125 -0.0011739007992944846 -0.0035929471181711959 -0.0042481424272782327 -0.0041202306660885358 -0.0051712245572149299 -0.0045319195179791445 -0.0038262506660626675 -0.0034649317374021793 -0.0031077541540016282 -0.0027392426448890764 -0.0023574734653892073 -0.0019692340452941259 -0.0015773375777730033 -0.0011837803600863452 -0.00078940604458062737 -0.00039469326598884813 0 0.0003947210697740263 0.00078947367312343 0.0011842606856675292 0.0015791285929397326 0.0019737204106653468 0.0023675635468151479 0.0027598306849770252 0.0031485264898568231 0.0035308148848326006 0.0038999073884881039 0.0046197725365369376 0.0053270717510145197 0.0059682965311896249 0.0049194780901978393 0.0050496756087488248 0.0043965599720597794 0.0019787174501128316 -0.0091921151854049369 -0.0013809849851081392 -0.0011741541245816492 -0.0035931770205954172 -0.0042483498070450335 -0.0041204158582501416 -0.0051713861181158895 -0.0045320585131457189 -0.0038263668765237168 -0.0034650364541250148 -0.0031078473472858159 -0.0027393242908773977 -0.0023575435273528807 -0.0019692924870505614 -0.0015773843704771232 -0.0011838154787318677 -0.00078942947015391593 -0.0003947049837066713 0 0.00039473279261368011 0.00078949711911190231 0.0011842958503167774 0.0015791754671293943 0.0019737789803747977 0.0023676337934429702 0.0027599125841816425 0.0031486200136382077 0.0035309199976161867 0.003900024053854275 0.0046199122323122245 0.0053272342464382987 0.0059684816106091252 0.0049196868114926443 0.0050499065366109343 0.0043968134387383237 0.0019789943526804638 -0.0091918192222075826 -0.0013810417413185655 -0.0011742046228838206 -0.0035932229082401256 -0.004248391222002235 -0.0041204528454311792 -0.0051714184259739572 -0.0045320863092584559 -0.0038263901164538338 -0.0034650573964658269 -0.0031078659855139448 -0.0027393406195566953 -0.0023575575391819046 -0.0019693041751349363 -0.0015773937289066476 -0.0011838225022661982 -0.00078943415527630266 -0.00039470732715928995 0 0.00039473513705691433 0.00078950180807566201 0.0011843028828787208 0.0015791848416148789 0.0019737906936715638 0.0023676478421244414 0.002759928963527902 0.003148638717460807 0.0035309410189795273 0.0039000473861010086 0.0046199401685384604 0.0053272667418872753 0.0059685186203591945 0.0049197285036058046 0.0050499526600041259 0.0043968640383435023 0.0019790495663026958 -0.0091917604841063576 -0.0013810943431781988 -0.0011742514227090369 -0.0035932654529062052 -0.0042484296250345013 -0.0041204871423011422 -0.0051714483953711312 -0.0045321120933265206 -0.0038264116751868613 -0.003465076824187556 -0.0031078832755773323 -0.002739355766948118 -0.0023575705369193903 -0.0019693150175710741 -0.00157740240978085 -0.0011838290175284058 -0.0007894385012448778 -0.0003947095009242187 0 0.00039473731184595155 0.00078950615772072216 0.0011843094064883787 0.0015791935376381575 0.0019738015594547983 0.0023676608742616663 0.0027599441575671441 0.0031486560674300317 0.0035309605195817111 0.0039000690302047492 0.004619966083362635 0.0053272968847568325 0.0059685529509693452 0.0049197671657800262 0.0050499954311849669 0.004396910953281089 0.0019791007390170144 -0.009191706117018637 -0.0013811433275002275 -0.0011742950030154428 -0.0035933050817563857 -0.0042484654024741936 -0.0041205190946711897 -0.0051714763230541116 -0.0045321361217712155 -0.0038264317654281964 -0.0034650949283128404 -0.0031078993882998479 -0.0027393698842641799 -0.0023575826505021595 -0.0019693251219637911 -0.0015774105003975702 -0.0011838350896337547 -0.0007894425514921459 -0.00039471152706552031 0 0.00039473933871121415 0.00078951021148989298 0.0011843154865804853 0.001579201642244586 0.0019738116861022299 0.0023676730197657037 0.0027599583175427988 0.0031486722375026217 0.0035309786939595493 0.0039000892010659649 0.0046199902342365998 0.0053273249757509787 0.0059685849442109827 0.0049198031851308876 0.0050500352783673461 0.0043969546553778239 0.0019791483949608496 -0.0091916555463306734 -0.0013811891343498625 -0.0011743357542163787 -0.0035933421490317247 -0.0042484988705350961 -0.0041205489873439591 -0.0051715024566330097 -0.0045321586080399366 -0.0038264505663079397 -0.0034651118710913812 -0.003107914466886639 -0.0027393830941505677 -0.0023575939865147859 -0.0019693345775535147 -0.0015774180713391381 -0.0011838407713566806 -0.0007894463416957281 -0.0003947134227882174 0 0.00039474123542581507 0.0007895140049216712 0.0011843211758831023 0.0015792092263102007 0.0019738211619577078 0.0023676843851129191 0.0027599715683883732 0.0031486873690905691 0.0035309957005600153 0.0039001080767945124 0.0046200128339894224 0.0053273512633454862 0.00596861488228976 0.004919836883189809 0.0050500725561014861 0.00439699553504705 0.0019791929601633302 -0.0091916083055127544 -0.0013785543590051192 -0.0011716922263577604 -0.0035948122576140236 -0.0042517704437975354 -0.0041244485446966508 -0.0051776240193260733 -0.0045378852545355222 -0.0038315356627009541 -0.0034698158002877113 -0.0031122151566861348 -0.0027432373909190137 -0.0023609594133715212 -0.0019721812812030629 -0.0015797216927942639 -0.0011855835037685046 -0.00079061573303668771 -0.00039530081301666686 0 0.000395331398116617 0.00079069437786313042 0.0011860890802939301 0.0015815593652179422 0.0019767449689152149 0.002371169510061371 0.0027640003297318663 0.0031532355342511207 0.0035360335067800364 0.0039055931354866941 0.0046262843069461443 0.0053342666490176311 0.005975927926311215 0.004924930973327705 0.0050545417965940235 0.0043996660610990329 0.0019777512781900815 -0.009208571514554979 -0.0013759073438662207 -0.001169036829232845 -0.0035962721853409624 -0.0042550340001687595 -0.0041283421612452655 -0.0051837414114722299 -0.0045436091246732792 -0.0038366190246669411 -0.0034745184031174815 -0.0031165148579331684 -0.0027470909748523093 -0.0023643243475143382 -0.0019750276614002508 -0.0015820251137024131 -0.0011873261205052798 -0.00079178506443264936 -0.00039588818018502749 0 0.00039592154445053878 0.00079187471807434069 0.0011878569289252409 0.0015839094115328806 0.0019796686273932241 0.0023746544014419824 0.0027680287347629012 0.0031577831740788038 0.003541070567686112 0.0039110771724592116 0.0046325540127249796 0.0053411792253048995 0.0059832367664907739 0.0049300190918604627 0.0050590029875228083 0.0044023263743733576 0.001976297694096621 -0.009225546392780273 -0.0013732480903676911 -0.0011663695638062259 -0.0035977219349331898 -0.0042582895400692317 -0.0041322298401803813 -0.0051898546331085775 -0.0045493302197145997 -0.0038417006544937187 -0.0034792196796301568 -0.0031208135721364624 -0.0027509438468655812 -0.0023676887877065768 -0.0019778737186397412 -0.0015843283343789333 -0.001189068620831193 -0.00079295433692858964 -0.0003964755241526291 0 0.00039651167457288767 0.00079305502587683277 0.0011896247219316165 0.0015862593664916743 0.0019825921371753193 0.0023781390600462141 0.0027720567848108849 0.0031623302876337567 0.0035461068840078698 0.0039165601903832468 0.0046388219542939074 0.0053480889939386137 0.0059905414032983629 0.0049351012372793558 0.0050634561297287668 0.0044049764775906716 0.0019748322086249421 -0.009242532936280792 -0.0013705766011394927 -0.001163690432460534 -0.003599161507338812 -0.004261537067233665 -0.0041361115801251862 -0.005195963686823857 -0.0045550485391854306 -0.0038467805507385183 -0.0034839196299081814 -0.0031251113005079439 -0.0027547960068949359 -0.0023710527368090428 -0.00198071945448797 -0.0015866313558296414 -0.0011908110060385535 -0.00079412354982888813 -0.00039706284537342887 0 0.00039710178849809149 0.00079423530128297363 0.0011913924597056964 0.0015886092295419494 0.0019855154991622014 0.0023816234871931702 0.0027760844805683471 0.0031668768774634989 0.0035511424562935626 0.0039220421896586539 0.0046450881295753404 0.0053549959548404536 0.0059978418403450308 0.0049401774143908676 0.0050679012268559226 0.0044076163703882232 0.0019733548264496189 -0.0092595311412558695 -0.0013446398763812142 -0.0011566353928327965 -0.0035987188053812499 -0.0042641894899868643 -0.0041399873849463009 -0.0052020685731209767 -0.0045607640851015258 -0.0038518587160807681 -0.0034886182562105204 -0.0031294080428085251 -0.0027586474554948089 -0.0023744161932264455 -0.0019835648675433889 -0.0015889341773908628 -0.0011925532750782621 -0.0007952927038765706 -0.00039765014363874043 0 0.00039769188640340471 0.00079541554459368346 0.0011931601426978303 0.0015909590015988333 0.0019884387131044769 0.0023851076824211643 0.0027801118217302451 0.00317142294259519 0.0035561772847451777 0.0039275231711552163 0.0046513525418752826 0.0053619001103477025 0.0060051380776637523 0.0049452476223623143 0.0050717837491031535 0.0044084685241376894 0.0019677041109584454 -0.0092837279573860353 -0.0012927511555981049 -0.0011388542078001646 -0.0035896336766540909 -0.004259712646727332 -0.0041384516460554804 -0.0052046909068611345 -0.0045641910726766186 -0.0038554277057883672 -0.0034921199861584545 -0.0031327788156774411 -0.0027617938469327902 -0.0023772671022863892 -0.0019860602941524212 -0.0015909955483333579 -0.0011941256708260569 -0.00079635225867265345 -0.00039818401348607906 0 0.00039823051682222902 0.00079649321323828478 0.0011947727170784597 0.0015930987049134334 0.0019910932199851605 0.0023882547969214687 0.0027837017395117296 0.0031753826158359626 0.0035604473474240726 0.0039320328229776168 0.0046560967345547349 0.0053665444234765429 0.0060090386850473656 0.0049450833311113739 0.0050687741672569807 0.0044009540807595868 0.0019516607222986261 -0.009321557655860192 -0.0012395603836635658 -0.0011206996877422639 -0.0035803015341530791 -0.0042550673098094832 -0.0041367184151649651 -0.0052068655306022893 -0.0045671043028272518 -0.003858511171398956 -0.0034951796281748994 -0.0031357648632046905 -0.0027646161427120216 -0.0023798613525945703 -0.001988367492160201 -0.0015929187257406887 -0.0011955953706594819 -0.00079734252264457761 -0.00039868293299310311 0 0.00039873421883495247 0.00079750106866086339 0.0011962805298331542 0.0015950991099109211 0.001993574679415782 0.0023911934930920063 0.0027870354732496107 0.0031790217125339981 0.0035643322802088235 0.0039360981800417704 0.0046602958523281951 0.0053706094724311551 0.0060124145836794388 0.0049446234826253464 0.0050654926262567977 0.0043930894282972607 0.0019351412458293294 -0.0093600402908702012 -0.0011850128256002234 -0.0011021204755011656 -0.0035706714779874284 -0.0042502028562552809 -0.0041348288884380758 -0.0052089304983333065 -0.0045699394750431501 -0.0038615392906072043 -0.0034981938715464549 -0.0031387146493379991 -0.0027674099946328654 -0.0023824343229250969 -0.0019906597257825539 -0.0015948313034258497 -0.0011970574658132127 -0.00079832780803950178 -0.00039917939779789596 0 0.00039923552085422147 0.00079850412521880127 0.0011977810917431731 0.0015970897429276494 0.0019960437445811353 0.0023941168097594474 0.0027903494935583055 0.0031826348308044124 0.0035681841209100761 0.0039401226730928053 0.0046644351201530375 0.0053745920531735976 0.0060156765466728712 0.0049440032512429047 0.0050619881178116137 0.0043849232830227179 0.0019181939391373839 -0.0093991282448251633 -0.0011706997837105974 -0.0010949585906703241 -0.0035686190819616782 -0.0042506494515213485 -0.004136565350315354 -0.005213442661233629 -0.0045744617422661116 -0.0038657332780583568 -0.0035021535580483367 -0.0031424114861325981 -0.0027707840986373371 -0.0023854368242228244 -0.0019932499853128672 -0.0015969525467025584 -0.0011986684119288612 -0.00079941026978178921 -0.00039972367627520364 0 0.00039978335317087424 0.00079959998601203484 0.0011994216753211813 0.0015992690297008509 0.0019987521802074097 0.0023973371300421973 0.0027940435578761242 0.0031867489084523898 0.0035726771274508795 0.0039449450110192611 0.0046697681579833863 0.0053802653456156571 0.0060213547637354555 0.0049469257038791689 0.0050636416760118843 0.0043840956567862332 0.0019122808134558857 -0.0094220355900338729 -0.0011669645334133514 -0.0010919143401195933 -0.003569797181688387 -0.0042537049137818961 -0.004140310888752277 -0.0052194573752403313 -0.0045801147341213945 -0.0038707686208200843 -0.0035068176544899798 -0.0031466810770465819 -0.002774614588626084 -0.0023887847876674561 -0.0019960845632686301 -0.0015992477793988968 -0.0012004053542359085 -0.00080057601244194147 -0.00040030932197878609 0 0.00040037185950185728 0.00080077703778953443 0.0012011844947353242 0.0016016121567050429 0.0020016668041781854 0.0024008104026253625 0.002798056516177201 0.0031912755741715449 0.0035776867390220337 0.0039503942500975463 0.0046759844186369803 0.0053871008621336185 0.0060285536837255925 0.0049518569105790663 0.005067883879543455 0.004386460773765098 0.001910420909880116 -0.0094395527919527329 -0.0011481439848105394 -0.0010765265766330943 -0.0035755427302492405 -0.0042688674668119849 -0.0041589532742000307 -0.0052494709872082266 -0.0046083398561499256 -0.003895920587097563 -0.0035301192679979944 -0.0031680150432685452 -0.0027937570066659469 -0.002405517719047992 -0.0020102529928501963 -0.0016107212302684235 -0.0012090885418977288 -0.00080640397573975616 -0.0004032372745825515 0 0.00040331421698876923 0.00080666195065976214 0.0012099979760115426 0.0016133267091544548 0.0020162380765867439 0.0024181737486490035 0.0028181166097994209 0.003213901886951804 0.0036027247444453876 0.0039776265366582107 0.0047070412794576414 0.0054212391388680416 0.0060644891758139278 0.0049764289798590235 0.0050889820980443163 0.0043981441230538853 0.0019009588316528762 -0.009527290674191129 -0.0011290479644961225 -0.0010608510212992024 -0.0035810397200200755 -0.0042838337569003453 -0.0041774500203024256 -0.0052793822782333409 -0.0046364969226532701 -0.0039210301437727704 -0.0035533884862676583 -0.0031893249466563808 -0.0028128821132379126 -0.0024222387314547108 -0.0020244136810167114 -0.0016221899428057217 -0.0012177690311792719 -0.00081223058526664032 -0.0004061647173374532 0 0.00040625623489161513 0.0008125461884479862 0.0012188102815339362 0.00162503925240351 0.0020308060094690141 0.0024355317484193169 0.0028381684558213298 0.0032365159444384451 0.0036277452677933894 0.0040048347481830429 0.0047380560674801907 0.0054553100556981315 0.0061003235425204673 0.0050008573579442325 0.0051098869765713604 0.0044095830033086102 0.0018912149842739011 -0.0096152973647322948 -0.0011096345361167285 -0.0010448753169647943 -0.0035862797566400349 -0.0042985977781698839 -0.0041957969486762529 -0.005309188375226352 -0.0046645839223493565 -0.0039460958860213537 -0.0035766241641524603 -0.003210609875874629 -0.0028319891972731891 -0.0024389472936703046 -0.0020385662538127086 -0.0016336536518401204 -0.0012264466309239266 -0.00081805571589328361 -0.00040909158830747114 0 0.00040919785251361063 0.00081842962929173783 0.0012276212264631613 0.0016367495382959083 0.00204537028645663 0.0024528840095133907 0.0028582115432449987 0.0032591170646138648 0.0036527474337998086 0.0040320177941034286 0.0047690271685344671 0.0054893113581321569 0.0061360536281792385 0.0050251375113653778 0.0051305920677601246 0.0044207684787177549 0.0018811762985216443 -0.0097035917439422421 -0.0010898682007489495 -0.0010285889940722739 -0.0035912557190538991 -0.0043131544265566923 -0.004213990502442048 -0.0053388868300965203 -0.0046925991466697063 -0.0039711166145929644 -0.0035998253230839017 -0.0032318690580730651 -0.0028510776509228183 -0.00245564295239731 -0.0020527103910361806 -0.0016451121277858221 -0.0012351211770579213 -0.00082387925989120363 -0.00041201783419259004 0 0.00041213901745131834 0.00082431216809043556 0.0012364306519348737 0.0016484573519311816 0.002059930636226543 0.0024702301914170887 0.0028782454336128758 0.0032817046614252239 0.0036777304883498087 0.0040591747430912548 0.0047999531969437331 0.0055232411242160757 0.0061716767256193815 0.0050492655708628577 0.00515109187837002 0.0044316929391273472 0.0018708316606626831 -0.0097921898571043404 -0.0010387244269377579 -0.00098645984798990797 -0.0036025033033265106 -0.0043486122649486958 -0.0042587848954015305 -0.0054126493193025057 -0.0047623142590998216 -0.0040334652627414796 -0.0036576721084591239 -0.0032849002985923365 -0.0028987141085631343 -0.0024973232728264312 -0.0020880321461511147 -0.0016737342223227248 -0.0012567933145246582 -0.00083843061072329662 -0.00041933043392358374 0 0.00041948967384563136 0.00083901401599184436 0.0012584467307080053 0.0016777149407923009 0.0020963128906330052 0.0025135672663655611 0.002928287609203621 0.0033381114048167391 0.0037401005547674656 0.0041269480081120103 0.0048770638131466646 0.0056077424446140424 0.0062602522712333266 0.0051089000601464898 0.0052014145432834908 0.0044578223936628924 0.0018435734834854503 -0.010015097786331445 -0.0010116715062451485 -0.00096168093103642224 -0.0036094488763879461 -0.0043699860896890827 -0.0042857150830179136 -0.0054569463384564485 -0.0048041888077951329 -0.0040709271441579584 -0.0036924323521345605 -0.0033167680621821638 -0.0029273409012717556 -0.0025223700412690814 -0.0021092561275125603 -0.0016909327328849518 -0.0012698171584029218 -0.00084717623032582443 -0.00042372581094064814 0 0.00042390824101341172 0.00084785145567919614 0.0012716804904681891 0.001695300557248848 0.0021181790048088209 0.0025396108345008099 0.0029583595144051706 0.0033720090294247929 0.0037775818626071813 0.0041676747198958145 0.0049233952449979539 0.0056584996999956066 0.0063134461608931264 0.0051447404428088921 0.00523170964467079 0.0044736949962072272 0.001827707653093527 -0.010147747119720321 -0.0010301305224495428 -0.00096732078232728534 -0.0036133533377048321 -0.0043728356732069054 -0.0042877473530484487 -0.0054583828000538586 -0.004805224202439215 -0.0040716736250985567 -0.0036930522250300836 -0.0033172713597403127 -0.0029277433146378917 -0.0025226792373186173 -0.002109481828294076 -0.0016910975203124582 -0.0012699368794923795 -0.0008472550833294321 -0.00042376487383885531 0 0.0004239466788576362 0.00084792824477573079 0.0012717961457310481 0.0016954557714906377 0.0021183747890500429 0.0025398509596248216 0.0029586583552880952 0.0033723876723442798 0.00377805011190118 0.0041682404437060382 0.0049241966075383743 0.0056595822862797913 0.0063149190433434499 0.0051467930222889287 0.0052345586953945668 0.0044775740468550179 0.0018332809177012805 -0.010139806718149678 -0.0010413792460975851 -0.00097078850504735245 -0.0036157644995325343 -0.0043746029621890819 -0.0042890147876411197 -0.0054592846484789407 -0.0048058785423690182 -0.0040721484210607542 -0.0036934480603993155 -0.0033175943095023128 -0.0029280028889087529 -0.0025228800728493133 -0.0021096298178176777 -0.0016912063541626421 -0.001270016162904949 -0.00084730735851520651 -0.00042379079177013514 0 0.00042397221904102875 0.00084797927261025946 0.0012718729725199268 0.0016955588158172744 0.0021185046608966349 0.0025400099416583188 0.0029588551617828066 0.0033726350851015188 0.0037783540732749714 0.0041686057134949555 0.0049247091507736342 0.0056602697096282337 0.0063158474407825089 0.0051480772406154495 0.0052363301265670528 0.0044799742661029438 0.0018367127278354045 -0.010134937104024477 
end_dependent_variable

end_regular_table
