# ****************************************************************************
# CUI
#
# The Advanced Framework for Simulation, Integration, and Modeling (AFSIM)
#
# The use, dissemination or disclosure of data in this file is subject to
# limitation or restriction. See accompanying README and LICENSE for details.
# ****************************************************************************

# ##################################################################################################
# 
# This file was auto-generated by AFSIM Mover Creator 2.5.0.200324
# 
# Creation Date:  24 Mar 2020
# 
# ##################################################################################################

regular_table

independent_variable mach precision double
0.10000000000000001 0.5 0.70000000000000007 0.75 0.80000000000000004 0.84999999999999998 0.90000000000000002 0.92000000000000004 0.94000000000000006 0.95999999999999996 0.97999999999999998 1 1.02 1.04 1.0600000000000001 1.0800000000000001 1.1000000000000001 1.2 1.3 1.4000000000000001 1.5 
end_independent_variable

independent_variable surface_angle units deg
-20 -16 -14 -12 -10 -9 -8 -7 -6 -5 -4 -3 -2 -1 0 1 2 3 4 5 6 7 8 9 10 12 14 16 18 20 
end_independent_variable

dependent_variable precision double
0.0058746373135048361 0.050683621429449169 -0.0026201679621392104 0.017853555847397309 -0.016193754114260252 -0.0081713659600128261 -0.0010106728900508852 0.0052857738822786587 0.010718076997912234 -0.010720985649792694 -0.0068558905203339017 -0.0038564138396798998 -0.0017158730130672586 -0.00043061327893478076 0 -0.00043033802137094126 -0.0017139377259632201 -0.0038514738709516144 -0.0068492997318412834 0.015322602469325828 0.010735680879799602 0.0053088164562117126 -0.00098246636688083646 -0.0081347158647130293 0.035380007694611366 0.017913926802668553 -0.002541188446966229 0.050781114169389456 0.031421446277202614 0.10449927212868526 0.0058893042381803927 0.05069305685412763 -0.0026129792514302088 0.017858821507290342 -0.016190150034374733 -0.0081684657674820499 -0.0010084024849408067 0.0052874904108479127 0.010719315560820536 -0.010720153371340309 -0.0068553807018723757 -0.003856149559424669 -0.0017157753522318534 -0.00043060376836825417 0 -0.00043026968917531713 -0.0017137215412041833 -0.0038510314357997149 -0.0068485534981231602 0.015323726756590949 0.010737264018564582 0.0053109352132143838 -0.00097973372405027741 -0.0081312947399709949 0.035384173341355601 0.01791982855108146 -0.0025332578190401171 0.050791307239225494 0.031434181592482603 0.10451475755125966 0.005892017630408735 0.0506948123304359 -0.0026116325527293016 0.017859812491577358 -0.01618946348744647 -0.0081679102288402614 -0.001007964484125436 0.0052878245303529994 0.010719559703606244 -0.01071998584644757 -0.0068552749724050495 -0.003856091770406805 -0.0017157509726837504 -0.00043059882547844539 0 -0.00043026048560131948 -0.0017136886340858332 -0.0038509607779031139 -0.0068484308127452478 0.015323915367839207 0.010737532633926433 0.0053112978985293312 -0.00097926305178758894 -0.008130702089343491 0.035384900547738796 0.01792086500747397 -0.0025318584044504095 0.050793116919871192 0.031436451476635659 0.10451752735569089 0.0058925578628371634 0.050695161954614168 -0.0026113634784291251 0.017860010591685602 -0.016189325805948659 -0.0081677985703859143 -0.001007876380370577 0.0052878912376588746 0.010719608568134229 -0.010719952306738554 -0.0068552535945616737 -0.0038560799899561254 -0.0017157460794088959 -0.00043059760526066641 0 -0.0004302587041143715 -0.001713682438418432 -0.0038509469818449214 -0.0068484067308868706 0.015323952380595016 0.010737585678514305 0.0053113691890165982 -0.00097916960202141861 -0.0081305849360329679 0.035385044703988129 0.017921071219627223 -0.0025315805855145616 0.05079347584685337 0.031436902724643792 0.10451807840417933 0.0058930602390555647 0.050695487689192006 -0.0026111141756881835 0.017860194129804802 -0.016189198394746366 -0.0081676955201261132 -0.0010077950242494847 0.0052879537773086009 0.010719653885192991 -0.010719920813646399 -0.0068552337175706623 -0.0038560691273820985 -0.001715741378391989 -0.0004305967013382203 0 -0.00043025708697695924 -0.0017136764536145859 -0.0038509340788559043 -0.0068483844723780593 0.015323986825776946 0.010737634741502107 0.0053114359397355582 -0.00097908384257314423 -0.0081304759691898845 0.035385178118599883 0.017921262001529728 -0.0025313230094800129 0.050793809246941622 0.031437319391028881 0.10451858856994554 0.0058935284057630667 0.050695790005511464 -0.0026108813327082856 0.017860366008409765 -0.016189079815005909 -0.0081675992795187703 -0.0010077192498107357 0.0052880119880535743 0.010719696597466657 -0.010719891962550552 -0.0068552150871553719 -0.0038560589873258403 -0.0017157370215788261 -0.000430595767956895 0 -0.00043025561868440936 -0.0017136710858967319 -0.0038509221929734468 -0.0068483639193832949 0.015324018827422381 0.010737680412067414 0.0053114975491048927 -0.00097900279654551518 -0.0081303751143918038 0.035385302081562861 0.017921439474220775 -0.0025310833940588714 0.050794118633392053 0.031437708173809711 0.10451906355870924 0.0058939640746755919 0.050696074187565186 -0.0026106633494071612 0.017860526153078076 -0.016188967908476792 -0.0081675096625078106 -0.0010076479407178619 0.0052880662047947394 0.010719736258420643 -0.01071986374404537 -0.0068551977591326304 -0.0038560492627948244 -0.0017157329066385652 -0.00043059480976809271 0 -0.00043025415969466345 -0.001713666121300381 -0.0038509112125639034 -0.0068483444579175243 0.015324048497164972 0.01073772322977286 0.0053115555986012666 -0.00097892817565445062 -0.008130280957612538 0.035385417709213544 0.017921604270291037 -0.0025308604740698075 0.050794408471550555 0.031438070710279799 0.10451950872888549 0.0061152374922561299 0.050940619866547597 -0.0024125184338987964 0.018011889530185166 -0.016077636848325971 -0.0080746911970143807 -0.00093215598471054037 0.0053474346502251115 0.01076422882827674 -0.010688484828302258 -0.0068349880179878293 -0.003844640506265466 -0.0017106529431152335 -0.00042932385697733589 0 -0.00042898311139511982 -0.0017085855896858239 -0.0038395018780203291 -0.0068281340792205629 0.015355429211450175 0.010782218506124706 0.005370927951209279 -0.00090342996816290442 -0.0080374531595462304 0.035496762497822187 0.018072991854534263 -0.0023326728202399246 0.051039020708993972 0.031637168327176557 0.10474091816090138 0.0063338734681801599 0.051184004739177863 -0.0022150817420921679 0.018162855005282839 -0.015966508703414695 -0.0079820113308954124 -0.00085675253185845876 0.0054067480726713146 0.010808689044221224 -0.010657123404311237 -0.0068147871554390758 -0.0038332354150408463 -0.001705574087245753 -0.0004280532390875196 0 -0.00042771213999875517 -0.0017035064472899833 -0.0038280960177639197 -0.0068079318274530927 0.015386792409175808 0.010826681307008302 0.0054302457248869623 -0.00082801999094435006 -0.0079447629139788502 0.035607904842533337 0.018223982806910902 -0.0021351926161184932 0.051282472368314042 0.031834478188275846 0.10495969609513227 0.0065498726871340502 0.051426227689119516 -0.0020183525297629628 0.01831342296536774 -0.015855583235591181 -0.0078894676379796438 -0.00078143790962031446 0.0054660060702522179 0.010853116742524746 -0.010625779196709309 -0.0067945947175095389 -0.0038218337472480635 -0.0017004965883452691 -0.00042678272538910702 0 -0.00042644160273323935 -0.0016984284187498634 -0.0038166936578425265 -0.0067877379705358664 0.015418138663394591 0.010871111967324589 0.0054895078405090619 -0.00075269989617676139 -0.007852210220910396 0.035718843686548485 0.018374577484648619 -0.0019384185518707229 0.051524762749939897 0.032030005026844312 0.10517583937606706 0.0067632338492060037 0.05166728783322639 -0.0018223294622689151 0.018463595320615606 -0.015744861020388908 -0.0077970608972218608 -0.00070621294656584243 0.0055252095186717667 0.01089751294277462 -0.010594452188131244 -0.0067744103742597749 -0.003810435739798525 -0.0016954201388010659 -0.00042551244426079218 0 -0.00042517123477875472 -0.0016933516702755617 -0.0038052950488116689 -0.0067675525134303811 0.015449466964442212 0.010915510983223112 0.0055487162628277652 -0.00067746747599467831 -0.0077597930907812099 0.035829581123618705 0.018524774533259177 -0.0017423515156042939 0.051765894091506004 0.032223742770011568 0.10538934864870018 0.0068007639401403532 0.051907186134028588 -0.0016270152535480169 0.018613369823469016 -0.015634341363198506 -0.0077047908258168199 -0.00063107641720567447 0.005584357333843209 0.010941876461654185 -0.010563142693632 -0.0067542344159372651 -0.0037990413517598929 -0.001690345021418382 -0.00042424261959005566 0 -0.00042390111365866708 -0.0016882762018670769 -0.0037938998160784421 -0.0067473761408230045 0.01548077849067383 0.010959877759324417 0.0056078687442856472 -0.0006023247993416893 -0.0076675141184533923 0.035940115228683761 0.018674575079002026 -0.0015469915420496738 0.052005862835620122 0.032381119955867045 0.10543271730836482 0.0060248441064923884 0.051465809854558141 -0.0019326376109097107 0.018408790190748602 -0.015761631807657897 -0.0078022611745282959 -0.00070353115410180756 0.0055320068889490419 0.010904922033187034 -0.010587878978216888 -0.0067694448178592529 -0.0038076975152856228 -0.0016945784347477651 -0.0004256248705065568 0 -0.00042521454057131095 -0.0016920960857168576 -0.0038015205204722387 -0.0067611848285021592 0.015458509542875094 0.01092674894151313 0.0055606441418629285 -0.00066832748356078931 -0.0077563507804537489 0.035823949727091041 0.018485805826959835 -0.001830179178127774 0.051594663765453193 0.031747613160054575 0.10470182448445547 0.0054903703865642342 0.051201729329287217 -0.0021333195077153882 0.018260556286798478 -0.015862668330429909 -0.0078831703690751213 -0.00076619091666962999 0.0054848522014389863 0.010870099981027472 -0.010612115248255194 -0.0067847080051309776 -0.0038167641259619278 -0.0016993415373278162 -0.00042736452026463954 0 -0.00042684123630455417 -0.0016961842897195113 -0.0038089142215662433 -0.006774216139156462 0.015438128240661033 0.01089777398193297 0.0055211257837361099 -0.00072164786111692338 -0.0078251500264488599 0.035737993649791577 0.01835746514803516 -0.0020048299144672824 0.051362706516678978 0.03135724919031848 0.10421248426780358 0.0049501301785112159 0.050934792356990596 -0.0023358939024482584 0.018111130289306117 -0.015964413746705534 -0.0079646077991544582 -0.00082923702096254618 0.0054374240536668042 0.010835091034297067 -0.010636473042681484 -0.0068000442132114935 -0.0038258698977215551 -0.0017041214680599461 -0.00042910842016373338 0 -0.00042847189441207434 -0.0017002891655871382 -0.0038163473541450704 -0.0067873202721597404 0.015417626917392097 0.010868613343348342 0.0054813369348021721 -0.000775350884084066 -0.0078944720949849796 0.03565133948016401 0.018227948887424999 -0.002181344858287118 0.05112794197937566 0.03096283246274336 0.1037174809308223 0.0050238790172953468 0.051052956597011874 -0.0022457074606583413 0.018175626499787417 -0.015918150084234344 -0.007926259170629283 -0.00079790926071792584 0.0054621471332316424 0.01085334764555994 -0.010623742507802325 -0.0067918193413189594 -0.0038214778740663239 -0.0017025037613160243 -0.00042894976518442545 0 -0.00042826291684531739 -0.0016983720884116526 -0.0038112166432062453 -0.0067781155967101079 0.015432037885961362 0.01088939450736251 0.0055093231551719898 -0.00074008204926224726 -0.0078510878413402645 0.035703772132075741 0.018300266180975105 -0.0020814147043395339 0.051257428892740445 0.031034264928162383 0.10380473652796278 0.0052376669374340559 0.051298345973328358 -0.0020449539148973536 0.018330232462223973 -0.015803770453070822 -0.0078306718285042678 -0.0007200232789807276 0.0055234892615387068 0.010899393843206278 -0.010591223963850259 -0.0067708583032499627 -0.0038096226958234981 -0.0016972042392167724 -0.00042761013227317834 0 -0.00042692588003654698 -0.0016930883562715636 -0.0037994015501252639 -0.0067572076416805718 0.015464464982110654 0.010935304328384333 0.0055704873617726698 -0.00066241319744896239 -0.0077557792955656926 0.03581780890902149 0.018454430451243703 -0.0018812234746230733 0.051502149171708041 0.031230143119990263 0.10401765966937337 0.0062605280386653561 0.052503641583522435 -0.0010550534665516914 0.019094900170031754 -0.015236597526258 -0.0073561601870100798 -0.00033301596927671763 0.0058285458645395485 0.011128532310147257 -0.010429323149433251 -0.0066664532823178012 -0.0037505584620038421 -0.0016707989125352611 -0.00042093833186321268 0 -0.00042026622288661328 -0.0016667579233633648 -0.0037405234902192432 -0.0066530499512949242 0.015625939219555483 0.011163799016487543 0.0058747080148145205 -0.00027641681724354625 -0.0072825680124052224 0.036383380389151239 0.019217043157264913 -0.00089392562831310256 0.052704356499080104 0.03217773783960335 0.10503660084192092 0.0072073190456359267 0.053673324795183101 -8.7896612425283297e-05 0.019845905705600787 -0.014677106954140651 -0.0068871970354551486 5.0090910420546165e-05 0.0061309385166138765 0.011355914990686502 -0.010268521988456627 -0.0065626829358793239 -0.0036918272747658906 -0.0016445400554003155 -0.00041430772116800828 0 -0.00041364652127945595 -0.0016405671317436647 -0.0036819607147413366 -0.0065495032814735623 0.015786355591755084 0.011390601661001381 0.0061763512826211358 0.00010578262974951242 -0.0068147667438469327 0.036941444010379326 0.019966231991672231 7.0952931925514617e-05 0.053871366134513148 0.033072899475654623 0.10598010381626403 0.0080789312909973418 0.054807984711468596 0.00085697360120973263 0.020583590419815709 -0.014125060163211663 -0.006423586196310698 0.00042945126569888441 0.0064307877324853513 0.011581630087808771 -0.010108759045203385 -0.0064595080929282121 -0.003633406218202686 -0.0016184170564136121 -0.00040771498528843953 0 -0.00040706378901502079 -0.0016145053638122705 -0.0036236921931528435 -0.0064465300116774852 0.015945772470703022 0.011615796011968469 0.0064755270002972952 0.00048433026727114699 -0.0063521921626351775 0.03749222291596209 0.020702315482471381 0.0010138368852929565 0.055003733269344234 0.033916318370616316 0.10684901040932993 0.0088761683881622179 0.055908152782960491 0.0017799687303981574 0.021308260263291398 -0.013580241328420423 -0.0059651532233978869 0.00080520344785798691 0.0067282004571876811 0.01180575790331739 -0.0099499776469921322 -0.0063568929934862553 -0.0035752752726802249 -0.0015924200173917961 -0.000401157138024453 0 -0.00040051501198484259 -0.0015885638191166884 -0.0035656985942272507 -0.0063440969867135768 0.016104240872975923 0.011839455077793873 0.0067723361218709893 0.00085935655784333503 -0.0058946800184641965 0.038035919237222819 0.021425581644471302 0.0019351156843719431 0.056101949910266381 0.034708619970600652 0.10764407987876229 
end_dependent_variable

end_regular_table
