# ****************************************************************************
# CUI
#
# The Advanced Framework for Simulation, Integration, and Modeling (AFSIM)
#
# The use, dissemination or disclosure of data in this file is subject to
# limitation or restriction. See accompanying README and LICENSE for details.
# ****************************************************************************

# ##################################################################################################
# 
# This file was auto-generated by AFSIM Mover Creator 2.5.0.200324
# 
# Creation Date:  24 Mar 2020
# 
# ##################################################################################################

regular_table

independent_variable mach precision double
0.10000000000000001 0.5 0.70000000000000007 0.75 0.80000000000000004 0.84999999999999998 0.90000000000000002 0.92000000000000004 0.94000000000000006 0.95999999999999996 0.97999999999999998 1 1.02 1.04 1.0600000000000001 1.0800000000000001 1.1000000000000001 1.2 1.3 1.4000000000000001 1.5 
end_independent_variable

independent_variable surface_angle units deg
-20 -16 -14 -12 -10 -9 -8 -7 -6 -5 -4 -3 -2 -1 0 1 2 3 4 5 6 7 8 9 10 12 14 16 18 20 
end_independent_variable

dependent_variable precision double
-0.45939500980135728 -0.31207677957451541 -0.53380765556622822 -0.35275495810510177 -0.47040400844913333 -0.39431342323713858 -0.32208087019299497 -0.25293680982971906 -0.18581730718223644 -0.26101516781992101 -0.19906532871254964 -0.14177484772539317 -0.089430424467973973 -0.04215838543565293 0 0.037036665675407657 0.069018425363934974 0.095900379733725991 0.11751556515500892 0.27282124547921427 0.28237509677398293 0.28527289128998562 0.2804299421362263 0.26892707988138853 0.52698511673904125 0.48077649409629364 0.42229298468472676 0.74833014837076817 0.54209913412070487 0.94957122553106221 -0.45996407303311626 -0.3125363070285096 -0.53421204396186783 -0.35310188700059558 -0.47069254404142891 -0.39457311713562088 -0.32231159215840932 -0.25313909354531994 -0.18599091185424754 -0.26116030324517603 -0.19918148272828046 -0.14186193393335897 -0.089488432132739062 -0.042187356491156375 0 0.037065506566078855 0.069076047266229554 0.095986701604717284 0.11763049245340174 0.27296490574024829 0.28254736402528952 0.28547378916068672 0.28065958361197629 0.26918479875739043 0.5272706812886514 0.48111541211167291 0.42268626483789334 0.74877624277438182 0.54259909870502787 0.95012069904239327 -0.4600664169744299 -0.31261868082673439 -0.53428433949926057 -0.35316390618945165 -0.47074419583830746 -0.39461960413980823 -0.32235290233827907 -0.25317526241277555 -0.18602192254020458 -0.2611861710434441 -0.1992021725362795 -0.14187744242688707 -0.089498762301097212 -0.042192516201415724 0 0.037070649844485569 0.069086321369689493 0.096002091518504931 0.11765098082468689 0.27299049046039536 0.28257802289160655 0.28550951089817539 0.2807003612993505 0.26923056904875736 0.52732141049545733 0.48117583779223855 0.42275637897940371 0.74885584599914357 0.54268817153917148 0.95021882313262529 -0.46008677937334647 -0.31263506627698112 -0.53429871551905617 -0.35317623953677674 -0.47075446741140475 -0.39462884924152253 -0.32236111817776925 -0.2531824549686435 -0.18602808858747832 -0.26119131299465081 -0.1992062851508396 -0.14188052501329218 -0.089500815513644499 -0.042193541894464122 0 0.037071672332718013 0.069088363821993598 0.096005150925423624 0.11765505377829301 0.27299557565829641 0.28258411667469957 0.28551661006009399 0.28070846376867037 0.26923966328379978 0.52733149086492503 0.48118785000677283 0.42277031684953903 0.74887167236327934 0.54270587616422339 0.95023833175741057 -0.46010564285488276 -0.31265024159368832 -0.53431203015094475 -0.35318766041547983 -0.47076398188510898 -0.3946374115174302 -0.32236872673022043 -0.25318911602431499 -0.186033799020628 -0.26119607477127121 -0.1992100933032335 -0.14188337949494551 -0.089502716960248863 -0.042194491533989652 0 0.037072619176750969 0.069090255116137964 0.096007983858682172 0.11765882538307128 0.27300028466321119 0.28258975940824432 0.2855231835391695 0.2807159665172318 0.26924808488890861 0.52734082524874937 0.48119897324536592 0.42278322384496425 0.748886327665652 0.54272227154986474 0.95025640035776626 -0.46012319950333369 -0.31266436465164005 -0.53432442002210634 -0.3531982882115442 -0.470772835946562 -0.39464538001397004 -0.32237580861993304 -0.25319531440193321 -0.186039112738806 -0.26120050583321275 -0.19921363708854595 -0.14188603576485692 -0.089504486155091961 -0.042195375235241084 0 0.037073500296474327 0.069092015184930425 0.096010620158574533 0.11766233508291021 0.27300466673658735 0.28259500955106037 0.28552929980403857 0.28072294709320805 0.26925592021891148 0.52734951013561238 0.4812093243388309 0.42279523468268343 0.7488999657994454 0.54273752710635637 0.95027321365016637 -0.46013961133633235 -0.3126775652435565 -0.53433599933376175 -0.35320822216728215 -0.47078111060458028 -0.39465282800002577 -0.32238242673386169 -0.25320110776027688 -0.18604407887942262 -0.26120464657325004 -0.1992169485642393 -0.14188851769402128 -0.089506139405989046 -0.042196201045143822 0 0.037074323655088233 0.069093659824532042 0.096013084003088098 0.11766561480503289 0.27300876137813029 0.28259991618474134 0.28553501537853787 0.28072947009526955 0.26926324198452384 0.5273576246737699 0.48121899746875479 0.42280645820550261 0.74891271123617609 0.5427517840130508 0.95028892658211317 -0.45827677767423963 -0.31170758969442303 -0.53405122314096576 -0.35301658949235176 -0.47098242819298625 -0.39485328620284915 -0.32256964411448308 -0.25336349345171799 -0.18617043254145169 -0.26146800182712099 -0.19942912021522738 -0.14204666352218895 -0.089609622629447411 -0.04224635628941488 0 0.037119518742926336 0.069177414375921925 0.096126956740591657 0.1177991900327936 0.27333060988948615 0.28291378269188605 0.2858238790273912 0.2809732659285652 0.26944172084203588 0.52780429079050051 0.48143935414586575 0.42271803348654369 0.74893220037220742 0.54213980228802927 0.9497168398348933 -0.45640893890518558 -0.31073484337336671 -0.53376452192764001 -0.35282370575650607 -0.47118298967925965 -0.39505318654505078 -0.32275645990670387 -0.25352560323439893 -0.18629660552070212 -0.2617312463801062 -0.19964123004846332 -0.1422047781574349 -0.089713092379964957 -0.042296507196718749 0 0.037164709474571463 0.069261155843848399 0.096240798509681175 0.11793270310542046 0.27365234740722799 0.28322746835748425 0.28611246544524582 0.28121666060511036 0.26961963997340405 0.52825020037841008 0.4816584592510274 0.42262768351882635 0.74894891607695424 0.54152403498169688 0.94913974671056933 -0.45453609243926968 -0.30975932316952987 -0.53347589405649098 -0.35262957045367249 -0.47138279455732796 -0.3952525252162023 -0.32294287463148114 -0.25368743596221427 -0.18642259692410482 -0.2619943795028658 -0.19985327729739605 -0.14236286122020475 -0.089816548791502054 -0.042346653508437478 0 0.037209895727226598 0.069344883774334606 0.096354608733582828 0.11806615324147796 0.27397397250244515 0.28354097175262533 0.28640077489258031 0.28145965284483931 0.26979699794971751 0.52869535311003968 0.48187631187628605 0.42253540675436391 0.74896285893091152 0.5409044813200603 0.94855764711983426 -0.45265823944740496 -0.308781028165036 -0.53318533791503309 -0.35243418071610688 -0.47158184203831355 -0.39545130323341032 -0.32312888591225869 -0.25384899014671553 -0.18654840585362908 -0.26225739936708881 -0.20006526133935795 -0.14252091270801781 -0.089919991797078561 -0.042396795321940441 0 0.037255077363830442 0.069428597945353679 0.096468387417258147 0.11819954021273732 0.27429548492706296 0.28385429291700132 0.28668880663261265 0.28170224156118462 0.26997379442863328 0.52913974800301355 0.48209291038434832 0.422441200573487 0.7489740255850702 0.54028113638131625 0.94797053774840945 -0.45153160224936201 -0.30779995472310889 -0.53289285129540043 -0.35223753533320429 -0.47178013137303049 -0.3956495167912078 -0.32331449358530706 -0.25401026671074073 -0.18667403175358746 -0.26252030663017339 -0.20027718191883198 -0.14267893274739218 -0.090023420632624168 -0.042446932489002942 0 0.037300254372599435 0.069512298286204269 0.09658213392563568 0.11833286376120078 0.27461688432385373 0.28416743045643195 0.28697655908014502 0.2819444262331891 0.27015002680536615 0.52958338252696879 0.48230825347530232 0.42234506589903359 0.74898241610392946 0.53944545090972229 0.94635970367786115 -0.45352218895086233 -0.30960929253443714 -0.53466602227100546 -0.35350248908558463 -0.47294972718794942 -0.3966144629865519 -0.3240864064854877 -0.25460323583151978 -0.18710281105419313 -0.26297968209371703 -0.2006000001867167 -0.14288784492039927 -0.090140249241800419 -0.042493455784048541 0 0.037313933696107658 0.06951268632228004 0.096539523130674806 0.11820930080638314 0.27455408558235705 0.28394349459621948 0.28654469918951597 0.28124904980783838 0.26913874701031143 0.52855475033830635 0.48035306201264261 0.4192023363854262 0.74485995815522588 0.53357872189245281 0.93976001975980317 -0.4541342983550069 -0.31036360681687702 -0.53574151435992778 -0.35432639753985373 -0.47385236862068425 -0.39737462283343061 -0.32470160951102334 -0.25507687237933691 -0.18744187087407299 -0.26337151860552377 -0.20087166713864996 -0.14306072865363628 -0.09023467012022815 -0.042529395245600204 0 0.037313598073889648 0.069487171822177576 0.096461797232827606 0.11804191506622543 0.27444209819822729 0.2836717925541099 0.28607415573965222 0.28053263420086588 0.26813834897538708 0.52758599045974142 0.47861630812562816 0.41654753118683169 0.74163702949660371 0.52899113940692954 0.93442862805043103 -0.45469865526105868 -0.31108658727612487 -0.53679226545580594 -0.35513114000028806 -0.47474047001898884 -0.39812224743733199 -0.32530609385086001 -0.25554143899847764 -0.18777336673046097 -0.26375718169727458 -0.20113845911868528 -0.14322997812621116 -0.090326667182867151 -0.042564113538006113 0 0.037311963246885606 0.06945898759348719 0.096379936557420262 0.11786878179085532 0.2743225884229758 0.28339062966958078 0.28559201583616634 0.27980224294445116 0.26712137803747688 0.52659782784462628 0.4768536613599863 0.41385927505525893 0.73837196823566997 0.52435164880375162 0.92903444886463737 -0.45294112066648773 -0.31032690304315835 -0.53671463460408619 -0.35511759410565596 -0.47507445644684615 -0.39842987300342969 -0.32557374633529523 -0.25575902778381387 -0.18793317044480284 -0.26403458957322762 -0.20134847960914415 -0.14337731547181468 -0.090417137603289496 -0.042604705950737724 0 0.037336072417675649 0.069494985006545704 0.096413776322794284 0.11788092527663532 0.2744744355632513 0.28348128409946444 0.28559893535349934 0.2796984257962265 0.26688434982285131 0.52655966941998955 0.4764441152914014 0.41300430057947451 0.7375068882257132 0.52277033627592606 0.92745552093073902 -0.4508855611185259 -0.30923532899122169 -0.53633718722778811 -0.35485792450361664 -0.47522804823992754 -0.39859128280841422 -0.3257296481659121 -0.25589684329161361 -0.18804071855819687 -0.26428410076147629 -0.20155103132984295 -0.1435291949089445 -0.090517000107247059 -0.042653309128229018 0 0.03738039146667179 0.069577323508692113 0.096525968991277633 0.11801292198974475 0.27479503458152432 0.28379432627399159 0.28588748770324562 0.27994253331066415 0.26706366596744535 0.52700755083517636 0.47666626021053632 0.41291717130696876 0.73752608444001644 0.5221552465709457 0.9268757793006237 -0.44056751900248514 -0.30375866706764837 -0.53443876897138209 -0.35355404244143263 -0.47599407698515789 -0.39939767036676826 -0.3265093515615422 -0.2565866326811671 -0.18857943271941263 -0.26553266140554171 -0.20256465665697132 -0.14428924846322613 -0.091016722173674111 -0.042896492763845558 0 0.037601951435420097 0.069988760080683124 0.097086208426705664 0.11867134856360782 0.27639524203188265 0.28535510365355327 0.287323664778528 0.28115375378983976 0.2679475966632418 0.52923032315812335 0.47775049816061949 0.41244217959117802 0.73756695123584814 0.51900613710511245 0.9238815076875998 -0.43017724733694085 -0.29824729876421979 -0.53251906897576662 -0.35223893281281082 -0.47675543373822948 -0.40020174192386948 -0.32728838111167247 -0.2572768138428026 -0.18911914689483714 -0.26678242145391295 -0.20357938818671409 -0.14505016932411782 -0.091516991412421325 -0.043139898485299762 0 0.037823415566682589 0.07039970901829902 0.097645164112405911 0.11932710943761729 0.27799074431008142 0.28690845532417369 0.28874887106956781 0.28234949249314012 0.26881055072698928 0.53142554481797954 0.47879089837141564 0.41190207005899138 0.73751657717288444 0.51573505909822526 0.9207289327164484 -0.41970834906739235 -0.29269701526918129 -0.5305747948918127 -0.35091010321052851 -0.47751031301095981 -0.40100199010298759 -0.32806550271874019 -0.25796639679693556 -0.18965908781060212 -0.26803279873712132 -0.20459481179545241 -0.14581168078902007 -0.092017643232080074 -0.043383453597380939 0 0.038044739684544401 0.070810097555007598 0.098202749631531902 0.11998012486813797 0.27958148489228402 0.28845435988940371 0.29016313225210372 0.28352983532885828 0.26965268819172222 0.53359345463632646 0.4797878888215189 0.41129748202390043 0.73737582892514375 0.51234310904077041 0.91741939875396683 -0.40915509976927328 -0.28710406182203174 -0.52860300926615933 -0.34956533145521135 -0.47825710415309214 -0.40179707418402399 -0.32883961760997055 -0.25865450469848128 -0.19019856981284858 -0.26928327575879141 -0.20561055946426393 -0.14657353808255666 -0.092518533420584262 -0.043627095185226304 0 0.038265886456853505 0.071219865092344251 0.098758895120026349 0.12063033438694457 0.28116742522767119 0.28999281519099301 0.29156649219815917 0.28469489162354583 0.27047418536418044 0.5357343054261634 0.48074190391466076 0.41062905313729631 0.73714556674150966 0.50883138317516086 0.91395423543131227 
end_dependent_variable

end_regular_table
