# ****************************************************************************
# CUI
#
# The Advanced Framework for Simulation, Integration, and Modeling (AFSIM)
#
# The use, dissemination or disclosure of data in this file is subject to
# limitation or restriction. See accompanying README and LICENSE for details.
# ****************************************************************************

# ##################################################################################################
# 
# This file was auto-generated by AFSIM Mover Creator 2.5.0.200324
# 
# Creation Date:  24 Mar 2020
# 
# ##################################################################################################

regular_table

independent_variable mach precision double
0.10000000000000001 0.5 0.70000000000000007 0.75 0.80000000000000004 0.84999999999999998 0.90000000000000002 0.92000000000000004 0.94000000000000006 0.95999999999999996 0.97999999999999998 1 1.02 1.04 1.0600000000000001 1.0800000000000001 1.1000000000000001 1.2 1.3 1.4000000000000001 1.5 
end_independent_variable

independent_variable alpha units rad
-0.17453292519943295 -0.13962634015954636 -0.10471975511965978 -0.087266462599716474 -0.069813170079773182 -0.05235987755982989 -0.034906585039886591 -0.017453292519943295 0 0.017453292519943295 0.034906585039886591 0.05235987755982989 0.069813170079773182 0.087266462599716474 0.10471975511965978 0.13962634015954636 0.17453292519943295 0.20943951023931956 0.24434609527920614 0.27925268031909273 0.31415926535897931 0.3490658503988659 0.38397243543875248 0.41887902047863912 0.4537856055185257 0.48869219055841229 0.52359877559829882 
end_independent_variable

dependent_variable precision double
8.1077325608874631 8.405867454401676 8.6573672168490869 8.7554851307837929 8.8393058691069264 8.9219087947209896 9.0039637928098273 9.0888845620131011 9.1756956552242581 9.2603849585414331 9.3441287660825711 9.4291159768705963 9.5044956464493762 9.5713836926068314 9.6164014187506801 9.5847738850160393 9.4216486261732459 8.7983146880321126 7.4038389874564974 4.4604701412454872 -2.4300921374417284 -2.9612463574797396 4.4495292269625493 4.6705984596648031 4.4014750721724916 4.2592935968883614 3.8374430270356261 8.1025497263726756 8.4005848916040673 8.6519880091784973 8.7500590259797644 8.8338198144344542 8.9163754654656753 8.9983868179701094 9.0832652829146223 9.1700490958923986 9.2547017067518027 9.338410448211528 9.4233634306026666 9.4987077070043995 9.5655499285942653 9.6105393533299477 9.5788656912262482 9.4157215383159976 8.7923878838779981 7.3979796167478478 4.4550326836962695 -2.4348672095251498 -2.9686598037543401 4.4434473182474585 4.6645995449688042 4.3957253282614666 4.2534627467029198 3.8317825216585524 8.1017039731017917 8.3997221577569015 8.6511091062223962 8.7491723656030551 8.8329246163069968 8.9154727883012335 8.9974770754143538 9.0823487263991254 9.16912695517515 9.2537734679581405 9.337476386782205 9.4224237661503842 9.4977625175181402 9.5645986313481774 9.6095833618390962 9.5779015523661322 9.4147518575193967 8.7914146963893121 7.3970083879835844 4.4540894033121665 -2.4357646823461021 -2.9697465320838079 4.4424555227568456 4.6636142046778239 4.3947589937060263 4.2524925041242287 3.8308270045292212 8.1015868537617397 8.3996014319510941 8.6509848812838666 8.749046435329344 8.8327968440200824 8.9153433437903171 8.9973460215082852 9.0822160987624088 9.1689929522938503 9.2536379983209702 9.3373394905738429 9.4222854741329201 9.4976228370695583 9.5644574597553031 9.6094409299390033 9.5777567907977925 9.4146051809369187 8.7912664255266577 7.3968594175105373 4.4539440481113894 -2.4359034586333497 -2.9699179208124988 4.4422988744313487 4.6634575401753242 4.3946043955128111 4.2523361454977886 3.8306719839831289 8.1019613671884105 8.3999701851731601 8.6513473900330435 8.7494056450072932 8.8331524921010853 8.915695436572717 8.9976944718411414 9.0825607967756614 9.1693339316965847 9.2539750394660079 9.3376724891680833 9.4226143201001964 9.4979473993239836 9.5647775123854561 9.6097565397814471 9.5780632806601709 9.4149023862910823 8.7915541090899154 7.3971378526070781 4.4542165136841252 -2.4356348591423789 -2.9696879520396333 4.4425311819143154 4.6636788239843945 4.3948160419715343 4.2525135497450171 3.8306873863722934 8.1066043632466176 8.4045862420086621 8.6559308531651133 8.7539707049428301 8.8376976231547797 8.920219355381148 9.0021958182424715 9.087038196356497 9.1737861428659802 9.258400603565585 9.3420700575586757 9.4269825447841953 9.5022849227792605 9.5690829015382413 9.6140286276450801 9.5822649198121752 9.4190219538129387 8.7955552280833267 7.4010059732432962 4.4579314381659954 -2.4320982412343168 -2.9663830863979843 4.4456142119240338 4.6664928579387333 4.3973299094607299 4.2547117710204958 3.832662448721444 8.1260077063928957 8.4238555371797972 8.6750166555738595 8.7729778723635068 8.8566344678097053 8.939087322367044 9.0209975905100439 9.105799851549417 9.1925092016824497 9.2770538744781952 9.360641355387143 9.4454736237259844 9.5207079699483383 9.5874556485063511 9.6323708361378237 9.6006010422503341 9.4374335703767596 8.8142545808426238 7.4206035964373127 4.4804245057140166 -2.4014522726610621 -2.9247582771528706 4.4992071676321661 4.7340098299804438 4.4803099919986131 4.3604514626044333 3.9922136647963073 8.20700230699466 8.5061836758918581 8.7576359766227441 8.855501328398347 8.9389546137555254 9.0210247500083032 9.1025996242982057 9.1869514971634025 9.2731047248933933 9.3568969563562305 9.4395258339283092 9.5232533400862369 9.5970905685873191 9.6621696652485554 9.7052402234708914 9.6674987517048976 9.4967258384986035 8.8620473524459307 7.4506293604541893 4.4902342502492054 -2.4174653305981324 -2.8529990749085217 4.6381281366135276 4.9275716674077801 4.7267393840003304 4.6664379854476943 4.3409864357493122 8.2950514930889891 8.5930327110339704 8.8422732804170803 8.9391736921615692 9.0218403952326813 9.1034315470149618 9.1846824008373247 9.2686179741080821 9.3542779646712546 9.4373392430398706 9.5190450092061933 9.601706781810007 9.6742864458000977 9.7383222999006147 9.7803660605082463 9.7379769370296465 9.5607135159745038 8.9159518344917466 7.488786054144442 4.5101978555780224 -2.4207030704307786 -2.7581457019674747 4.8085837376218725 5.1513727440650934 4.9911488202812917 4.9737474669065938 4.6916893086847775 8.3818748666339431 8.6797351396343903 8.9277573208365961 9.0232511112984657 9.1046004452165921 9.1852051194676836 9.2656307352165435 9.3486572190027761 9.433332410529415 9.5156195421636642 9.5964188259499039 9.6780329401893468 9.7493779466734285 9.8123992539805016 9.8534487676976283 9.8064843166926678 9.6228106765956216 8.9680648878455695 7.5253051773501731 4.5288215120854654 -2.4246762772630084 -2.663343447184134 4.9796157791086451 5.3762485328822951 5.2570261446992541 5.2828746250583984 5.0445521920170027 8.4676515330858333 8.7653868079721686 9.0121814945863807 9.1067332142401547 9.1872826644376815 9.2674154835175955 9.3475267820546577 9.4301567545855622 9.5143537741651603 9.5955441513498894 9.6749965170234109 9.7551309789205813 9.8248160724062075 9.8864057705395503 9.9260538169303505 9.8741469680652045 9.6841077977291601 9.019435022851777 7.5611853267624101 4.5470388892029447 -2.4285403330621804 -2.5678648251600737 5.1518017077570386 5.6027558213878628 5.524949383875156 5.5944427069327567 5.4002703330237019 8.5527133306855294 8.8503304601655532 9.0959258516998087 9.189537451213786 9.2692788750675241 9.3489270787416086 9.4287051666991424 9.5108970110742792 9.5945692729735015 9.6750418675172849 9.7535853201483338 9.8326656316725245 9.9010986867436142 9.9616437784018537 10.00025381296798 9.9432191910658112 9.7457809963356983 9.0700551774848694 7.594835906527984 4.5606537706179049 -2.4421349072064085 -2.4888304939008279 5.3003599552824419 5.7973298096686499 5.7517311400691833 5.8540904042997557 5.6908954249023163 8.6333904567305186 8.9316064851388912 9.1767726962813185 9.2698272213704058 9.3490115373174927 9.4281913508426083 9.5075926702120768 9.5892454600760946 9.6722774335755162 9.751941126846928 9.8294879078334674 9.9074128088452387 9.9744174924743287 10.033454458667267 10.070406816802077 10.007426373819461 9.8020287712889491 9.1140402846482864 7.6192465010675834 4.559893728823134 -2.4801816634742075 -2.4596024221807964 5.3631704566465928 5.8682280227321764 5.8202926334774547 5.919710987184386 5.7456073965294001 8.7059869741329408 9.0060286035035499 9.2519922364619003 9.3451577825752405 9.4243054689026611 9.5032338835637198 9.5824073556467937 9.6636577649757331 9.7461670488242937 9.8251045455319055 9.9017197658438594 9.9785449519546816 10.044110690704196 10.101328260954606 10.136180122810629 10.066506432019235 9.8524553889449482 9.1512149588252321 7.6353010500854293 4.5493308250558773 -2.5298375685456409 -2.4518002200617928 5.3923283645860929 5.897353133402282 5.8450618398843037 5.9431435756854416 5.7637607059149376 8.7780265212990933 9.0795082748143923 9.3259331233415512 9.4190581416759436 9.4980281285176691 9.5765742013624227 9.6553981538286635 9.7361329598475113 9.8180144209466871 9.8961283283471317 9.9717216039760661 10.047363056353134 10.111411696955546 10.166737359040214 10.199421200300161 10.122931919118797 9.9001197791531617 9.1855323539866518 7.6484140781682042 4.5357500970491822 -2.5825814461028047 -2.4471259387245099 5.4183496469335681 5.9233615202347725 5.8670109169022053 5.9644220074806862 5.7803678252426067 8.8496988738095403 9.1526221813906421 9.3995102302962952 9.4925955282430614 9.5713887496300227 9.6495537927935544 9.7280296676812359 9.8082502258992932 9.8895053555013011 9.9667975199338024 10.041370888649604 10.115830741561201 10.178364538131319 10.23180093751421 10.262319618521568 10.179020594410217 9.9474536156476621 9.2195261428345834 7.6612108242654733 4.5218583620597341 -2.6356357437473048 -2.4427451992990679 5.4441073435756069 5.9491367390049366 5.8886482667885254 5.9853178570218066 5.7965380874388401 8.9212100442678022 9.2255753008949899 9.4729272468482311 9.56597290442852 9.6445895068393366 9.7223739782101184 9.8005023037409433 9.8802090005985015 9.9608382595368585 10.037309429870721 10.110863769157657 10.184142935922093 10.24516286323405 10.296711304194089 10.325066283960991 10.234960392387258 9.9946416311756181 9.2533776306158764 7.6738689669943403 4.5078295542741724 -2.688830264175297 -2.4384920485907955 5.4697626982804346 5.9748364363727804 5.9102339061582345 6.0061864424399927 5.8127089051478258 9.2827426981059844 9.5942915265867637 9.8439334164067276 9.9367595288946848 10.01447081460609 10.090332827627149 10.166702949627586 10.243816093677539 10.321290959186383 10.39363430056267 10.462070626362255 10.529422202043548 10.582847726206818 10.624934266786214 10.642449095377508 10.518259717208474 10.234128571718724 9.4261283993064939 7.7405958258579739 4.4410286101111289 -2.9516224792906831 -2.4139882360633522 5.6015091265154853 6.1070522484557879 6.0220773733157547 6.1146458219125126 5.8979238679437147 9.6473708861473 9.9660775501117449 10.217981994289339 10.310566337701749 10.387349781502062 10.4612718690916 10.535865966340351 10.610362983043299 10.684660556575498 10.752857237188428 10.816157526077328 10.877562400203137 10.923373976430641 10.955984618113849 10.962646985250295 10.804343124329737 10.476365403537583 9.6015985121993435 7.8100105744991541 4.376835930408431 -3.2119814525100656 -2.3868800398533381 5.7363022154048338 6.2427836335335902 6.1378290863895701 6.2274133725085861 5.9879174358372174 10.012249398733237 10.338102697795582 10.592259900382279 10.684591347787942 10.760436492402214 10.832413636426157 10.905227198636402 10.977100301967431 11.048213254225578 11.112260101583871 11.170422573780016 11.225878752897531 11.264074824743366 11.287213885387027 11.283030471583086 11.090622028740231 10.718807700725183 9.7772906425924813 7.8796676058559454 4.3128701256718269 -3.4722009246849037 -2.3594017611204428 5.8719418601254691 6.3798631366151994 6.2553613268031238 6.3424020802638879 6.0806398609458201 10.377229580080826 10.710219347585554 10.966620392464199 11.058689209875714 11.133587126555627 11.203615444632291 11.274645148624689 11.343888334418546 11.411811106884429 11.471706117090372 11.524729989046431 11.574236559760594 11.604816730360561 11.618489279961993 11.603467434877224 11.376966210126202 10.961327385203436 9.9530788158258758 7.9494444549703545 4.2490204952697068 -3.7323622421304306 -2.3316334147969973 6.0083241788142541 6.5181594743095586 6.3745198102378255 6.4594334457577132 6.1758831141516675 
end_dependent_variable

end_regular_table
