# ****************************************************************************
# CUI
#
# The Advanced Framework for Simulation, Integration, and Modeling (AFSIM)
#
# The use, dissemination or disclosure of data in this file is subject to
# limitation or restriction. See accompanying README and LICENSE for details.
# ****************************************************************************

# ##################################################################################################
# 
# This file was auto-generated by AFSIM Mover Creator 2.5.0.200401
# 
# Creation Date:  01 Apr 2020
# 
# ##################################################################################################

regular_table

independent_variable mach precision double
0.10000000000000001 0.5 0.70000000000000007 0.75 0.80000000000000004 0.84999999999999998 0.90000000000000002 0.92000000000000004 0.94000000000000006 0.95999999999999996 0.97999999999999998 1 1.02 1.04 1.0600000000000001 1.0800000000000001 1.1000000000000001 1.2 1.3 
end_independent_variable

independent_variable alpha units rad
-0.3490658503988659 -0.31415926535897931 -0.27925268031909273 -0.24434609527920614 -0.20943951023931956 -0.17453292519943295 -0.13962634015954636 -0.10471975511965978 -0.087266462599716474 -0.069813170079773182 -0.05235987755982989 -0.034906585039886591 -0.017453292519943295 0 0.017453292519943295 0.034906585039886591 0.05235987755982989 0.069813170079773182 0.087266462599716474 0.10471975511965978 0.13962634015954636 0.17453292519943295 0.20943951023931956 0.24434609527920614 0.27925268031909273 0.31415926535897931 0.3490658503988659 0.38397243543875248 0.41887902047863912 0.4537856055185257 0.48869219055841229 0.52359877559829882 0.6108652381980153 0.69813170079773179 
end_independent_variable

dependent_variable precision double
11.67138336673057 12.259659475101829 12.384902372143735 12.453951638780524 12.511188388163744 12.822457581224258 12.579289345606009 11.843711071741055 11.813083847453781 11.787920221107488 11.768298459348214 11.754280887401167 11.745913430350113 11.743224747016653 11.746253362256502 11.7549481238211 11.76491923884929 11.78741082333447 11.81346499000451 11.845432556174055 12.586246566054086 12.831370186466739 12.521871775958708 12.466432452206014 12.398692438712782 12.272916045394233 11.676753080781719 11.128915052927992 9.6298910599882923 6.6255805839279001 1.0415140420610018 -4.1761253488755878 6.1898286704569356 5.199921517968261 11.654204186740335 12.242281529276781 12.36734166471607 12.436229747712035 12.49332491233832 12.804474064428089 12.561211211195472 11.825550613702722 11.794893147299542 11.769704773524435 11.750063776088394 11.736032493877728 11.727656864460801 11.724965363068177 11.727996922641005 11.736700198910007 11.746685406255777 11.769196663458766 11.795276090374369 11.827274497189702 12.568161494179613 12.813389885283792 12.504014640529395 12.448720498926683 12.381149130503154 12.255562626866931 11.65961624655232 11.112018233933702 9.6132584150883087 6.6092437750789426 1.0255270297932835 -4.1918524785539555 6.1748993047212144 5.1859889981799849 11.651828940542707 12.239877663847329 12.36491173847307 12.433776747456672 12.490851666604033 12.801983583774506 12.558706775931871 11.823034585235096 11.792372655900691 11.767180584444512 11.747536656062458 11.733503210548909 11.725126186745822 11.722434047210687 11.725465753240579 11.734169948595623 11.74415684612582 11.766670570185715 11.792753226055819 11.824755642929995 12.565652576247007 12.81089466025287 12.50153588941672 12.446261258243409 12.378712547145787 12.253151652730033 11.65723421293443 11.109668225228363 9.6109435531542928 6.6069676872814807 1.0232949287337019 -4.1940456894261517 6.1728195438635129 5.1840446154613913 11.651762362088755 12.239809639235524 12.36484229667043 12.433705965586743 12.490779613292149 12.801910342997608 12.55863247831568 11.822959201127253 11.792296797652094 11.767104272546815 11.747459914205564 11.733426060172524 11.725048652784887 11.722356149482934 11.72538751807447 11.73409140109743 11.744078009505712 11.766591468933157 11.792673889640414 11.824676087754201 12.565572601597712 12.810814473331069 12.501455558847747 12.446180876776548 12.378632236040456 12.253071503913109 11.657154390339139 11.1095888655571 9.6108647885405283 6.6068897511061788 1.0232183227568006 -4.1941221833728779 6.1727445299761019 5.1839726729917599 11.655559668687307 12.243646154567291 12.368713286501098 12.437606717338729 12.494705357093485 12.805856296183315 12.562593863749189 11.826931090074885 11.796272152476114 11.771081883554361 11.751438567363291 11.737404544354073 11.729025754710783 11.726330656884585 11.729358222435515 11.738057090554767 11.748037480420312 11.770543510401396 11.796617297520678 11.828609671246161 12.569482872898966 12.814696780310987 12.505305119206865 12.44999301311805 12.382402323967112 12.256794955853275 11.660826715582491 11.113205617620563 9.6144216055576148 6.6103824042576598 1.0266429340259224 -4.190770931764221 6.1758953774228766 5.1869000396143115 11.692653185596516 12.281132680179159 12.406547115246122 12.475741752455587 12.533095116111744 12.844454002941701 12.601352533331994 11.865803408283586 11.835183565560284 11.810020534979671 11.790392598082502 11.776362089268964 11.767974946904133 11.765259629213578 11.768255118954071 11.776910063889265 11.786834694870743 11.809273148406406 11.835267562193328 11.86716878717348 12.607824441946123 12.852774180015523 12.543071925854797 12.48740321419913 12.419410358838311 12.293355729354193 11.696895744515269 11.148933635202875 9.6511804385367075 6.6481681701392263 1.0654529418927083 -4.1509349086189449 6.2123733127430576 5.2170739272245381 11.840947800264544 12.429543483935459 12.554873598203766 12.623832134289426 12.680808867853283 12.991920960434703 12.74949747418024 12.014444091559772 11.984003431001932 11.958973595228496 11.939432770106814 11.925443239433315 11.917050918320076 11.914284335979564 11.917182568794507 11.925694384171702 11.935430168443444 11.957634229406832 11.98334886167885 12.014925056010744 12.754795325261147 12.998779268016932 12.689035921352984 12.633449730794286 12.565365117786779 12.439043864347868 11.842165797247217 11.29348662418762 9.7934997476222776 6.7881418226998083 1.2029423204175325 -4.016076990761011 6.3391785854198144 5.3345885573359482 11.884154769612323 12.500909885201912 12.647076651092762 12.731379457375112 12.799234217910803 13.118080044403813 12.879409975876509 12.1369446067319 12.106129629011402 12.081125778042789 12.061602264324298 12.047621833559802 12.039230737459047 12.036457203589146 12.039339944728209 12.047827091773913 12.071132985468406 12.085400480593181 12.109283710950221 12.137922294386552 12.871936712520785 13.106659070633469 12.7817105449172 12.705392535857348 12.609631651411132 12.450646430622914 11.899613349732762 11.378450575059601 9.8777887189274853 6.8666613442687572 1.277109553076377 -3.9490224722461695 6.465909149559919 5.6414397248121499 11.913963573712909 12.555976788528579 12.720882690028283 12.818937985291177 12.896458979473184 13.222405743929647 12.988178603210834 12.239162276002073 12.208008418446799 12.182294507051482 12.162095556201546 12.147470960007132 12.138464433893896 12.135161989283541 12.138577917076539 12.14768324021496 12.18523782641439 12.192285657342106 12.21509622961732 12.2407823884795 12.96811590407493 13.192920292099005 12.853438049588352 12.757662826412998 12.636000163673422 12.446736350138465 11.966400433581798 11.45495494051996 9.9590065430435235 6.9499709167634931 1.3734777619030007 -3.8051261704939225 6.8395447577406374 6.1537501440702354 11.941187612456087 12.607826533456258 12.79086002851337 12.901909879031562 12.988158783428293 13.320127408729842 13.089206464245532 12.332631180412246 12.301417389418862 12.275745059374909 12.25569829559001 12.241343853920545 12.232731001563479 12.229888350458621 12.232863373090517 12.241587360165727 12.292480675575417 12.291480706160938 12.31246216827839 12.33490887892216 13.056539360380327 13.272543521086032 12.919604136806861 12.805341602151854 12.658701040516673 12.44005626494476 12.031260640550832 11.530207640476343 10.039503638709826 7.0327800505820637 1.4693776609914178 -3.6612456986600437 7.2022498524293646 6.6586991658840882 11.96063190135987 12.651575455403293 12.852566890237927 12.976493710566634 13.071818221915461 13.410665336568997 13.183962489151051 12.420660039489261 12.388845091120672 12.362667072863992 12.342219505552707 12.327576697852967 12.318793603653553 12.315901393431345 12.318957154852438 12.32787561103979 12.392677394127046 12.384192999423297 12.403902037101451 12.423659030254925 13.138769175241928 13.345077838959957 12.977852609927348 12.844817009251095 12.673511515409364 12.425979887740462 12.08934436666684 11.598969186871473 10.112613031150577 7.1070201189364344 1.5575069201028526 -3.5232164699201562 7.5588264215222418 7.157652102784458 11.973332421124791 12.690702807524465 12.911538579243521 13.049707322356941 13.154122225789775 13.498915276301437 13.275455483779014 12.50447757826543 12.472061047154211 12.445376699334906 12.424527285483526 12.409594560955725 12.400639059224959 12.397694616019395 12.400828058399904 12.409937685973354 12.488644597800386 12.4726726067138 12.49110642431552 12.508171374831733 13.217705219513896 13.415285215854055 13.034682886317228 12.882788997663512 12.685198724885071 12.406428699900818 12.139323304116806 11.657835937231658 10.176621205006368 7.1733017213625354 1.6379512009804864 -3.3929942615397843 7.9076691319900023 7.6477683089517656 11.985642680252491 12.727596863646269 12.96647045539804 13.117953596878843 13.231824090768237 13.583287519762667 13.363712303077902 12.585623700676194 12.552861003592911 12.525707617089965 12.504454757819568 12.489230753157694 12.480101678887998 12.477104092280296 12.480314642310836 12.489615284400728 12.582227717648827 12.558769195635703 12.57589041320613 12.590008296493234 13.293402830473104 13.481614428435714 13.086910046316005 12.915786535787005 12.692813625741463 12.38458870600626 12.188883396385044 11.717350039640548 10.240594331912828 7.2389281912900545 1.7171956684874539 -3.2643916767430095 8.2191502865777331 8.0136101236437511 11.976994371990271 12.746141219611062 13.005072761022472 13.171152789037109 13.295147935124961 13.653856103282747 13.438624799013828 12.653721782872278 12.620676543324274 12.593457885867331 12.572182526442232 12.556943421007315 12.547809493979539 12.544818287492513 12.548048903840506 12.557377933024005 12.663629228338305 12.63231594329285 12.647736451649269 12.658861847787291 13.355870066828286 13.534301226817949 13.124970372914488 12.934006275679149 12.684433053804112 12.34482317456728 12.218105450218175 11.753606018532727 10.277292506108694 7.2705677381003415 1.7447857830571327 -3.2467801942068655 8.2340257698205761 8.0202383646723625 11.959528114734814 12.755959497100159 13.035112831441252 13.216044780212881 13.35051193501573 13.716889957735937 13.506481207434788 12.715262911251658 12.682179240986184 12.65493074101199 12.633634908474717 12.618385189974148 12.60925086339341 12.606268891256162 12.609517475521526 12.618872693384661 12.738762017830874 12.699596840521719 12.713287143636284 12.721182628887442 13.411322710621393 13.579509144545552 13.155138867414085 12.943997384438195 12.667572697542756 12.296414353415795 12.238608179295442 11.781163151857893 10.305427107937463 7.29397340455166 1.7645647010090397 -3.2353785952966168 8.2454404227132816 8.0247993486168507 11.940069001223558 12.763768568141845 13.063123975470353 13.258888999221019 13.40381124417231 13.777844632535921 13.57224648197991 12.77470352884794 12.741577710930454 12.714296267743523 12.692977495200616 12.677715324962017 12.668579385930348 12.665606066243901 12.668872683780618 12.678254791964896 12.811783514303192 12.764768480097457 12.776731264939867 12.781400199149383 13.464680864238932 13.622633787834859 13.183237347607983 12.951932602661641 12.648666764247244 12.245965372446458 12.257073859813712 11.806690536678316 10.331543810727682 7.3153823671960554 1.782378415187851 -3.2258826701396308 8.2549154273592862 8.0274734625518658 11.919748955236406 12.770713684597753 13.090263599093877 13.300853590786563 13.456223412773678 13.837905616506196 13.637112618269249 12.833240676878962 12.800070960787739 12.77275509618374 12.751412166435587 12.736136589740969 12.726998341582151 12.72403324785056 12.727317751635017 12.736726882694246 12.883895418715568 12.829031241152252 12.839267523742977 12.84071125183948 13.517136041205701 13.664860021685888 13.210442645475853 12.958979380633656 12.628871960051196 12.194621146735905 12.274634300598597 11.831305489135792 10.356743941630901 7.3358785376285445 1.7992918958651534 -3.217246839955326 8.2636906707427293 8.0295784301255431 11.83944285599358 12.827096389588009 13.247877129599662 13.532801549902372 13.740584995676915 14.160658096822393 13.984010636153554 13.148586524324365 13.115233422971528 13.087774559846457 13.066332884592379 13.051005198338348 13.041863202611449 13.038939985400118 13.042307784578179 13.051839026653456 13.26718686233319 13.173050566508973 13.174621431673422 13.159899696411298 13.801946712137598 13.89839936247402 13.368716554197153 13.01625104285896 12.551613220245141 11.959166778058794 12.3831639690528 11.974566581703957 10.502393741927746 7.4575418313922359 1.9026619750122957 -3.1552876546991988 8.3269871859508182 8.0595117850236022 11.775809309613065 12.900506432197281 13.422735923460335 13.78215914933074 14.042489277294472 14.501062538168545 14.34864891449107 13.481740160192047 13.448229499136918 13.420647959453595 13.399122242813798 13.383751506618243 13.37460914001413 13.371725633170305 13.375169280385402 13.384809874875621 13.668319135415768 13.5348879300437 13.527765787016284 13.496846255080182 14.104436313764635 14.149515849884198 13.544434709589247 13.090780326847643 12.491276399126729 11.740130609705259 12.507491799249932 12.133021938734519 10.662658424459465 7.593365216605962 2.0198908356142971 -3.0791967821196207 8.4062594670958024 8.1063575886786197 
end_dependent_variable

end_regular_table
