# ****************************************************************************
# CUI
#
# The Advanced Framework for Simulation, Integration, and Modeling (AFSIM)
#
# The use, dissemination or disclosure of data in this file is subject to
# limitation or restriction. See accompanying README and LICENSE for details.
# ****************************************************************************

# ##################################################################################################
# 
# This file was auto-generated by AFSIM Mover Creator 2.5.0.200401
# 
# Creation Date:  01 Apr 2020
# 
# ##################################################################################################

regular_table

independent_variable mach precision double
0.10000000000000001 0.5 0.70000000000000007 0.75 0.80000000000000004 0.84999999999999998 0.90000000000000002 0.92000000000000004 0.94000000000000006 0.95999999999999996 0.97999999999999998 1 1.02 1.04 1.0600000000000001 1.0800000000000001 1.1000000000000001 1.2 1.3 
end_independent_variable

independent_variable surface_angle units deg
-20 -16 -14 -12 -10 -9 -8 -7 -6 -5 -4 -3 -2 -1 0 1 2 3 4 5 6 7 8 9 10 12 14 16 18 20 
end_independent_variable

dependent_variable precision double
-0.015829885841176981 -0.019565645523657846 -0.017396311604799566 -0.01511210761777091 -0.012874493578569469 -0.011732437660923401 -0.010400497877688607 -0.0090940017851024284 -0.0078817189717991353 -0.0066089000814823998 -0.0053001396361631765 -0.003976749792922985 -0.0026498967650693704 -0.0013243885371523247 0 0.0013251007995443644 0.0026527392431489978 0.0039831434109939392 0.0053115086121365094 0.006626672262325716 0.0079073262520220605 0.0091288913332305405 0.010446196557325559 0.011791186843041474 0.012947991864544485 0.015219123014365231 0.017542564668258355 0.019756697813406086 0.021863492597649178 0.016125775011241329 -0.015837611098859783 -0.019571866855073072 -0.017401774902930597 -0.015116805684839005 -0.01287841794181953 -0.011735971117012352 -0.010403642369309341 -0.0090967558701046981 -0.0078840820948131302 -0.0066108710724132021 -0.0053017174895197425 -0.0039779337212991119 -0.0026506862818127777 -0.0013247833700853013 0 0.0013254956499167852 0.0026535288301397105 0.0039843274982219856 0.0053130867478284986 0.006628643694443861 0.0079096900082408581 0.0091316462813935111 0.010449342181959446 0.011794721745686429 0.012951918009187876 0.015223823613763005 0.017548031390394792 0.019762923590716953 0.021870469851257984 0.016133505969970229 -0.015839017268292288 -0.019573000361181918 -0.017402770179231791 -0.015117661401039505 -0.01287913279357129 -0.011736615020454578 -0.010404215322483919 -0.0090972576581087213 -0.0078845125687076276 -0.0066112300617199582 -0.0053020048451774011 -0.0039781493294923538 -0.0026508300639723173 -0.0013248552740457835 0 0.001325567556233122 0.0026536726220286241 0.0039845431274037517 0.0053133741402007773 0.0066290027404135128 0.0079101205641313385 0.0091321481803980694 0.010449915279055332 0.011795365834904628 0.012952633090283628 0.015224679657947437 0.01754902711241146 0.019764057672511028 0.021871740820817991 0.016134912949572002 -0.015839297417237309 -0.019573226210183939 -0.017402968496430273 -0.015117831898836594 -0.012879275223286633 -0.011736743323363441 -0.010404329486470481 -0.0090973576389318626 -0.0078845983372404192 -0.0066113015892638044 -0.0053020621008920228 -0.0039781922910430232 -0.0026508587111048029 -0.0013248696005644938 0 0.0013255818832260625 0.0026537012702931438 0.0039845860915244443 0.0053134314023404565 0.0066290742782986432 0.0079102063473499781 0.0091322481814754414 0.010450029472903117 0.011795494172937144 0.012952775563566984 0.015224850217547469 0.017549225513196893 0.019764283633615022 0.021871994064800403 0.016135193260061347 -0.015839557026555671 -0.019573435493060176 -0.017403152244043967 -0.015117989894816261 -0.0128794072108747 -0.011736862209461968 -0.010404435270712317 -0.0090974502845412031 -0.0078846778196184648 -0.0066113678680856658 -0.0053021151559646601 -0.0039782320963602479 -0.0026508852576715329 -0.0013248828760354381 0 0.0013255951589876643 0.0026537278185426272 0.0039846259008190863 0.0053134844634710066 0.0066291405684408469 0.0079102858456376914 0.009132340846237574 0.010450135283089952 0.011795613090243096 0.012952907591785896 0.015225008271658617 0.017549409336075562 0.019764493018802665 0.021872228723352968 0.016135453001062811 -0.015839798717671189 -0.019573630364714011 -0.017403323349712774 -0.015118136987777793 -0.01287953010033532 -0.01173697290465129 -0.010404533775179423 -0.009097536551107805 -0.007884751818974061 -0.0066114295800984045 -0.0053021645508345089 -0.0039782691591259993 -0.0026509099740144866 -0.0013248952360426457 0 0.0013256075195455914 0.0026537525362623788 0.00398466296786821 0.0053135338656837795 0.0066292022895710493 0.0079103598571091116 0.0091324271331807896 0.010450233809830593 0.011795723814314586 0.012953030517716371 0.015225155419080167 0.017549580513582637 0.019764687975879179 0.02187244720470994 0.016135694831938645 -0.015840024715489804 -0.019573812558075488 -0.017403483319837525 -0.015118274533224941 -0.012879644996044246 -0.011737076411607669 -0.010404625871476865 -0.0090976172078029507 -0.0078848210139769483 -0.0066114872774898983 -0.005302210737458536 -0.0039783038140858229 -0.0026509330817063924 -0.0013249067930705325 0 0.0013256190768794333 0.0026537756457594205 0.0039846976253980568 0.0053135800563464146 0.0066292599935099828 0.0079104290644725888 0.0091325078037663016 0.010450325928401571 0.01179582734819502 0.012953145444265578 0.015225293015315871 0.017549740549181791 0.019764870262006261 0.02187265149513223 0.016135920951894561 -0.015821811318005408 -0.019572466480292712 -0.017405651777386986 -0.015122658286044949 -0.012885209862183656 -0.01174287036463586 -0.010410287908632881 -0.0091029544622959358 -0.0078897476828602743 -0.006615825593961365 -0.0053058234588687012 -0.0039810917637963282 -0.0026528275126816614 -0.0013258646225465785 0 0.0013265774618476704 0.0026556723260680831 0.0039874907074452055 0.0053172020256062429 0.0066336129341486383 0.0079153770232335847 0.0091378744884044599 0.010456026827149996 0.011801671417070281 0.012958773135139936 0.015229768470974984 0.017552034796059372 0.019763689347337427 0.021866590010651971 0.016117977334901914 -0.015792042555953508 -0.019566364958275257 -0.017404915218385761 -0.015125362224261965 -0.012889869754810155 -0.011748021131331773 -0.010415504068373747 -0.0091079911687363228 -0.0078944781924101537 -0.0066200405412345171 -0.0053093621705330328 -0.0039838380614197789 -0.0026547008409381501 -0.001326814148546401 0 0.0013275292942537629 0.0026575550212642215 0.0039902586949643439 0.0053207808014870562 0.0066378934367208866 0.0079202069700221919 0.009143054814676815 0.010461442312517558 0.011807091005957419 0.012963786645357229 0.015233048369098093 0.017552183317513313 0.019758893056081632 0.021854710122430836 0.01609093836031299 -0.015744897099976538 -0.019547240341729569 -0.017393373147545538 -0.015119461949367523 -0.012888010112344134 -0.011747619434723081 -0.010416069418880753 -0.0091092054319547953 -0.0078961365580632655 -0.0066218516499108896 -0.0053110901611784162 -0.0039852987476195851 -0.0026557561391312937 -0.0013273690392847572 0 0.0013280990334183227 0.0026586673423401094 0.0039918461361846619 0.005322732605480154 0.0066400520395525006 0.0079223620068852082 0.0091449427434073232 0.010462879402512969 0.011807778635434354 0.012963251883121344 0.015228990268392251 0.017543065453218973 0.019742851665324471 0.021829623004214531 0.016048777817683144 -0.015696619200167052 -0.019527424230391822 -0.017381300466256504 -0.015113165741423256 -0.01288586587165971 -0.011746980591142842 -0.01041643980477251 -0.0091102618399085018 -0.0078976694875094733 -0.0066235653431981519 -0.005312745043030251 -0.003986707487222305 -0.0026567782200907532 -0.0013279077598338988 0 0.0013286526323589159 0.0026597465868727342 0.003993381993793098 0.0053246120253039077 0.0066421144814601185 0.0079243935683467586 0.0091466757934006871 0.010464125666707695 0.011808234557626699 0.012962439450617825 0.015224546683910977 0.017533431964306487 0.019726139623301057 0.02180367896903387 0.016005529659966846 -0.015647206595981445 -0.019506915176139512 -0.017368696066226676 -0.015106472756629298 -0.012883436428874816 -0.011746104088838203 -0.010416614791054204 -0.0091111600420707324 -0.0078990766843638864 -0.0066251814158860538 -0.0053143266427465793 -0.0039880641610400454 -0.0026577670082333638 -0.0013284302740727582 0 0.0013291900555847437 0.0026607926783733045 0.0039948661494584323 0.0053264188914591559 0.0066440805611497171 0.0079263013639941995 0.0091482536236270444 0.010465180666827084 0.011808458272089708 0.012961348764965368 0.015219716794764323 0.01752328176931002 0.019708755504602996 0.021776876228837925 0.01596119167058014 -0.015596656990259418 -0.01948571176678152 -0.017355558816058339 -0.01509938212837377 -0.012880721153819722 -0.011744989412189048 -0.010416593947136774 -0.0091118996898728842 -0.0079003578892010064 -0.0066266996447497074 -0.005315834805465134 -0.0039893686546700509 -0.0026587224295057379 -0.0013289365453417882 0 0.0013297112665831162 0.0026618055434860098 0.003996298486538318 0.0053281530457793165 0.0066459500493752117 0.0079280851333740198 0.0091496758851506502 0.010466043996807443 0.011808449282001147 0.012959979201574868 0.015214499753578874 0.017512613774868204 0.019690697942271577 0.021749213052165244 0.015915761668968343 -0.01557136235572751 -0.019479205375033212 -0.017353499658714001 -0.015100437530542717 -0.012883788710640899 -0.011748665537225802 -0.010420488610560543 -0.0091157886116931403 -0.0079041230499555786 -0.0066301304191534946 -0.0053187642781377907 -0.0039916712587251026 -0.0026603075573868435 -0.0013297447678472163 0 0.0013305235209779 0.0026634061816783578 0.0039986355696962845 0.0053311432589224555 0.0066494746871265924 0.0079319834910472654 0.0091537441090316276 0.010470167950176317 0.011812407990211141 0.012963384695074999 0.015216004501372778 0.01751111278009165 0.019684851422083566 0.021737591942288251 0.015891349173463156 -0.015551487143545232 -0.019476882405134035 -0.017354936425571815 -0.015104289221217862 -0.012888981187102534 -0.011754153342022599 -0.010425902174089117 -0.0091209268875615378 -0.0079088931144167436 -0.0066343480865148925 -0.005322286939614642 -0.0039943953699977828 -0.0026621611175866346 -0.0013306826004732945 0 0.0013314614822764808 0.0026652604084198253 0.0040013614008041183 0.0053346693207849709 0.0066536981615659078 0.0079367625913923587 0.0091588958492523891 0.010475600281581928 0.011817921364684314 0.012968610787882711 0.015219908889960741 0.017512626421781811 0.019682634897264895 0.021730183795724292 0.015871671947166637 -0.015531583923688981 -0.019474545231474523 -0.017356364156227499 -0.015108135765971944 -0.012894171263700828 -0.011759639747943439 -0.010431315080866572 -0.0091260650242570452 -0.0079136633600033583 -0.006638566133554403 -0.0053258100567443924 -0.0039971199138421065 -0.0026640150081690449 -0.0013316206123279053 0 0.0013323996318598673 0.0026671149969226737 0.0040040877370072069 0.0053381959618083643 0.0066579222058650647 0.0079415421362780559 0.0091640478046208125 0.010481032418253192 0.011823433911854723 0.012973835162642037 0.015223809056367466 0.017514132213984245 0.019680405619647651 0.021722756814658482 0.015851968765690228 -0.015511651973125543 -0.019472193448333681 -0.017357782552117788 -0.015111976959252066 -0.012899358790248528 -0.011765124627319363 -0.010436727227455603 -0.0091312029195661747 -0.0079184337271398439 -0.0066427845019202663 -0.0053293335815043259 -0.0039998448514507257 -0.0026658692082434606 -0.0013325587944710408 0 0.0013333379611184825 0.002668969929062123 0.0040068145386660042 0.0053417231319873321 0.006662146760497434 0.0079463220690414726 0.0091691998693498554 0.010486464232031622 0.011828945470031198 0.012979057641605285 0.015227704764150824 0.017515629827784939 0.019678163179202984 0.021715310413223433 0.015832238926658804 -0.015411540598181166 -0.019460202496235014 -0.017364724389336155 -0.015131095026448133 -0.012925252682658067 -0.011792521476485768 -0.010463772803137277 -0.0091568858352093253 -0.0079422848285298775 -0.0066638792647646947 -0.0053469558842150836 -0.0040134744548470571 -0.0026751441770987427 -0.0013372519194454107 0 0.0013380319424613494 0.0026782490215810713 0.004020454474535284 0.0053593654417180073 0.006683275145855992 0.0079702248007321487 0.0091949586708069374 0.010513614587810293 0.011856483686147098 0.013005135863922384 0.015247108471330385 0.017522984541947884 0.019666739735745606 0.021677769923941839 0.015733168018572021 -0.015310624865159222 -0.019447793687220803 -0.017371392187901229 -0.015150048782505242 -0.012951060787198454 -0.011819861628489298 -0.010490784180864356 -0.0091825504686853798 -0.0079661289024970036 -0.006684974313004099 -0.0053645824911030537 -0.0040271097278372957 -0.0026844241362662825 -0.0013419479382048894 0 0.0013427290094538066 0.0026875338305050664 0.0040341016651521634 0.0053770148071418536 0.006704408031814978 0.0079941264394286088 0.0092207070909606295 0.010540740832364131 0.011883977671671512 0.013031143315383947 0.015266368386926995 0.017530091693348623 0.019654931345867963 0.02163967325223428 0.015633340549946816 
end_dependent_variable

end_regular_table
