# ****************************************************************************
# CUI
#
# The Advanced Framework for Simulation, Integration, and Modeling (AFSIM)
#
# The use, dissemination or disclosure of data in this file is subject to
# limitation or restriction. See accompanying README and LICENSE for details.
# ****************************************************************************

# ##################################################################################################
# 
# This file was auto-generated by AFSIM Mover Creator 2.5.0.200401
# 
# Creation Date:  01 Apr 2020
# 
# ##################################################################################################

regular_table

independent_variable mach precision double
0.10000000000000001 0.5 0.70000000000000007 0.75 0.80000000000000004 0.84999999999999998 0.90000000000000002 0.92000000000000004 0.94000000000000006 0.95999999999999996 0.97999999999999998 1 1.02 1.04 1.0600000000000001 1.0800000000000001 1.1000000000000001 1.2 1.3 
end_independent_variable

independent_variable surface_angle units deg
-20 -16 -14 -12 -10 -9 -8 -7 -6 -5 -4 -3 -2 -1 0 1 2 3 4 5 6 7 8 9 10 12 14 16 18 20 
end_independent_variable

dependent_variable precision double
-0.12024008755481758 -0.081272335647918206 -0.062352284440475685 -0.045738664383537901 -0.031562749619772186 -0.025288435257902399 -0.019668114823162667 -0.015005368811725407 -0.011021944417431423 -0.007655230956880742 -0.0049008748275802668 -0.0027583766468689619 -0.0012274608173590629 -0.00030800666850681104 0 -0.00030701053339712831 -0.0012241706369044672 -0.0027515611794888535 -0.0048894014420675308 -0.0076380929008161421 -0.010998281822496962 -0.014970939485359162 -0.019624700715550367 -0.025236971902062179 -0.031503315078021801 -0.045663344892978089 -0.062255819878435911 -0.081149649779285515 -0.10216498933124069 -0.12000897946308875 -0.12024350663042609 -0.081274839378133845 -0.062354211792226326 -0.045740087852654293 -0.031563747687669466 -0.025289245453451473 -0.019668751249060746 -0.015005854171635313 -0.011022301164484587 -0.0076554788671774248 -0.0049010335956683783 -0.0027584660175954427 -0.0012275005759339874 -0.00030801663061338767 0 -0.00030702049873918073 -0.0012242104066008618 -0.0027516505730395893 -0.0048895602485071223 -0.0076383408683570351 -0.010998638648670131 -0.014971424807544797 -0.019625337082858036 -0.025237782070931962 -0.031504313179451765 -0.045664768559986281 -0.06225774739558592 -0.081152153549642475 -0.10216813870052099 -0.12001239818941886 -0.12024405254732211 -0.081275212092221993 -0.062354498144351053 -0.045740298926224894 -0.031563895042436826 -0.025289364970368346 -0.019668845438764595 -0.015005926165668993 -0.01102235407854249 -0.0076555156315374594 -0.0049010571351624527 -0.0027584792643448458 -0.0012275064664810618 -0.00030801810494247075 0 -0.00030702197315240153 -0.0012242162978975265 -0.0027516638214411505 -0.0048895837907088997 -0.0076383776367097839 -0.010998691568525884 -0.014971496798733096 -0.019625431267605409 -0.025237901586074297 -0.031504460536238434 -0.045664979646651761 -0.062258033759030988 -0.081152526263608249 -0.10216860855659672 -0.12001294408196084 -0.12024415970579212 -0.081275284602249045 -0.062354553841224125 -0.045740339968732995 -0.031563923678279565 -0.025289388194307913 -0.019668863749079564 -0.015005940164616809 -0.011022364367860462 -0.0076555227803098364 -0.0049010617125270269 -0.0027584818403534497 -0.001227507611793613 -0.00030801839155744154 0 -0.00030702226002743416 -0.0012242174434548417 -0.0027516663975377161 -0.0048895883685018109 -0.0076383847861935077 -0.010998701858662285 -0.014971510798308118 -0.019625449577216684 -0.025237924809799694 -0.031504489173121417 -0.045665020692586565 -0.062258089457892761 -0.081152598773145762 -0.10216869999178624 -0.12001305123663703 -0.12024425857397875 -0.081275351330213089 -0.062354605086816749 -0.045740377733298705 -0.031563950023711373 -0.025289409557428193 -0.019668880593593958 -0.015005953045971614 -0.011022373836117164 -0.0076555293580933955 -0.0049010659239233359 -0.0027584842100717866 -0.0012275086656714645 -0.00030801865511104209 0 -0.00030702252360398136 -0.001224218497172067 -0.0027516687676423213 -0.0048895925802805639 -0.0076383913646578165 -0.010998711327446762 -0.014971523678637973 -0.01962546642191465 -0.025237946171971514 -0.031504515519654663 -0.045665058458253714 -0.062258140704739805 -0.081152665501599344 -0.10216878414707867 -0.12001315009894931 -0.12024435027895952 -0.081275413077471853 -0.062354652511274165 -0.045740412673255758 -0.031563974394110822 -0.025289429319775767 -0.019668896180632636 -0.015005964964669095 -0.011022382595812306 -0.0076555354440578554 -0.0049010698205032557 -0.002758486402814184 -0.0012275096407276173 -0.00030801889920589428 0 -0.0003070227677103069 -0.0012242194723123573 -0.0027516709606103607 -0.0048895964773882569 -0.0076383974513795153 -0.010998720088067418 -0.014971535597151881 -0.019625482007790695 -0.025237965934533254 -0.031504539888891486 -0.045665093400199475 -0.06225818813097176 -0.081152727252101237 -0.10216886201896992 -0.12001324179940194 -0.12024443572226198 -0.081275470490936974 -0.062354696599596506 -0.045740445159697184 -0.031563997047673487 -0.025289447691220584 -0.019668910670179555 -0.015005976045630752 -0.011022390740201025 -0.0076555411022817032 -0.0049010734429626506 -0.002758488441446967 -0.0012275105469897523 -0.00030801912597603557 0 -0.00030702299449192149 -0.0012242203787427677 -0.0027516729992393195 -0.0048896001003601265 -0.0076384031096569053 -0.010998728232953314 -0.014971546677899369 -0.019625496497582381 -0.025237984304876632 -0.031504562545085366 -0.045665125888323652 -0.062258232220946258 -0.081152784662935129 -0.10216893443776116 -0.12001332724539682 -0.12040911027182827 -0.081387020061762322 -0.062441002772218243 -0.045804198708746129 -0.031608196752058233 -0.025324927470722989 -0.019696580793325529 -0.015027145424409976 -0.01103796964021448 -0.0076663780953173701 -0.0049080199917023448 -0.0027624019359672879 -0.0012292531448524103 -0.00030845649617636175 0 -0.0003074588369036192 -0.001225957932183469 -0.0027555760525303404 -0.0048965290897517904 -0.0076492139086871544 -0.011014271025628615 -0.01499266494115975 -0.019653102409245518 -0.025273387791149095 -0.031548673827669682 -0.04572876679689588 -0.062344395987056295 -0.081264156191329387 -0.10230778128141474 -0.1201776771432244 -0.12337991897481629 -0.083212002643841487 -0.063847282949905604 -0.046852587794115476 -0.032349482802836546 -0.025930524338310973 -0.020178855266690315 -0.015399220555430056 -0.011313072186601702 -0.0078591317156960893 -0.005032585728768601 -0.00283332177865417 -0.0012613843652246005 -0.00031689545808173106 0 -0.00031544591012144552 -0.0012565931981961059 -0.0028233853806529895 -0.0050158308784290957 -0.0078340516166204941 -0.011278354494417879 -0.015349325304499024 -0.020115776007093886 -0.025855231667646 -0.032261810323888342 -0.04673955169824684 -0.063701225378895915 -0.083024575852044105 -0.10455259660443372 -0.12301746703048248 -0.12509471117616097 -0.084362070293309985 -0.064766597864468797 -0.047562402054894537 -0.032868078821376871 -0.026360408125077537 -0.020525651159735592 -0.01566983964011319 -0.011514984028926711 -0.0080020052553216019 -0.0051257343649627604 -0.0028867895962804077 -0.0012858218994760496 -0.00032341210981456263 0 -0.00032162689074575671 -0.0012799219362153013 -0.0028745560538762397 -0.0051051116667742329 -0.0079711462047715193 -0.011472284840829124 -0.015608341774153933 -0.020447936509841599 -0.026267754131197522 -0.032760338748688174 -0.047423887214323425 -0.064587868311743415 -0.084133035533412046 -0.10591435560246081 -0.12465358935846692 -0.12681378426183657 -0.08551506159606162 -0.065688280855043982 -0.048274066501359313 -0.033388040261555979 -0.026791429262793567 -0.020873368968622047 -0.015941180834263453 -0.011717436527591413 -0.0081452622704604166 -0.0052191334868005807 -0.0029404013921559089 -0.0013103252908498316 -0.00032994631959358571 0 -0.00032782441683929528 -0.0013033131876172336 -0.0029258637824049393 -0.0051946312981961994 -0.0081086068963201335 -0.011666731890136301 -0.015868046446553975 -0.020780976322877003 -0.026681363303810494 -0.033260173875637011 -0.048109998026706569 -0.065476784532781204 -0.085244300211039348 -0.10727951221003755 -0.12629377550854326 -0.12853714240810651 -0.086670979452942915 -0.066612334307371554 -0.04898758301726347 -0.033909368533594615 -0.027223588925861814 -0.021222009641051896 -0.016213244886675502 -0.011920430239685077 -0.0082889031626603195 -0.0053127833551180129 -0.0029941573164495847 -0.0013348946077743474 -0.0003364981064690982 0 -0.00033403850584915406 -0.0013267670169125481 -0.0029773087096020266 -0.005284390019016435 -0.0082464340746648667 -0.01186169617481153 -0.016128440034623617 -0.021114896351105313 -0.027096060301395161 -0.033761317046972356 -0.048797885933506965 -0.066367976330015357 -0.086358372665960484 -0.10864806975820791 -0.12793802944307553 -0.13026478979059783 -0.08782982677637774 -0.067538760608379073 -0.049702953483864096 -0.034432065030463789 -0.027656888285203279 -0.021571574133294115 -0.016486032545721781 -0.012123965732063065 -0.0084329283313075275 -0.0054066842319243471 -0.0030480575188423478 -0.0013595299198972302 -0.00034306748875710577 0 -0.00034026917554520883 -0.0013502834896873227 -0.0030288909766856948 -0.0053743880789907253 -0.0083846281167684819 -0.012057178233715276 -0.016389523249194609 -0.021449697500992116 -0.027511846242297182 -0.034263769592919935 -0.049487552734181532 -0.067261445986691329 -0.08747525568635707 -0.11002003156252227 -0.12958635510903213 -0.12989165630376051 -0.087657907586039044 -0.067422656519825541 -0.049627192359487232 -0.034385096508827866 -0.027620627114006761 -0.021544076406140009 -0.016466001378158377 -0.012109918287256992 -0.0084235998125384379 -0.0054009367628887126 -0.003044916702613545 -0.001358155506072586 -0.00034271930025039362 0 -0.00033996164656264458 -0.0013490448059875952 -0.003026036278158777 -0.0053691339774030299 -0.0083760590909589452 -0.012044217576191136 -0.016370909012057459 -0.02142406305941616 -0.027477986902613227 -0.034219840720037989 -0.049416380112187755 -0.067151843918643525 -0.087312462309125705 -0.10978313108178359 -0.1292349538276141 -0.1300013770718372 -0.087733317872415548 -0.067480194961505119 -0.049668786304353271 -0.034413121045023587 -0.0276426927033025 -0.021560916260063217 -0.016478722266779256 -0.012119197000599592 -0.0084299797514000192 -0.0054049775291143852 -0.0030471617794646626 -0.0013591348505817666 -0.00034295252978889043 0 -0.0003402046452203808 -0.0013500564367639769 -0.0030283483032341133 -0.0053732876071222561 -0.0083826079263982205 -0.012053730007384321 -0.016383969891797249 -0.021441332856297637 -0.027500564166450175 -0.034248458852827179 -0.049458733902999936 -0.067210364956618585 -0.087389135808780688 -0.10987906651915402 -0.12934711728599149 -0.13011236663244372 -0.087809565713885721 -0.067538399032967961 -0.049710891355222359 -0.03444151705988497 -0.027665065505406723 -0.02157800345871274 -0.016491635841328647 -0.012128619274657498 -0.0084364611247021871 -0.0054090843379706504 -0.003049444720225121 -0.0013601314777698433 -0.00034319035766824788 0 -0.00034045200495992861 -0.0013510845679041452 -0.0030306965688207035 -0.0053775045446735059 -0.0083892541048988054 -0.012063380340652099 -0.016397215272063542 -0.021458839655372673 -0.027523436338362253 -0.034277434184449021 -0.049501580530498183 -0.067269528091431802 -0.087466616737226027 -0.10997599980769526 -0.1294604918252375 -0.13022460369337735 -0.087886637103675544 -0.067597257596724192 -0.049753498936171384 -0.03447027829008769 -0.027687740334459022 -0.021595333814198828 -0.016504738837353723 -0.012138182680223231 -0.0084430422091922759 -0.0054132560681410258 -0.0030517648787115035 -0.001361145093509883 -0.00034343270581329845 0 -0.00034070365237958555 -0.0013521289181894151 -0.0030330804591134192 -0.0053817837176380516 -0.0083959959775979729 -0.012073166249979551 -0.016410642034344124 -0.02147657945718319 -0.027546598452036369 -0.034306760712350885 -0.049544911749044102 -0.067329322604727404 -0.08754489164655764 -0.11007391429480649 -0.12957505718624979 -0.13080378279261451 -0.088283874854256469 -0.067900991801266519 -0.049973785451909926 -0.034619351667805873 -0.027805469946214821 -0.021685491819789331 -0.016572985046468161 -0.012188034546623641 -0.0084773852580999117 -0.0054350506964414977 -0.0030639022291464018 -0.0013664580592720262 -0.00034470958483605904 0 -0.00034202368426677839 -0.0013575845051183445 -0.0030455135565464033 -0.0054040769539363872 -0.0084310852238990829 -0.012124050785480739 -0.016480391535664666 -0.021568638755986677 -0.027666590821427979 -0.034458459096810903 -0.049768558636468382 -0.067637404424036748 -0.087947721959979103 -0.11057764322599579 -0.13016506349674295 -0.13141117111193901 -0.088699743125997474 -0.068219530186245408 -0.050205435940337072 -0.034776680773895369 -0.027930025142721911 -0.02178114368139453 -0.016645510466164335 -0.012241074405609707 -0.0085139804697679684 -0.0054583115015580334 -0.0030768800077836983 -0.0013721545511876352 -0.00034608845154895078 0 -0.00034344048949617892 -0.0013634063892307413 -0.0030587513660317823 -0.0054277761816013247 -0.0084683366173418425 -0.012177998830080573 -0.016554240158534475 -0.021665964439047263 -0.027793138083791684 -0.03461809915988627 -0.050003167621845472 -0.067959772742387042 -0.088368520426969202 -0.11110357495916506 -0.13078201022294692 
end_dependent_variable

end_regular_table
