# ****************************************************************************
# CUI
#
# The Advanced Framework for Simulation, Integration, and Modeling (AFSIM)
#
# The use, dissemination or disclosure of data in this file is subject to
# limitation or restriction. See accompanying README and LICENSE for details.
# ****************************************************************************

# ##################################################################################################
# 
# This file was auto-generated by AFSIM Mover Creator 2.5.0.200401
# 
# Creation Date:  01 Apr 2020
# 
# ##################################################################################################

regular_table

independent_variable mach precision double
0.10000000000000001 0.5 0.70000000000000007 0.75 0.80000000000000004 0.84999999999999998 0.90000000000000002 0.92000000000000004 0.94000000000000006 0.95999999999999996 0.97999999999999998 1 
end_independent_variable

independent_variable surface_angle units deg
-20 -16 -14 -12 -10 -9 -8 -7 -6 -5 -4 -3 -2 -1 0 1 2 3 4 5 6 7 8 9 10 12 14 16 18 20 
end_independent_variable

dependent_variable precision double
-0.0059756621528230022 -0.0036969454647668275 -0.0027046642800194112 -0.001956914528958415 -0.0012176088145861531 -0.00091157584331122725 -0.00063540273362538296 -0.00040340829687126765 -0.00022692621034146261 -9.435062173956935e-05 -8.7039646364955851e-17 5.7026337842465469e-05 7.624805100677921e-05 5.7026337842508993e-05 0 -9.435062173956935e-05 -0.00022692621034163668 -0.00040340829687126765 -0.00063540273362538296 -0.00091157584331105312 -0.001217608814585979 -0.0015679414809684378 -0.001956914528958415 -0.0023805066068301422 -0.0027046642800194112 -0.0036969454647668275 -0.0048212156726548461 -0.0059756621528230022 -0.0069245318631073367 -0.0072940086465397265 -0.0059752976914555327 -0.0036966793257203847 -0.0027044682611161693 -0.0019566909912393637 -0.0012174669759383271 -0.00091146586972100287 -0.00063532472743597847 -0.00040335969480400426 -0.00022689923761335203 -9.4339451098772356e-05 -2.1759911591238961e-16 5.7019588999966744e-05 7.6239014654793017e-05 5.7019588999749145e-05 0 -9.4339451098989942e-05 -0.00022689923761335203 -0.00040335969480443946 -0.00063532472743510807 -0.00091146586971839168 -0.0012174669759400679 -0.0015677602573917284 -0.0019566909912376229 -0.002380238667622422 -0.0027044682611126877 -0.0036966793257203847 -0.0048208828711050573 -0.0059752976914555327 -0.0069242461788184429 -0.0072939695423269316 -0.0059752958617066941 -0.003696674895273218 -0.002704464907725091 -0.0019566823359009923 -0.0012174614194733556 -0.00091146144719348636 -0.00063532159760527451 -0.00040335782637544325 -0.00022689822733434119 -9.4339035090258396e-05 6.0927752455469084e-16 5.701933612994902e-05 7.6238674798919417e-05 5.7019336130253653e-05 0 -9.4339035089344481e-05 -0.00022689822733495049 -0.00040335782637544325 -0.00063532159760649304 -0.00091146144719470501 -0.0012174614194733556 -0.0015677531808458314 -0.0019566823359009923 -0.002380228434415415 -0.0027044649077153427 -0.0036966748952683439 -0.0048208781996635624 -0.0059752958617018195 -0.0069242556539327611 -0.0072940028749226707 -0.005975296854029687 -0.0036966749382711514 -0.0027044649195361969 -0.001956681285241243 -0.0012174607385993679 -0.00091146089409787755 -0.00063532120685766782 -0.00040335760089819483 -0.00022689810806613328 -9.4338986222632304e-05 -3.2639867386858441e-16 5.7019306270606652e-05 7.6238634536337398e-05 5.7019306270280253e-05 0 -9.4338986222958703e-05 -0.00022689810806678608 -0.00040335760089884763 -0.00063532120685897342 -0.00091146089409657196 -0.0012174607386006735 -0.0015677523159344322 -0.001956681285241243 -0.0023802272061826013 -0.0027044649195309745 -0.0036966749382763738 -0.0048208784448518088 -0.005975296854029687 -0.0069242588347381458 -0.0072940103666819739 -0.0059752981320697202 -0.003696675222799926 -0.0027044651101570264 -0.0019566804897020091 -0.0012174602202867169 -0.00091146046824979279 -0.00063532090629558153 -0.00040335743073982062 -0.0002268980192237218 -9.4338949928622975e-05 0 5.7019284023360085e-05 7.6238604479458565e-05 5.7019284023708243e-05 0 -9.4338949929319291e-05 -0.00022689801922302547 -0.00040335743073982062 -0.00063532090629418888 -0.00091146046824979279 -0.0012174602202867169 -0.0015677516584818563 -0.0019566804896852972 -0.0023802262822421329 -0.002704465110162597 -0.003696675222799926 -0.0048208789827314082 -0.0059752981320697202 -0.0069242621238535798 -0.0072940175336357787 -0.0059752996179966364 -0.0036966756896177465 -0.0027044654359850684 -0.0019566798959655004 -0.0012174598306683626 -0.00091146014331294984 -0.00063532067723508494 -0.00040335730433288205 -0.00022689795439124024 -9.4338923559200501e-05 -3.6991849705106234e-16 5.7019267782828312e-05 7.6238582481210669e-05 5.7019267782828312e-05 0 -9.4338923558460669e-05 -0.0002268979543927199 -0.00040335730433362186 -0.00063532067723508494 -0.00091146014331294984 -0.0012174598306639234 -0.0015677511652157335 -0.0019566798959566221 -0.0023802255988066554 -0.0027044654359761906 -0.003696675689623665 -0.0048208797400731192 -0.0059752996179966364 -0.0069242654683398059 -0.0072940243920862598 -0.0059753012544582736 -0.0036966762946889936 -0.0027044658644279794 -0.0019566794635460095 -0.0012174595439888387 -0.00091145989924333668 -0.0006353205054791416 -0.00040335721287936818 -0.00022689790871605433 -9.4338905098200317e-05 -3.9167840864230133e-16 5.7019256339182009e-05 7.6238566913190719e-05 5.7019256339182009e-05 0 -9.4338905098200317e-05 -0.00022689790871762103 -0.00040335721287936818 -0.0006353205054791416 -0.00091145989924333668 -0.0012174595439904056 -0.0015677508032943524 -0.001956679463527209 -0.0023802251074401736 -0.0027044658644185793 -0.0036966762946952603 -0.0048208806623459095 -0.0059753012544520069 -0.0069242688308286168 -0.0072940309595889673 -0.0059849039215445297 -0.003702693821477347 -0.0027089009407149636 -0.001959832158775814 -0.0012194283161684907 -0.00091293283400819376 -0.0006363472467219185 -0.000404010708426378 -0.00022726628148956021 -9.4492262185734823e-05 0 5.7112069919544822e-05 7.6362675570385995e-05 5.7112069919544822e-05 0 -9.4492262186135205e-05 -0.00022726628149036097 -0.000404010708426378 -0.0006363472467219185 -0.00091293283400819376 -0.0012194283161668892 -0.001570281492526296 -0.0019598321587694081 -0.0023840526238432629 -0.0027089009407117604 -0.003702693821477347 -0.0048286722929571334 -0.0059849039215381233 -0.0069353858883929847 -0.0073058004097916445 -0.0059945143209710165 -0.003708716254779905 -0.0027133396596678988 -0.0019629873954784124 -0.0012213986808164259 -0.00091440695901432963 -0.00063737481753477795 -0.00040466473332792356 -0.00022763495330028756 -9.464574392375658e-05 -8.1817267583058499e-16 5.7204959037012345e-05 7.6486885243653689e-05 5.7204959037012345e-05 0 -9.4645743924165677e-05 -0.00022763495330192391 -0.00040466473332874175 -0.00063737481753477795 -0.00091440695900287514 -0.0012213986808196986 -0.0015728142253029452 -0.0019629873954784124 -0.0023878832200473123 -0.0027133396596646263 -0.003708716254779905 -0.0048364702323808809 -0.0059945143209775616 -0.0069465118888341225 -0.0073175793679835866 -0.0060041324490858238 -0.0037147435921711827 -0.0027177820195293479 -0.0019661451718025738 -0.0012233706367679486 -0.00091588227334035916 -0.00063840321725181393 -0.00040531928717827792 -0.00022800392391484809 -9.4799350220299428e-05 0 5.7297923638290136e-05 7.6611195857582582e-05 5.7297923638290136e-05 0 -9.479935021904605e-05 -0.00022800392391401249 -0.00040531928717744232 -0.00063840321725181393 -0.00091588227333868797 -0.0012233706367696198 -0.0015753490000963348 -0.001966145171795889 -0.0023917168937828827 -0.0027177820195260056 -0.0037147435921711827 -0.0048442744774866457 -0.0060041324490858238 -0.007230899594959499 -0.0077305570391203206 -0.0063575155803721429 -0.0038873593768695507 -0.0028405344963361866 -0.0020542037460749003 -0.0012762880311064369 -0.0009538879549542454 -0.00065904585333414795 -0.00041299395347883382 -0.00023100906842873871 -9.6047055255366469e-05 0 5.8301429266645507e-05 7.8055136991491349e-05 5.8301429266219009e-05 0 -9.6047055255366469e-05 -0.0002310090684295917 -0.00041299395348053981 -0.00065904585333414795 -0.0009538879549542454 -0.0012762880311064369 -0.0016453112180052243 -0.0020542037460714885 -0.002497294667037062 -0.0028405344963259509 -0.0038873593768695507 -0.0050944477765262177 -0.0063575155803653194 -0.0074420342426933829 -0.008081037063850589 -0.0065394784211530617 -0.0039826138711803911 -0.0029093952234668908 -0.0021065654810468433 -0.0013088137634364207 -0.00097838905063386372 -0.00067270462497549853 -0.00041777891569319428 -0.0002327040620955204 -9.6734974001463724e-05 0 5.8885422594288545e-05 7.8909694262930551e-05 5.8885422594288545e-05 0 -9.6734974000593326e-05 -0.00023270406209290921 -0.00041777891569319428 -0.00067270462497723933 -0.00097838905063386372 -0.0013088137634381615 -0.0016877273345585174 -0.0021065654810503249 -0.0025585972045711791 -0.002909395223456446 -0.0039826138711873543 -0.0052287227942829344 -0.0065394784211460985 -0.0076817059153653604 -0.0084604075557730297 
end_dependent_variable

end_regular_table
