# ****************************************************************************
# CUI
#
# The Advanced Framework for Simulation, Integration, and Modeling (AFSIM)
#
# The use, dissemination or disclosure of data in this file is subject to
# limitation or restriction. See accompanying README and LICENSE for details.
# ****************************************************************************

# ##################################################################################################
# 
# This file was auto-generated by AFSIM Mover Creator 2.5.0.200324
# 
# Creation Date:  24 Mar 2020
# 
# ##################################################################################################

regular_table

independent_variable mach precision double
0.10000000000000001 0.5 0.70000000000000007 0.75 0.80000000000000004 0.84999999999999998 0.90000000000000002 0.92000000000000004 0.94000000000000006 0.95999999999999996 0.97999999999999998 1 1.02 1.04 1.0600000000000001 1.0800000000000001 1.1000000000000001 1.2 1.3 1.4000000000000001 1.5 
end_independent_variable

independent_variable surface_angle units deg
-20 -16 -14 -12 -10 -9 -8 -7 -6 -5 -4 -3 -2 -1 0 1 2 3 4 5 6 7 8 9 10 12 14 16 18 20 
end_independent_variable

dependent_variable precision double
0.0065678344824068305 0.0043867375176208463 0.0034577626768550482 0.0026369244542951502 0.0019246460772713461 0.0016093361430711281 0.0013212953555434455 0.0010605500614872627 0.00082711751561569721 0.00062100607599062201 0.00044221565342859382 0.00029073829148800118 0.00016655879087061807 6.9655322844018009e-05 0 5.039167335966383e-05 0.00012790186748795778 0.00023248691551247663 0.00036410251929171026 0.00052270433578780872 0.00070824861114620751 0.00092069283078741464 0.001159996330246989 0.0014261207803400178 0.0017190304234509413 0.0023850734801471518 0.0031578679331567324 0.0040371107626461459 0.005022338818552634 0.0061128082371188878 0.0071968752608922489 0.0047889277190205568 0.0037654791946717739 0.0028628138082999383 0.0020813543834932633 0.0017361941507093341 0.0014214612582039946 0.001137180064482669 0.00088336542502123077 0.00066002289128328168 0.00046714916343444635 0.00030473267330750453 0.00017275421223052179 7.1187548036106169e-05 0 5.1981673272425322e-05 0.00013420196471911205 0.00024661125870906848 0.00038915892865748388 0.00056179392904984497 0.0007644654353259788 0.00099712349999903907 0.0012597196700152239 0.0015522074787350359 0.0018745426906736111 0.0026085879604060128 0.0034615236978905043 0.004432968088813021 0.0055223752783075267 0.0067289154835055657 0.0080320468184870136 0.0053230602626551781 0.0041742225336674427 0.0031629385248890191 0.002289631977203185 0.001904835220018716 0.0015546547898204169 0.0012391125509689286 0.00095822029873879843 0.00071197996331118891 0.00050038406866995415 0.00032341632161215692 0.00018105224654528935 7.325980932581406e-05 0 5.4055820215983637e-05 0.00014248955235751147 0.00026524371783455723 0.00042225933328066768 0.0006134765121107974 0.00083883511421034822 0.0010982754123513132 0.001391738719892346 0.0017191678939020791 0.0020805075910703039 0.0029047046731354893 0.0038639011470814606 0.0049576120518490929 0.0061851827142046529 0.0075456693155858514 0.008347820377612003 0.0055250144876808367 0.0043287683346496034 0.0032764165206785201 0.0023683831514123136 0.0019685999974990774 0.001605016952860391 0.0012776549406121661 0.00098652460041175733 0.00073162649455268828 0.00051295156900669505 0.0003304817450651755 0.00018419055629260794 7.4043775471894675e-05 0 5.4839599953482742e-05 0.00014562211617503865 0.00027228709757572199 0.0004347724017076733 0.00063301479992584626 0.00086695063081695608 0.0011365164705358791 0.0014416497645248654 0.0017822893347484443 0.00215837563988063 0.0030166569931468347 0.0040160283339208932 0.0051559657198937793 0.006435773345894953 0.0078544642775146365 0.0087340976265811773 0.0057720601156930028 0.0045178206612152168 0.0034152317870757417 0.0024647180495406752 0.0020466024270476141 0.0016666242981108153 0.0013248034351422955 0.0010211490644690868 0.00075566007547414919 0.00052832548418599171 0.0003391250277601952 0.00018802980474157583 7.5002905260306642e-05 0 5.5798254778340925e-05 0.00014945384264763011 0.00028090267645870738 0.00045007874948833123 0.00065691474498793948 0.00090134269440465256 0.0011832946521001602 0.0015027033323514994 0.0018595026216068581 0.0022536278436035041 0.0031536031212936826 0.0042021188213246631 0.0053986033209001416 0.0067423105029240839 0.0082322006908559699 0.0080223438960771842 0.005295203413047977 0.0041412028307944082 0.0031273275591420352 0.0022539469038204444 0.0018700391520360177 0.0015213562496362847 0.0012079141403285047 0.00092971932847682513 0.00068676906355774473 0.00047905174498568662 0.00030654744158719363 0.00016922845031973368 6.7059846762211749e-05 0 4.8543828386806748e-05 0.0001320446811284992 0.00025044300258771524 0.00040367732004754735 0.00059168477749105188 0.00081440171155599313 0.0010717642425678137 0.0013637088321956856 0.0016901727338154854 0.0020510942281320352 0.0028760670352825065 0.003838135463925081 0.0049367514353423477 0.006171212561629366 0.007540559059655538 0.0073105916041777391 0.0048183478541551882 0.0037645859887614191 0.0028394241613280071 0.0020431764307580029 0.0016934764722637012 0.0013760887207102102 0.0010910252911121565 0.00083828996639213915 0.0006178783561323198 0.00042977824358011221 0.00027397002933152978 0.00015042720882716334 5.9116843202251424e-05 0 4.1289361515518981e-05 0.00011463544222874706 0.00021998321804935593 0.00035727575037475235 0.00052645464390748699 0.00072746054088364146 0.00096023362755300805 0.0012247141133663803 0.0015208426188728366 0.0018485603820327023 0.0025985307281457381 0.003474151920238539 0.0044748994266884607 0.0056001145916611296 0.0068489175243386397 0.0070322534631387648 0.0046317529446498699 0.0036171554390441473 0.0027266673563133624 0.0019605809673381748 0.0016242629989825156 0.0013191218521457757 0.0010451679011652109 0.000802403574473529 0.00059082350518034718 0.00041041485510117428 0.00026115772926075295 0.00014302562201153505 5.5985857170727505e-05 0 3.8418712674527747e-05 0.0001077582362597159 0.00020796459100908346 0.00033898184108121555 0.00050075252332394357 0.00069321810990449534 0.00091631948304541917 0.0011699973833948097 0.001454192774712285 0.0017688470397921904 0.0024892989207383194 0.0033308782490391216 0.0042930604144919534 0.0053751942032768223 0.0065764210576579303 0.0067533998368059962 0.0044448161847716917 0.0034694567527750143 0.0026137072269887649 0.0018778380320172859 0.0015549266191017999 0.0012620544100423877 0.00099923004940820803 0.00076645462740414856 0.00056372182076208535 0.00039101819416840258 0.00024832358588436853 0.00013561152195076858 5.2849625427867544e-05 0 3.5543341645015258e-05 0.00010086980364799461 0.00019592650905967323 0.00032065858624389873 0.00047500956861206269 0.00065892182574109641 0.00087233700551417716 0.0011151964525065133 0.0013874415488595671 0.0016890138995195839 0.0023799070972671584 0.0031874003901887992 0.0041109697967370096 0.0051499723011681486 0.0063035714888561257 0.0064740305378364563 0.0042575374689135864 0.00332148985459782 0.0025005437220546756 0.0017949475921984507 0.0014854673075228252 0.0012048863752736542 0.00095321172181961377 0.00073044311519251796 0.00053657329598406792 0.0003715882564380313 0.00023546759668086452 0.00012818490730045158 4.9708147487418897e-05 0 3.2663248807527019e-05 9.3970145460656429e-05 0.00018386897426798298 0.0003023059894527508 0.00044922578558687082 0.00062457169696276591 0.00082828620728404661 0.001060311337671002 0.0013205889638418862 0.0016090609904527808 0.0022703553043579463 0.0030437184129186675 0.0039286276717344039 0.0049244490190761703 0.0060303689942517395 0.0061941453789599232 0.0040699166913702838 0.0031732546696146601 0.0023871767910826755 0.0017119096156770009 0.0014158850392432514 0.0011476177288744357 0.00090711290461552676 0.000694369028092671 0.00050937792422562126 0.0003521250376629845 0.00022258975917055729 0.00012074577680770878 4.6561422856081832e-05 0 2.9778434562461813e-05 8.7059262710519322e-05 0.00017179198869253523 0.00028392405429923662 0.0004234011798478886 0.00059016773201152242 0.00078416710045913353 0.001005342055678351 0.0012536350421100653 0.0015289883418030084 0.002160643588600005 0.0028998323865665173 0.0037460341376930727 0.0046986244907977264 0.0057568137500153774 0.0059137441742155702 0.0038819537478598804 0.0030247511236162756 0.0022736063837304255 0.0016287240705889544 0.0013461797896875051 0.0010902484523803175 0.00086093358417693321 0.00065823235653747155 0.00048213569914189495 0.00033262853380957045 0.00020969007094893247 0.0001132941292778606 4.3409451103601946e-05 0 2.6888899232320961e-05 8.013715631068031e-05 0.00015969555426758022 0.00026551278418083504 0.0003975357570625315 0.00055570993928391848 0.00073997969701381579 0.00095028862305432925 0.0011865798058445581 0.0014487959825729578 0.0020507719960855646 0.0027557423802616015 0.0035631892928413463 0.0044724988501490511 0.0054829059324122097 0.0056328267384318561 0.0036936485341865577 0.0028759791428250294 0.0021598324501478252 0.0015453909254504205 0.001276351534467938 0.0010327785274723744 0.00081467374717882925 0.00062203309100100602 0.00045484661438955444 0.00031309874089410956 0.00019676852983046758 0.00010582996355654015 4.025223180351366e-05 0 2.3994643175371948e-05 7.320382725364945e-05 0.00014757967287174894 0.00024707218250108714 0.00037162952260299311 0.00052119832719378417 0.00069572400912736899 0.00089515105634471075 0.0011194232772888644 0.0013684839417295541 0.0019407405733821233 0.0026114484631731857 0.0033800932349735162 0.0042460722307620935 0.0052086457178007655 0.00535139288650998 0.0035050009465618643 0.0027269386538270046 0.002045854941047334 0.0014619101490369643 0.001206400249650343 0.00097520793608871226 0.00076833338027681216 0.00058577122239625334 0.00042751066378287825 0.00029353565505416313 0.00018382513353022237 9.8353278583342374e-05 3.7089764560267849e-05 0 2.1095666688049273e-05 6.6259276408877019e-05 0.00013544434642550051 0.00022860225263322351 0.00034568248195785816 0.00048663290382517315 0.00065140004847470527 0.00083992937226258176 0.0010521654784464267 0.0012880522480045152 0.0018305493662424371 0.0024669507043444425 0.0031967460625628207 0.0040193447665015838 0.0049340332827820512 0.0050694424345296089 0.0033160108822424495 0.0025776295835635236 0.0019316738073317592 0.0013782817103593589 0.0011363259112174629 0.00091753666028140414 0.00072191247075450884 0.00054944674159497064 0.00040012784125981117 0.00027393927251003972 0.00017085987992314339 9.0864073309380176e-05 3.392204900756483e-05 0 1.8191970080048197e-05 5.9303504654148641e-05 0.00012328957673275108 0.00021010299783893311 0.00031969464042869741 0.00045201367741187233 0.00060700782688592606 0.00078462358688572613 0.00098480643133766108 0.0012075009303180886 0.0017201984209490866 0.0023222491725906121 0.0030131478735405531 0.0037923165909982594 0.0046590688037000472 0.0047869751986067801 0.003126678238269153 0.0024280518595263417 0.0018172890000312115 0.0012945055786647976 0.0010661284956745899 0.00085976468244442254 0.00067541100560335459 0.00051305963967866199 0.00037269814096258902 0.00025430958959904551 0.00015787276695874042 8.3362346705771208e-05 3.0749084800322099e-05 0 1.528355362529785e-05 5.2336512823300042e-05 0.00011111536553982728 0.0001915744212162294 0.00029366600335769703 0.00041734065597307169 0.00056254735617294611 0.00072923371657078147 0.000917346157976922 0.0011268300172607463 0.0016096877834621513 0.0021773439369354702 0.0028292987657555614 0.0035649878379895483 0.0043837524571897117 0.0045039909955122311 0.0029370029120671464 0.0022782054093939252 0.0017027004705516479 0.0012105817234581103 0.00099580797954641406 0.00080189198501659899 0.00062882897216214018 0.00047660990772337549 0.00034522155703617553 0.00023464660276032907 0.00014486379258985726 7.5848097824258415e-05 2.7570871585500687e-05 0 1.2370417610457664e-05 4.5358301722887657e-05 9.8921714665042542e-05 0.00017301652610712335 0.00026759657585486655 0.00038261384764526167 0.00051801864784760832 0.00067375977763801291 0.00084978468008455315 0.0010460395374205349 0.0014990174996768451 0.0020322350661991051 0.0026451988372591657 0.0033373586414226254 0.0041080844199223709 0.0031903092483979512 0.0020613873499324706 0.0015889749177431442 0.0011780038612198647 0.00082848010494271081 0.00067675181128538779 0.00054036938173730492 0.00041932234550420697 0.00031359779768262139 0.0002231804238111831 0.00014805252636787824 8.8194053531465993e-05 4.3582629525096667e-05 1.4193586755813825e-05 0 9.7272208463459548e-07 1.7080421414447669e-05 4.8289621113095944e-05 9.4564739764721429e-05 0.00015586813376953232 0.00023216014134523185 0.00032339912759233799 0.00042954153167819135 0.00055054191453926895 0.00068635300883858243 0.0010022094264005525 0.0013766980374668302 0.001809380217571545 0.0022997932547445558 0.0028474522038820669 0.0025579224274351635 0.001652528585819876 0.001273683293044585 0.00094413533780919232 0.00066388910491958829 0.00054224624424044549 0.00043291515831247269 0.00033588696268279657 0.00025115072581518969 0.00017869349015116681 0.00011850029498363486 7.0554200630854584e-05 3.4836314669227242e-05 1.1325819212733275e-05 0 8.3427682108362522e-07 1.3802235416951789e-05 3.8875660851666694e-05 7.6024572051892783e-05 0.00012521725786343373 0.00018642031419628736 0.0002595986827482975 0.00034471569041836478 0.00044173309043370358 0.00055061110403859675 0.0008037824576342371 0.0011038825462928743 0.0014505425149653989 0.0018433733724218982 0.0022819675586385063 0.0021779950696548607 0.0014069715947155007 0.0010843647269115483 0.00080374984953832812 0.00056513035808944964 0.00046156168957198402 0.00036847950517320514 0.00028587582417296972 0.00021374084240306524 0.000152062951745811 0.00010082876029039231 6.0023114801868632e-05 2.9629123874436408e-05 9.6281828510230818e-06 0 7.2262395962257171e-07 1.177247245550207e-05 3.3124362349456351e-05 6.475154074922024e-05 0.00010662571746014349 0.00015871709839696666 0.00022099442026862867 0.00029342498617010947 0.00037597470238365254 0.00046860811584832938 0.00068397765925768154 0.00093922429803757011 0.0012340195294953753 0.0015680170236369508 0.0019408540237348039 0.0019170730730649452 0.0012383408909055033 0.00095436018823738045 0.0007073534106423196 0.00049732321450540664 0.00040616757708979601 0.00032424454672333599 0.00025154673022938283 0.0001880650592353342 0.0001337888084383598 8.8705614519013961e-05 5.2801496720019356e-05 2.6060878840161653e-05 8.4666121886409838e-06 0 6.4082294022181809e-07 1.0367365823344683e-05 2.9156445498811059e-05 5.6983439699273634e-05 9.3822317212581503e-05 0.00013964566884941119 0.00019442473949638444 0.00025812946138538569 0.0003307284875106425 0.00041218922730771018 0.00060155948013279473 0.00082595599281703102 0.0010850770047385375 0.0013786044747467377 0.0017062053747216226 
end_dependent_variable

end_regular_table
