# ****************************************************************************
# CUI
#
# The Advanced Framework for Simulation, Integration, and Modeling (AFSIM)
#
# The use, dissemination or disclosure of data in this file is subject to
# limitation or restriction. See accompanying README and LICENSE for details.
# ****************************************************************************

# ##################################################################################################
# 
# This file was auto-generated by AFSIM Mover Creator 2.5.0.200401
# 
# Creation Date:  01 Apr 2020
# 
# ##################################################################################################

regular_table

independent_variable mach precision double
0.10000000000000001 0.5 0.70000000000000007 0.75 0.80000000000000004 0.84999999999999998 0.90000000000000002 0.92000000000000004 0.94000000000000006 0.95999999999999996 0.97999999999999998 1 
end_independent_variable

independent_variable alpha units rad
-0.17453292519943295 -0.13962634015954636 -0.10471975511965978 -0.087266462599716474 -0.069813170079773182 -0.05235987755982989 -0.034906585039886591 -0.017453292519943295 0 0.017453292519943295 0.034906585039886591 0.05235987755982989 0.069813170079773182 0.087266462599716474 0.10471975511965978 0.13962634015954636 0.17453292519943295 0.20943951023931956 0.24434609527920614 0.27925268031909273 0.31415926535897931 0.3490658503988659 
end_independent_variable

dependent_variable precision double
3.102662940505811 3.1111543900495269 3.1248569807474991 3.1350286144321888 3.1476691430208494 3.163045787904172 3.1813775287004944 3.2031166886516651 3.2278583606024114 3.2555130798045662 3.2858768226538966 3.3188155869425291 3.3116523292687861 3.2330530064173262 3.2170336487028894 3.2346658343126555 3.1880137425334749 3.1226749296243823 3.0028504487921817 2.642798944072128 1.9630459716815007 0.36771231915085678 3.1002644285145489 3.1087207401095696 3.1223831375643685 3.1325383217059906 3.1451632685351596 3.1605249600763266 3.1788420975223302 3.2005511615622955 3.2252965869108992 3.2529394366870448 3.2832919271561893 3.3162170021410238 3.3090422325980118 3.2304347892671941 3.214409720694642 3.2320299556707219 3.1853915968484539 3.1200528452930012 3.0002540202950123 2.6402203567715703 1.960689068504522 0.36556117886482714 3.0998959052193964 3.1083471946769796 3.1220044519798491 3.1321574187737151 3.1447802719854789 3.1601399769372134 3.1784552152672023 3.2001625134512581 3.2249062991330497 3.2525476337319863 3.2828987166197985 3.3158222733474703 3.3086462049356404 3.2300377682403165 3.214011942895163 3.2316308184893305 3.1849931921436223 3.1196544531902068 2.9998577260817543 2.6398258597782025 1.9603111830213111 0.36519902619721961 3.0998452474197151 3.1082956622857694 3.1219520126146589 3.1321045797206239 3.1447270507770564 3.1600863880678731 3.1784012700505557 3.2001082309107676 3.2248516972223245 3.2524927299337456 3.2828435257079991 3.3157667737655108 3.3085904297960798 3.2299817658346046 3.213955749394338 3.2315742591520915 3.1849366031664403 3.1195977031658568 2.9998011506453204 2.6397693969379676 1.9602572910090068 0.36514754719901438 3.100016919726881 3.1084675317666601 3.1221237861507283 3.1322762529776207 3.1448985726941809 3.1602577050047893 3.1785723254284708 3.200278974883684 3.2250220789786921 3.2526626983721174 3.2830130271193996 3.3159357228898552 3.3087587901586288 3.2301495129184445 3.2141228486236249 3.2317398802402932 3.185100778167766 3.1197600561420153 2.9999617176783877 2.6399278678730256 1.9604155627165263 0.36530523239028156 3.1022323958549283 3.1106926131804564 3.1243556880561276 3.134510569034366 3.1471346232429513 3.1624948077009876 3.1808097948944249 3.202516131783522 3.2272582426229266 3.2548971885835649 3.2852451615320843 3.3181647919550725 3.3109841278120657 3.232370464657881 3.2163387530169478 3.2339436400886847 3.1872899150817569 3.1219317478419195 3.0021135239888497 2.6420570670177561 1.9625214039846637 0.36738497837262923 3.1141230431842102 3.1226372272208653 3.1363396506987264 3.1465087536771232 3.1591433759493528 3.1745104694660382 3.1928287022616351 3.214534625280554 3.2392726624116217 3.2669038752797817 3.2972404567011289 3.3301450152682039 3.3229456409892606 3.2443096460060721 3.2282519786619459 3.2457940522917315 3.1990632595119139 3.1336135431137682 3.0136897202723358 2.6535134705349162 1.9738456978451253 0.37856321135390714 3.1760619481458026 3.184377531752193 3.1979707791327798 3.2081203866775296 3.2207591729983776 3.2361544948725598 3.2545250244069948 3.2763076946499647 3.3011464579259169 3.328902181841793 3.3593865758353592 3.3924618699067066 3.3802306840310026 3.288398787178779 3.2671984134990946 3.2808986417201145 3.2302318171913313 3.1596806913297608 3.0356188094604644 2.6698499145115759 1.9854035396854908 0.38323592311131777 3.2361598111660337 3.2440747559990526 3.2575520064953447 3.267679643868056 3.2803207447183325 3.2957430714153335 3.314165299744626 3.336024746194493 3.3609648907721921 3.388846407058689 3.4194805202145893 3.4527290817800589 3.4354692412566585 3.3304452220766563 3.3041065432316103 3.3139755914194233 3.2593858664206241 3.1837666346192801 3.0557470965181239 2.684717045477659 1.9960642808753559 0.38800125015082376 3.2951280298167704 3.3026652641419432 3.3156838009367391 3.3256258929944553 3.3381112044288122 3.3534086587882941 3.3718738567276776 3.3938269657650384 3.4188912983837887 3.4469287530289523 3.477751286675689 3.5112222008433167 3.4889957955332762 3.3708574011856403 3.3394771613658412 3.3457832013997262 3.2876769166529289 3.2075624895671089 3.0761580151973704 2.7005565009068113 2.008585913393095 0.39675703038319798 3.3546649484789746 3.3614912863694193 3.3741486248009323 3.3840434495543423 3.3965183398943428 3.4118405825280949 3.4302333426417699 3.4521404677938761 3.4772024329677165 3.5052786341712858 3.5361848095425779 3.5698154561374431 3.5426754356783432 3.4116881694829835 3.3755212461347082 3.3788560176429905 3.3178805374364635 3.2341304497838923 3.1007832115172325 2.7226233791733763 2.0297326820936608 0.41603153427834372 3.4146482626100387 3.4205780126265224 3.4327753484992538 3.4426239615516825 3.45508916049288 3.4704347763068171 3.488891585366757 3.510912082259924 3.5361302225223814 3.5643993408311596 3.5955408719894302 3.6295005831838276 3.5976700041482581 3.4538149584988673 3.4128145308314988 3.4130609764372877 3.3490261664803924 3.2614115247952644 3.1260566958117666 2.7451130989729715 2.0508897858491535 0.43551627169554402 
end_dependent_variable

end_regular_table
