# ****************************************************************************
# CUI
#
# The Advanced Framework for Simulation, Integration, and Modeling (AFSIM)
#
# The use, dissemination or disclosure of data in this file is subject to
# limitation or restriction. See accompanying README and LICENSE for details.
# ****************************************************************************

# ##################################################################################################
# 
# This file was auto-generated by AFSIM Mover Creator 2.5.0.200324
# 
# Creation Date:  24 Mar 2020
# 
# ##################################################################################################

regular_table

independent_variable mach precision double
0.10000000000000001 0.5 0.70000000000000007 0.75 0.80000000000000004 0.84999999999999998 0.90000000000000002 0.92000000000000004 0.94000000000000006 0.95999999999999996 0.97999999999999998 1 
end_independent_variable

independent_variable surface_angle units deg
-20 -16 -14 -12 -10 -9 -8 -7 -6 -5 -4 -3 -2 -1 0 1 2 3 4 5 6 7 8 9 10 12 14 16 18 20 
end_independent_variable

dependent_variable precision double
0 0 0 0 0 0 0 0 0 0 0 0 0 0 0 -9.6561566842378888e-05 -0.00020669410570160588 -0.00033038261482989684 -0.00046760808231186414 -0.00061834663845963963 -0.00078256863367732045 -0.00096023769472232011 -0.0011513098561678375 -0.0013557329125334907 -0.0015734462062770137 -0.0020484626386976308 -0.0025757520977478807 -0.003154734663393432 -0.0037850609881133514 -0.0044668224653648825 0 0 0 0 0 0 0 0 0 0 0 0 0 0 0 -9.7675950665837354e-05 -0.00021113520811711335 -0.00034036275959963951 -0.00048533957939812008 -0.00064604177998351037 -0.0008224396903430463 -0.0010144969107517266 -0.0012221694431546277 -0.0014454050438189911 -0.0016841430115866469 -0.0022078449739165807 -0.0027926678287684258 -0.0034380312320912432 -0.0041435855806281523 -0.0049094223366683279 0 0 0 0 0 0 0 0 0 0 0 0 0 0 0 -9.9035168686180072e-05 -0.00021657090592129075 -0.00035259219923980558 -0.00050708002071956097 -0.00068001048216107126 -0.00087135391113619726 -0.0010810739054616545 -0.0013091264648477166 -0.0015554593440345096 -0.0018200118379529584 -0.0024034945781125994 -0.0030589671554196521 -0.0037858491941634704 -0.0045837910745496315 -0.0054528842570049736 0 0 0 0 0 0 0 0 0 0 0 0 0 0 0 -9.9504824052002716e-05 -0.00021844933200693619 -0.00035681851024928164 -0.00051459333173682913 -0.00069174990824215799 -0.00088825856647114284 -0.0011040829037190453 -0.0013391789200686061 -0.0015934943694591464 -0.0018669685457041907 -0.0024711119869228119 -0.0031510017075227869 -0.0039060573280687979 -0.004735929220907366 -0.0056407088593154464 0 0 0 0 0 0 0 0 0 0 0 0 0 0 0 -0.00010003972767362316 -0.00022058877540063118 -0.00036163212947704429 -0.00052315076308878878 -0.00070512078649064024 -0.00090751252775729009 -0.0011302895828431182 -0.001373407953544214 -0.0016368153904663184 -0.0019204511871249812 -0.0025481267721003762 -0.0032558271656760482 -0.0040429719817867641 -0.0049092115953490671 -0.0058546374747605939 0 0 0 0 0 0 0 0 0 0 0 0 0 0 0 -0.00023222344106063161 -0.00054164933164275 -0.00092826598500046374 -0.0013920585905244922 -0.00193300855343938 -0.0025510927764051472 -0.0032462829246163189 -0.004018544746701185 -0.0048678375757648064 -0.0057941141562104078 -0.0078773997770208316 -0.010267928702691742 -0.012965249167552454 -0.015969089025386098 -0.019279519468744882 0 0 0 0 0 0 0 0 0 0 0 0 0 0 0 -0.00036440713151763101 -0.00086270984201553902 -0.001494899771766447 -0.0022609663273016911 -0.0031608962081637669 -0.0041946728906668562 -0.0053622761097298355 -0.0066636813637556873 -0.0080988595649965859 -0.0096677769121701305 -0.013206672537602836 -0.017280029972127037 -0.021887526069945141 -0.027028966164526286 -0.032704401179877621 0 0 0 0 0 0 0 0 0 0 0 0 0 0 0 -0.00041730026642644661 -0.00099117762046742309 -0.0017216250262984882 -0.0026086335673521088 -0.0036521920493775522 -0.0048522865661497737 -0.0062089000599097523 -0.0077220119106747621 -0.0093915976346889644 -0.011217628784192493 -0.015338895635005092 -0.020085527758323847 -0.025457253176458382 -0.031453908049391723 -0.038075535239630739 0 0 0 0 0 0 0 0 0 0 0 0 0 0 0 -0.00047019532174889957 -0.0011196504926646277 -0.0019483598029607467 -0.0029563160177319163 -0.0041435100528748776 -0.0055099306242253265 -0.0070555638892985228 -0.008780393115376357 -0.0106843984359995 -0.012767556763962806 -0.01747122555789388 -0.022891168467214368 -0.029027164788732629 -0.035879081571713746 -0.043446953595591004 0 0 0 0 0 0 0 0 0 0 0 0 0 0 0 -0.00052309230185123602 -0.0012481284693677288 -0.0021751041221122775 -0.0033040137091473053 -0.0046348502613739991 -0.0061676051209870698 -0.0079022676699908902 -0.0098388250700684379 -0.011977262078075968 -0.014317560984720019 -0.019603662489165469 -0.025696952337788424 -0.032597261208689755 -0.040304487103318853 -0.048818656704864995 0 0 0 0 0 0 0 0 0 0 0 0 0 0 0 -0.00057599121193030423 -0.0013766115621883903 -0.0024018580030580531 -0.0036517266713733012 -0.0051262127167774748 -0.0068253101148341285 -0.0087490114750276623 -0.010897307864642231 -0.013270188674252677 -0.015867641580127698 -0.021736206611231931 -0.028502879609676492 -0.036167542740411958 -0.04473012502170997 -0.054190645020566468 0 0 0 0 0 0 0 0 0 0 0 0 0 0 0 -0.00062889205607672435 -0.0015050997825185198 -0.0026286214658368069 -0.003999454934035941 -0.0056175974613081785 -0.0074830456607165811 -0.009595795377017588 -0.01195584158954021 -0.014563178332664288 -0.017417798679990649 -0.023868858104047038 -0.031308950520244426 -0.039738009686044573 -0.049155995698668908 -0.059562918998371725 
end_dependent_variable

end_regular_table
