# ****************************************************************************
# CUI
#
# The Advanced Framework for Simulation, Integration, and Modeling (AFSIM)
#
# The use, dissemination or disclosure of data in this file is subject to
# limitation or restriction. See accompanying README and LICENSE for details.
# ****************************************************************************

# ##################################################################################################
# 
# This file was auto-generated by AFSIM Mover Creator 2.5.0.200324
# 
# Creation Date:  24 Mar 2020
# 
# ##################################################################################################

regular_table

independent_variable mach precision double
0.10000000000000001 0.5 0.70000000000000007 0.75 0.80000000000000004 0.84999999999999998 0.90000000000000002 0.92000000000000004 0.94000000000000006 0.95999999999999996 0.97999999999999998 1 
end_independent_variable

independent_variable surface_angle units deg
-20 -16 -14 -12 -10 -9 -8 -7 -6 -5 -4 -3 -2 -1 0 1 2 3 4 5 6 7 8 9 10 12 14 16 18 20 
end_independent_variable

dependent_variable precision double
0 0 0 0 0 0 0 0 0 0 0 0 0 0 0 -9.3782685975418476e-07 -2.0193810093153374e-06 -3.2446142979922448e-06 -4.6134657249769116e-06 -6.1258586923993106e-06 -7.7816979231616839e-06 -9.5808666860582595e-06 -1.152322385328474e-05 -1.3608601963609101e-05 -1.5836806179463571e-05 -2.0720791259278691e-05 -2.6173230940532666e-05 -3.2192262812966708e-05 -3.8776766122917225e-05 -4.5927034151020542e-05 0 0 0 0 0 0 0 0 0 0 0 0 0 0 0 -9.4951608022415135e-07 -2.0661334960827974e-06 -3.3498043855467689e-06 -4.8004676640029609e-06 -6.4180459514003244e-06 -8.2024453860162831e-06 -1.0153548081996892e-05 -1.2271213432991866e-05 -1.4555273642548745e-05 -1.7005534282813627e-05 -2.2403754740022655e-05 -2.8463926056474077e-05 -3.5184184779001074e-05 -4.2563413133677285e-05 -5.0601902017349247e-05 0 0 0 0 0 0 0 0 0 0 0 0 0 0 0 -9.6387033110938419e-07 -2.123550294766795e-06 -3.4789917868394127e-06 -5.030133666844061e-06 -6.7768998024946514e-06 -8.7191942462525539e-06 -1.0856900974599585e-05 -1.3189878412770863e-05 -1.5717958391846775e-05 -1.8440946930934001e-05 -2.4470750180967731e-05 -3.1277335317588494e-05 -3.8858842835781297e-05 -4.7214151087961375e-05 -5.6343554695646809e-05 0 0 0 0 0 0 0 0 0 0 0 0 0 0 0 -9.68831272335383e-07 -2.1433940317357537e-06 -3.5236405791263218e-06 -5.1095089685636923e-06 -6.9009233564238204e-06 -8.8977887635826737e-06 -1.1099986745485574e-05 -1.3507377906300484e-05 -1.6119795473859617e-05 -1.8937042226805421e-05 -2.5185125456784566e-05 -3.2249679406793766e-05 -4.0128843603403434e-05 -4.8821494499446327e-05 -5.8327929323710602e-05 0 0 0 0 0 0 0 0 0 0 0 0 0 0 0 -9.744816409500394e-07 -2.1659958693498532e-06 -3.5744939664958198e-06 -5.1999158906828642e-06 -7.0421837217825634e-06 -9.1012035980723425e-06 -1.1376857223984388e-05 -1.3869005147816588e-05 -1.6577479014415753e-05 -1.9502084544914845e-05 -2.5998785949391415e-05 -3.3357162996891211e-05 -4.157535037191164e-05 -5.0652231864888389e-05 -6.0588097106279672e-05 0 0 0 0 0 0 0 0 0 0 0 0 0 0 0 -2.3800335089476881e-06 -5.5759919105918068e-06 -9.5878376881783634e-06 -1.4415523193846803e-05 -2.0058989461390951e-05 -2.651816161560136e-05 -3.3792948634817507e-05 -4.1883241293046747e-05 -5.0788909468889151e-05 -6.0509800562552109e-05 -8.2396549924210175e-05 -0.00010754197604397799 -0.00013594462700764617 -0.00016760363154005026 -0.00020251921632469963 0 0 0 0 0 0 0 0 0 0 0 0 0 0 0 -3.7855853210752646e-06 -8.985988026327194e-06 -1.5601181130510545e-05 -2.3631130776361109e-05 -3.3075794642298616e-05 -4.393511926066324e-05 -5.6209039598690053e-05 -6.9897477885237498e-05 -8.5000339588142131e-05 -0.00010151751710164342 -0.00013879431672977931 -0.0001817267919963086 -0.00023031390505875594 -0.00028455503374798886 -0.00034445033964025835 0 0 0 0 0 0 0 0 0 0 0 0 0 0 0 -5.7386992577396884e-06 -1.3661018774404274e-05 -2.3766928694889104e-05 -3.6056391111349668e-05 -5.0529359249360895e-05 -6.7185773313046019e-05 -8.6025562883765088e-05 -0.00010704863903870998 -0.000130254899662286 -0.00015564422242138139 -0.00021297150299045295 -0.00027902927386295659 -0.0003538163888084755 -0.00043733215083667542 -0.00052957674498923797 0 0 0 0 0 0 0 0 0 0 0 0 0 0 0 -8.0515428358959673e-06 -1.9208785499396945e-05 -3.3471698099082731e-05 -5.0840243040912395e-05 -7.1314372271036184e-05 -9.4894025919083926e-05 -0.00012157913291087345 -0.0001513696043161473 -0.00018426533614952569 -0.00022026620726979174 -0.00030158280437943562 -0.00039531818633362504 -0.00050147119213734517 -0.00062004112435330131 -0.00075102816714415252 0 0 0 0 0 0 0 0 0 0 0 0 0 0 0 -1.0724120382681253e-05 -2.5629299487059946e-05 -4.4715509556883824e-05 -6.7982715684531306e-05 -9.5430875140570606e-05 -0.00012705993232310509 -0.0001628698217971053 -0.00020286046257331352 -0.000247031759180949 -0.00029538360005865015 -0.00040462840544675226 -0.0005305937641967084 -0.0006732786168331511 -0.00083268232473879831 -0.0010088050566859662 0 0 0 0 0 0 0 0 0 0 0 0 0 0 0 -1.3756436654501094e-05 -3.2922571214894295e-05 -5.7498381369465966e-05 -8.7483838966217518e-05 -0.00012287890914594807 -0.0001636835476502482 -0.00020989770063899088 -0.0002615213033215149 -0.00031855427831404447 -0.00038099653472714492 -0.0005221084819000578 -0.00068485624507135196 -0.00086923896681419168 -0.00107525612989834 -0.0013029078686503512 0 0 0 0 0 0 0 0 0 0 0 0 0 0 0 -1.714849592914074e-05 -4.1088611655782322e-05 -7.1820333119289721e-05 -0.0001093436423481228 -0.00015365851596996769 -0.0002047649271671894 -0.00026266284111410912 -0.00032735221516323775 -0.00039883300070761189 -0.00047710514038728998 -0.0006540232147211419 -0.00085810586344797649 -0.0010893525371787427 -0.0013477629051626089 -0.0016333370508322172 
end_dependent_variable

end_regular_table
