# ****************************************************************************
# CUI
#
# The Advanced Framework for Simulation, Integration, and Modeling (AFSIM)
#
# The use, dissemination or disclosure of data in this file is subject to
# limitation or restriction. See accompanying README and LICENSE for details.
# ****************************************************************************

# ##################################################################################################
# 
# This file was auto-generated by AFSIM Mover Creator 2.5.0.200324
# 
# Creation Date:  24 Mar 2020
# 
# ##################################################################################################

regular_table

independent_variable mach precision double
0.10000000000000001 0.5 0.70000000000000007 0.75 0.80000000000000004 0.84999999999999998 0.90000000000000002 0.92000000000000004 0.94000000000000006 0.95999999999999996 0.97999999999999998 1 
end_independent_variable

independent_variable surface_angle units deg
-20 -16 -14 -12 -10 -9 -8 -7 -6 -5 -4 -3 -2 -1 0 1 2 3 4 5 6 7 8 9 10 12 14 16 18 20 
end_independent_variable

dependent_variable precision double
0 0 0 0 0 0 0 0 0 0 0 0 0 0 0 3.5560801177581294e-05 7.0903274710063503e-05 0.00010597922241002003 0.00014072756158388315 0.00017507160279589502 0.00020891608617224514 0.00024214415091519632 0.00027461454217722462 0.00030615953166736017 0.00033658423671737971 0.00039317040885435611 0.00044242268205945594 0.00048247786282867535 0.0005122135514702942 0.00053192337878233298 0 0 0 0 0 0 0 0 0 0 0 0 0 0 0 3.5555482544841163e-05 7.0881903191316795e-05 0.00010593106359902272 0.0001406418810437957 0.00017493766664059717 0.00020872315941417805 0.00024188149917871149 0.00027427143010761703 0.00030572522390992474 0.00033604799326689307 0.00039239809774421704 0.00044137135403839211 0.00048110457354069719 0.00051047534627931862 0.00052977731088472903 0 0 0 0 0 0 0 0 0 0 0 0 0 0 0 3.5548893953416879e-05 7.0855543073662604e-05 0.00010587174807187203 0.00014053642613209535 0.00017477289118408146 0.00020848587674538843 0.00024155852385401001 0.00027384958402628962 0.00030519132040451288 0.00033538885325762612 0.00039144892350104356 0.00044007941602496688 0.00047941713243010968 0.00050833967155616713 0.00052714066371163128 0 0 0 0 0 0 0 0 0 0 0 0 0 0 0 3.5546616499683811e-05 7.0846431361808366e-05 0.00010585124632245828 0.00014049997720418331 0.00017471593726363095 0.00020840386583150739 0.00024144689660288249 0.00027370378292983065 0.00030500679407374065 0.00033516104149205019 0.00039112087323688803 0.00043963289845371233 0.00047883391996705752 0.00050760153881949585 0.00052622940220824427 0 0 0 0 0 0 0 0 0 0 0 0 0 0 0 3.5544022198785559e-05 7.083605287320367e-05 0.00010582789502905285 0.00014045846337214655 0.0001746510684055358 0.00020831045184637704 0.00024131975546695639 0.00027353771903493909 0.0003047966184203454 0.00033490156654919783 0.00039074722439452628 0.0004391243219165655 0.0004781696597369727 0.00050676083180016031 0.00052519148456905312 0 0 0 0 0 0 0 0 0 0 0 0 0 0 0 3.0963074659411921e-05 6.1432889417183014e-05 9.1371925404903914e-05 0.0001207326409690312 0.00014945533630273143 0.00017746586776195411 0.00020467326985953494 0.00023096758842955131 0.00025621827240461168 0.00028027362248465458 0.00032409591044622941 0.00036091632960482322 0.00038928455018374779 0.00040832696396942569 0.00041827207173845629 0 0 0 0 0 0 0 0 0 0 0 0 0 0 0 2.6382126936465187e-05 5.2029724859723798e-05 7.6915958595542467e-05 0.00010100681930020827 0.00012425960640280424 0.00014662128343276707 0.00016802678180447223 0.00018839745660034296 0.00020763992345170846 0.0002256456730353006 0.00025744460579896954 0.00028270832897110064 0.00030039945923259674 0.00030989308439001288 0.00031135268436332901 0 0 0 0 0 0 0 0 0 0 0 0 0 0 0 3.1616758995562367e-05 6.1815692646024971e-05 9.0566975181714202e-05 0.00011783281385845791 0.00014356574741855048 0.00016770683308613352 0.00019018376234845316 0.00021090912592085408 0.00022977911894453624 0.00024667318069375682 0.00027397504752439808 0.00029160785813055586 0.00029841868906920729 0.00029371301292072528 0.00027767248931392474 0 0 0 0 0 0 0 0 0 0 0 0 0 0 0 3.501858079511002e-05 6.7603379149552638e-05 9.7724309739652575e-05 0.00012534325866010468 0.00015041236042524406 0.00017287215590480544 0.00019264971718592968 0.00020965688747431099 0.000223788981151907 0.00023492438804229466 0.00024764188682072037 0.00024659218687273811 0.000230612412743739 0.00019900208650439898 0.00015194447010742827 0 0 0 0 0 0 0 0 0 0 0 0 0 0 0 3.6424183237628876e-05 6.8998456801827666e-05 9.7695225397240794e-05 0.00012247952613241359 0.00014330745360947969 0.00016012447398883927 0.00017286368794708725 0.00018144423638138171 0.00018577009499506035 0.00018572970773888086 0.00017203358273914791 0.00013923932809920472 8.6280337718950862e-05 1.2514071688170464e-05 -8.1891369905454417e-05 0 0 0 0 0 0 0 0 0 0 0 0 0 0 0 3.5670158577961488e-05 6.5606602586983792e-05 8.9786987044663922e-05 0.0001081829918356306 0.00012075906120075551 0.00012747103048800666 0.00012826471812231894 0.00012307463271251103 0.00011182302796803001 9.441952610486206e-05 4.0738499754032769e-05 -3.8872694323053956e-05 -0.00014527787181669609 -0.00027899742339216834 -0.00043989518989739906 0 0 0 0 0 0 0 0 0 0 0 0 0 0 0 3.2593096476450619e-05 5.7033493268866963e-05 7.3306857907710834e-05 8.1395031036284561e-05 8.127520675685351e-05 7.2919062188211758e-05 5.6291848166942245e-05 3.1351577854328574e-05 -1.9516414697175221e-06 -4.3675740579286038e-05 -0.00015265489348865975 -0.00029616582989671058 -0.00047476249998055695 -0.0006887786738972888 -0.0009381270198056212 
end_dependent_variable

end_regular_table
