# ****************************************************************************
# CUI
#
# The Advanced Framework for Simulation, Integration, and Modeling (AFSIM)
#
# The use, dissemination or disclosure of data in this file is subject to
# limitation or restriction. See accompanying README and LICENSE for details.
# ****************************************************************************

# ##################################################################################################
# 
# This file was auto-generated by AFSIM Mover Creator 2.5.0.200324
# 
# Creation Date:  24 Mar 2020
# 
# ##################################################################################################

regular_table

independent_variable mach precision double
0.10000000000000001 0.5 0.70000000000000007 0.75 0.80000000000000004 0.84999999999999998 0.90000000000000002 0.92000000000000004 0.94000000000000006 0.95999999999999996 0.97999999999999998 1 
end_independent_variable

independent_variable surface_angle units deg
-20 -16 -14 -12 -10 -9 -8 -7 -6 -5 -4 -3 -2 -1 0 1 2 3 4 5 6 7 8 9 10 12 14 16 18 20 
end_independent_variable

dependent_variable precision double
0 0 0 0 0 0 0 0 0 0 0 0 0 0 0 3.5016366281142538e-07 6.9727465932970361e-07 1.0408510042552013e-06 1.3802818549487599e-06 1.7148003201655619e-06 2.0434537709311516e-06 2.365073593880685e-06 2.6782472166478157e-06 2.9812973125579543e-06 3.2722750682844766e-06 3.8089894901837965e-06 4.2688865099138486e-06 4.6333337747392879e-06 4.8911072849760143e-06 5.0451432736851242e-06 0 0 0 0 0 0 0 0 0 0 0 0 0 0 0 3.5003350591072419e-07 6.967658470833701e-07 1.0397150190129669e-06 1.3782702366763685e-06 1.7116645611064038e-06 2.0389454890362808e-06 2.3589443116564479e-06 2.6702485869640625e-06 2.9711808160184762e-06 3.2597925765835763e-06 3.7910298131269002e-06 4.2444568921745156e-06 4.6014413306275747e-06 4.8507600413465021e-06 4.9953486241982333e-06 0 0 0 0 0 0 0 0 0 0 0 0 0 0 0 3.4988043180447032e-07 6.9615442246428496e-07 1.0383399610726937e-06 1.3758262701722899e-06 1.7078464375669784e-06 2.03344786454526e-06 2.3514618748884586e-06 2.660476045217089e-06 2.9588130535124009e-06 3.244524160941201e-06 3.7690444552095287e-06 4.2145333094339406e-06 4.5623586502294573e-06 4.8012972228462829e-06 4.9342846830214282e-06 0 0 0 0 0 0 0 0 0 0 0 0 0 0 0 3.4982760286761636e-07 6.9594325919560986e-07 1.0378649630240599e-06 1.3749819104154726e-06 1.7065272147808705e-06 2.0315482564574758e-06 2.3488763382753361e-06 2.6570991695463894e-06 2.9545392164111919e-06 3.2392479402376445e-06 3.7614467957277361e-06 4.2041924014347365e-06 4.5488522277014036e-06 4.7842035132969208e-06 4.9131812528291004e-06 0 0 0 0 0 0 0 0 0 0 0 0 0 0 0 3.4976745436922464e-07 6.9570278974574731e-07 1.0373239637959018e-06 1.3740202281612776e-06 1.7050246729736996e-06 2.0293847507359018e-06 2.3459316222748287e-06 2.6532530038861777e-06 2.9496716759796653e-06 3.233238517943267e-06 3.7527933967239193e-06 4.1924141426918283e-06 4.5334690549291677e-06 4.7647339102715442e-06 4.8891453887406382e-06 0 0 0 0 0 0 0 0 0 0 0 0 0 0 0 2.9544206321813324e-07 5.8102097972638835e-07 8.5636162155946873e-07 1.1209884994776824e-06 1.3743047092611148e-06 1.6155684639510654e-06 1.8438708924798051e-06 2.0581115033968673e-06 2.2569854418365744e-06 2.4389758911881135e-06 2.7452804002248608e-06 2.961844833709939e-06 3.074165246209296e-06 3.0735067242826648e-06 2.9621519328776467e-06 0 0 0 0 0 0 0 0 0 0 0 0 0 0 0 2.4111668603456014e-07 4.6633918833038732e-07 6.7539920482960556e-07 8.6795661249554767e-07 1.0435846338083846e-06 1.2017521957895874e-06 1.3418096412307679e-06 1.4629703753747113e-06 1.564298797979616e-06 1.6447128174723773e-06 1.7377686701141233e-06 1.7312741093528689e-06 1.6148587557259235e-06 1.3822774524777296e-06 1.0351580300540727e-06 0 0 0 0 0 0 0 0 0 0 0 0 0 0 0 2.7016663775592584e-07 5.0874169174303237e-07 7.1542725342061394e-07 8.8984625752859389e-07 1.0315241064205279e-06 1.1398728644199633e-06 1.2141705262986996e-06 1.2535429414458489e-06 1.2569566178024395e-06 1.2232050150701823e-06 1.0386321056842057e-06 6.8777388777538501e-07 1.5911802738708342e-07 -5.5427248252374509e-07 -1.4505787507604744e-06 0 0 0 0 0 0 0 0 0 0 0 0 0 0 0 2.696183344468959e-07 4.8413063221708787e-07 6.4323675369162322e-07 7.4655673209130299e-07 7.9361361763961106e-07 7.838144836002439e-07 7.1643160737420097e-07 5.9058654007964819e-07 4.0523557660827653e-07 1.5916485395756755e-07 -5.2074477724654234e-07 -1.4612823840343613e-06 -2.6740446120272958e-06 -4.1660114360791696e-06 -5.935353833886794e-06 0 0 0 0 0 0 0 0 0 0 0 0 0 0 0 2.3579030145482832e-07 3.8357871237188567e-07 4.4309097773702208e-07 4.1397846829496218e-07 2.9580459294756117e-07 8.8025847625056632e-08 -2.1002356015801095e-07 -5.9914958972614473e-07 -1.0803065913176314e-06 -1.654605887727749e-06 -3.087775344969407e-06 -4.9097740499516298e-06 -7.1312253618274762e-06 -9.7585183139643924e-06 -1.2789986637306393e-05 0 0 0 0 0 0 0 0 0 0 0 0 0 0 0 1.650010995114607e-07 1.981595911361734e-07 9.9253270282294213e-08 -1.3199956554505255e-07 -4.9595188856814688e-07 -9.930433627391466e-07 -1.6238123893278174e-06 -2.3889108901428377e-06 -3.2891090527633298e-06 -4.3253092012156391e-06 -6.8098671681867726e-06 -9.851569339431834e-06 -1.3459018454697154e-05 -1.7637374405745042e-05 -2.2385286626678453e-05 0 0 0 0 0 0 0 0 0 0 0 0 0 0 0 5.3569064005902855e-08 -8.1054998216482933e-08 -4.0401418976926598e-07 -9.1548887787132157e-07 -1.6157055225517174e-06 -2.5049466401460583e-06 -3.5835534105665584e-06 -4.8519463492290364e-06 -6.3106200925127707e-06 -7.9601474948991864e-06 -1.1834433121533283e-05 -1.6480560081449208e-05 -2.1904036418906586e-05 -2.8108156233407185e-05 -3.5092073279579232e-05 
end_dependent_variable

end_regular_table
