# ****************************************************************************
# CUI
#
# The Advanced Framework for Simulation, Integration, and Modeling (AFSIM)
#
# The use, dissemination or disclosure of data in this file is subject to
# limitation or restriction. See accompanying README and LICENSE for details.
# ****************************************************************************

# ##################################################################################################
# 
# This file was auto-generated by AFSIM Mover Creator 2.5.0.200324
# 
# Creation Date:  24 Mar 2020
# 
# ##################################################################################################

regular_table

independent_variable mach precision double
0.10000000000000001 0.5 0.70000000000000007 0.75 0.80000000000000004 
end_independent_variable

independent_variable surface_angle units deg
-20 -16 -14 -12 -10 -9 -8 -7 -6 -5 -4 -3 -2 -1 0 1 2 3 4 5 6 7 8 9 10 12 14 16 18 20 
end_independent_variable

dependent_variable precision double
-0.0011861900824251136 -0.00088869074405555407 -0.00075124772938455723 -0.00062134079970764533 -0.00049896689127000679 -0.00044060380283660359 -0.00038412279697041488 -0.00032952355322772694 -0.00027680579579623065 -0.00022596929240294587 -0.00017701385088711593 -0.00012993931460774226 -8.4745557466737529e-05 -4.1432479014702563e-05 0 0 0 0 0 0 0 0 0 0 0 0 0 0 0 0 -0.0014062163802687224 -0.0010294821305398961 -0.00085902804685626351 -0.0007005141240106705 -0.00055393696734365753 -0.00048512354926919736 -0.00041929302337061496 -0.00035644503450780589 -0.00029657927711514924 -0.0002396954938364132 -0.00018579347181026101 -0.00013487303739667566 -8.6934050910568897e-05 -4.1976401046448179e-05 0 0 0 0 0 0 0 0 0 0 0 0 0 0 0 0 -0.0018055612893566237 -0.0012850610548189052 -0.0010547047259829841 -0.00084427570956552571 -0.00065377058753665271 -0.00056598835198701193 -0.00048318578155266689 -0.00040536251865071264 -0.00033251825566932351 -0.00026465273335837862 -0.00020176573734918964 -0.00014385709289385754 -9.0926659302871985e-05 -4.2974324475752472e-05 0 0 0 0 0 0 0 0 0 0 0 0 0 0 0 0 -0.0019882779788808645 -0.0014019994333196815 -0.0011442355161797289 -0.00091005328760510474 -0.00069944932544765775 -0.00060298805806054448 -0.00051242004732588375 -0.00042774493529435035 -0.00034896241384975213 -0.00027607222358821558 -0.00020907414981989581 -0.00014796801760075132 -9.2753686090752161e-05 -4.3431043060272705e-05 0 0 0 0 0 0 0 0 0 0 0 0 0 0 0 0 -0.0022334677761443374 -0.0015589206385019038 -0.0012643781775304021 -0.00099832123810344835 -0.0007607463945523839 -0.00065263862138532458 -0.00055165006091484651 -0.00045778035480221351 -0.00037102919466827303 -0.00029139632087493006 -0.00021888151846722405 -0.00015348461232221429 -9.5205461458691253e-05 -4.4043953550933877e-05 0 0 0 0 0 0 0 0 0 0 0 0 0 0 0 0 
end_dependent_variable

end_regular_table
