# ****************************************************************************
# CUI
#
# The Advanced Framework for Simulation, Integration, and Modeling (AFSIM)
#
# The use, dissemination or disclosure of data in this file is subject to
# limitation or restriction. See accompanying README and LICENSE for details.
# ****************************************************************************

# ##################################################################################################
# 
# This file was auto-generated by AFSIM Mover Creator 2.5.0.200324
# 
# Creation Date:  24 Mar 2020
# 
# ##################################################################################################

regular_table

independent_variable mach precision double
0.10000000000000001 0.5 0.70000000000000007 0.75 0.80000000000000004 
end_independent_variable

independent_variable surface_angle units deg
-20 -16 -14 -12 -10 -9 -8 -7 -6 -5 -4 -3 -2 -1 0 1 2 3 4 5 6 7 8 9 10 12 14 16 18 20 
end_independent_variable

dependent_variable precision double
3.5423514909165504e-06 3.333417018498422e-06 3.0971174413945285e-06 2.7813279647562062e-06 2.4013217138819566e-06 2.1923081522008418e-06 1.9730866382076233e-06 1.7452546788992074e-06 1.5101872466049262e-06 1.269042175181044e-06 1.0227774745178107e-06 7.7217399318330872e-07 5.1786038097208286e-07 2.603373511842549e-07 0 0 0 0 0 0 0 0 0 0 0 0 0 0 0 0 3.3589987152269384e-06 3.2160713727740466e-06 3.0072747573351521e-06 2.7153212741757639e-06 2.3554839387481856e-06 2.1551795329224786e-06 1.9437505219881879e-06 1.7227942756344723e-06 1.4936857249983387e-06 1.2575828549745746e-06 1.0154435930687813e-06 7.6804867113745475e-07 5.1602695866753732e-07 2.5987902821870877e-07 0 0 0 0 0 0 0 0 0 0 0 0 0 0 0 0 3.026357321339293e-06 3.0031812014368536e-06 2.844280491630982e-06 2.5955702987792583e-06 2.2723235559493374e-06 2.0878198117908727e-06 1.8905279105000158e-06 1.6820456748814928e-06 1.4637480360723117e-06 1.236792800467187e-06 1.0021379504948194e-06 7.6056423174247946e-07 5.1270057548559652e-07 2.5904741869244873e-07 0 0 0 0 0 0 0 0 0 0 0 0 0 0 0 0 2.8741618981110049e-06 2.9057755654120574e-06 2.7697047540214367e-06 2.540780058460197e-06 2.2342749747577616e-06 2.0570003050440945e-06 1.8661765529842221e-06 1.6634018777868546e-06 1.4500503524155728e-06 1.2272805109961575e-06 9.9605012656299253e-07 7.5713989664563743e-07 5.1117859633195723e-07 2.586669440711144e-07 0 0 0 0 0 0 0 0 0 0 0 0 0 0 0 0 2.6699291725312324e-06 2.7750669236672802e-06 2.6696310499482522e-06 2.4672563453561223e-06 2.1832167041127822e-06 2.0156432524663365e-06 1.8334994714999832e-06 1.6383831840184495e-06 1.4316695545819149e-06 1.214516032584949e-06 9.8788075149477487e-07 7.5254466286028595e-07 5.091362791682791e-07 2.5815636177658788e-07 0 0 0 0 0 0 0 0 0 0 0 0 0 0 0 0 
end_dependent_variable

end_regular_table
