# ****************************************************************************
# CUI
#
# The Advanced Framework for Simulation, Integration, and Modeling (AFSIM)
#
# The use, dissemination or disclosure of data in this file is subject to
# limitation or restriction. See accompanying README and LICENSE for details.
# ****************************************************************************

# ##################################################################################################
# 
# This file was auto-generated by AFSIM Mover Creator 2.5.0.200324
# 
# Creation Date:  24 Mar 2020
# 
# ##################################################################################################

regular_table

independent_variable mach precision double
0.10000000000000001 0.5 0.70000000000000007 0.75 0.80000000000000004 
end_independent_variable

independent_variable beta units rad
-1.0471975511965976 -0.95993108859688125 -0.87266462599716477 -0.78539816339744828 -0.69813170079773179 -0.6108652381980153 -0.52359877559829882 -0.48869219055841229 -0.4537856055185257 -0.41887902047863912 -0.38397243543875248 -0.3490658503988659 -0.31415926535897931 -0.27925268031909273 -0.24434609527920614 -0.20943951023931956 -0.17453292519943295 -0.13962634015954636 -0.10471975511965978 -0.087266462599716474 -0.069813170079773182 -0.05235987755982989 -0.034906585039886591 -0.017453292519943295 0 0.017453292519943295 0.034906585039886591 0.05235987755982989 0.069813170079773182 0.087266462599716474 0.10471975511965978 0.13962634015954636 0.17453292519943295 0.20943951023931956 0.24434609527920614 0.27925268031909273 0.31415926535897931 0.3490658503988659 0.38397243543875248 0.41887902047863912 0.4537856055185257 0.48869219055841229 0.52359877559829882 0.6108652381980153 0.69813170079773179 0.78539816339744828 0.87266462599716477 0.95993108859688125 1.0471975511965976 
end_independent_variable

independent_variable surface_angle units deg
-20 -16 -14 -12 -10 -9 -8 -7 -6 -5 -4 -3 -2 -1 0 1 2 3 4 5 6 7 8 9 10 12 14 16 18 20 
end_independent_variable

dependent_variable precision double
0.0011932788038967279 0.00089413863426183158 0.00075590937610479935 0.00062524066905471083 0.00050213251311156612 0.00044341364180509776 0.00038658490827536522 0.00033164631252236866 0.00027859785454610814 0.00022743953434658362 0.00017817135192379495 0.00013079330727774224 8.5305400408425543e-05 4.1707631315844795e-05 0 0 0 0 0 0 0 0 0 0 0 0 0 0 0 0 0.0013676232601389214 0.0010247771015558572 0.0008663518047434403 0.00071659169625043289 0.00057549677607683582 0.00050819876160981597 0.00044306704422264871 0.00038010162391533382 0.00031930250068787152 0.00026066967454026169 0.0002042031454725044 0.0001499029134845995 9.7768978576547177e-05 4.7801340748347343e-05 0 0 0 0 0 0 0 0 0 0 0 0 0 0 0 0 0.0015315592775779557 0.001147616396329711 0.00097020077303046153 0.00080248902794779326 0.00064448116108170681 0.00056911618197988173 0.00049617717243220208 0.0004256641324386678 0.00035757706199927896 0.0002919159611140357 0.00022868082978293763 0.00016787166800598513 0.000109488475783178 5.3531253114516291e-05 0 0 0 0 0 0 0 0 0 0 0 0 0 0 0 0 0.0016838392041338454 0.0012617216373777699 0.0010666659276114771 0.00088227893358634756 0.00070856065530238116 0.00062570228456333438 0.00054551109275957849 0.0004679870798911131 0.00039313024595793875 0.00032094059096005528 0.00025141811489746253 0.0001845628177701606 0.00012037469957814958 5.8853760321429392e-05 0 0 0 0 0 0 0 0 0 0 0 0 0 0 0 0 0.0018233040976163668 0.0013662244149170292 0.0011550131104128725 0.00095535416380572371 0.00076724757509558312 0.00067752641495189101 0.00059069334428245063 0.0005067483630872622 0.00042569147136632581 0.0003475226691196416 0.00027224195634720921 0.00019984933304902888 0.00013034479922510058 6.3728354875424305e-05 0 0 0 0 0 0 0 0 0 0 0 0 0 0 0 0 0.0019488925459749127 0.0014603293997099134 0.0012345699460280422 0.0010211585719799229 0.00082009527756555546 0.00072419416022102899 0.00063138006278494029 0.00054165298525728971 0.00045501292763807711 0.00037145988992730262 0.00029099387212496607 0.00021361487423106744 0.00013932289624560696 6.8117938168584484e-05 0 0 0 0 0 0 0 0 0 0 0 0 0 0 0 0 0.0020596487452850961 0.0015433203960000055 0.0013047309589002238 0.0010791913468289507 0.00086670155978618648 0.00076535035065049533 0.00066726159777193161 0.00057243530115049467 0.00048087146078618515 0.00039257007667900301 0.00030753114882894791 0.00022575467723602 0.00014724066190021946 7.1989102821546123e-05 0 0 0 0 0 0 0 0 0 0 0 0 0 0 0 0 0.0020996054359971273 0.0015732604408128438 0.0013300424259678628 0.0011001273996209893 0.00088351536177222283 0.00078019796353463006 0.00068020631242156392 0.00058354040843302439 0.00049020025156901181 0.00040018584182952629 0.00031349717921456743 0.00023013426372413525 0.00015009709535823002 7.3385674116851631e-05 0 0 0 0 0 0 0 0 0 0 0 0 0 0 0 0 0.0021370040809048202 0.0016012837101207445 0.0013537334412167901 0.0011197231166382247 0.00089925273638504801 0.0007940950253804809 0.00069232230045726073 0.00059393456161538772 0.00049893180885486198 0.00040731404217568372 0.00031908126157785245 0.00023423346706136845 0.00015277065862623175 7.4692836272442241e-05 0 0 0 0 0 0 0 0 0 0 0 0 0 0 0 0 0.002171799115520174 0.0016273560618867099 0.0013757751407942459 0.0011379546235179604 0.00091389451005785343 0.00080702460475886716 0.00070359480041392555 0.00060360509702302829 0.00050705549458617601 0.00041394599310336835 0.00032427659257460529 0.00023804729299988693 0.00015525809437921329 7.5908996712584326e-05 0 0 0 0 0 0 0 0 0 0 0 0 0 0 0 0 0.0022039481474532751 0.0016514457309662512 0.0013961406702845583 0.0011547997079774117 0.00092742284404481084 0.00081897094896896539 0.00071401007848675665 0.00061254023259818405 0.00051456141130324805 0.00042007361460194879 0.00032907684249428596 0.00024157109498025963 0.00015755637205986989 7.703267373311669e-05 0 0 0 0 0 0 0 0 0 0 0 0 0 0 0 0 0.0022334120080608911 0.0016735233678083236 0.0014148052174271131 0.0011702378468759506 0.00093982125615483733 0.00082991950323054885 0.00072355544526377265 0.00062072908225450842 0.00052144041420275637 0.00042568944110851667 0.00033347616297178898 0.00024480057979257342 0.00015966269157087013 7.8062498306678973e-05 0 0 0 0 0 0 0 0 0 0 0 0 0 0 0 0 0.0022601548001674313 0.0016935620742132345 0.0014317460423462695 0.0011842502312193928 0.0009510746408326054 0.00083985692841674522 0.00073221927118590705 0.00062816166914009079 0.00052768412227929687 0.0004307866306035253 0.00033746919411277584 0.00024773181280704856 0.00016157448668634348 7.8997215750660653e-05 0 0 0 0 0 0 0 0 0 0 0 0 0 0 0 0 0.0022841439418001251 0.0017115374361039559 0.0014469425052563985 0.0011968197890758587 0.0009611692875623369 0.00084877111730570802 0.0007399910007158336 0.00063482893779271353 0.00053328492853634804 0.00043535897294673718 0.00034105107102388072 0.00025036122276777872 0.00016328942817843127 7.983568725583839e-05 0 0 0 0 0 0 0 0 0 0 0 0 0 0 0 0 0.0023053502058851369 0.0017274275532709155 0.0014603760916082785 0.001207931206375291 0.0009700928975719524 0.00085665120933140165 0.00074686116519826363 0.00064072276517253724 0.00053823600925422346 0.00043940089744332208 0.00034421742973983309 0.00025268560614375622 0.00016480542665509186 8.0576891273839788e-05 0 0 0 0 0 0 0 0 0 0 0 0 0 0 0 0 0.0023237477558562549 0.0017412130660540309 0.0014720304346462264 0.0012175709455672934 0.00097783459881723182 0.0008634876038155282 0.00075282139439604239 0.00064583597055877439 0.0005425313323037241 0.00044290747963089206 0.00034696441254027782 0.00025470213103188146 0.00016612063510570307 8.1219924761742588e-05 0 0 0 0 0 0 0 0 0 0 0 0 0 0 0 0 0.0023393141771327632 0.001752877178929471 0.0014818913353484636 0.0012257272621145482 0.0009843849592277255 0.00086927197166447427 0.00075786442668799583 0.00065016232429829029 0.00054616566449535787 0.00044587444727919883 0.00034928867264981286 0.0002564083406071999 0.0001672334511513602 8.176400428229354e-05 0 0 0 0 0 0 0 0 0 0 0 0 0 0 0 0 0.0023520305044281604 0.0017624056809724159 0.0014899467797264399 0.0012323902188017277 0.00098973599819827929 0.00087399726551702943 0.00076198411791609545 0.00065369655539547749 0.00054913457795517531 0.00044829818559518952 0.00035118737831551957 0.00025780215611616558 0.00016814251899712772 8.2208466958405858e-05 0 0 0 0 0 0 0 0 0 0 0 0 0 0 0 0 0.0023618812448564378 0.0017697869631708796 0.0014961869534620268 0.0012375516978424571 0.00099388119631217166 0.00087765772833051038 0.00076517544887116993 0.00065643435793415021 0.00055143445551945165 0.00045017574162707413 0.00035265821625701734 0.00025888187940928148 0.00016884673108386679 8.2552771280772937e-05 0 0 0 0 0 0 0 0 0 0 0 0 0 0 0 0 0.0023657281326853745 0.001772669484018725 0.0014986238513346958 0.0012395673464168631 0.00099549996926522706 0.00087908720360173321 0.00076642171987978814 0.00065750351809939231 0.00055233259826054581 0.00045090896036324864 0.00035323260440750038 0.0002593035303933015 0.00016912173832065179 8.268722818955131e-05 0 0 0 0 0 0 0 0 0 0 0 0 0 0 0 0 0.0023688543968077725 0.0017750120325695029 0.0015006042538647528 0.0012412054107695915 0.00099681550328401957 0.00088024890039482958 0.00076743453140803704 0.00065837239632364172 0.00055306249514164372 0.00045150482786204311 0.00035369939448483988 0.00025964619501003382 0.00016934522943762523 8.2796497767613977e-05 0 0 0 0 0 0 0 0 0 0 0 0 0 0 0 0 0.002371259084933294 0.0017768138952602326 0.0015021275578024028 0.0012424653919303726 0.00099782739764414305 0.00088114246484570339 0.00076821357494371396 0.00065904072793817421 0.00055362392382908479 0.00045196316261644548 0.00035405844430025623 0.00025990976888051693 0.00016951713635722791 8.2880546730388927e-05 0 0 0 0 0 0 0 0 0 0 0 0 0 0 0 0 0.002372941464570644 0.0017780745232260837 0.00150319329913451 0.0012433469060967393 0.00099853534411277326 0.0008817676247659666 0.00076875861318261094 0.00065950830936270608 0.00055401671330625223 0.0004522838250132495 0.00035430964448369766 0.00026009417171759668 0.00016963740671494684 8.2939349475747942e-05 0 0 0 0 0 0 0 0 0 0 0 0 0 0 0 0 0.0023739010232506842 0.0017787935324675649 0.0015038011532259399 0.0012438496847509376 0.00099893912704255758 0.00088212418972585132 0.00076906948010080063 0.00065977499816740541 0.00055424074392566619 0.00045246671737558255 0.0003544529185171547 0.00026019934735038236 0.00016970600387526593 8.2972888091805124e-05 0 0 0 0 0 0 0 0 0 0 0 0 0 0 0 0 0.0023741374686825473 0.0017789707039674973 0.0015039509349184489 0.0012439735747417175 0.000999038623437304 0.0008822120511122164 0.00076914608100520814 0.00065984071311627911 0.00055429594744542952 0.00045251178399265964 0.00035448822275796889 0.00026022526374135747 0.00016972290694282561 8.2981152362373109e-05 0 0 0 0 0 0 0 0 0 0 0 0 0 0 0 0 0.0023736507288426635 0.0017786059837577245 0.0015036425985870815 0.0012437185383309889 0.00099883380298944682 0.00088203118216163281 0.00076898839256245625 0.00065970543419191713 0.0005541823070500158 0.00045241901113675235 0.00035441554645212646 0.00026017191299613823 0.00016968811076878781 8.2964139770075072e-05 0 0 0 0 0 0 0 0 0 0 0 0 0 0 0 0 0.0023724409519967037 0.0017776994829355566 0.0015028762381540718 0.0012430846532053123 0.00099832472808927906 0.00088158163796853487 0.0007685964628059719 0.00065936920260159027 0.00055389985735538997 0.00045218842706737155 0.00035423491173753425 0.00026003931136587844 0.00016960162595240421 8.2921855497111372e-05 0 0 0 0 0 0 0 0 0 0 0 0 0 0 0 0 0.0023705085066544132 0.0017762514776299241 0.001501652087060231 0.0012420721124522382 0.00099751155380594638 0.00088086355546843857 0.00076797041112135558 0.00065883212076469787 0.00055344868439846542 0.00045182010202265819 0.00035394637363727607 0.00025982749924231922 0.00016946347883778758 8.2854312423681208e-05 0 0 0 0 0 0 0 0 0 0 0 0 0 0 0 0 0.0023678539814573651 0.0017742624089172713 0.0014999705181938413 0.0012406812245014884 0.000996394527840213 0.00087987715339622958 0.00076711042821001551 0.00065809435228157058 0.00055282892561089501 0.00045131414819798922 0.00035355002004285258 0.00025953654114548529 0.0001692737115058875 8.2761531124059056e-05 0 0 0 0 0 0 0 0 0 0 0 0 0 0 0 0 0.0023644781849996486 0.0017717328826871972 0.0014978320437770691 0.0012389124130310065 0.00099497399044900896 0.00087862273221953481 0.00076601677603107697 0.00065715612188363523 0.00055204076977720981 0.00045067071971180081 0.00035304597168740802 0.00025916652570403154 0.00016903238176167138 8.2643539860327559e-05 0 0 0 0 0 0 0 0 0 0 0 0 0 0 0 0 0.0023603821455815657 0.0017686636694578938 0.001495237315209938 0.0012367662168379014 0.00099325037434178478 0.00087710067404719644 0.0007646897877215883 0.00065601771536495971 0.00055108445697731121 0.00044989001255864292 0.00035243438210895433 0.00025871756562824573 0.00016873956311651723 8.2500374573768649e-05 0 0 0 0 0 0 0 0 0 0 0 0 0 0 0 0 0.0023500345476503721 0.0017609100857590349 0.0014886823958811029 0.0012313444000483288 0.00098889609826071246 0.00087325558263383861 0.00076133749051825422 0.00065314182191395919 0.00054866857682095373 0.00044791775523923778 0.00035088935716881124 0.00025758338260967417 0.00016799983156182664 8.213870402526859e-05 0 0 0 0 0 0 0 0 0 0 0 0 0 0 0 0 0.0023368237946179387 0.0017510111043680832 0.0014803137463668306 0.0012244223797813613 0.00098333700461167555 0.00086834656380775188 0.00075705762085777383 0.0006494701757617414 0.00054558422851965491 0.00044539977913151459 0.00034891682759731984 0.00025613537391707103 0.00016705541809076819 8.1676960118411176e-05 0 0 0 0 0 0 0 0 0 0 0 0 0 0 0 0 0.002320765981751874 0.0017389787856690426 0.0014701415625774628 0.00121600858945244 0.00097657986629397383 0.00086237959845219972 0.00075185539310206506 0.00064500725024356931 0.00054183516987671302 0.00044233915200149611 0.00034651919661791834 0.00025437530372597979 0.00016590747332568059 8.111570541702068e-05 0 0 0 0 0 0 0 0 0 0 0 0 0 0 0 0 0.0023018806730236395 0.0017248277891888117 0.0014581782377520417 0.001206113279969034 0.00096863291583978864 0.0008553619563953272 0.00074573714536430632 0.00063975848274672577 0.00053742596854258588 0.00043873960275188671 0.0003436993853746282 0.00025230531641081013 0.00016455739586043283 8.0455623723496111e-05 0 0 0 0 0 0 0 0 0 0 0 0 0 0 0 0 0.0022801908772728608 0.0017085753557368076 0.0014444383473590583 0.0011947485072414943 0.00095950583538411565 0.00084730218755299589 0.00073871033178692232 0.00063373026808589484 0.00053236199644991376 0.0004346055168789792 0.00034046082937309082 0.00024992793393224859 0.00016300683055645276 7.9697519245703217e-05 0 0 0 0 0 0 0 0 0 0 0 0 0 0 0 0 0.0022557230201746045 0.0016902412863996953 0.0014289386313384887 0.0011819281174947802 0.00094920974486857037 0.00083821011151202763 0.00073078351345985952 0.00062692995071206574 0.00052664942326864671 0.00042994193112960239 0.0003368074742949326 0.00024724605276463745 0.00016125766653871698 7.8842315617171194e-05 0 0 0 0 0 0 0 0 0 0 0 0 0 0 0 0 0.0022285069120437603 0.0016698479184168165 0.0014116979737067558 0.0011676677303989686 0.00093775718849345565 0.00082809680556655179 0.00072196634799021671 0.00061936581576444978 0.00052029520888925132 0.0004247545273646217 0.00033274377119056034 0.0002442629403670675 0.00015931203489414318 7.7891054771787342e-05 0 0 0 0 0 0 0 0 0 0 0 0 0 0 0 0 0.0021985757115157642 0.0016474200979656997 0.0013927373795494635 0.0011519847200390908 0.00092516211943458255 0.00081697459122202743 0.00071226957773593827 0.00061104707897631494 0.00051330709494315757 0.00041904962563646641 0.0003282746710562411 0.00024098223120248177 0.00015717230607518857 7.6844895674361296e-05 0 0 0 0 0 0 0 0 0 0 0 0 0 0 0 0 0.0021659658851479135 0.0016229851498908243 0.0013720799494299375 0.0011348981937474888 0.00091143988284347812 0.00080485701918338738 0.00070170501671790609 0.00060198387544703415 0.00050569359537077209 0.00041283417648911949 0.00032340561880207644 0.00023740792230964294 0.00015484108701181905 7.5705112908604742e-05 0 0 0 0 0 0 0 0 0 0 0 0 0 0 0 0 0.0021307171629904777 0.0015965728444125046 0.0013497508512447453 0.0011164289688244703 0.00089660719715168029 0.00079175885284559204 0.00069028553622637494 0.00059218724729402888 0.00049746398604855408 0.00040611575248995058 0.00031814254661821813 0.00023354436843335677 0.00015232121793536671 7.447309512424777e-05 0 0 0 0 0 0 0 0 0 0 0 0 0 0 0 0 0.0020928724901817558 0.0015682153608564614 0.001325777289560491 0.0010965995471756388 0.00088068213370190418 0.0007776960503067062 0.00067802504913928776 0.00058166913019964831 0.00048862829348778882 0.00039890253900370871 0.00031249186674740803 0.00022939627671888677 0.00014961576891814503 7.31503433451828e-05 0 0 0 0 0 0 0 0 0 0 0 0 0 0 0 0 0.0020524779746260409 0.0015379472484482726 0.0013001884724692437 0.0010754340878967844 0.0008636840947308952 0.00076268574492541457 0.00066493849297157644 0.00057044233886938047 0.00047919728261882721 0.0003912033242199165 0.00030646046367264817 0.00022496870097702231 0.00014672803613303905 7.1738469140698277e-05 0 0 0 0 0 0 0 0 0 0 0 0 0 0 0 0 0.0019406665758138894 0.0014541655780604911 0.0012293590196695333 0.0010168484216024028 0.00081663378385910001 0.00072113745010888425 0.00062871510643962498 0.00053936675285132273 0.00045309238934397724 0.00036989201591758889 0.00028976563257215735 0.00021271323930768259 0.00013873483612416486 6.7830423021603985e-05 0 0 0 0 0 0 0 0 0 0 0 0 0 0 0 0 0.001814085532553278 0.0013593168295744863 0.0011491734024228662 0.00095052392482976289 0.00076336839679517663 0.00067410086386232744 0.00058770681831910748 0.00050418626016551652 0.000423539189401555 0.00034576560602722276 0.00027086551004251968 0.00019883890144744586 0.00012968578024200134 6.3406146426186059e-05 0 0 0 0 0 0 0 0 0 0 0 0 0 0 0 0 0.0016736982030151424 0.0012541228592374775 0.0010602418816938893 0.00087696536704713059 0.00070429331529720158 0.00062193396300854809 0.00054222572644410227 0.00046516860560386346 0.00039076260048783216 0.00031900771109600836 0.00024990393742839191 0.00018345127948498277 0.00011964973726578112 5.8499310770786888e-05 0 0 0 0 0 0 0 0 0 0 0 0 0 0 0 0 0.0015205730195454563 0.0011393842566815844 0.00096324128005367024 0.00079673257329510331 0.00063985813640588375 0.00056503376916227949 0.0004926179693860121 0.00042261073707708136 0.00035501207223548759 0.00028982197486123091 0.00022704044495431091 0.00016666748251472783 0.00010870308754248168 5.3147260037572405e-05 0 0 0 0 0 0 0 0 0 0 0 0 0 0 0 0 0.0013558753572499361 0.0010159742519533204 0.00085890983065125561 0.00071043616358001894 0.00057055325073961105 0.00050383332715596787 0.00043926109213003183 0.00037683654566180277 0.00031655968775128095 0.00025843051839846633 0.00020244903760335877 0.00014861524536595829 9.6929141686265076e-05 4.7390726564278968e-05 0 0 0 0 0 0 0 0 0 0 0 0 0 0 0 0 0.0011808586647858201 0.00088483206970566615 0.00074804155881364972 0.00061873290568700704 0.0004969061103257381 0.00043879840930711881 0.00038256117272984308 0.00032819440059391061 0.00027569809289932159 0.0002250722496460761 0.00017631687083417399 0.00012943195646361529 8.4417506534400092e-05 4.1273521046528334e-05 0 0 0 0 0 0 0 0 0 0 0 0 0 0 0 0 0.0014145491911950619 0.0010357516821327653 0.00086433186588098299 0.00070489800848211098 0.00055745010993614951 0.00048822089523301027 0.00042198817024309874 0.0003587519349664146 0.00029851218940295823 0.00024126893355272945 0.00018702216741572832 0.00013577189099195477 8.7518104281408905e-05 4.2260807284090655e-05 0 0 0 0 0 0 0 0 0 0 0 0 0 0 0 0 0.0016212224420408729 0.0011870805779731059 0.00099061540387539626 0.00080788740173513536 0.00063889657155232361 0.00055955259594496129 0.00048364291332696088 0.00041116752369832287 0.00034212642705904709 0.00027651962340913364 0.00021434711274858243 0.00015560889507739345 0.00010030497039556671 4.843533870310224e-05 0 0 0 0 0 0 0 0 0 0 0 0 0 0 0 0 0.0018155572111818782 0.0013293750738362215 0.0011093597604963834 0.00090472828404520526 0.00071548064448268749 0.00062662576353467603 0.00054161684180882976 0.00046045387930514838 0.00038313687602363201 0.00030966583196428087 0.00024004074712709458 0.00017426162151207338 0.00011232845511921724 5.4241247948526116e-05 0 0 0 0 0 0 0 0 0 0 0 0 0 0 0 0 0.0019960744936823724 0.0014615522226888269 0.0012196612194902553 0.0009946836378238171 0.00078661947768951296 0.00068892993069691116 0.00059546873908734258 0.00050623590286080766 0.00042123142201730618 0.00034045529655683815 0.0002639075264794036 0.0001915881117850025 0.00012349705247363487 5.9634348545300727e-05 0 0 0 0 0 0 0 0 0 0 0 0 0 0 0 0 0.0021614004440232109 0.0015826060766174093 0.0013206803201522264 0.0010770688485121876 0.00085177166169729426 0.00074599092509927689 0.00064478875970754555 0.00054816516552210067 0.00045612014254294182 0.00036865369077006933 0.00028576581020348302 0.00020745650084318294 0.00013372576268916905 6.4573595741441441e-05 0 0 0 0 0 0 0 0 0 0 0 0 0 0 0 0 0.0023102768318957628 0.0016916153426992575 0.0014116482461292588 0.001151256914911429 0.00091044134904576799 0.00079737447812000116 0.00068920154853227631 0.00058592256028259387 0.00048753751337095362 0.00039404640779735573 0.00030544924356180008 0.00022174602066428662 0.00014293673910481552 6.9021398883386636e-05 0 0 0 0 0 0 0 0 0 0 0 0 0 0 0 0 0.0024415706180942963 0.0017877503945978939 0.0014918726765767321 0.0012166832210402626 0.00096218202798848665 0.00084268952989435852 0.0007283690974214036 0.0006192207305696217 0.00051524442933901322 0.00041644019372957797 0.00032280802374131599 0.0002343479193742271 0.0001510598806283115 7.2943907503569155e-05 0 0 0 0 0 0 0 0 0 0 0 0 0 0 0 0 0.0024889365013606069 0.0018224323226454706 0.0015208146479959678 0.0012402865831518419 0.00098084812811309293 0.00085903750427073454 0.00074249928287972071 0.0006312334639400508 0.00052524004745172512 0.00042451903341474378 0.00032907042182910663 0.0002388942126948136 0.00015399040601186487 7.4359001780260344e-05 0 0 0 0 0 0 0 0 0 0 0 0 0 0 0 0 0.0025332699988912873 0.0018548938976320833 0.0015479037410301589 0.0012623788471133528 0.00099831921588166487 0.00087433887377274047 0.00075572484733509547 0.00064247713656872998 0.00053459574147364411 0.00043208066204983785 0.00033493189829731106 0.00024314945021606401 0.0001567333178060964 7.5683501067408445e-05 0 0 0 0 0 0 0 0 0 0 0 0 0 0 0 0 0.0025745170971486469 0.0018850955701289324 0.0015731069517921975 0.0012829330969042106 0.0010145740054649716 0.00088857499603863281 0.00076802967747448096 0.00065293804977251623 0.00054330011293273861 0.00043911586695514793 0.00034038531183974425 0.00024710844758652763 0.00015928527419549804 7.6915791666655521e-05 0 0 0 0 0 0 0 0 0 0 0 0 0 0 0 0 0.0026126275428970894 0.0019130005440502918 0.0015963935740520273 0.0013019242903371843 0.0010295926929057644 0.00090172852654633775 0.00077939878175776686 0.0006626034585400512 0.0005513425568931913 0.00044561607681718718 0.00034542401831203851 0.0002507663813777455 0.00016164316601430801 7.8054372221726255e-05 0 0 0 0 0 0 0 0 0 0 0 0 0 0 0 0 0.0026475549044289331 0.0019385748214838703 0.0016177352366474533 0.0013193292895684458 0.0010433569802468477 0.00091378343974507742 0.00078981830868265926 0.00067146158705959347 0.00055871327487588005 0.00045157337213151921 0.00035004187882651063 0.00025411879496085437 0.00016380412053455055 7.909785554759912e-05 0 0 0 0 0 0 0 0 0 0 0 0 0 0 0 0 0.0026792566281342986 0.0019617872441120296 0.0016371059380500346 0.0013351268892874653 0.0010558500978243225 0.00092472504858003588 0.00079927556366060572 0.00067950164306603217 0.00056540328679631502 0.00045698049485145458 0.00035423326723145053 0.00025716160393630309 0.00016576550496601216 8.0044970320577855e-05 0 0 0 0 0 0 0 0 0 0 0 0 0 0 0 0 0.0027076940903461295 0.0019826095311733984 0.0016544820780439403 0.0013492978425524199 0.0010670568246988381 0.0009345400223862738 0.00080775902448319424 0.000686713830989599 0.0005714044419054884 0.00046183085723086245 0.00035799307696572088 0.00025989110111006384 0.00016752492966389136 8.0894562627203454e-05 0 0 0 0 0 0 0 0 0 0 0 0 0 0 0 0 0.0027328326443971734 0.0020010163139186181 0.0016698424864791763 0.0013618248842396233 0.0010769635071999613 0.00094321640313008907 0.00081525835536018921 0.0006930893638902616 0.00057670942872030666 0.00046611854985032435 0.00036131672728031457 0.00026230396101027713 0.00016908025104021227 8.1645597370119891e-05 0 0 0 0 0 0 0 0 0 0 0 0 0 0 0 0 0.0027546416628316172 0.0020169851665182629 0.0016831684490641536 0.0013726927520784236 0.0010855580755610725 0.00095074361997803906 0.0008217644195121003 0.00069862047416325624 0.00058131178393150678 0.00046983834881685223 0.00036420016881929238 0.00026439724393882718 0.00017042957417545668 8.2297159529181032e-05 0 0 0 0 0 0 0 0 0 0 0 0 0 0 0 0 0.0027730945747199208 0.0020304966333852515 0.0016944437301661705 0.001381888205245925 0.0010928300586245151 0.00095711250217587356 0.00082726929030194096 0.00070330042300271707 0.00058520590027820213 0.00047298572212839624 0.00036663988855329917 0.000266168399552911 0.00017157125512723176 8.2848455276261437e-05 0 0 0 0 0 0 0 0 0 0 0 0 0 0 0 0 0.0027881688980314016 0.0020415342528784901 0.0017036545925920277 0.0013894000404988942 0.0010987705965990898 0.0009623152902216857 0.00083176626089261389 0.00070712350861187434 0.00058838703337946705 0.00047555683519539204 0.00036863291405964918 0.00026761526997223854 0.00017250390293316016 8.3298812942414003e-05 0 0 0 0 0 0 0 0 0 0 0 0 0 0 0 0 0.002799846267025125 0.0020500845773588398 0.0017107898143246837 0.0013952191058231847 0.0011033724518543437 0.00096634564531966952 0.00083524985241815986 0.0007100850731498146 0.00059085130751463364 0.00047754855551261708 0.00037017681714376487 0.00026873609240807706 0.00017322638130555366 8.3647683836194668e-05 0 0 0 0 0 0 0 0 0 0 0 0 0 0 0 0 0.0028044064855166219 0.0020534236298307231 0.0017135762442220068 0.0013974915534361117 0.0011051695574730389 0.00096791957005006057 0.00083661025633278779 0.00071124161632122012 0.0005918136500153579 0.00047832635741520155 0.00037077973852075037 0.00026917379333200457 0.00017350852184896428 8.3783924071629444e-05 0 0 0 0 0 0 0 0 0 0 0 0 0 0 0 0 0.0028081124546257344 0.0020561371895729983 0.001715840702195554 0.0013993383115840574 0.00110663001773851 0.00096919865710296687 0.00083771582065891089 0.00071218150840634208 0.00059259572034526023 0.00047895845647566573 0.00037126971679755835 0.00026952950131093798 0.00017373781001580487 8.3894642912158901e-05 0 0 0 0 0 0 0 0 0 0 0 0 0 0 0 0 0.0028109630454783712 0.0020582244300090822 0.0017175824984694901 0.0014007588177266002 0.0011077533877804123 0.00097018251685608147 0.00083856620863092602 0.0007129044631049462 0.00059319728027814179 0.0004794446601505128 0.00037164660272205933 0.00026980310799278127 0.00017391417596267873 8.3979806631751631e-05 0 0 0 0 0 0 0 0 0 0 0 0 0 0 0 0 0.0028129573897569459 0.0020596847153453173 0.0017188011024757976 0.0014017526391638083 0.0011085393254093487 0.00097087084961619281 0.00083916116121241923 0.0007134102601980281 0.00059361814657301953 0.00047978482033739336 0.00037191028149114971 0.00026999453003428856 0.00017403756596680992 8.4039389288713732e-05 0 0 0 0 0 0 0 0 0 0 0 0 0 0 0 0 0.0028140948799648701 0.0020605176007646438 0.0017194961430158908 0.001402319473168044 0.0011089875912211038 0.00097126344571047372 0.00083950049717507007 0.0007136987456148932 0.00059385819102994279 0.00047997883342021911 0.00037206067278572211 0.00027010370912645162 0.00017410794244240778 8.4073372733590621e-05 0 0 0 0 0 0 0 0 0 0 0 0 0 0 0 0 0.0028143751696116073 0.0020607228325620957 0.0017196674083736878 0.0014024591470761789 0.001109098048669569 0.00097136018555035091 0.00083958411315385758 0.00071376983148008894 0.00059391734052904497 0.00048002664030072579 0.00037209773079513128 0.00027013061201226139 0.00017412528395211621 8.4081746614695792e-05 0 0 0 0 0 0 0 0 0 0 0 0 0 0 0 0 0.0028137981733182172 0.0020603003482220785 0.0017193148463801025 0.0014021716183421878 0.0011088706641083352 0.00097116103966793214 0.00083941198367854452 0.00071362349614017249 0.00059379557705281551 0.00047992822641647429 0.00037202144423114861 0.00027007523049683819 0.00017408958521354336 8.4064508381263993e-05 0 0 0 0 0 0 0 0 0 0 0 0 0 0 0 0 0.0028123640668433585 0.0020592502764374154 0.0017184385644289323 0.0014014569745501081 0.001108305506800943 0.00097066606872498243 0.00083898416118143666 0.00071325978417030545 0.00059349293769158902 0.00047968362174528737 0.00037183183633140044 0.00026993758144992823 0.00017400085710087077 8.4021663284228053e-05 0 0 0 0 0 0 0 0 0 0 0 0 0 0 0 0 0.0028100732870297569 0.0020575729370701443 0.0017170388294441492 0.0014003154333873617 0.0011074027488997824 0.00096987542349444538 0.00083830077598141047 0.00071267880636067735 0.00059300951463224635 0.00047929290079611709 0.00037152896485228985 0.00026971770680076445 0.00017385912664154106 8.3953224374619593e-05 0 0 0 0 0 0 0 0 0 0 0 0 0 0 0 0 0.0028069265316711355 0.0020552688410540843 0.0017151160677985888 0.0013987473425784455 0.0011061626653936557 0.00096878934481451793 0.00083736203624421859 0.00071188073968275734 0.00059234545513013441 0.00047875618258634979 0.00037111292205140332 0.00026941567352529511 0.00017366443700802517 8.3859212499593508e-05 0 0 0 0 0 0 0 0 0 0 0 0 0 0 0 0 0.0028029247592996583 0.0020523386902392038 0.0017126708651840742 0.00139675317977901 0.0011045856340240116 0.00096740816351528693 0.00083616822791907877 0.00071086582723538651 0.00059150096146421078 0.00047807363060555148 0.00037058383465940844 0.00026903157362578178 0.00017341684750467153 8.3739656296077616e-05 0 0 0 0 0 0 0 0 0 0 0 0 0 0 0 0 0.0027980691888939576 0.0020487833771778243 0.0017097039664330095 0.0013943335524303619 0.0011026721351698827 0.0009657323003179558 0.00083471971465157071 0.0007096343781707277 0.00059047629087542654 0.00047724545276566735 0.00036994186384145002 0.00026856552410277459 0.00017311643354964113 8.3594592182049653e-05 0 0 0 0 0 0 0 0 0 0 0 0 0 0 0 0 0.0027858028298196297 0.0020398017863473596 0.0017022088541440391 0.0013882209816292611 0.001097838168803027 0.00096149865977311318 0.00083106041566533538 0.00070652343647969323 0.00058788772221618696 0.00047515327287481635 0.00036832008845558156 0.00026738816895848254 0.00017235751438351925 8.3228124730691768e-05 0 0 0 0 0 0 0 0 0 0 0 0 0 0 0 0 0.0027701423991171965 0.0020283350112476083 0.0016926398625714668 0.0013804170774010941 0.0010916666557364903 0.00095609358121885157 0.00082638859757765517 0.00070255170481290058 0.00058458290292458823 0.00047248219191271823 0.00036624957177729025 0.00026588504251830441 0.00017138860413576078 8.2760256629659337e-05 0 0 0 0 0 0 0 0 0 0 0 0 0 0 0 0 0.0027511069766091648 0.0020143970223777089 0.001681008650057535 0.0013709313476010642 0.0010841651150082965 0.00094952364991080103 0.00082070995227923158 0.00069772402211358748 0.00058056585941386929 0.00046923546418007678 0.00036373283641220997 0.00026405797611026889 0.00017021088327425353 8.2191557904163934e-05 0 0 0 0 0 0 0 0 0 0 0 0 0 0 0 0 0.0027287197540256771 0.0019980048010301158 0.0016673293874430405 0.0013597753491297675 0.0010753426860902985 0.00094179687029824 0.00081403139832463239 0.00069204627016947542 0.00057584148583276931 0.00046541704531451411 0.00036077294861470966 0.00026190919573335601 0.00016882578667045322 8.1522721426001223e-05 0 0 0 0 0 0 0 0 0 0 0 0 0 0 0 0 0.0027030080067489658 0.0019791783186015144 0.0016516187408023497 0.0013469626738528923 0.0010652101177531419 0.00093292265627190692 0.00080636107250309892 0.00068552536644671778 0.00057041553810276331 0.00046103158747123576 0.00035737351455213497 0.00025944131934546095 0.00016723500185121382 8.075456206939353e-05 0 0 0 0 0 0 0 0 0 0 0 0 0 0 0 0 0.0026740030605824946 0.0019579405122607451 0.0016338958511383549 0.0013325089320416208 0.001053779754970543 0.00092291181969462554 0.00079770831992512193 0.00067816925566203229 0.00056429462690535685 0.0004560844336550955 0.00035353867591124822 0.00025665735367381504 0.00016544046694279591 7.9888015718190941e-05 0 0 0 0 0 0 0 0 0 0 0 0 0 0 0 0 0.0026417402535853008 0.0019343172570034021 0.0016141823110621101 0.0013164317333539232 0.0010410655238788406 0.0009117765572287139 0.00078808368263686302 0.00066998690010328836 0.00055748620962799004 0.00045058161121096799 0.00034927310485222194 0.00025356069055175218 0.00016344436830955861 7.8924138125641247e-05 0 0 0 0 0 0 0 0 0 0 0 0 0 0 0 0 0.0026062588930180026 0.0019083373341271322 0.0015925021384855605 0.0012987506653798968 0.001027082914810142 0.00089953043547623065 0.00077749888677629644 0.00066098826871033918 0.000549998581278359 0.00044452982448035631 0.00034458199831633059 0.0002501551027862822 0.00016124913789021094 7.7864103628116923e-05 0 0 0 0 0 0 0 0 0 0 0 0 0 0 0 0 0.0025676022074529693 0.00188003239616606 0.0015688817473594149 0.0012794872697773089 0.0010118489634197423 0.00088618837445016119 0.00076596682828671491 0.00065118432492940366 0.00054184086437822712 0.00043793644663318556 0.0003394710716942787 0.00024644473956150678 0.00015885745023486966 7.6709203714367424e-05 0 0 0 0 0 0 0 0 0 0 0 0 0 0 0 0 0.0025258172941069546 0.0018494369283270499 0.0015433499154918191 0.001258665016026402 0.00099538222993079961 0.00087176662939667871 0.00075350155720501147 0.00064058701335579745 0.00053302299784903709 0.00043080951068473044 0.00033394655186287723 0.0002424341213834776 0.00015627221924653152 7.5460845452038984e-05 0 0 0 0 0 0 0 0 0 0 0 0 0 0 0 0 0.0024809550614603988 0.001816588206474793 0.0015159377494870262 0.0012363092728359499 0.00097770277652156493 0.00085628277099063135 0.00074011826054387055 0.00062920924518128222 0.00052355572490286667 0.00042315769970862385 0.00032801516959855376 0.00023812813457265629 0.00015349659463093147 7.4120549773379425e-05 0 0 0 0 0 0 0 0 0 0 0 0 0 0 0 0 0.0024330701672332839 0.0017815262517169085 0.0014866786468467929 0.0012124472772353919 0.00095883214288270617 0.00083975566392838143 0.00072583324378873524 0.00061706488246376782 0.00051345057995347905 0.00041499033625786921 0.00032168415137693793 0.00023353202531068535 0.00015053395805911151 7.2689949622216428e-05 0 0 0 0 0 0 0 0 0 0 0 0 0 0 0 0 0.0023005255152712891 0.0016844752993132269 0.0014056899000036592 0.0011463976398070669 0.00090659851872345004 0.00079400888534900767 0.00068629253675280889 0.00058344947293485425 0.00048547969389514331 0.00039238319963367634 0.00030415999015045335 0.00022081006544547415 0.00014233342551873886 6.8730070370247513e-05 0 0 0 0 0 0 0 0 0 0 0 0 0 0 0 0 0.0021504724750427951 0.001574604472767777 0.0013140030042427294 0.0010716232241259889 0.00084746513241755602 0.00074221921971645468 0.00064152872911743021 0.00054539366062048239 0.00045381401422561155 0.00036678978993281758 0.00028432098774210047 0.00020640760765346005 0.00013304964966689653 6.4247113782409869e-05 0 0 0 0 0 0 0 0 0 0 0 0 0 0 0 0 0.0019840530407884429 0.0014527499554123895 0.0012123157522028062 0.00098869310864551849 0.0007818820247405266 0.00068478081765764153 0.00059188250048783006 0.00050318707323109273 0.00041869453588742916 0.00033840488845683961 0.00026231813093932394 0.0001904342633348821 0.00012275328564351415 5.9275197865220157e-05 0 0 0 0 0 0 0 0 0 0 0 0 0 0 0 0 0.0018025337648897093 0.0013198391337019065 0.0011014020452723542 0.0008982384416190343 0.00071034832274194707 0.00062213082009449072 0.00053773168864109256 0.00045715092838175241 0.00038038853931647045 0.00030744452144524666 0.00023831887476808103 0.00017301159928497352 0.00011152269499592422 5.3852161900933048e-05 0 0 0 0 0 0 0 0 0 0 0 0 0 0 0 0 0.0016072961186405202 0.001176883539243294 0.00098210600373264175 0.00080094763768062899 0.00063340844108725701 0.00055474603133756108 0.00047948841395252523 0.00040763558893214935 0.00033918755627643346 0.00027414431598537777 0.00021250586805898213 0.0001542722124972465 9.9443349300170931e-05 4.8019278467755449e-05 0 0 0 0 0 0 0 0 0 0 0 0 0 0 0 0 0.0013998259784165459 0.0010249711504293304 0.00085533554249270531 0.00069756113859406816 0.0005516479387334195 0.0004831392903173408 0.00041759594291075912 0.00035501789651367456 0.0002954051511260869 0.00023875770674799639 0.00018507556337940301 0.00013435872102030664 8.6607179670707382e-05 4.182093933060517e-05 0 0 0 0 0 0 0 0 0 0 0 0 0 0 0 0 0.0018159800532139767 0.0012926674338248712 0.0010610329882702512 0.0008494131188089202 0.00065780782544087846 0.00056951064479184065 0.00048621710816612509 0.00040792721556373178 0.00033464096698466051 0.0002663583624289116 0.00020307940189648489 0.00014480408538738041 9.1532412901598089e-05 4.3264384439137931e-05 0 0 0 0 0 0 0 0 0 0 0 0 0 0 0 0 0.0020813045137594612 0.001481533103873003 0.0012160556190175047 0.00097351694755382729 0.00075391708948197077 0.00065271921546797556 0.00055725604480193517 0.00046752757748385015 0.00038353381351372007 0.00030527475289154546 0.000232750395617326 0.00016596074169106169 0.00010490579111275262 4.9585543882398706e-05 0 0 0 0 0 0 0 0 0 0 0 0 0 0 0 0 0.0023307889902292119 0.0016591234124265154 0.0013618233322295768 0.0010902117245022453 0.00084428858924452091 0.00073096019879176116 0.00062405392645640319 0.0005235697722384469 0.00042950773613789205 0.00034186781815473915 0.00026065001828898797 0.00018585433654063843 0.0001174807729096906 5.5529327396144439e-05 0 0 0 0 0 0 0 0 0 0 0 0 0 0 0 0 0.0025625347551144467 0.0018240867900053549 0.0014972267475919713 0.0011986093319393636 0.00092823454304753153 0.0008036381336369063 0.00068610238091647454 0.00057562728488623688 0.00047221284554619286 0.00037585906289634285 0.00028656593693668662 0.00020433346766722421 0.00012916165508795565 6.1050499198880902e-05 0 0 0 0 0 0 0 0 0 0 0 0 0 0 0 0 0.0027747780832124702 0.0019751677656985362 0.0016212353633549633 0.0012978847986203209 0.001005116071494609 0.00087019989703510201 0.00074292918197782726 0.00062330392632278494 0.00051132413006997515 0.00040698979321939817 0.00031030091577105345 0.00022125749772494127 0.00013985953908106168 6.6107039839414573e-05 0 0 0 0 0 0 0 0 0 0 0 0 0 0 0 0 0.0029659036746404318 0.0021112165220558464 0.0017329053990741464 0.0013872825782995097 0.0010743480597319355 0.00093013891377579662 0.00079410184337142355 0.00066623684851881593 0.00054654392921797386 0.00043502308546889757 0.00033167431727158683 0.00023649762462604171 0.00014949300753226222 7.0660465990248305e-05 0 0 0 0 0 0 0 0 0 0 0 0 0 0 0 0 0.0031344569482427776 0.0022311976458929223 0.0018313869783494875 0.001466122299893716 0.001135403610525607 0.00098299901174942611 0.00083923091024516066 0.00070409930601281071 0.00057760419905237648 0.00045974558936385802 0.00035052347694725523 0.00024993786180256794 0.00015798874392979634 7.4676123328940337e-05 0 0 0 0 0 0 0 0 0 0 0 0 0 0 0 0 0.0031952646598090422 0.0022744823440524692 0.0018669154456357011 0.0014945647201932784 0.0011574301677252014 0.0010020689563565428 0.00085551178823147032 0.00071775866334998419 0.00058880958171208424 0.00046866454331777097 0.00035732354816704398 0.00025478659625990339 0.00016105368759634927 7.6124822176381425e-05 0 0 0 0 0 0 0 0 0 0 0 0 0 0 0 0 0.003252179433580118 0.0023149959358329361 0.0019001693640276862 0.0015211862436013319 0.0011780465745538729 0.0010199180342972288 0.00087075035688530863 0.00073054354231811192 0.00059929759059563885 0.00047701250171788986 0.0003636882756848644 0.0002593249124965627 0.00016392241215298475 7.7480774654130512e-05 0 0 0 0 0 0 0 0 0 0 0 0 0 0 0 0 0.0033051319276712152 0.0023526890616633765 0.0019311082187482556 0.0015459544358923348 0.001197227713095614 0.0010365244992194529 0.00088492805035809215 0.00074243836651153108 0.00060905544767976961 0.00048477929386280845 0.00036960990506064694 0.00026354728127328541 0.00016659142250072376 7.8742328742961929e-05 0 0 0 0 0 0 0 0 0 0 0 0 0 0 0 0 0.0033540576276249903 0.0023875157982761494 0.0019596943155686984 0.0015688391208392286 0.0012149502140877397 0.0010518681187037379 0.00089802759531423099 0.00075342864391921927 0.00061807126451870239 0.00049195545711268102 0.00037508122170115454 0.00026744855828412324 0.00016905746686158711 7.9907947433545997e-05 0 0 0 0 0 0 0 0 0 0 0 0 0 0 0 0 0.0033988969250124744 0.0024194337146573371 0.0019858928267333887 0.0015898124169785206 0.0012311924853927335 0.0010659301989132447 0.00091003303197602608 0.00076350098458107744 0.00062633405672839876 0.0004985322484179906 0.00038009555964985234 0.00027102399042398416 0.00017131754074038602 8.0976210599057973e-05 0 0 0 0 0 0 0 0 0 0 0 0 0 0 0 0 0.0034395951900567665 0.0024484039237424099 0.0020096718333920435 0.0016088487715795539 0.0012459347383049395 0.0010786936073693357 0.00092092973356820078 0.00077264311690153462 0.00063383375736933705 0.00050450165497160882 0.0003846468097083493 0.00027426922157955863 0.00017336889058523696 8.1945816725384008e-05 0 0 0 0 0 0 0 0 0 0 0 0 0 0 0 0 0.0034761028381909975 0.0024743911297941145 0.0020310023644879256 0.0016259249917765723 0.001259159011660055 0.0010901427938248597 0.00093070442413837327 0.00078084390260059553 0.0006405612292115266 0.00050985640397116668 0.00038872942687951561 0.00027718029793657339 0.0001752090171423401 8.2815584496815611e-05 0 0 0 0 0 0 0 0 0 0 0 0 0 0 0 0 0.0035083753904694859 0.0024973636714048994 0.0020498584320546094 0.0016410202728256564 0.0012708491937180398 0.0011002638092097326 0.00093934519473175932 0.00078809335028412009 0.00064650827586681481 0.00051458997147984403 0.00039233843712320704 0.00027975367279690417 0.00017683567850093539 8.3584454235300664e-05 0 0 0 0 0 0 0 0 0 0 0 0 0 0 0 0 0.003536373527758489 0.0025172935600714613 0.0020662170628783206 0.0016541162234520971 0.0012809910417927904 0.0011090443226257306 0.00094684151790039989 0.0007943826276167981 0.00065166765177492524 0.00051869659037478164 0.00039546944341636717 0.0002819862108996818 0.00017824689282472549 8.4251489191498172e-05 0 0 0 0 0 0 0 0 0 0 0 0 0 0 0 0 0.0035600631386404993 0.0025341565142944227 0.002080058326487254 0.0016651968882573332 0.0012895721996046597 0.0011164736363697908 0.00095318426052923375 0.00079970407208298816 0.00065603307103105418 0.00052217125737343245 0.00039811863111012232 0.00028387519224112406 0.0001794409407664376 8.4815876686062891e-05 0 0 0 0 0 0 0 0 0 0 0 0 0 0 0 0 0.0035794153609737646 0.0025479319891616036 0.0020913653594337857 0.0016742487671581447 0.0012965822123346806 0.0011225426989675143 0.00095836569496339237 0.00080405120032231404 0.00065959921504427966 0.00052500973912928978 0.00040028277257734375 0.00028541831538844172 0.00018041636756258381 8.5276929099769899e-05 0 0 0 0 0 0 0 0 0 0 0 0 0 0 0 0 0.0035944066170563518 0.0025586032013788255 0.0021001243858399846 0.0016812608318344264 0.0013020125393621502 0.001127244116200993 0.0009623795084231563 0.00080741871602863999 0.0006623617390174439 0.0005272085773895687 0.00040195923114501396 0.00028661370028377971 0.00018117198480586597 8.5634084711272719e-05 0 0 0 0 0 0 0 0 0 0 0 0 0 0 0 0 0.0036002609668876638 0.002562770497908191 0.0021035449400938172 0.0016839991667296872 0.0013041331778157997 0.0011290801025276968 0.00096394697335215444 0.00080873379028917293 0.00066344055333875172 0.00052806726250089159 0.00040261391777559198 0.000287080519162853 0.00018146706666267472 8.5773560275057028e-05 0 0 0 0 0 0 0 0 0 0 0 0 0 0 0 0 0.00360501864235195 0.0025661571497177776 0.0021063247341813998 0.0016862245391654953 0.0013058565646700642 0.0011305721601175258 0.0009652208106951057 0.00080980251640280364 0.00066431727724061956 0.00052876509320855432 0.00040314596430660694 0.00028745989053477792 0.00018170687189306709 8.5886908381474435e-05 0 0 0 0 0 0 0 0 0 0 0 0 0 0 0 0 0.0036086781942151771 0.0025687621252006385 0.0021084629213505247 0.0016879362712718502 0.0013071821749646138 0.0011317198344752849 0.00096620063242881522 0.00081062456882520517 0.00066499164366445429 0.00052930185694656322 0.00040355520867153155 0.00028775169883935942 0.00018189132745004684 8.5974094503593658e-05 0 0 0 0 0 0 0 0 0 0 0 0 0 0 0 0 0.003611238507742396 0.0025705846308560049 0.0021099588502886679 0.0016891338416385698 0.001308109604905711 0.0011325227760082465 0.00096688614009009114 0.00081119969715124577 0.0006654634471917097 0.00052967739021148399 0.00040384152621056774 0.00028795585518896121 0.00018202037714666445 8.6035092083677338e-05 0 0 0 0 0 0 0 0 0 0 0 0 0 0 0 0 0.0036126988030373021 0.0025716241115310012 0.0021108120653213825 0.0016898168854741196 0.0013086385719892121 0.0011329807401326414 0.00096727712486665944 0.00081152772619126612 0.00066573254410646153 0.00052989157861224622 0.00040400482970861937 0.00028807229739558136 0.00018209398167313219 8.606988254127169e-05 0 0 0 0 0 0 0 0 0 0 0 0 0 0 0 0 0.0036130586352798046 0.0025718802505897424 0.0021110223065511045 0.0016899851947167299 0.0013087689150866183 0.0011330935873481609 0.00096737346766076926 0.0008116085560244433 0.00066579885243918261 0.00052994435690498817 0.00040404506942185917 0.00028810098998979588 0.00018211211860879827 8.6078455278866282e-05 0 0 0 0 0 0 0 0 0 0 0 0 0 0 0 0 0.0036123178948615159 0.0025713529700097902 0.0021105895099363188 0.0016896387180977755 0.00130850059449416 0.0011328612832804503 0.00096717513912547256 0.00081144216202922663 0.00066566235199171239 0.0005298357090129306 0.00040396223309288056 0.00028804192423156249 0.00018207478242897638 8.606080768512222e-05 0 0 0 0 0 0 0 0 0 0 0 0 0 0 0 0 0.0036104768074191433 0.0025700424304059182 0.0021095138073110669 0.0016887775611573903 0.0013078336919448892 0.0011322838986915788 0.00096668219967356226 0.00081102859489083916 0.00066532308434340953 0.00052956566803127392 0.00040375634595443189 0.00028789511811288344 0.00018198198450662865 8.6016945135667508e-05 0 0 0 0 0 0 0 0 0 0 0 0 0 0 0 0 0.0036075359337657559 0.0025679490309811841 0.0021077955263447885 0.0016874019862123213 0.0013067684105837821 0.0011313616094584854 0.00096589479945917043 0.00081036798058583745 0.00066478115283848615 0.00052913431621711706 0.00040342747072172981 0.00028766061635232445 0.00018183375310890109 8.5946880991459587e-05 0 0 0 0 0 0 0 0 0 0 0 0 0 0 0 0 0.0036034961697199584 0.0025650734094053323 0.0021054351904425121 0.001685512412276022 0.0013053050749058616 0.001130094696519405 0.00096481317833203048 0.00080946052034373839 0.00066403672255452848 0.00052854178496440131 0.00040297570757335638 0.00028733849038139369 0.00018163013338851349 8.585063659471554e-05 0 0 0 0 0 0 0 0 0 0 0 0 0 0 0 0 0.0035983587458330137 0.0025614164416205517 0.002102433518585418 0.0016831094149310181 0.0013034441306573506 0.0011284835457882915 0.00096343766576441542 0.00080830649058572272 0.00066309002025221274 0.00052778825476388616 0.00040240119412074263 0.00028692883832278233 0.00018137118737000514 8.5728241262410986e-05 0 0 0 0 0 0 0 0 0 0 0 0 0 0 0 0 0.0035921252270140042 0.0025569792415746548 0.0020987914251118325 0.0016801937261535789 0.0013011861446998944 0.0011265286480372652 0.00096176868075077845 0.00080690624284043356 0.00066194133430623069 0.00052687395514817027 0.00040170410536625193 0.00028643178496047571 0.00018105699393084171 8.5579732277349735e-05 0 0 0 0 0 0 0 0 0 0 0 0 0 0 0 0 0.0035763778330434068 0.0025457697884105771 0.0020895906057236896 0.0016728279827898207 0.001295481919608971 0.0011215900979259282 0.00095755241618113976 0.00080336887437460597 0.00065903947250632675 0.00052456421057630253 0.0003999430885845326 0.00028517610653101751 0.00018026326441575706 8.5204562238751195e-05 0 0 0 0 0 0 0 0 0 0 0 0 0 0 0 0 0.0035562731735820181 0.0025314587069050942 0.0020778439420592295 0.00166342415620843 0.0012881993493526959 0.0011152850630479782 0.00095216952149202664 0.0007988527246848415 0.00065533467262642215 0.00052161536531676958 0.00039769480275588317 0.00028357298494376294 0.00017924991188040902 8.4725583565821384e-05 0 0 0 0 0 0 0 0 0 0 0 0 0 0 0 0 0.0035318357430605091 0.0025140634329065699 0.0020635657456186938 0.001651993703523548 0.0012793473066211327 0.0011076212251171986 0.00094562655491144674 0.00079336329600387728 0.0006508314483944902 0.00051803101208328583 0.00039496198707026378 0.00028162437335542417 0.00017801817093876705 8.414337982029228e-05 0 0 0 0 0 0 0 0 0 0 0 0 0 0 0 0 0.0035030953147236702 0.0024936051598768321 0.0020467734121850569 0.0016385505509810452 0.001268936576264797 0.0010986079213395838 0.00093793148803631137 0.00078690727635497969 0.00064553528629558861 0.00051381551785813879 0.00039174797104262946 0.00027933264584906095 0.0001765695422774332 8.3458660327746217e-05 0 0 0 0 0 0 0 0 0 0 0 0 0 0 0 0 0.0034700869043563084 0.002470108813070214 0.0020274874006299473 0.0016231110769915353 0.0012569798421549776 0.0010882561330373939 0.00092909369612027392 0.00077949253140361741 0.00063945263888742407 0.00050897401857169457 0.00038805667045642867 0.00027670059454162622 0.00017490579082728733 8.2672259313411886e-05 0 0 0 0 0 0 0 0 0 0 0 0 0 0 0 0 0.0034328507276218984 0.0024436030191659643 0.0020057312079876624 0.001605694092175806 0.0012434916717303944 0.0010765784722701049 0.00091912394665142662 0.00077112809487435939 0.00063259091693890299 0.00050351241284505817 0.00038389258259282434 0.0002737314261822016 0.00017302894361319001 8.1785134885789458e-05 0 0 0 0 0 0 0 0 0 0 0 0 0 0 0 0 0.0033914321510659993 0.0024141200713910503 0.0019815313408276529 0.0015863208164469745 0.0012284884982490154 0.0010635891664685555 0.00090803438623377494 0.00076182415754467417 0.00062495848040125285 0.00049743735480351165 0.00037926078075144995 0.00027042875824506799 0.00017094128728436562 8.0798367869342974e-05 0 0 0 0 0 0 0 0 0 0 0 0 0 0 0 0 0.0033458816368441015 0.0023816958901758355 0.0019549172829603483 0.001565014853157292 0.0012119886007666667 0.0010493040411010156 0.00089583852578847237 0.00075159205482903631 0.0006165646282227078 0.00049075624596948747 0.00037416690806937463 0.00026679661452236943 0.00016864536532847196 7.9713160487682145e-05 0 0 0 0 0 0 0 0 0 0 0 0 0 0 0 0 0.003296254681241265 0.0023463699793905696 0.0019259214595156796 0.0015418021603410951 0.001194012081866816 0.001033740500392291 0.00088255122409284245 0.00074044425296846989 0.00060741958701917371 0.00048347722624495404 0.00036861717064581048 0.00026283942022174342 0.00016614397497275262 7.8530834898838143e-05 0 0 0 0 0 0 0 0 0 0 0 0 0 0 0 0 0.0032426117470584453 0.0023081853782160044 0.0018945791974380494 0.001516711019088939 0.0011745808431686724 0.0010169175061193558 0.00086818866967725006 0.00072839433384235517 0.00059753449861467119 0.00047560916399419864 0.00036261832998093688 0.00025856199657488618 0.00016344016377604646 7.7252831584417726e-05 0 0 0 0 0 0 0 0 0 0 0 0 0 0 0 0 0.0031850181899478846 0.0022671886087067845 0.0018609286824458943 0.001489771999091445 0.0011537185586434366 0.00099885555450934739 0.00085276836110186841 0.00071545697842099933 0.00058692140646674038 0.00046716164523909171 0.00035617769473805322 0.00025396955496362474 0.00016053722591580636 7.5880707594598134e-05 0 0 0 0 0 0 0 0 0 0 0 0 0 0 0 0 0.0031235441787873142 0.0022234296191114881 0.0018250109125082675 0.0014610179213948426 0.0011314506457712138 0.00097957665126807269 0.00083630908563738014 0.00070164794887913663 0.00057559324099334182 0.000458144961979996 0.00034930311183909915 0.00024906769057065102 0.00015743869817465183 7.4416134651101494e-05 0 0 0 0 0 0 0 0 0 0 0 0 0 0 0 0 0.0029533850598104619 0.0021023054078182974 0.001725591076827853 0.0013814270758411686 0.0010698134048582433 0.00092621294311819003 0.00079075006387907662 0.0006634247671409028 0.00054423705290366879 0.00043318692116737465 0.00033027437193202026 0.00023549940519760555 0.00014886202096413062 7.0362219231595431e-05 0 0 0 0 0 0 0 0 0 0 0 0 0 0 0 0 0.0027607488972257953 0.0019651813829648979 0.0016130384511123996 0.0012913227361118689 0.0010000342379633061 0.00086580019520851234 0.00073917295666671033 0.00062015252233790015 0.00050873889222208149 0.00040493206631925515 0.00030873204462942048 0.00022013882715257756 0.00013915241388872657 6.5772804837867352e-05 0 0 0 0 0 0 0 0 0 0 0 0 0 0 0 0 0.0025471017685474791 0.0018131011411781732 0.0014882096288047341 0.0011913906506387719 0.00092264420668028587 0.00079879818502884639 0.00068197029692927604 0.00057216054238157471 0.0004693689213857424 0.00037359543394177943 0.00028484008004968538 0.00020310285970946039 0.00012838377292110457 6.0682819684617734e-05 0 0 0 0 0 0 0 0 0 0 0 0 0 0 0 0 0.0023140696574284188 0.0016472221049266815 0.0013520546326163221 0.0010823913629329697 0.00083823229587662459 0.00072571683833357959 0.00061957743144728627 0.00051981407521774453 0.00042642676964495431 0.00033941551472891609 0.00025878031046962946 0.00018452115686709453 0.00011663805392131135 5.5131001632279826e-05 0 0 0 0 0 0 0 0 0 0 0 0 0 0 0 0 0.0020634260789428667 0.0014688067138367963 0.0012056096842807912 0.00096515442338947395 0.0007474409311628437 0.00064711234829878633 0.00055246920760090065 0.00046351150906918682 0.00038023925270364462 0.00030265243850427449 0.00023075106647107597 0.00016453513660404928 0.00010400464890319442 4.9159603368511317e-05 0 0 0 0 0 0 0 0 0 0 0 0 0 0 0 0 0.0017970785820658284 0.0012792128167648717 0.0010499893182808538 0.00084057207590780992 0.0006509610896457403 0.00056358294255632051 0.00048115635949464434 0.00040368134046071162 0.00033115788545452226 0.00026358599447607657 0.00020096566752537433 0.00014329690460241552 9.0579705707200211e-05 4.2814070839728357e-05 0 0 0 0 0 0 0 0 0 0 0 0 0 0 0 0 0.0019996491016219028 0.0014102156248059438 0.0011510308219901354 0.00091553397623577381 0.00070372508754285999 0.0006067036270944457 0.00051560415591139341 0.00043042667399370273 0.00035117118134137405 0.00027783767795440709 0.000210426163832802 0.00014893663897655874 9.3369103385677332e-05 4.3723557060157735e-05 0 0 0 0 0 0 0 0 0 0 0 0 0 0 0 0 0.002291808598764562 0.0016162557182762673 0.0013192026206700041 0.0010492984181556637 0.00080654311073324609 0.00069534629268150838 0.00059093669840275123 0.00049331432789697489 0.00040247918116417927 0.00031843125820436429 0.00024117055901753007 0.00017069708360367645 0.0001070108319628036 5.0111804094911446e-05 0 0 0 0 0 0 0 0 0 0 0 0 0 0 0 0 0.0025665260486387562 0.0018099951298086233 0.001477334490850254 0.0011750770655296816 0.00090322285384690688 0.0007786969531196939 0.00066177185580193021 0.00055244756189361613 0.00045072407139475128 0.00035660138430533572 0.00027007950062536983 0.00019115842035485314 0.00011983814349378603 5.6118670042168288e-05 0 0 0 0 0 0 0 0 0 0 0 0 0 0 0 0 0.00282171068557201 0.0019899593854981953 0.0016242229535161782 0.001291912666904087 0.00099302852566192238 0.00085612125955456279 0.00072757052978968486 0.00060737633636728859 0.00049553867928737376 0.00039205755854994058 0.00029693297415498917 0.00021016492610251939 0.00013175341439253127 6.1698439025024794e-05 0 0 0 0 0 0 0 0 0 0 0 0 0 0 0 0 0.0030554204003925664 0.0021547788486937967 0.0017587500987732106 0.0013989160328051558 0.0010752766507896331 0.00092702996626407136 0.0007878319527266426 0.00065768261017734673 0.00053658193861618397 0.00042452993804315399 0.00032152660845825729 0.00022757194986149342 0.00014266596225286264 6.6808645632364806e-05 0 0 0 0 0 0 0 0 0 0 0 0 0 0 0 0 0.003265876521052855 0.0023031991437597963 0.0018798920938162343 0.0014952728030079821 0.0011493412713350414 0.00099088341517431238 0.00084209749879741124 0.00070298352220433773 0.00057354148539509218 0.00045377138836967404 0.00034367323112808386 0.00024324701367032126 0.00015249273599638642 7.1410398106279343e-05 0 0 0 0 0 0 0 0 0 0 0 0 0 0 0 0 0.0034514773493977717 0.0024340907026321182 0.0019867269749154356 0.0015802496443095145 0.0012146587108143559 0.0010471956429833125 0.00088995417442995972 0.00074293430515429777 0.00060613603515632627 0.00047955936443604526 0.00036320429299345502 0.00025707082082855533 0.00016115894794134627 7.5468674331827807e-05 0 0 0 0 0 0 0 0 0 0 0 0 0 0 0 0 0.0035184351805644539 0.0024813114773359333 0.0020252690008058533 0.0016109061076652271 0.0012382227979140547 0.0010675109868095139 0.00090721907155233623 0.00075734705214252208 0.00061789492858007158 0.00048886270086498417 0.00037025036899726056 0.00026205793297690017 0.00016428539280390335 7.6932748478269938e-05 0 0 0 0 0 0 0 0 0 0 0 0 0 0 0 0 0.0035811063404370107 0.0025255091562213466 0.0020613435483875639 0.0016395999300698135 0.0012602783012680958 0.0010865257329357495 0.00092337866198241136 0.00077083708840808122 0.00062890101221275952 0.0004975704333964456 0.00037684535195914016 0.00026672576790084279 0.00016721168122155368 7.830309192127273e-05 0 0 0 0 0 0 0 0 0 0 0 0 0 0 0 0 0.003639414473860889 0.0025666298912247671 0.002094906666381196 0.0016662961525206175 0.0012807983496430321 0.001104216714822862 0.00093841325774843992 0.00078338797841976608 0.00063914087683684072 0.00050567195299966309 0.00038298120690823405 0.00027106863856255311 0.00016993424796262049 7.9578035108436099e-05 0 0 0 0 0 0 0 0 0 0 0 0 0 0 0 0 0.0036932885413571911 0.002604623583064757 0.0021259174632974774 0.0016909622497828217 0.0012997579425207898 0.0011205623787345085 0.00095230454151138311 0.00079498443085141389 0.00064860204675460092 0.00051315738922094354 0.00038865045825044273 0.00027508125384309779 0.00017244977599890909 8.0756024717876465e-05 0 0 0 0 0 0 0 0 0 0 0 0 0 0 0 0 0.003742662905673337 0.0026394439422802894 0.002154338157257212 0.0017135681700164317 0.0013171339805579489 0.0011355428099970694 0.00096503558888176414 0.00080561231721203315 0.00065727299498787679 0.0005200176222092944 0.00039384619887628685 0.0002787587249888535 0.00017475520054699464 8.18356255507101e-05 0 0 0 0 0 0 0 0 0 0 0 0 0 0 0 0 0.0037874774117519446 0.0026710485456273229 0.0021801341220226817 0.0017340863713898181 0.0013329052937287342 0.0011491397572626094 0.00097659088903942915 0.00081525868905919373 0.00066514315732190332 0.00052624429382755748 0.0003985620985761565 0.0002820965715677002 0.00017684771280218869 8.2815522279621934e-05 0 0 0 0 0 0 0 0 0 0 0 0 0 0 0 0 0.0038276774600205037 0.0026993988877649987 0.0022032739291843843 0.0017524918556351954 0.0013470526671174321 0.0011613366547453352 0.00098695636363109441 0.00082391179377471022 0.00067220294517618244 0.00053182981783551084 0.00040279241175269597 0.00028509072692773729 0.00017872476336063515 8.3694521051389361e-05 0 0 0 0 0 0 0 0 0 0 0 0 0 0 0 0 0.0038632140729125413 0.0027244604281684548 0.0022237293864517068 0.0017687621985051567 0.0013595588643288037 0.0011721186424044512 0.00099611938392264797 0.00083156108888339444 0.0006784437572866901 0.00053676738913253496 0.00040653198442092939 0.00028773754315187291 0.00018038406532536598 8.4471550941408284e-05 0 0 0 0 0 0 0 0 0 0 0 0 0 0 0 0 0.0038940439545392452 0.0027462026332111446 0.0022414755720008917 0.0017828775770931697 0.0013704086484879795 0.0011814725840488341 0.0010040687861853205 0.00083819725489744066 0.00068385799018519356 0.00054105099204857898 0.00040977626048759752 0.00029003379550224885 0.00018182359709253303 8.5145665258450065e-05 0 0 0 0 0 0 0 0 0 0 0 0 0 0 0 0 0.0039201295434388292 0.0027645990133653526 0.002256490864838436 0.0017948207939847321 0.0013795888008042423 0.0011893870833414527 0.0010107948852969663 0.00084381220667078334 0.00068843904746290416 0.00054467540767332804 0.00041252128730205563 0.00029197668634908645 0.00018304160481442087 8.5716042698058702e-05 0 0 0 0 0 0 0 0 0 0 0 0 0 0 0 0 0.0039414390583393999 0.0027796271554756087 0.0022687569711429467 0.0018045772982097738 0.0013870881366760891 0.0011958524976840555 0.0010162894865418937 0.00084839910324960419 0.00069218134780718718 0.00054763622021464188 0.00041476372047196915 0.00029356384857916857 0.0001840366045362401 8.6181988343183953e-05 0 0 0 0 0 0 0 0 0 0 0 0 0 0 0 0 0.0039579465368795265 0.0027912687500656571 0.0022782589465533409 0.0018121352029707694 0.001392897519317944 0.0012008609499651859 0.0010205458955948642 0.00085195235620697874 0.00069508033180152998 0.00054992982237851717 0.00041650082793794096 0.00029479334847980112 0.00018480738400409772 8.654293451083063e-05 0 0 0 0 0 0 0 0 0 0 0 0 0 0 0 0 0.003964392998315071 0.002795814998021731 0.0022819696354932479 0.001815086698043554 0.0013951661856726515 0.0012028168388917469 0.0010222080983805398 0.00085333996413903038 0.00069621243616721886 0.00055082551446510454 0.00041717919903268839 0.00029527348986996971 0.00018510838697694879 8.6683890353625527e-05 0 0 0 0 0 0 0 0 0 0 0 0 0 0 0 0 0.0039696318672393927 0.0027995096136457405 0.002284985214376247 0.001817485300124975 0.0013970098708919246 0.001204406338157233 0.0010235589266770963 0.00085446763645151533 0.0006971324674804898 0.00055155341976401942 0.00041773049330210473 0.0002956636880947454 0.00018535300414194148 8.6798441443692993e-05 0 0 0 0 0 0 0 0 0 0 0 0 0 0 0 0 0.0039736615478422653 0.002802351471521974 0.0022873047646277981 0.0018193302785776023 0.0013984280133713856 0.0012056289635847704 0.0010245979690091491 0.0008553350296445232 0.00069784014549089247 0.00055211331654825627 0.00041815454281661518 0.00029596382429596894 0.00018554116098631771 8.6886552887661348e-05 0 0 0 0 0 0 0 0 0 0 0 0 0 0 0 0 0.0039764808126439418 0.0028043397059929948 0.0022889275796904259 0.0018206210714031268 0.0013994201811310977 0.0012064843427508096 0.0010253249088743388 0.00085594187950168517 0.00069833525463284933 0.00055250503426783055 0.00041845121840662961 0.00029617380704924601 0.00018567280019567988 8.6948197845931175e-05 0 0 0 0 0 0 0 0 0 0 0 0 0 0 0 0 0.0039780888028690519 0.0028054737114233197 0.0022898531652389403 0.0018213572854135498 0.0013999860719471494 0.0012069722150985708 0.0010257395248397393 0.00085628800117065567 0.00069861764409131946 0.00055272845360173056 0.00041862042970188944 0.00029629357239179579 0.00018574788167144966 8.6983357540851015e-05 0 0 0 0 0 0 0 0 0 0 0 0 0 0 0 0 0.0039784850287081959 0.0028057531423839126 0.002290081239331017 0.0018215386963509512 0.0014001255134437165 0.0012070924320174104 0.0010258416906093121 0.00085637328921942132 0.00069868722784773832 0.0005527835064942626 0.00041866212515899486 0.00029632308384193467 0.00018576638254308214 8.6992021262437242e-05 0 0 0 0 0 0 0 0 0 0 0 0 0 0 0 0 0.0039776693694671466 0.0028051779137573934 0.0022896117324930783 0.001821165248955803 0.0013998384631455679 0.0012068449568880906 0.0010256313750623737 0.0008561977176684164 0.00069854398470621949 0.00055267017617578252 0.00041857629207710587 0.00029626233241018921 0.00018572829717503268 8.6974186371636261e-05 0 0 0 0 0 0 0 0 0 0 0 0 0 0 0 0 0.0039756420736036082 0.0028037482007639758 0.0022884447877414551 0.0018202370569837985 0.0013991250084910056 0.0012062298650939332 0.0010251086422630768 0.00085576133999843611 0.00069818795830001179 0.00055238849716780292 0.00041836295660181049 0.0002961113366020339 0.0001856336371684733 8.6929858301128637e-05 0 0 0 0 0 0 0 0 0 0 0 0 0 0 0 0 0.0039724037586515411 0.0028014644389080857 0.0022865807605388236 0.0018187544031712044 0.0013979853668052284 0.0012052473439978569 0.001024273651440896 0.00085506428913434602 0.00069761925707820715 0.00055193855527247869 0.00041802218371716132 0.00029587014241225468 0.00018548243135775897 8.6859050553674016e-05 0 0 0 0 0 0 0 0 0 0 0 0 0 0 0 0 0.0039679554110330492 0.0027983273238457104 0.0022840202186859269 0.0018167177391487351 0.0013964198852341343 0.001203897692885306 0.0010231266569421247 0.00085410677740459207 0.00069683805427270707 0.00055132048754646956 0.00041755407722587998 0.00029553882331093823 0.00018527472580164435 8.6761784697998248e-05 0 0 0 0 0 0 0 0 0 0 0 0 0 0 0 0 0.0039622983857579104 0.0027943378111724843 0.0022807639421486181 0.0018141276853039811 0.0013944290406385745 0.0012021813228730832 0.001021668008152399 0.00085288909647652231 0.00069584458784545378 0.0005505344822591922 0.0004169587797177386 0.00029511748022109256 0.00018501058376925404 8.6638090362223204e-05 0 0 0 0 0 0 0 0 0 0 0 0 0 0 0 0 0.0039554344060108229 0.0027894971161326184 0.0022768129228202738 0.0018109850305924339 0.001392013439449099 0.0012000987567841212 0.0010198981493902692 0.00085141161726754377 0.00069463916041594468 0.00054958077883547141 0.00041623647252612468 0.0002946062414879041 0.00018469008572080987 8.6488005224841775e-05 0 0 0 0 0 0 0 0 0 0 0 0 0 0 0 0 0.0039380943134528336 0.0027772683358726099 0.0022668316811243093 0.0018030459157372151 0.0013859110397113278 0.0011948376852088372 0.0010154270530466484 0.00084767914322476077 0.00069159395574317558 0.00054717149060189163 0.00041441174780090974 0.00029331472734022963 0.00018388042921985129 8.6108853439774739e-05 0 0 0 0 0 0 0 0 0 0 0 0 0 0 0 0 0.003915956259590828 0.0027616558819507325 0.0022540886542035468 0.0017929100671716018 0.0013781201208548984 0.0011881208879647622 0.0010097188152534363 0.00084291390272092051 0.00068770615036721537 0.00054409555819232025 0.00041208212619623562 0.00029166585437896106 0.00018284674274049713 8.5624791280843399e-05 0 0 0 0 0 0 0 0 0 0 0 0 0 0 0 0 0.0038890472162333317 0.0027426787757371756 0.0022385993674733772 0.0017805898338657646 0.0013686501749143383 0.001179956548434695 0.001002780390619098 0.00083712170146754803 0.00068298048098004455 0.0005403567291565873 0.00040925044599717674 0.00028966163150181268 0.00018159028567049524 8.503640850322432e-05 0 0 0 0 0 0 0 0 0 0 0 0 0 0 0 0 0.0038573999679046541 0.0027203601379126611 0.0022203826922437392 0.0017661002261261996 0.0013575127395600425 0.0011703546136087328 0.00099462023254526873 0.00083030959636965016 0.00067742270508187744 0.00053595955868195012 0.0004059201571698688 0.00028730450054563299 0.00018011258880924302 8.4344421960698646e-05 0 0 0 0 0 0 0 0 0 0 0 0 0 0 0 0 0.0038210530719019996 0.0026947271602994565 0.0021994608227273366 0.0017494588973079846 0.0013447213840414006 0.0011593267819653968 0.00098524828292758477 0.00082248588692796453 0.00067103959396653666 0.00053090940404330032 0.00040209531715825635 0.00028459733331140418 0.00017841545250274417 8.3549674732276096e-05 0 0 0 0 0 0 0 0 0 0 0 0 0 0 0 0 0.0037800508113193369 0.0026658110727323238 0.0021758592489994075 0.0017306861223068842 0.0013302916926547536 0.0011468864892188362 0.00097467596004301681 0.00081366010512729555 0.00066383892447167286 0.00052521241807614819 0.00039778058594072197 0.00028154342806539399 0.0001765009444501644 8.265313509503303e-05 0 0 0 0 0 0 0 0 0 0 0 0 0 0 0 0 0.0037344431410952727 0.0026336471050097845 0.0021496067259419971 0.0017098047728575133 0.001314241245756334 0.0011330488919494832 0.00096291614463845884 0.00080384300382326023 0.00065582946950388794 0.00051887554168034123 0.00039298122035262101 0.00027814650552072657 0.00017437139718465836 8.1655895344416124e-05 0 0 0 0 0 0 0 0 0 0 0 0 0 0 0 0 0.0036842856271506511 0.0025982744439720274 0.0021207352382105584 0.0016868402896676505 0.0012965895983433043 0.0011178308491380921 0.00094998316423752012 0.00079304654364158861 0.00064702098735029776 0.00051190649536364693 0.00038770306768163665 0.00027441070430426676 0.00017202940523153746 8.0559170463448504e-05 0 0 0 0 0 0 0 0 0 0 0 0 0 0 0 0 0.0036296393786900416 0.0025597361857577867 0.00208927996126558 0.001661820651422655 0.0012773582562290104 0.0011012509016256685 0.00093589277568464663 0.00078128387840594501 0.00063742420978956391 0.00050431376983550247 0.00038195255854376172 0.00027034057591434089 0.0001694778219472404 7.9364296642460075e-05 0 0 0 0 0 0 0 0 0 0 0 0 0 0 0 0 0.0035705709737495839 0.0025180792832983326 0.0020552792185167075 0.001634776340697749 0.0012565706498414569 0.0010833292495243114 0.0009206621459478321 0.0007685693391120198 0.00062705082901687401 0.00049610661566239472 0.00037573669904858242 0.00026594107917543672 0.0001667197560429578 7.8072729651145541e-05 0 0 0 0 0 0 0 0 0 0 0 0 0 0 0 0 0.0035071523780819069 0.0024733544891125583 0.0020187744346315652 0.0016057403068196934 0.0012342521056769422 0.001064087727606487 0.00090430983120331197 0.00075491841646741712 0.0006159134833988027 0.00048729503199746821 0.00036906306226341414 0.00026121757419664022 0.00016375856779714661 7.6686043064933161e-05 0 0 0 0 0 0 0 0 0 0 0 0 0 0 0 0 0.0034394608574769476 0.002425616293472853 0.0019798100850661883 0.0015747479257231113 0.0012104298154436222 0.0010435497787027236 0.00088685575422772149 0.00074034774201861672 0.00060402574207540905 0.00047788975439809814 0.00036193977898668449 0.00025617581584116777 0.00016059786496154817 7.5205926347825551e-05 0 0 0 0 0 0 0 0 0 0 0 0 0 0 0 0 0.00325209176782608 0.0022934777009482924 0.0018719573637555062 0.0014889614907267913 0.0011444900818621477 0.00098670105149135262 0.00083854313716157547 0.00070001633887281612 0.00057112065662507457 0.0004518560904183508 0.00034222264025264505 0.00024222030612795696 0.00015184908804428678 7.1108986001634463e-05 0 0 0 0 0 0 0 0 0 0 0 0 0 0 0 0 0.0030399722961553569 0.0021438843582798168 0.0017498579165878855 0.0013918431597265116 0.0010698400876956967 0.00092234293349174857 0.00078384870049544027 0.00065435738870677147 0.00053386899812574238 0.00042238352875235264 0.00031990098058660293 0.00022642135362849273 0.00014194464787802217 6.6470863335191252e-05 0 0 0 0 0 0 0 0 0 0 0 0 0 0 0 0 0.0028047167997254335 0.0019779747611320636 0.001614440994081932 0.0012841320618628355 0.00098704796447477436 0.00085096522884238208 0.00072318870191774868 0.00060371838370087418 0.00049255427419175857 0.00038969637339040153 0.00029514468129680359 0.00020889919791096438 0.00013095992323288407 6.1326857262562602e-05 0 0 0 0 0 0 0 0 0 0 0 0 0 0 0 0 0.0025481157149152924 0.0017970115817182799 0.0014667372007848903 0.0011666479436282444 0.0008967438102483429 0.00077311116497467134 0.00065702480064518598 0.00054848471725988648 0.00044749091481877313 0.0003540433933218457 0.00026814215276910441 0.00018978719316054921 0.00011897851449618007 5.5716116775996987e-05 0 0 0 0 0 0 0 0 0 0 0 0 0 0 0 0 0.0022721219309203102 0.0016023720591023603 0.0013078706517497393 0.0010402849301013538 0.00079961489415720469 0.00068937325832421886 0.00058586054391729175 0.00048907675093642368 0.00039902187938161478 0.00031569592925286477 0.00023909890055017377 0.0001692307932735418 0.00010609160742296885 4.9681342998454903e-05 0 0 0 0 0 0 0 0 0 0 0 0 0 0 0 0 0.001978835927086294 0.0013955375175779693 0.0011390504173408819 0.00090600472011517763 0.00069640042590085659 0.00060038880492296496 0.00051023753469791894 0.00042594661522571869 0.00034751604650636438 0.00027494582853985572 0.00020823596132619297 0.00014738644486537601 9.2397279157404851e-05 4.3268464202279514e-05 0 0 0 0 0 0 0 0 0 0 0 0 0 0 0 0 0.0022461163325652933 0.0015679546526097131 0.0012717997651523955 0.0010042621793753942 0.00076534189527870718 0.00065661324136048207 0.00055503891286233563 0.00046061890978426793 0.00037335323212627907 0.00029324187988836884 0.00022028485307053758 0.00015448215167278498 9.58337756951112e-05 4.4339725137516212e-05 0 0 0 0 0 0 0 0 0 0 0 0 0 0 0 0 0.0025742860187937069 0.0017970412670949192 0.0014576165564842841 0.0011509902893661553 0.00087716246574053199 0.00075254797023740995 0.00063613308560741427 0.00052791781185054505 0.0004279021489668023 0.00033608609695618574 0.0002524696558186958 0.00017705282555433217 0.00010983560616309504 5.0817997644984309e-05 0 0 0 0 0 0 0 0 0 0 0 0 0 0 0 0 0.002882863834022704 0.0020124513124543499 0.0016323400056883874 0.0012889586682679026 0.00098230730019289395 0.00084275535465994328 0.00071238590146336192 0.00059119894060314954 0.00047919447207930648 0.00037637249589183235 0.00028273301204072765 0.00019827602052599195 0.00012300152134762549 5.6909514505628165e-05 0 0 0 0 0 0 0 0 0 0 0 0 0 0 0 0 0.0031695013147540131 0.0022125453881746771 0.0017946403618153586 0.0014171172934096074 0.0010799761829574229 0.00092654886196391834 0.00078321703045880508 0.00064998068844208359 0.00052683983591375399 0.00041379447287381561 0.00031084459932226928 0.00021799021525911437 0.00013523132068435129 6.2567915597979798e-05 0 0 0 0 0 0 0 0 0 0 0 0 0 0 0 0 0.003432016976682824 0.0023958006575195622 0.0019432824211554358 0.0015344908002696482 0.0011694257948621973 0.0010032907729628485 0.00084808740493308356 0.00070381569077290318 0.00057047563048230707 0.00044806722406129504 0.00033659047150986761 0.00023604537282802417 0.00014643192801576518 6.7750137073090461e-05 0 0 0 0 0 0 0 0 0 0 0 0 0 0 0 0 0.0036684129171105704 0.0025608224372367342 0.0020771349278845132 0.0016401859055887593 0.0012499753703494698 0.0010723970353759995 0.00090650332216664538 0.00075229423072140772 0.00060976976104028648 0.00047892991312328115 0.0003597746869703924 0.00025230408258161978 0.0001565180999569636 7.2416739096423636e-05 0 0 0 0 0 0 0 0 0 0 0 0 0 0 0 0 0.003876890020190823 0.0027063548119396711 0.0021951791836040293 0.0017333982057950125 0.0013210118785126185 0.001133341708818905 0.00095802020175684796 0.00079504735732644632 0.00064442317552770086 0.0005061476563606108 0.00038022079982517702 0.00026664260592139887 0.00016541307464927677 7.6532206008810452e-05 0 0 0 0 0 0 0 0 0 0 0 0 0 0 0 0 0.0039521007549415607 0.002758857444937281 0.0022377651322506341 0.0017670257144409851 0.0013466391915083313 0.0011553282656208777 0.00097660556345267316 0.0008104710850037175 0.00065692483027401103 0.00051596679926355332 0.00038759699197234474 0.00027181540840038503 0.0001686220485476744 7.8016912414212712e-05 0 0 0 0 0 0 0 0 0 0 0 0 0 0 0 0 0.0040224964636968548 0.0028079988351076461 0.002277624708784886 0.0017985003744433565 0.0013706258320830566 0.0011759072328958676 0.00099400108170398624 0.00082490737850741188 0.00066862612330614531 0.00052515731610018558 0.0003945009568895338 0.00027665704567418918 0.00017162558245415209 7.9406567229422346e-05 0 0 0 0 0 0 0 0 0 0 0 0 0 0 0 0 0.0040879913801292128 0.0028537191112364942 0.0023147093504526741 0.0018277838387772143 0.0013929425762101131 0.0011950535383421974 0.0010101855627513716 0.00083833864943763572 0.00067951279840098959 0.00053370800964143319 0.00040092428315896691 0.00028116161895359035 0.00017442001702530372 8.0699477374106927e-05 0 0 0 0 0 0 0 0 0 0 0 0 0 0 0 0 0.0041485057087716848 0.002895962570210033 0.0023489738753305778 0.0018548404300520382 0.0014135622343744126 0.0012127438551359432 0.0010251392882977019 0.00085074853385968912 0.00068957159182190511 0.00054160846218434934 0.00040685914494702235 0.00028532364010992381 0.000177001947673054 8.1894067636412705e-05 0 0 0 0 0 0 0 0 0 0 0 0 0 0 0 0 0.0042039657222363337 0.0029346777448806065 0.0023803765373730788 0.0018796371839791099 0.0014324596846986978 0.0012289566303510758 0.0010388440395318432 0.00086212191224100017 0.00069879024847854636 0.00054884904824448167 0.0004122983115388067 0.00028913803836152086 0.00017936822871262458 8.2988882592117608e-05 0 0 0 0 0 0 0 0 0 0 0 0 0 0 0 0 0.0042543038510397145 0.0029698174667714956 0.0024088790772736875 0.001902143889533415 0.0014496119035506761 0.0012436721112183823 0.0010512831193254721 0.0008724449278719454 0.0007071575368578026 0.00055542094628304296 0.00041723515614766718 0.00029260016645167488 0.00018151597719506636 8.3982588377841372e-05 0 0 0 0 0 0 0 0 0 0 0 0 0 0 0 0 0.0042994587659258747 0.003001338923544435 0.0024344467690780142 0.0019223331257611281 0.0014649979935937741 0.0012568723691911724 0.0010624413725759535 0.00088170500374811791 0.00071466326270766566 0.00056131614945459634 0.00042166366398891064 0.00029570580631060807 0.0001834425764196888 8.4873974316152781e-05 0 0 0 0 0 0 0 0 0 0 0 0 0 0 0 0 0.0043393754525866066 0.0030292037111598557 0.0024570484624919973 0.001940180295187819 0.0014785992092473197 0.0012685413217884492 0.0010723052046704986 0.00088989085789346715 0.000721298281457356 0.00056652747536216385 0.00042557843960789189 0.00029845117419453931 0.00018514567912210656 8.5661954390593457e-05 0 0 0 0 0 0 0 0 0 0 0 0 0 0 0 0 0.0043740052786879089 0.0030533778806662894 0.0024766566208337358 0.0019556636537866887 0.001490398979525145 0.0012786647521889382 0.0010808625980491069 0.00089699251710565202 0.0007270545093585732 0.00057104857480787035 0.00042897471345354401 0.00030083292529559368 0.00018662321033401964 8.6345568568821731e-05 0 0 0 0 0 0 0 0 0 0 0 0 0 0 0 0 0.0044033060531209912 0.0030738319795619363 0.0024932473545826945 0.0019687643374703104 0.0015003829282247828 0.0012872303265520904 0.0010881031268461122 0.00090300132910684807 0.00073192493333429864 0.00057487393952846311 0.00043184834768934203 0.00030284815781693512 0.00018787336991124247 8.6923983972264095e-05 0 0 0 0 0 0 0 0 0 0 0 0 0 0 0 0 0.0044272420774056484 0.0030905410876780081 0.0025068004504854081 0.0019794663850736232 0.0015085388914426515 0.0012942276090449707 0.0010940179695924934 0.00090790997308521975 0.00073590361952314935 0.0005779989089062823 0.00043419584123461909 0.00030449441650815911 0.0001888946347269026 8.7396495890849571e-05 0 0 0 0 0 0 0 0 0 0 0 0 0 0 0 0 0.004445784189183349 0.0031034848475401029 0.0025172993961822122 0.0019877567578001454 0.0015148569323938993 0.0012996480745567096 0.0010985999199634754 0.00091171246861419678 0.00073898572050887386 0.00058041967564750592 0.00043601433403009382 0.00030576969565663706 0.00018968576052713591 8.7762528641590197e-05 0 0 0 0 0 0 0 0 0 0 0 0 0 0 0 0 0.0044530252107735299 0.0031085396139951442 0.0025213994195978913 0.0019909942945285988 0.0015173242387872658 0.0013017648619145844 0.0011003892523738928 0.00091319741016519123 0.00074018933528847996 0.00058136502774375817 0.00043672448753102671 0.00030626771465028495 0.00018999470910153338 8.7905470884771679e-05 0 0 0 0 0 0 0 0 0 0 0 0 0 0 0 0 0.004458909797747085 0.0031126474891706637 0.0025247314003250154 0.0019936253551077442 0.0015193293535188479 0.0013034851190850403 0.0011018433955583269 0.00091440418293870754 0.00074116748122618199 0.00058213329042075003 0.00043730161052241238 0.00030667244153116847 0.00019024578344701841 8.8021636269962258e-05 0 0 0 0 0 0 0 0 0 0 0 0 0 0 0 0 0.0044634361576018182 0.0031158072217680878 0.0025272943234099783 0.0019956491380910412 0.0015208716658112735 0.0013048083220610792 0.0011029619065706774 0.00091533241934006835 0.00074191986036925203 0.00058272422965822805 0.00043774552720699715 0.00030698375301555875 0.00019043890708391319 8.8110989412060252e-05 0 0 0 0 0 0 0 0 0 0 0 0 0 0 0 0 0.0044666029115646684 0.0031180178493022594 0.0025290874081615815 0.0019970650270145882 0.0015219507058612794 0.0013057340677822564 0.0011037444447016549 0.00091598183661947428 0.00074244624353571461 0.00058313766545037597 0.00043805610236345862 0.0003072015542749623 0.00019057402118488712 8.8173503093233018e-05 0 0 0 0 0 0 0 0 0 0 0 0 0 0 0 0 0.0044684090950117012 0.0031192786983946165 0.0025301101083888373 0.001997872590584903 0.0015225661449828115 0.0013062620742574573 0.0011041907715825634 0.00091635223695813014 0.00074274647038415781 0.00058337347186064603 0.00043823324138759541 0.00030732577896500529 0.00019065108459287612 8.8209158271207672e-05 0 0 0 0 0 0 0 0 0 0 0 0 0 0 0 0 0.0044688541577619437 0.0031195893849783113 0.0025303621125673521 0.0019980715828102997 0.0015227177957071528 0.0013063921806507942 0.0011043007512579115 0.0009164435075285053 0.0007428204494625755 0.00058343157706012172 0.00043827689032114475 0.00030735638924564391 0.0001906700738336196 8.8217944085071607e-05 0 0 0 0 0 0 0 0 0 0 0 0 0 0 0 0 0.0044679379642449694 0.0031189498144152004 0.0025298433439342105 0.0019976619430758188 0.0015224056118400234 0.0013061243473305997 0.001104074350226825 0.00091625562052869976 0.00074266815823622343 0.00058331196334939633 0.00043818703586821875 0.00030729337579269008 0.00019063098312281087 8.8199857858580844e-05 0 0 0 0 0 0 0 0 0 0 0 0 0 0 0 0 0.0044656607935422005 0.0031173601815246738 0.0025285539605113638 0.0019966437961616906 0.001521629688475653 0.0013054586558814976 0.0011035116374532512 0.00091578863319091339 0.00074228964309448482 0.00058301466716396478 0.00043796370539935409 0.00030713675780065215 0.00019053382436785916 8.8154905100975122e-05 0 0 0 0 0 0 0 0 0 0 0 0 0 0 0 0 0.0044620233393018885 0.0031148209705243075 0.0025264943550574927 0.0019950174522053287 0.0015203902619678148 0.001304395309079552 0.0011026127843449516 0.00091504268776401363 0.00074168501933673822 0.00058253977906312529 0.00043760696694317516 0.00030688658297688739 0.00019037862716426239 8.8083099505299904e-05 0 0 0 0 0 0 0 0 0 0 0 0 0 0 0 0 0.004457026709527836 0.0031113329548823729 0.0025236651549483706 0.0019927834066068573 0.0015186877098578306 0.0013029346308304995 0.0011013780647012906 0.00091401801147020321 0.00074085447113723761 0.00058188744370239341 0.00043711692916567136 0.00030654292752707086 0.00019016543878659222 8.7984462944235223e-05 0 0 0 0 0 0 0 0 0 0 0 0 0 0 0 0 0.0044506724262418735 0.0031068971970822207 0.0025200672219857592 0.0019899423398782074 0.0015165225507595653 0.0013010770660710853 0.0010998078546298328 0.00091271491643580779 0.00073979825148901023 0.00058105785978943979 0.00043649374133709711 0.00030610589613198154 0.00018989432417409368 8.7859025463433107e-05 0 0 0 0 0 0 0 0 0 0 0 0 0 0 0 0 0.0044429624250202455 0.0031015150482986489 0.0025157016521348903 0.0019864951174358258 0.0015138954442014548 0.0012988231806335289 0.0010979026324317769 0.00091113379959619791 0.00073851668212679259 0.00058005128002356027 0.00043573759328650158 0.00030557562191561611 0.00018956536591090408 8.7706825272365355e-05 0 0 0 0 0 0 0 0 0 0 0 0 0 0 0 0 0.0044234850751836662 0.0030879184233803428 0.0025046731543724157 0.0019777865899603141 0.0015072587301440358 0.0012931293144593306 0.0010930895749235812 0.00090713951153678781 0.00073527912429895018 0.0005775084132100685 0.00043382737827014304 0.00030423601947917331 0.00018873433683715962 8.732233034410182e-05 0 0 0 0 0 0 0 0 0 0 0 0 0 0 0 0 0.0043986183901686153 0.0030705596455205156 0.0024905930981866612 0.0019666684341796046 0.0014987856534993448 0.0012858599694067639 0.0010869447561458819 0.00090204001371669933 0.00073114574211921601 0.00057426194135343168 0.00043138861141934701 0.00030252575231696127 0.00018767336404627497 8.683144660728785e-05 0 0 0 0 0 0 0 0 0 0 0 0 0 0 0 0 0.0043683926662003662 0.0030494598637160778 0.0024734786379572234 0.0019531541958538968 0.0014884865374060966 0.0012770240020530193 0.0010794756626138237 0.00089584151908850967 0.0007261215714770775 0.00057031581977952676 0.00042842426399585805 0.00030044690412607083 0.00018638374017016556 8.6234772128141916e-05 0 0 0 0 0 0 0 0 0 0 0 0 0 0 0 0 0.0043328447286676581 0.0030246447848009837 0.0024533506250176097 0.0019372603400008802 0.0014763739297507933 0.0012666321776632408 0.0010706913942673492 0.00088855157956311799 0.00072021273355054769 0.00056567485622963782 0.00042493794760038896 0.00029800200766280058 0.00018486703641687303 8.5533033862606156e-05 0 0 0 0 0 0 0 0 0 0 0 0 0 0 0 0 0.0042920178872566331 0.0029961446421264215 0.0024302335822511058 0.0019190062308356523 0.0014624625878800585 0.0012546971570747097 0.0010606026533843257 0.00088017907680890703 0.00071342642734845358 0.00056034470500296481 0.0004209339097724417 0.00029519404165688349 0.00018312510065629051 8.4727086770662667e-05 0 0 0 0 0 0 0 0 0 0 0 0 0 0 0 0 0.0042459618831846594 0.0029639941587261305 0.0024041556742134145 0.0018984141081784 0.0014467694606210843 0.0012412334812715641 0.0010492217315414682 0.00087073421143079764 0.00070577092093955182 0.00055433186006773071 0.00041641702881533486 0.00029202642718236373 0.00018116005516881757 8.3817912774696336e-05 0 0 0 0 0 0 0 0 0 0 0 0 0 0 0 0 0.0041947328285983163 0.0029282325050117319 0.0023751486728184872 0.0018755090603586085 0.0014293136676320943 0.0012262575536688496 0.0010365624946389455 0.00086022849054238296 0.00069725554137916158 0.00054764364714928132 0.00041139280785274261 0.00028850302348954496 0.00017897429405968875 8.2806619563173761e-05 0 0 0 0 0 0 0 0 0 0 0 0 0 0 0 0 0.0041383931382093838 0.0028889032510496155 0.0023432479186293355 0.0018503189936487936 0.0014101164761079869 0.0012097876201274851 0.0010226403660069171 0.0008486747137462831 0.00068789066334558346 0.00054028821480481758 0.00040586736812398591 0.00028462812330308821 0.00017657048034212474 8.1694439241095326e-05 0 0 0 0 0 0 0 0 0 0 0 0 0 0 0 0 0.0040770114532521365 0.0028460543134775271 0.0023084922778010058 0.0018228745982650091 0.0013892012748695339 0.0011918437467244923 0.0010074723076145815 0.00083608695753980167 0.00067768769650015232 0.00053227452449563335 0.00039984744152624536 0.00028040644759198797 0.00017395154269286134 8.0482726828865329e-05 0 0 0 0 0 0 0 0 0 0 0 0 0 0 0 0 0.0040106625578545741 0.0027997378971255258 0.0022709240947281521 0.0017932093109755446 0.0013665935458677043 0.0011724477953055717 0.00099107679940463019 0.00082248055816488074 0.00066665907158632313 0.0005236123396689565 0.00039334036241278202 0.00027584313981779895 0.00017112067188400769 7.917295861140802e-05 0 0 0 0 0 0 0 0 0 0 0 0 0 0 0 0 0.0039394272879254713 0.0027500104314124394 0.002230589140454911 0.0017613592743633765 0.001342320833137833 0.0011516233968498087 0.00097347381677828203 0.00080787209292325368 0.00065481822528472343 0.00051431221386269085 0.00038635405865715665 0.00027094375966812034 0.00016808131689558222 7.7766730339542072e-05 0 0 0 0 0 0 0 0 0 0 0 0 0 0 0 0 0.0038633924326682873 0.0026969325015953104 0.0021875365569099438 0.0017273632927919929 0.0013164127092414569 0.0011293959226789693 0.00095468480625833562 0.00079227935997955561 0.00064217958384262951 0.00050438547784755676 0.00037889704199433802 0.00026571427628297286 0.00016483718071346154 7.62657552858039e-05 0 0 0 0 0 0 0 0 0 0 0 0 0 0 0 0 0.0036529291208095443 0.0025500136068577102 0.0020683676667174033 0.0016332629378008384 0.0012446994201080136 0.001067870615470504 0.0009026771136389297 0.00074911891461329027 0.00060719601839358641 0.00047690842497981724 0.00035825613437198359 0.0002512391465700849 0.00015585746157412142 7.2111079384093132e-05 0 0 0 0 0 0 0 0 0 0 0 0 0 0 0 0 0.0034146648126425318 0.0023836875688316092 0.0019334572496665999 0.0015267324656618941 0.0011635132168174899 0.00099821816808040131 0.00084379950313338793 0.00070025722197645005 0.0005675913246095879 0.00044580181103280109 0.0003348886812460899 0.00023485193524945409 0.00014569157304289391 6.7407594626409201e-05 0 0 0 0 0 0 0 0 0 0 0 0 0 0 0 0 0.0031504128434203245 0.0021992202290967936 0.0017838320554924274 0.0014085826375929956 0.0010734719753984967 0.00092096867769059731 0.00077850006890893108 0.0006460661490534981 0.00052366691812429859 0.0004113023761213321 0.00030897252304459919 0.00021667735889409939 0.00013441688366983297 6.2191097371799834e-05 0 0 0 0 0 0 0 0 0 0 0 0 0 0 0 0 0.002862184330188402 0.0019980154954930699 0.0016206308222687128 0.0012797126451265634 0.00097526096406662019 0.0008367100595674759 0.00070727577908888341 0.00058695812263084238 0.00047575709019335283 0.00037367268177641492 0.00028070489738002879 0.00019685373700419412 0.00012211920064891113 5.6501288314179761e-05 0 0 0 0 0 0 0 0 0 0 0 0 0 0 0 0 0.0025521728659695961 0.0017816046575339025 0.0014450956099238883 0.0011411032667190963 0.00086962762791952593 0.00074608357267169883 0.0006306686935251772 0.00052338299047996104 0.0004242264635360504 0.00033319911269344497 0.00025030093795214511 0.00017553193931215064 0.00010889211677346168 5.038147033607812e-05 0 0 0 0 0 0 0 0 0 0 0 0 0 0 0 0 0.0022227378251966521 0.0015516347323685984 0.0012585623474149568 0.00099380940343490659 0.00075737590042844602 0.00064977893929031225 0.00054926183839557616 0.00045582459774423754 0.00036946721733629653 0.000290189697171753 0.00021799203725060724 0.00015287423757285901 9.4836298138508427e-05 4.3878218947555414e-05 0 0 0 0 0 0 0 0 0 0 0 0 0 0 0 0 
end_dependent_variable

end_regular_table
