# ****************************************************************************
# CUI
#
# The Advanced Framework for Simulation, Integration, and Modeling (AFSIM)
#
# The use, dissemination or disclosure of data in this file is subject to
# limitation or restriction. See accompanying README and LICENSE for details.
# ****************************************************************************

# ##################################################################################################
# 
# This file was auto-generated by AFSIM Mover Creator 2.5.0.200401
# 
# Creation Date:  01 Apr 2020
# 
# ##################################################################################################

regular_table

independent_variable mach precision double
0.10000000000000001 0.5 0.70000000000000007 0.75 0.80000000000000004 0.84999999999999998 0.90000000000000002 0.92000000000000004 0.94000000000000006 0.95999999999999996 0.97999999999999998 1 
end_independent_variable

independent_variable surface_angle units deg
-20 -16 -14 -12 -10 -9 -8 -7 -6 -5 -4 -3 -2 -1 0 1 2 3 4 5 6 7 8 9 10 12 14 16 18 20 
end_independent_variable

dependent_variable precision double
0.00098901353762011592 0.00072721333268448011 0.00061152506289917428 0.00050507443446800768 0.00040698597058611057 0.00036075586128982758 0.00031620912861789359 0.00027318908695532826 0.00023153025038424874 0.00019105917461001329 0.00015159531819484734 0.00011295189772341349 7.4936719368103526e-05 3.735297553750614e-05 0 -3.735297553750614e-05 -7.4936719368103526e-05 -0.00011295189772341349 -0.00015159531819484734 -0.00019105917461001329 -0.00023153025038424874 -0.00027318908695532826 -0.00031620912861789359 -0.00036075586128982758 -0.00040698597058611057 -0.00050507443446800768 -0.00061152506289917428 -0.00072721333268448011 -0.00085284831828440178 -0.00098901353762011592 0.0010168792511822101 0.0007416073580390327 0.00062120261413337952 0.00051118698383302184 0.00041053146723611769 0.00036334269131900519 0.00031802697582646212 0.00027440716374038139 0.00023229708519868582 0.00019150242542334697 0.00015182161225321463 0.00011304669770070388 7.4964216144429865e-05 3.7356007668557073e-05 0 -3.7356007668557073e-05 -7.4964216144429865e-05 -0.00011304669770070388 -0.00015182161225321463 -0.00019150242542334697 -0.00023229708519868582 -0.00027440716374038139 -0.00031802697582646212 -0.00036334269131900519 -0.00041053146723611769 -0.00051118698383302184 -0.00062120261413337952 -0.0007416073580390327 -0.00087325801023757242 -0.0010168792511822101 0.0010531909120625985 0.0007603679948175342 0.00063381816157035591 0.000519157354848746 0.00041515660120651032 0.00036671837422823183 0.00032040029351085053 0.00027599853605492442 0.0002332999889872546 0.00019208315146953088 0.00015211905637193987 0.00011317218636579119 7.5001366699092731e-05 3.7360623379175978e-05 0 -3.7360623379175978e-05 -7.5001366699092731e-05 -0.00011317218636579119 -0.00015211905637193987 -0.00019208315146953088 -0.0002332999889872546 -0.00027599853605492442 -0.00032040029351085053 -0.00036671837422823183 -0.00041515660120651032 -0.000519157354848746 -0.00063381816157035591 -0.0007603679948175342 -0.00089985606175081224 -0.0010531909120625985 0.001066743234063133 0.00076736992927742113 0.00063852662264817233 0.00052213213674886432 0.00041688286451616497 0.00036797831191581678 0.00032128612243838099 0.0002765925208755065 0.00023367433875068962 0.00019229992887530214 0.00015223009984888418 0.00011321904496626928 7.5015247930819835e-05 3.7362354028807524e-05 0 -3.7362354028807524e-05 -7.5015247930819835e-05 -0.00011321904496626928 -0.00015223009984888418 -0.00019229992887530214 -0.00023367433875068962 -0.0002765925208755065 -0.00032128612243838099 -0.00036797831191581678 -0.00041688286451616497 -0.00052213213674886432 -0.00063852662264817233 -0.00076736992927742113 -0.00090978307548275725 -0.001066743234063133 0.0010832003201060958 0.0007758726500496011 0.00064424429685697691 0.00052574454135576076 0.00041897914637668501 0.00036950831661504381 0.00032236183201778129 0.00027731383208911295 0.00023412893747141788 0.00019256317996594932 0.00015236495245985997 0.00011327595351386791 7.5032108752811697e-05 3.7364457801039594e-05 0 -3.7364457801039594e-05 -7.5032108752811697e-05 -0.00011327595351386791 -0.00015236495245985997 -0.00019256317996594932 -0.00023412893747141788 -0.00027731383208911295 -0.00032236183201778129 -0.00036950831661504381 -0.00041897914637668501 -0.00052574454135576076 -0.00064424429685697691 -0.0007758726500496011 -0.00092183782308156927 -0.0010832003201060958 0.0010160271175366175 0.000728965225757687 0.00060582744638987913 0.00049483075025925406 0.00039468030363666964 0.0003482195089957302 0.00030390574244141969 0.00026153001609808245 0.00022087464825370771 0.00018171411361611554 0.0001438159119082218 0.00010694143144424935 7.0846791802584632e-05 3.5283655143602591e-05 0 -3.5283655143602591e-05 -7.0846791802584632e-05 -0.00010694143144424935 -0.0001438159119082218 -0.00018171411361611554 -0.00022087464825370771 -0.00026153001609808245 -0.00030390574244141969 -0.0003482195089957302 -0.00039468030363666964 -0.00049483075025925406 -0.00060582744638987913 -0.000728965225757687 -0.00086536873374214965 -0.0010160271175366175 0.00094885394697962486 0.00068205782407936932 0.00056741061455205103 0.00046391697427700801 0.00037038147286356127 0.00032693071190612494 0.00028544966200282838 0.00024574620794619068 0.00020762036563429909 0.00017086505269651127 0.00013526687564171952 0.00010060691254774816 6.6661476958020704e-05 3.3202853532730305e-05 0 -3.3202853532730305e-05 -6.6661476958020704e-05 -0.00010060691254774816 -0.00013526687564171952 -0.00017086505269651127 -0.00020762036563429909 -0.00024574620794619068 -0.00028544966200282838 -0.00032693071190612494 -0.00037038147286356127 -0.00046391697427700801 -0.00056741061455205103 -0.00068205782407936932 -0.00080889967142262157 -0.00094885394697962486 0.00092708078274909888 0.00066614500555494901 0.00055408071145790451 0.00045295307047017161 0.00036158374966312862 0.00031914803239573036 0.00027864101738526574 0.00023987425081131784 0.00020265169623271344 0.00016677047843711423 0.00013202164301762785 9.8190911820676086e-05 6.5059420480755386e-05 3.2404428978233974e-05 0 -3.2404428978233974e-05 -6.5059420480755386e-05 -9.8190911820676086e-05 -0.00013202164301762785 -0.00016677047843711423 -0.00020265169623271344 -0.00023987425081131784 -0.00027864101738526574 -0.00031914803239573036 -0.00036158374966312862 -0.00045295307047017161 -0.00055408071145790451 -0.00066614500555494901 -0.00079017515392206656 -0.00092708078274909888 0.00090493995815109037 0.00065002998158604117 0.00054060815077358224 0.00044189272358404928 0.00035272415536995774 0.0003113169501698837 0.00027179519402814058 0.00023397432444923163 0.00019766248597551635 0.00016266124662829535 0.00012876632967163387 9.5768341445683273e-05 6.3453482121466302e-05 3.1604230819039667e-05 0 -3.1604230819039667e-05 -6.3453482121466302e-05 -9.5768341445683273e-05 -0.00012876632967163387 -0.00016266124662829535 -0.00019766248597551635 -0.00023397432444923163 -0.00027179519402814058 -0.0003113169501698837 -0.00035272415536995774 -0.00044189272358404928 -0.00054060815077358224 -0.00065002998158604117 -0.00077117393877417406 -0.00090493995815109037 0.0008824305414121185 0.00063371225395269604 0.00052699259135742559 0.00043073571374354242 0.00034380255933475368 0.00030343736851639648 0.00026491212276125457 0.00022804638157275425 0.0001926527042942445 0.00015853733896499018 0.00012550092578211412 9.3339196961186979e-05 6.1843660366499097e-05 3.0802258788336024e-05 0 -3.0802258788336024e-05 -6.1843660366499097e-05 -9.3339196961186979e-05 -0.00012550092578211412 -0.00015853733896499018 -0.0001926527042942445 -0.00022804638157275425 -0.00026491212276125457 -0.00030343736851639648 -0.00034380255933475368 -0.00043073571374354242 -0.00052699259135742559 -0.00063371225395269604 -0.00075189533168415609 -0.0008824305414121185 0.00085955160085953114 0.00061719132442382375 0.0005132336920454949 0.00041948182104918212 0.00033481883091017217 0.00029550919074940163 0.00025799173449323311 0.00022209037490083589 0.00018762232063728596 0.00015439873715543422 0.00012222542151560807 9.0903473899128917e-05 6.0229953699797285e-05 2.9998512624777835e-05 0 -2.9998512624777835e-05 -6.0229953699797285e-05 -9.0903473899128917e-05 -0.00012222542151560807 -0.00015439873715543422 -0.00018762232063728596 -0.00022209037490083589 -0.00025799173449323311 -0.00029550919074940163 -0.00033481883091017217 -0.00041948182104918212 -0.0005132336920454949 -0.00061719132442382375 -0.00073233863839092792 -0.00085955160085953114 0.00083630220472931751 0.00060046669472933994 0.00049933111167663484 0.00040813082562517357 0.0003257728394814557 0.00028753232015852112 0.00025103396009732798 0.00021610625715855398 0.00018257130444620444 0.0001502454229047989 0.00011893980705258117 8.8461167788456447e-05 5.8612360609342911e-05 2.9192992067611706e-05 0 -2.9192992067611706e-05 -5.8612360609342911e-05 -8.8461167788456447e-05 -0.00011893980705258117 -0.0001502454229047989 -0.00018257130444620444 -0.00021610625715855398 -0.00025103396009732798 -0.00028753232015852112 -0.0003257728394814557 -0.00040813082562517357 -0.00049933111167663484 -0.00060046669472933994 -0.00071250316466292714 -0.00083630220472931751 
end_dependent_variable

end_regular_table
