# ****************************************************************************
# CUI
#
# The Advanced Framework for Simulation, Integration, and Modeling (AFSIM)
#
# The use, dissemination or disclosure of data in this file is subject to
# limitation or restriction. See accompanying README and LICENSE for details.
# ****************************************************************************

# ##################################################################################################
# 
# This file was auto-generated by AFSIM Mover Creator 2.8.0.201104
# 
# Creation Date:  05 Nov 2020
# 
# ##################################################################################################

regular_table

independent_variable mach precision double
0.10000000000000001 0.5 0.70000000000000007 0.75 0.80000000000000004 0.84999999999999998 0.90000000000000002 0.92000000000000004 0.94000000000000006 0.95999999999999996 0.97999999999999998 1 1.02 1.04 1.0600000000000001 1.0800000000000001 1.1000000000000001 1.2 1.3 1.4000000000000001 1.5 1.75 2 2.5 3 3.5 4 
end_independent_variable

independent_variable surface_angle units deg
-40 -30 -28 -26 -24 -22 -20 -18 -16 -14 -12 -10 -9 -8 -7 -6 -5 -4 -3 -2 -1 0 1 2 3 4 5 6 7 8 9 10 12 14 16 18 20 22 24 26 28 30 35 40 
end_independent_variable

dependent_variable precision double
0.28519372403874071 0.059689242354348832 0.094313807001420488 0.12671796609357658 0.024619655120625208 0.057424522709524126 -0.037972317424729229 -0.0020561964176490999 0.030401499018486579 -0.02350327461118901 0.0039239080711310301 -0.029019612464464582 -0.01824605424951704 -0.0085839553766962097 -4.4641874124983153e-05 0.0073633698204643994 -0.014694038466126123 -0.0094081913981944754 -0.0052964752261937661 -0.0023576740832275522 -0.00059165010269935454 0 -0.0005912747672731513 -0.0023552071487735748 -0.0052902509642390374 -0.0093998886058164303 0.013664174048972343 0.0073853709995723941 -1.5877125744225823e-05 -0.0085487695873251012 -0.01820039474757679 0.027501421770142719 0.0039989020104830002 -0.02340529958674643 0.030522222159002577 -0.0019128380074219966 0.072829108141230531 0.05761733239988457 0.024843484986674977 0.12697504153196051 0.094621585689053475 0.21630515240350912 0.3144405488879034 0.47365440201792569 0.28512456338827086 0.059647158958736145 0.094276689164884797 0.12668558710215924 0.024591697562018698 0.057400785847410853 -0.037992220957189064 -0.0020724767393609008 0.030388513389294998 -0.023513337277053827 0.0039164413503026555 -0.029024871532589692 -0.018250341230482709 -0.0085873683408846171 -4.7278030252070133e-05 0.0073614111733442478 -0.014695422078693338 -0.0094090957807278861 -0.0052970019835027566 -0.002357923822822633 -0.00059172403047036025 0 -0.00059130327007499855 -0.0023553649932611179 -0.005290639775167639 -0.009400610522547672 0.013663016049345819 0.0073836791817608457 -1.82026990664654e-05 -0.008551827002496985 -0.018204281819671979 0.027496594460624954 0.0039919292158846521 -0.023414788191422013 0.030509829292348727 -0.0019284556120637744 0.072809887686694524 0.057594195129811725 0.02481618171995759 0.12694323009136535 0.094585082699241818 0.21626363872884094 0.31438575470271229 0.47358540514786623 0.28513389134006528 0.059652783915872525 0.094281648532730397 0.12668990928378601 0.024595414726299156 0.057403936226794676 -0.037989603470496923 -0.0020703430622989929 0.030390208637814678 -0.023512034565371352 0.0039174010869128259 -0.029024205943298912 -0.018249802593349521 -0.0085869432522121397 -4.6953596960446755e-05 0.007361648658130754 -0.01469525868124566 -0.009408992316953399 -0.0052969452012940101 -0.0023578994967084744 -0.00059171868095919482 0 -0.00059129484489410262 -0.0023553341408231211 -0.0052905728045535855 -0.0094004938146441241 0.013663195244007682 0.0073839354317229832 -1.7855734798658061e-05 -0.0085513767659360744 -0.01820371487520752 0.027497291197554206 0.0039929237701931469 -0.023413445906920179 0.030511568390105343 -0.0019262743199643787 0.072812553618176831 0.05759738820954418 0.024819944073844673 0.12694759312235404 0.094590086809904148 0.21626930415237647 0.31439320281793287 0.47359474305669264 0.28513574941158848 0.059653905486165733 0.094282635459697089 0.12669077209890231 0.024596154291231288 0.057404563615549346 -0.03798908082205929 -0.0020699156758499054 0.030390546123753973 -0.023511774629392568 0.0039175930310435033 -0.029024071778675851 -0.018249695539299081 -0.0085868577238606188 -4.6888285851720877e-05 0.0073616964008224968 -0.014695226249086243 -0.0094089719162076101 -0.0052969336685298194 -0.0023578946418575508 -0.00059171780732538033 0 -0.00059129319735636108 -0.002355328252770563 -0.005290559851635796 -0.0094004711001649463 0.013663231346226955 0.0073839863897062997 -1.778790251837619e-05 -0.0085512876632653865 -0.0182036014224875 0.027497429239675283 0.0039931211875000499 -0.023413177513846938 0.030511914205484846 -0.0019258393380870594 0.072813085904510785 0.057598023480949161 0.024820693500068082 0.12694846391586134 0.094591081332299071 0.21627043185007397 0.31439468411791943 0.4735966036174738 0.28513746872293544 0.059654944719463837 0.094283550836453317 0.12669157032096509 0.024596839730758883 0.057405146708277205 -0.037988596852861239 -0.0020695226283956826 0.030390862163778273 -0.023511532947972404 0.0039177701353669218 -0.029023949071022279 -0.018249594389257988 -0.0085867789292711043 -4.6828431962439003e-05 0.0073617401383619611 -0.014695196178530568 -0.0094089523771280544 -0.0052969230373238127 -0.0023578900183799669 -0.00059171669832903137 0 -0.00059129164157011623 -0.0023553226998104275 -0.0052905477922978008 -0.0094004495824444225 0.013663264193262704 0.0073840331670127343 -1.7724282828542313e-05 -0.0085512044965176046 -0.018203498692724987 0.027497557516245788 0.0039933036692590025 -0.023412931268787119 0.03051223174544665 -0.0019254377377976846 0.072813574533089204 0.057598611839415073 0.02482138765199865 0.12694926647816884 0.094592004878927674 0.21627147695546789 0.31439605806067683 0.47359832733289264 0.28513907065619393 0.059655913679093987 0.094284404141327521 0.12669231256663657 0.02459748128913597 0.057405688313371832 -0.037988145307844196 -0.0020691563245080909 0.030391153502704021 -0.023511307925432635 0.0039179353678445309 -0.029023833735401974 -0.018249501233564669 -0.0085867051291543522 -4.6772104521979097e-05 0.0073617820089579263 -0.014695167153144105 -0.0094089339709800147 -0.0052969129646051744 -0.002357885678135262 -0.00059171569903555853 0 -0.00059129015160559685 -0.0023553174061479985 -0.0052905361278901579 -0.0094004300752784254 0.01366329459093241 0.0073840763540432156 -1.7664524679952424e-05 -0.0085511281433157324 -0.018203401866971808 0.027497675931525002 0.0039934751567951548 -0.023412701906002645 0.030512529530912325 -0.0019250634555190928 0.072814033354398802 0.057599160146358144 0.02482203307191698 0.12695001568099726 0.094592862077256687 0.21627245242546506 0.31439733728397612 0.47359992945763246 0.2851405718702445 0.059656817918016372 0.094285202937834461 0.12669300687813498 0.024598077147289416 0.05740619513268172 -0.037987722931824661 -0.0020688106367828438 0.030391427416823835 -0.023511097838440825 0.0039180911219936334 -0.029023726441999811 -0.018249414301016335 -0.008586636371380716 -4.6719542882071204e-05 0.0073618199063151778 -0.014695140632972423 -0.0094089175594297293 -0.0052969036418552915 -0.0023578815612855064 -0.00059171492313703385 0 -0.00059128893689556713 -0.0023553126470377671 -0.0052905260192687613 -0.0094004113340379666 0.013663323903540947 0.0073841178177412436 -1.760929825745053e-05 -0.0085510561622721311 -0.018203310275043131 0.027497787357733713 0.0039936328257580977 -0.023412486457532085 0.030512809189473661 -0.0019247153423629817 0.072814458921774752 0.057599670795295717 0.024822634259635611 0.12695071343916059 0.094593666235242374 0.21627335998339811 0.3143985325107751 0.47360143239501556 0.28521680768126056 0.059980545792221097 0.094608331577430663 0.12700682905014807 0.024892896808877778 0.057674448705350254 -0.037669154995832552 -0.0017958783186196841 0.030618876638463112 -0.023329034976930233 0.0040564138143646322 -0.028923537114067231 -0.018166792490103216 -0.0085201763807335549 5.0338541039664301e-06 0.0074003766711985414 -0.014668033408087337 -0.0093914823560466102 -0.0052870649661264386 -0.0023535000938308959 -0.00059061836589744396 0 -0.00059019230864829737 -0.0023509309785277035 -0.0052806865488921649 -0.009382976478512696 0.013690432223061275 0.0074226759549078586 3.4146236937375096e-05 -0.0084845923611454287 -0.01812068273883663 0.027597985187439739 0.0041319709515286471 -0.023230399035342637 0.030740296311661541 -0.0016517248266245117 0.073133105492788564 0.057868029389120654 0.02511759783863219 0.12726472503732414 0.094917054664014969 0.21659744245559515 0.31469493634891499 0.47367974388976497 0.28528694526975151 0.060301710445557904 0.094929442947881026 0.12731907909617138 0.025186531851735895 0.057941834165250859 -0.037351205034093733 -0.001523361732072039 0.03084605705853553 -0.023147136419212542 0.0041946460381644046 -0.02882339432887639 -0.018084203256556231 -0.0084537368913599076 5.6773534640196894e-05 0.0074389256715117844 -0.014640930663866639 -0.0093740502482792011 -0.0052772271345113532 -0.0023491189534903165 -0.00058952201370250288 0 -0.00058909576896116784 -0.0023465494105453667 -0.0052708484252679691 -0.0093655430527150932 0.013717535685337165 0.0074612267423806861 8.5887321670421554e-05 -0.0084181487740701642 -0.01803808797786036 0.0276981358106019 0.0042702155897048153 -0.023048474729761511 0.030967513598283095 -0.001379157740053193 0.073451137000066113 0.058135521695633539 0.025411375484059685 0.12757716554349741 0.095238427074653423 0.21691896208988704 0.3149871766669029 0.47375199083718211 0.28535098731645675 0.060620313792840622 0.095248535823704641 0.12762975904590759 0.025478979863198314 0.058208349942236184 -0.037033871591349687 -0.001251260685658524 0.0310729684855597 -0.022965402203584021 0.0043327849977647433 -0.028723300116129953 -0.018001647442893461 -0.0083873202776289339 0.00010849856046783857 0.0074774655381630089 -0.014613832725828677 -0.0093566203361649929 -0.0052673906209264616 -0.0023447381833470791 -0.00058842570139951676 0 -0.00058799942554245671 -0.0023421682733961433 -0.0052610113037296832 -0.0093481135076068714 0.013744634692479519 0.0074997672983648928 0.00013761567927414483 -0.0083517280243412956 -0.017955526164447559 0.027798237618776561 0.004408368367878366 -0.022866715455602538 0.031194462045041504 -0.0011069989173234126 0.073768549384202048 0.058402148710537539 0.0257039707957681 0.12788804322967617 0.095557780403455556 0.21723792792419508 0.31527525438384946 0.47381817002037957 0.28540893126829125 0.060936358744586305 0.095565605724237182 0.12793887076310886 0.025770238213587374 0.058474001155241907 -0.036717153620835524 -0.00097957531979882121 0.031299608634524453 -0.0227838311939218 0.0044708296783143135 -0.02862325329502606 -0.017919124857633535 -0.0083209251736400987 0.00016021081448716748 0.0075159968743185781 -0.014586738978041669 -0.0093391938164626397 -0.0052575552099552057 -0.0023403579110554407 -0.00058732943377552021 0 -0.00058690291697105197 -0.0023377877074997155 -0.0052511752066168012 -0.0093306849039487879 0.013771729400864803 0.0075383005365688765 0.00018933092678577693 -0.0082853295119838244 -0.017872997553906748 0.027898292322530764 0.0045464305051474444 -0.022685120740544976 0.031421144422034142 -0.00083525735806021879 0.074085343743023002 0.058667907970105543 0.025995379663290411 0.12819735167485136 0.095875123535157633 0.21755433891175441 0.31555916664029932 0.47387827878414901 0.2848056013580596 0.061249839632945981 0.095880655955723829 0.12824641154150496 0.026060313183492466 0.058738784038467474 -0.03640105597341297 -0.00070830623446793369 0.031525982700957994 -0.022602424271040238 0.0046087829839474397 -0.028523255888884665 -0.017836633573197178 -0.0082545518347019106 0.00021190893718035721 0.0075545198299722402 -0.014559650527906285 -0.0093217687009571008 -0.0052477203798108156 -0.0023359779419426597 -0.00058623326189221573 0 -0.00058580665732544648 -0.0023334074639302848 -0.0052413404594476775 -0.0093132600660912578 0.013798818875425592 0.0075768256559621784 0.00024103134087286187 -0.008218951934924338 -0.017790500601621424 0.027998298185766622 0.0046843986633532562 -0.022503686895380827 0.031647556784744485 -0.00056393054747476813 0.07440152786343858 0.058932802550805102 0.026285605712007477 0.1285050920406767 0.096190450495540439 0.21786819655888526 0.31583891649995471 0.47334096639576512 0.2802726077398987 0.061321535318223985 0.096193687552164092 0.12855238107472566 0.026349200253952928 0.059002695566507009 -0.036085579185229893 -0.00043745695292332696 0.031752086816936378 -0.022421180056273377 0.0047466428658133122 -0.028423307821113214 -0.017754176883064198 -0.0081882006246290009 0.00026359369447294379 0.0075930354008271941 -0.014532565853145524 -0.0093043462534255147 -0.0052378874134185625 -0.0023315983621753603 -0.00058513710197649778 0 -0.0005847104694853601 -0.0023290279878820683 -0.0052315064399078128 -0.0092958365526466333 0.01382590424590205 0.0076153423597486534 0.00029271782149790443 -0.0081525964037548627 -0.017708038562775117 0.028098256261631746 0.0048222728233476625 -0.022322421694254278 0.031873699171468817 -0.00029302185563941904 0.074717087537530091 0.059196826899676092 0.026574647103698015 0.12881126386759689 0.096503758106013027 0.21795153186134872 0.31431049289366952 0.46925621711513454 0.27571846492628249 0.059045733267041253 0.094333877403523753 0.12722072463221826 0.02543783230093638 0.058423916620640837 -0.036324564292206207 -0.00049275957225062823 0.031828046984117439 -0.022258795608942172 0.0048844104153558197 -0.028323404062134017 -0.01767175328091437 -0.0081218696605210913 0.00031526419278513518 0.0076315424252297072 -0.014505487312171762 -0.0092869263717444729 -0.0052280550533840252 -0.0023272192451547383 -0.00058404128513159269 0 -0.00058361446036123187 -0.0023246483395006055 -0.0052216739234968116 -0.0092784152667687754 0.013852984254899756 0.0076538514872550346 0.00034439183030213579 -0.0080862629823025244 -0.017625609407665156 0.02819816617354608 0.0049600549829197692 -0.022159536612461894 0.031953946351529115 -0.00033829480772707538 0.074496377732978333 0.058647095526577556 0.025707361190684053 0.12754308752499444 0.094736555043757928 0.21579785372636393 0.31148199162282508 0.46515181193853528 0.27169599539982225 0.05731518106928795 0.09282328197786606 0.12589794123279863 0.02427408768398329 0.05740058216227998 -0.037140412152542726 -0.0012047016041762445 0.031211477451021059 -0.022789260725157662 0.0045053421808430036 -0.028570454722436314 -0.017866167846963953 -0.0082708915667044532 0.00020424289061395258 0.0075513990121227562 -0.01456017883461881 -0.0093211356730756676 -0.0052474730241589647 -0.0023364143391865423 -0.00058680936874089902 0 -0.00058628287232529276 -0.002333245127608608 -0.0052395930418249305 -0.009310594919682634 0.013801866017621227 0.0075792522835848239 0.00024080189511312789 -0.0082259292548660604 -0.017807500644411264 0.027967259564037304 0.0046039407388817292 -0.022657886190113601 0.031376961816008679 -0.0010031852808161908 0.073735906646326427 0.057687068605098389 0.024617167649792795 0.1263047829548635 0.093327157018927021 0.2141896704643875 0.30919412573383337 0.461580608300314 0.2711281784185236 0.056846302110608274 0.092373512082618597 0.12546996438277747 0.023867547902530126 0.057019209570582284 -0.037410229170711629 -0.0014499395485124923 0.030997061128944361 -0.022969152634563599 0.0043615135242503619 -0.028676510912320392 -0.017954514032148018 -0.0083419368918444155 0.00014889316686618744 0.0075094211770057283 -0.014589995553001058 -0.0093401815253116582 -0.0052588604890839085 -0.0023423813060099129 -0.00058896205033016913 0 -0.00058830041991700052 -0.0023384058365337967 -0.0052489873451102582 -0.0093269909663602126 0.013776608139090952 0.0075441516683246758 0.00019437845904327379 -0.008286135731585733 -0.017881910380443369 0.027878399117300241 0.0044823060320890668 -0.022809493465178309 0.031196382450137925 -0.0012095519042255093 0.073510077701862284 0.057353782158920369 0.024263713771511496 0.12593434181836613 0.092941885049263859 0.21379302755145152 0.30879732657208803 0.46114644366554186 0.2712365357933843 0.057184053366513297 0.092710245449017126 0.12579680564216261 0.02417476963464419 0.057299068319318004 -0.037081115384730308 -0.0011676444161776048 0.031232496630616637 -0.022780555955910189 0.0045049168432447261 -0.028572628406342053 -0.017868837327234571 -0.0082730245863469436 0.00020255188021557502 0.0075494049313724974 -0.014561882562572443 -0.0093221012562507647 -0.0052486485459277993 -0.0023378215645997636 -0.00058781153124305078 0 -0.00058715204143218751 -0.0023338567271274941 -0.0052388028444278322 -0.0093089470915277053 0.013804659073594364 0.0075840399724128775 0.00024791305415955282 -0.0082173773196765817 -0.017796434833106525 0.027982032001763676 0.0046253755160558527 -0.022621337589436293 0.031431274029790811 -0.00092791642525850038 0.073838406133329842 0.057632734268833703 0.024569872705351804 0.12625994626119574 0.093277118299438425 0.21412894796448612 0.30910725913168619 0.46124767185657511 0.27165489070385945 0.05882183270606451 0.094353002666281036 0.12739852980303221 0.02568559164660628 0.058679099418729036 -0.035449935131942986 0.00023346789003200427 0.032402407803418021 -0.021842506654946064 0.0052187251676276318 -0.028055189092112496 -0.017441963824861548 -0.0079295872460650556 0.00047002897034113854 0.0077487503122019592 -0.014421699615790458 -0.009231939645639068 -0.0051977218618387876 -0.0023150822167780595 -0.00058207813181620561 0 -0.00058142666427749283 -0.0023111690074739508 -0.0051880042773414983 -0.009218957207803892 0.013944544474262389 0.0077829333773921901 0.00051479846680855743 -0.0078746638747669035 -0.01737050373827842 0.02849829501393775 0.0053376255330222057 -0.021685337969033627 0.032598636393889782 0.00047014653991091432 0.075465965217837189 0.059008586031730426 0.026075797006473955 0.12785599031829037 0.094913012951554049 0.21575836046113631 0.31057645992026944 0.46163426715408301 0.27187100935926711 0.060376038208409526 0.095928762589751623 0.12894710619947755 0.027155098039478423 0.060027761973986148 -0.033842130352070204 0.0016178002995989574 0.033560568721090291 -0.020912389980931159 0.0059274149073941544 -0.027540899008378465 -0.017017489073613029 -0.0075879346080227391 0.00073621215692788885 0.0079471859809328235 -0.014282123122465172 -0.0091421488865978378 -0.0051470006851451573 -0.002292437755960519 -0.0005763719227458886 0 -0.00057572798281908431 -0.0022885710048272034 -0.0051373986835982844 -0.0091293213252887535 0.014083852478773752 0.0079809612705590456 0.00078044668632197675 -0.007533664635033922 -0.016946873802896108 0.029011528152345683 0.006044917011895635 -0.020757051984704015 0.033754531703826564 0.0018517772748038886 0.077070582981554711 0.060353599207117019 0.027541053342373969 0.12939967985450754 0.096482911246897646 0.21730547515252335 0.31191354863857929 0.46182470687935384 0.27188923915294938 0.06184843367240344 0.097439024263356988 0.130443803140359 0.028584358492098741 0.061345942480070074 -0.032256984840908644 0.0029859370860529648 0.034707438875127873 -0.019989843714914055 0.0066312399987730362 -0.027029572099061816 -0.016595264547762136 -0.0072479512408590002 0.001001190032029489 0.0081447787486113189 -0.014143106456879566 -0.0090527002728762462 -0.0050964683410097116 -0.0022698799883395836 -0.00057069082167204833 0 -0.00057005375512909049 -0.0022660552434348828 -0.0050869709281904573 -0.009040011886619766 0.014222626345964443 0.0081781861227149671 0.0010449441665446859 -0.0071942680944850138 -0.016525412075051944 0.029521907324552215 0.0067474956232918071 -0.019836138161312633 0.034899407515422656 0.0032175467130803807 0.078652951374376986 0.061668613249380867 0.028966658734509376 0.13089221130936146 0.097988220190678738 0.21877194145928883 0.31312100880016591 0.46182286048819499 0.27171344724293761 0.063240594989836599 0.098885126524934128 0.13188976453546464 0.029974329262498947 0.062634440563240426 -0.030693819605470657 0.0043384138228250739 0.035843451013458628 -0.019074557848534065 0.0073304425699743467 -0.026521043881653709 -0.016175156306080775 -0.0069095301064801863 0.0012650433050492955 0.0083415882616885654 -0.014004608306925051 -0.0089635671885619217 -0.0050461096305975985 -0.0022474022838723331 -0.00056503308132705603 0 -0.00056440173130124967 -0.0022436152608002803 -0.0050367074159397562 -0.0089510052917163557 0.014360907052850643 0.008374663559202012 0.001308364532068833 -0.0068563763103922674 -0.016105986528331666 0.030029587917700482 0.0074455865493183076 -0.018922292809384473 0.03603365330181315 0.0045679454300461978 0.080213704965610616 0.062954391594800013 0.030353522719454185 0.13233466195711857 0.09943020604928976 0.2201592483406748 0.31420106005723286 0.46163220719735398 0.27044727435729055 0.066378964980385785 0.10222732876788658 0.13528914439622194 0.033282843706860882 0.065730399182479721 -0.026878354048206373 0.0076541509449914715 0.038638360047688579 -0.016816218905954815 0.0090595710078969199 -0.025261032707375924 -0.015133377502338206 -0.0060697138989939331 0.0019202186414114801 0.0088305266809061214 -0.013660392754385025 -0.0087419620330153741 -0.0049208866695792221 -0.002191513794539282 -0.00055097480733047653 0 -0.00055035691086649388 -0.0021878072534864414 -0.004911683635452694 -0.008729666654321162 0.014704664446287496 0.0088629108502991938 0.0019626413420365998 -0.0060176556157742218 -0.015065619022173085 0.031287851425429718 0.0091724502411716265 -0.016666865979520221 0.038825053439681304 0.0078796312848306224 0.084024549917511168 0.066045256490089285 0.033656358942941431 0.13572783622535609 0.10276538108501725 0.22328965749268423 0.31635646419264762 0.46034924777704295 0.26940238693306268 0.068135734873063444 0.10413641922931519 0.13725727207882968 0.035217493582129222 0.067554683336773988 -0.024609518096156264 0.0096331195057221698 0.040311329867904817 -0.015461215412753013 0.010099075411717125 -0.024502430217340627 -0.014505762879414187 -0.0055635094837052654 0.002315307366972079 0.0091254905487204545 -0.01345266983961063 -0.008608200079353397 -0.0048452752586125901 -0.0021577465910123388 -0.00054246883525262894 0 -0.00054186136056189006 -0.0021541025407070054 -0.0048362277632186075 -0.0085961112213102202 0.014912028931846216 0.009157328796709354 0.0023570171185774398 -0.0055123150208791225 -0.014439127996053595 0.03204506001077341 0.010210128231724113 -0.01531422281351185 0.040495137954576307 0.0098552047210551871 0.08628944023607614 0.067865087425663009 0.035585919083455236 0.13769020255225492 0.1046676996477329 0.22503841995301865 0.31743361814489329 0.45927890928552512 0.2704045819870497 0.068520090987266968 0.10445925748100987 0.13752771591769181 0.035443079715433035 0.067741029828326055 -0.024457524641436315 0.0097548786881798601 0.040406679299610004 -0.015388782792220553 0.010151948049306206 -0.024465893973595301 -0.014476215227481387 -0.00554024258073547 0.0023330857752051656 0.0091386030343289307 -0.01344354415598485 -0.0086024029006689009 -0.0048419586414738978 -0.0021561799142636269 -0.00054200660717004486 0 -0.00054141321433942102 -0.002152622948096059 -0.004833129355073764 -0.0085906064506558726 0.014920646711100943 0.0091696653040091725 0.0023737715801095886 -0.0054903193947312655 -0.014411240009016611 0.03207949937379613 0.010260152583726199 -0.015245645670646225 0.040585565995577062 0.0099708537325494499 0.08643389889833572 0.068042402378603081 0.035800471740277361 0.13794731226580662 0.10497369934565429 0.22540125802755961 0.31799336418585644 0.46017703612212219 0.27101538653905621 0.068754986945460839 0.10465664542743459 0.13769311817546195 0.035581078434067728 0.067855053162870146 -0.024364508729530807 0.0098294115403591564 0.040465056229149962 -0.015344433469736754 0.010184321328195562 -0.024443520650417497 -0.014458119757989959 -0.0055259957274946163 0.0023439714918855447 0.0091466348805486139 -0.013437957686606657 -0.0085988545112716565 -0.0048399279813965803 -0.0021552206324217432 -0.00054172429180451029 0 -0.00054113931617639143 -0.0021517158050393601 -0.0048312287427697467 -0.0085872330273732578 0.014925927448536009 0.0091772269038633159 0.0023840380140805486 -0.0054768347969665499 -0.01439415061463028 0.032100604611508383 0.01029080221102392 -0.015203631463640302 0.040640943369236668 0.010041674398964274 0.086522351170589221 0.068150949345564787 0.035931789992559943 0.1381046231585602 0.10516086761147932 0.22562311218868922 0.31833520058220022 0.46072471755935068 0.27138860035152479 0.068899112430112236 0.10477781548550084 0.13779470415584402 0.035665874688429411 0.067925139498177328 -0.024307318346300358 0.0098752473966540692 0.040500961222599378 -0.015317146095974246 0.010204250072370965 -0.024429749947551527 -0.014446979211501041 -0.0055172196569624535 0.0023506755742750121 0.0091515790096673953 -0.013434516447000545 -0.0085966687512733005 -0.0048386778872027483 -0.0021546319867337647 -0.00054154998390713817 0 -0.00054097097212629178 -0.0021511593122671112 -0.0048300595893526095 -0.0085851549756534012 0.014929181674657083 0.0091818847683130169 0.0023903628037618765 -0.0054685296110712055 -0.0143836255212231 0.032113599016930061 0.010309683552028845 -0.015177756584220431 0.040675032800030125 0.010085265455167431 0.086576763478073485 0.068217704223926021 0.036012532266886707 0.13820130530069805 0.1052758410128237 0.22575933332180914 0.31854472270392903 0.46105963254193422 0.27161744103008534 0.068988041491011912 0.10485264258074022 0.13785748962511493 0.035718299100012105 0.067968484819937683 -0.024271927480366984 0.0099036239803558957 0.040523195083502495 -0.015300243395937317 0.01021659136670538 -0.024421216579673583 -0.014440078381989513 -0.0055117852557167238 0.0023548316777147241 0.00915464263202748 -0.013432382706111507 -0.0085953133822102221 -0.004837903225328604 -0.0021542667359937852 -0.00054144313330567082 0 -0.00054086677433983193 -0.0021508130500977117 -0.0048293331568520607 -0.0085838653485321645 0.014931200686283539 0.0091847735043423823 0.0023942908847868092 -0.0054633749322139354 -0.014377089942451552 0.032121664691527586 0.010321390404710942 -0.01516172065658174 0.040696181918892883 0.010112282521042858 0.086610489413372974 0.068259046331274095 0.036062490717379131 0.13826110174556472 0.10534689688220521 0.22584345875305553 0.31867378179501604 0.4612652605705837 
end_dependent_variable

end_regular_table
