# ****************************************************************************
# CUI
#
# The Advanced Framework for Simulation, Integration, and Modeling (AFSIM)
#
# The use, dissemination or disclosure of data in this file is subject to
# limitation or restriction. See accompanying README and LICENSE for details.
# ****************************************************************************

# ##################################################################################################
# 
# This file was auto-generated by AFSIM Mover Creator 2.8.0.201104
# 
# Creation Date:  05 Nov 2020
# 
# ##################################################################################################

regular_table

independent_variable mach precision double
0.10000000000000001 0.5 0.70000000000000007 0.75 0.80000000000000004 0.84999999999999998 0.90000000000000002 0.92000000000000004 0.94000000000000006 0.95999999999999996 0.97999999999999998 1 1.02 1.04 1.0600000000000001 1.0800000000000001 1.1000000000000001 1.2 1.3 1.4000000000000001 1.5 1.75 2 2.5 3 3.5 4 
end_independent_variable

independent_variable surface_angle units deg
-40 -30 -28 -26 -24 -22 -20 -18 -16 -14 -12 -10 -9 -8 -7 -6 -5 -4 -3 -2 -1 0 1 2 3 4 5 6 7 8 9 10 12 14 16 18 20 22 24 26 28 30 35 40 
end_independent_variable

dependent_variable precision double
-2.0365986915548087 -1.2935138638571069 -0.83869267591305086 -0.97570892616124971 -0.58156288879345064 -0.6998157439312479 -0.89257079035555764 -0.57376897529905579 -0.66334565119582056 -0.41045954254813877 -0.46145001199029356 -0.49620177076359923 -0.28884580810510729 -0.29328353732206297 -0.29157848355132859 -0.28318238537452028 -0.26867576588717795 -0.13851701553021908 -0.11186965967706745 -0.079827238630814756 -0.042513489963567359 0 0.047701563872316312 0.10050629921860328 0.15832650365557746 0.22104199639778629 0.28841314852997008 0.24889618444932579 0.32210612664405286 0.39831919426722445 0.47799326735385422 0.56146147803527291 0.51384318389581141 0.70172868623219709 0.56813582161055898 0.75980619920422665 0.9610887145394833 0.44270349063432629 0.60373697003823634 0.23012810939028816 0.36365065757982262 0.49772143063075341 0.1618058163749162 -0.66973146254756433 -2.0353555378590471 -1.2925728995712067 -0.83781398973458121 -0.97489188173374441 -0.58080843280087213 -0.69912381554634317 -0.89194189949325231 -0.57320327412322303 -0.66284314966349234 -0.41002015666281466 -0.46107386072574008 -0.49588929015484134 -0.2885646276178222 -0.29303385801170378 -0.29136014029711521 -0.28299538111250055 -0.26852009297405338 -0.13839245741650111 -0.11177636209604606 -0.079765121646990525 -0.042482471918108423 0 0.047670665462830421 0.10044461039513207 0.15823413660227678 0.22091905612623847 0.28825973930976712 0.24871211690537892 0.32189177197898178 0.39807465722134611 0.47771884644664631 0.56115731477147823 0.51347987493663361 0.70130720787738587 0.56765584971404504 0.75926968681229945 0.96049666424866964 0.44205352099065337 0.60303310610804994 0.2293695348246213 0.36284014285899319 0.49686050352089717 0.16082306919152223 -0.67082969202599407 -2.0355251153045684 -1.2927021717172471 -0.83793492165363304 -0.97500432585748764 -0.58091236832166304 -0.69921915878681706 -0.89202862683737172 -0.573281349700142 -0.66291253466631717 -0.41008082722019934 -0.46112581619941345 -0.49593256619225429 -0.28860353210332484 -0.29306841143380424 -0.29139033828365524 -0.28302123492896825 -0.26854161179559832 -0.13840963963148833 -0.11178923157582146 -0.07977368881133276 -0.042486748850290641 0 0.047674930060420152 0.10045312497389922 0.15824688566419684 0.22093602059497855 0.28828090053982741 0.24873743206875662 0.32192123837898062 0.3981082495345532 0.47775655385436339 0.56119911100884201 0.51352976534740757 0.7013651036142079 0.56772155789133427 0.7593431684316807 0.96057779152823253 0.44214192283947579 0.60312885560819351 0.22947234411573861 0.36294997038962395 0.49697720721185457 0.16095609845762512 -0.67068169044751347 -2.0355588767277508 -1.292727896092299 -0.83795898582125861 -0.97502670090399779 -0.58093304824730785 -0.69923813009215885 -0.89204588266099427 -0.57329688314871552 -0.66292634050601695 -0.41009289740880756 -0.4611361514549851 -0.49594117355173034 -0.28861127200426107 -0.29307528468999644 -0.29139634527806618 -0.28302637768013089 -0.26854589301616566 -0.13841305814065846 -0.1117917920648883 -0.07977539342648346 -0.042487599739706991 0 0.04767577859421656 0.10045481886609241 0.1582494215638626 0.22093939603679405 0.28828511039368726 0.24874246989609927 0.32192710220914356 0.39811493501133483 0.4777640571162225 0.56120742880059515 0.5135396933220755 0.7013766253043916 0.56773463712300898 0.75935779202454445 0.96059394046180124 0.44215952747835285 0.60314792042027787 0.22949282075198074 0.36297184343577249 0.49700044928607151 0.16098259392821054 -0.67065220697375783 -2.0355901510630643 -1.2927517267164637 -0.83798127776484832 -0.97504742844468029 -0.58095220595977715 -0.69925570345574339 -0.89206186545254906 -0.57331127051737873 -0.66293912562228607 -0.41010407669836324 -0.46114572589119118 -0.49594914634189996 -0.2886184391843778 -0.29308165093539745 -0.29140191036535656 -0.28303114158537546 -0.26854985806905457 -0.13841622426140776 -0.11179416373735376 -0.079776972437824681 -0.042488388218159756 0 0.047676564286216271 0.10045638804007753 0.15825177125586087 0.22094252298364356 0.2882890105264086 0.24874713596233497 0.32193253325946514 0.39812112726398491 0.4777710076989804 0.56121513311790761 0.51354888993359737 0.70138729720019333 0.56774675256505103 0.75937134013030172 0.96060889927474158 0.44217583495850771 0.60316558448221125 0.2295117911956564 0.362992108804221 0.49702198360165184 0.16100714216077497 -0.67062488455890223 -2.0356192667010808 -1.2927739063243076 -0.83800202512385369 -0.9750667185026991 -0.58097003412125636 -0.69927205797649128 -0.89207674164127182 -0.57332466106587021 -0.66295102670091854 -0.41011448170102899 -0.46115463665292011 -0.49595656709123925 -0.28862511152872777 -0.29308757589599216 -0.29140708875599181 -0.28303557540064905 -0.26855354803500003 -0.13841917144712956 -0.11179637118660803 -0.079778441818095125 -0.042489121785336446 0 0.047677295886719574 0.10045784851247441 0.15825395750254104 0.22094543235977038 0.28829264023954526 0.24875147969359576 0.321937589070101 0.39812689184296368 0.47777747819003802 0.56122230374468907 0.513557450763097 0.70139723058421022 0.56775802976542089 0.75938395288141136 0.96062282086493789 0.44219101569837177 0.60318202631847029 0.22952945101308561 0.36301097725214598 0.49704203055366819 0.16102999578309091 -0.67059944823567863 -2.0356464846309281 -1.292794637311655 -0.83802141564577237 -0.97508474963444569 -0.58098669922480939 -0.69928734473321519 -0.89209064689172368 -0.57333717686357266 -0.66296214876945403 -0.41012420758305296 -0.46116296416235353 -0.49596350205230755 -0.28863134576367128 -0.2930931132344386 -0.29141192889476236 -0.28303971931310734 -0.26855699735671623 -0.13842192571535702 -0.11179843395571994 -0.079779814923121403 -0.04248980722685864 0 0.047677979648790461 0.10045921357927176 0.15825600158227204 0.22094815216932714 0.28829603265937687 0.24875553921861246 0.32194231492639885 0.39813227891639408 0.47778352627316278 0.56122900712498014 0.513565453169054 0.70140651746324789 0.56776857384739876 0.75939574181578018 0.96063583745028669 0.44220520909639299 0.60319739796527438 0.22954596104863112 0.36302861690020288 0.4970607722409171 0.16105136236097878 -0.67057566554568759 -2.0298110098994071 -1.2893464467015245 -0.8353049811399248 -0.97255385798554694 -0.57908995184487477 -0.69754218786734135 -0.89038863241563948 -0.57213168922831503 -0.66183684255954944 -0.40937579887895154 -0.46047493897865938 -0.49532420494909024 -0.2882275360025196 -0.29271332568095865 -0.2910571920848255 -0.28271215947514972 -0.26825871784353122 -0.13826359819049133 -0.11167514451627276 -0.0796943491812271 -0.042445307919400273 0 0.047629507273351669 0.10035793903219105 0.15809725134789004 0.2207269355295087 0.28800716990066944 0.24850319857232422 0.32161415540066013 0.39772353234390384 0.47728855984604796 0.56064142882444545 0.51299247265607539 0.70060439890750204 0.56702688611434482 0.75838642910514509 0.95932666570929548 0.44124498916167876 0.60193381606529583 0.22843689231967007 0.36160642657855108 0.4952975755819557 0.15897282376779034 -0.67263024432860463 -2.0239807235474667 -1.2859014293974826 -0.83259126669096428 -0.97002527696803997 -0.57719511987875516 -0.6957985762945329 -0.88868784353530184 -0.57092713182238641 -0.66071222229978954 -0.40862787090801278 -0.45978723605175187 -0.49468511389899028 -0.28782388347311511 -0.29233365828204716 -0.2907025422393506 -0.28238466308774007 -0.26796048164343528 -0.13810530085904854 -0.11155187378136547 -0.079608894348984646 -0.042400813389402436 0 0.047581039977754432 0.10025667582399962 0.15793851967124556 0.22050574900332928 0.28771835116991495 0.24825092150423822 0.32128608323511149 0.39731490424094595 0.47679375280803721 0.56005405692807742 0.51241981641682055 0.6998027596679568 0.56628587939121589 0.7573780397049783 0.95801871579825015 0.44028631332007967 0.60067214415382653 0.22733012432889577 0.36018695110549248 0.49353754291032181 0.15689853072537882 -0.67467966557320913 -2.0181556297111047 -1.2824595851697509 -0.82988027474985215 -0.96749900424585145 -0.57530220183289571 -0.69405651380612077 -0.88698828074856206 -0.56972349985875193 -0.65958828565410121 -0.4078804261594946 -0.4590998606090726 -0.49404622819352645 -0.28742039158382626 -0.29195411101855595 -0.29034798263266925 -0.28205722963387858 -0.26766229076698289 -0.13794703244767745 -0.11142862109038723 -0.079523450076940519 -0.042356324024614936 0 0.047532577893642187 0.10015542321749414 0.15777980717465298 0.22028459205464096 0.2874295773287795 0.2479987079186137 0.32095809986586332 0.39690639550748275 0.47629910209542831 0.55946688745306294 0.51184748194288343 0.69900160602520112 0.56554555620556601 0.75637057939801744 0.95671199024470477 0.43932918160989193 0.59941238391590246 0.22622566396963797 0.35877019193628562 0.49178067774927287 0.15482848438263244 -0.67672392407120729 -2.0123357260414836 -1.2790209189457842 -0.82717200808668601 -0.96497504362307862 -0.57341120355386144 -0.69231599772136598 -0.8852899456638641 -0.56852079924780397 -0.65846503327352146 -0.40713346829707436 -0.45841280791464883 -0.49340754828587152 -0.28701705709223518 -0.29157468196290587 -0.28999351106274557 -0.28172986127092225 -0.26736414463015595 -0.13778879464460558 -0.11130538866771351 -0.079438017438986153 -0.042311839714935968 0 0.047484120650019765 0.10005418186371133 0.15762111321026706 0.22006346494832635 0.28714084767197351 0.24774655745482743 0.32063020515249596 0.39649800757962478 0.47580461100808391 0.55887992442689416 0.51127547142353447 0.69820093256669502 0.56480591747650599 0.75536404296320359 0.95540648791253691 0.43837359320136304 0.59815453504515348 0.22512350769310849 0.35735614713058578 0.49002697969031528 0.15276268108863958 -0.67876302914135989 -2.0035227955982089 -1.2755854288107684 -0.82446646487600994 -0.96245339081053838 -0.57152212182476503 -0.69057703120609382 -0.88359283659617149 -0.56731902757687691 -0.65734246649841988 -0.40638699143589069 -0.45772608047050395 -0.49276907579085172 -0.28661388325352521 -0.29119537567235376 -0.28963912891462817 -0.28140255654361257 -0.26706604230426961 -0.13763058609988921 -0.11118217453789468 -0.079352595469736234 -0.042267360674186426 0 0.047435668538098441 0.099952951583935246 0.15746243870038976 0.21984236691526854 0.28685216188993529 0.24749447138623062 0.32030239798441734 0.39608973789790419 0.4753102793481398 0.55829316734533652 0.51070378389498405 0.69740074286675746 0.56406696008927204 0.75435843600455854 0.95410220853367234 0.43741954958804768 0.59689859498849451 0.22402364967827315 0.35594482194774829 0.4882764505206087 0.15070112515811404 -0.67916389118064191 -1.9767504783172918 -1.2710892631901549 -0.82176364289663995 -0.95993405159096845 -0.56963495285427512 -0.68883960958815882 -0.88189695680066804 -0.56611818342900844 -0.65622058341398259 -0.4056409994055713 -0.45703967707030524 -0.49213080745328358 -0.28621086652529087 -0.29081618722582808 -0.28928483431179963 -0.28107531549024578 -0.26676798506267518 -0.137472408153898 -0.11105897971099504 -0.079267184700551607 -0.042222886299199937 0 0.047387221375970894 0.099851732349443653 0.15730378307536394 0.21962129973624445 0.28656352155281217 0.24724244928199013 0.31997467987433048 0.39568158929624536 0.474816104760375 0.55770661569139046 0.51013242092737954 0.69660103481909319 0.56332868710756612 0.75335375404141791 0.95279915348677713 0.4364670496593539 0.59564456650325737 0.22292610397986559 0.35453620849874024 0.48721189539239357 0.15381248676327722 -0.66987014411434509 -1.9498989658167414 -1.2561635457647835 -0.80947253575637712 -0.95024124017644973 -0.56253103827623618 -0.68346967694583072 -0.87783192936219467 -0.5635367668766218 -0.65446981005444971 -0.40481775821922089 -0.45635359727364538 -0.4914927467070665 -0.28580800872660517 -0.29043711984659876 -0.28893062920736989 -0.28074813781721702 -0.26646997269793443 -0.13731425921095372 -0.11093580410563497 -0.079181784916015685 -0.042178417186760152 0 0.047338779316822219 0.099750524284699452 0.15714514641656921 0.21940026192408188 0.28627492532023452 0.24699049006023613 0.31964705123711157 0.39527356006408132 0.47432208802986314 0.55712026894805589 0.50956137964850001 0.6958643363760425 0.56308256889777675 0.75339753143453858 0.95324355415465922 0.4381196736187305 0.59802667766570161 0.22669069601625144 0.35943746983756675 0.49280179139377672 0.16055551018566061 -0.6606927107552536 -1.9250805299141043 -1.243321043750516 -0.7983971917679431 -0.94027711804854741 -0.5540363591608678 -0.67590724716030515 -0.87104467847608025 -0.55793817568006032 -0.64959972147644462 -0.40092608665182661 -0.45337774357174299 -0.48930472403064029 -0.28415981088495051 -0.28907967924216854 -0.28782709424572744 -0.27986414781504038 -0.26577745869593911 -0.13689587601867809 -0.11065508509805942 -0.079014627704234633 -0.042104401340700363 0 0.047289761107741558 0.09966831080145501 0.15704521994949355 0.21930293328973 0.28619853744427737 0.24706056363969178 0.3197754505152629 0.39548390238993575 0.47463283458959016 0.55755054069608168 0.51052358857694247 0.69717248872120696 0.56479431238979683 0.75520002438821054 0.95511303216008137 0.44071277440346507 0.60069581771219427 0.2299062820365522 0.36275170404149826 0.49622117707634916 0.16510626791477792 -0.65374335135924766 -1.9159572105727973 -1.2359706914185544 -0.79189142583089722 -0.93412458554364808 -0.54872927350439693 -0.67101402456741099 -0.86649894783539161 -0.55423084693025071 -0.64633886034669941 -0.39842081434405829 -0.45130743511651289 -0.48763753982044172 -0.28289274662793013 -0.28799284080617421 -0.28690817260103796 -0.27909899566596913 -0.26515559944812217 -0.13651474057029178 -0.11038884113847278 -0.078848655845195834 -0.04202704724648821 0 0.047232446817705373 0.099561400955647528 0.15689562475602492 0.21912305529463802 0.28599661641543822 0.24694953574736969 0.31965318812611082 0.39535822784719987 0.4745028712978771 0.55741369308055244 0.51059011261811271 0.69719853712105717 0.56506140824048701 0.75535947788105873 0.95510234756268153 0.44114592488900067 0.60087920308456255 0.23025721987497866 0.36276045350250086 0.49581817072640594 0.16402620687939498 -0.65560850914891888 -1.9105495236608747 -1.2327079135601551 -0.78933308836377347 -0.93172794128882475 -0.54694566592560423 -0.66936300723896947 -0.86487415124004563 -0.55308726613278536 -0.64526199725467603 -0.3977090591979634 -0.45064595816290814 -0.48701638110407669 -0.28250348035659673 -0.28762438569544346 -0.28656198021383761 -0.27877763367191793 -0.26486153297536635 -0.13635899189755765 -0.11026694728875339 -0.078763787421500503 -0.041982682372524671 0 0.047183639216605448 0.099459169028773317 0.15673501175723012 0.21889868667337484 0.28570297650257021 0.24669051828564104 0.31931613437306056 0.39493798911733796 0.47399354774977509 0.55680862079184967 0.50999226645387941 0.69636300331494005 0.56427643504275327 0.75429565787540742 0.95372612371315935 0.44010429775447096 0.59951810104331726 0.22903213179676124 0.36120077888333513 0.49389244083907791 0.16169470125963226 -0.65807872786606358 -1.8834733098241996 -1.2163949433788019 -0.77654258438310797 -0.91974575937566039 -0.53802805312031388 -0.66110749895475429 -0.85674911549866706 -0.54736759515524736 -0.63987555903193594 -0.39414807951675934 -0.44733651535296937 -0.48390889061422659 -0.28055567344438448 -0.28578087489538173 -0.28483004114833349 -0.27717009951906779 -0.26339071961035093 -0.13557999032124068 -0.1096573776560409 -0.0783394452551536 -0.041760895533058263 0 0.046939771797083807 0.098948447982512414 0.15593276596848737 0.21777819992544262 0.28423683201218403 0.24539834063236857 0.31763481950690747 0.39284200874018943 0.47145361213512255 0.55379161674482247 0.50701548230563576 0.692202910743555 0.56037534836123848 0.74900766629575877 0.9468847154068134 0.43494535364937204 0.59277256625322461 0.22297852756169556 0.35348718838286314 0.48436317483628699 0.15017963071496124 -0.67022811572780783 -1.8563456971502352 -1.200088332677175 -0.76375813983083962 -0.90776885220018166 -0.52911410405599801 -0.65285379289332579 -0.84862438351059111 -0.54164661693430105 -0.63448690568871902 -0.39058442247901726 -0.44402435944330093 -0.48079907343407979 -0.27860579725668266 -0.28393562761447577 -0.28309672111908812 -0.27556152745733264 -0.26191921375291038 -0.13480061669659468 -0.10904766810628552 -0.077915108976859299 -0.041539170278792004 0 0.046696170105852843 0.098438411234869239 0.15513179988972592 0.21665983796664487 0.28277391538731522 0.24411073764488458 0.31595972299869995 0.39075424214848914 0.46892421090072456 0.5507878240516253 0.50405840845322214 0.68807070060624709 0.55651205659443348 0.7437691683136296 0.94010658288973625 0.42986486795630607 0.58612272383799613 0.21703956514604444 0.34590890443659406 0.47499248171622477 0.13889111519939717 -0.68205848871047925 -1.8291815051492135 -1.1837942349010291 -0.75098501846638654 -0.89580168976764263 -0.52020761089381207 -0.64460505641208299 -0.84050257761337077 -0.53592645953022067 -0.62909770470874349 -0.38701936686124622 -0.4407104209696015 -0.47768756368615245 -0.27665436151693512 -0.28208903204931784 -0.28136230728435013 -0.27395212506848921 -0.26044715097186433 -0.13402094758425956 -0.10843785408747834 -0.07749078975636492 -0.041317503825267402 0 0.046452812896457266 0.097929002322770589 0.15433201044811229 0.2155434327561101 0.28131397176624134 0.24282736234296423 0.31429038573990598 0.38867409434574951 0.46640460106689718 0.54779633607981792 0.50111975064205017 0.68396462091217924 0.55268427875226434 0.73857726273074331 0.93338812478005651 0.424858438326773 0.57956326880588771 0.21120893051499737 0.33845844056920316 0.4657715323999288 0.12781569293337341 -0.69359121409406344 -1.8019944255060165 -1.1675183052615599 -0.73822803623803823 -0.88384836786484777 -0.51131204174458345 -0.63636420136843275 -0.83238609917504314 -0.53020906284090763 -0.62370948583678665 -0.38345407189174524 -0.43739554867310587 -0.47457494136755701 -0.27470182779101826 -0.28024145172731557 -0.2796270722178697 -0.27234208325947745 -0.25897465869807396 -0.13324105560355023 -0.10782797147844374 -0.077066498627785252 -0.041095897093988622 0 0.046209680075319372 0.097420170551520094 0.15353330281249117 0.21442883067789814 0.27985677783379853 0.24154790131945242 0.31262639279036653 0.38660103349242669 0.46389412077823688 0.54481634468221951 0.49819835826048364 0.6798831166410324 0.54888997134540141 0.73342936148471394 0.92672612974348378 0.41992214762610069 0.57308949588485047 0.20548099583919735 0.33112914510037322 0.45669246619362336 0.11694139211779964 -0.70484526462001285 -1.7340070989178933 -1.1269410811524767 -0.70643441952796049 -0.85404958346946169 -0.48914116162174831 -0.61581346246894308 -0.81213214636798037 -0.51593891365574174 -0.61025213347949814 -0.3745465813030302 -0.42910920677989672 -0.46679188659096738 -0.26981839523917694 -0.2756202736746784 -0.2752869393709198 -0.26831529768996448 -0.2552922797635655 -0.13129077833415437 -0.10630317168846647 -0.076005960971285591 -0.040542135913385312 0 0.045602728547624378 0.096150344759553683 0.15154076412564424 0.21164938001558239 0.27622457041271409 0.23836464374427063 0.30848749163927341 0.3814464280363537 0.45765415360017697 0.53741213702063173 0.49096393036045605 0.6697780942962317 0.53953919257649707 0.72073760052840896 0.91030012085677703 0.40786627847446255 0.55725343683391537 0.19157896690211776 0.31329871121568648 0.43457157515830214 0.090568668120513854 -0.73186712678497512 -1.6945090466557076 -1.1031847460207365 -0.68785904423301203 -0.83659317559744728 -0.47619172592224096 -0.60377343090214342 -0.80021550779854733 -0.50756334909684409 -0.60232251901116296 -0.36931145888239225 -0.4242173377178442 -0.46217833252920193 -0.26693461570543725 -0.2728850356650086 -0.27271266667621724 -0.26592245915158336 -0.25310040580451049 -0.13013327835437094 -0.10539691134100244 -0.075374884863588287 -0.040212283329594159 0 0.045240466153886071 0.095392047802001723 0.15035039764283981 0.20998828156247065 0.27405322880300559 0.23646419232450874 0.30601534578007883 0.37836674948351767 0.45392553019607845 0.53298769962755743 0.48664797219780387 0.66374894277643337 0.53397435979686059 0.71318282108159348 0.90052322867085344 0.40073140046943384 0.54787378027878664 0.18338483494375526 0.30277374211183827 0.42150121002900104 0.07501198966376782 -0.74777052473249261 -1.6992176096314504 -1.1050345991629398 -0.68942197815893835 -0.83791103473394191 -0.47729917222943546 -0.60469646180754355 -0.80097671555237993 -0.5081818722634398 -0.60281594707045616 -0.36969579361450794 -0.42450774029963201 -0.46238912959781259 -0.26711074634601734 -0.27302953485749448 -0.27282886077138468 -0.26601374391220972 -0.25316953329678732 -0.13018287897402703 -0.10543027912632998 -0.075394780896360605 -0.040221083674380945 0 0.045246066206474943 0.095401324556461109 0.15036147783280085 0.20999866902863312 0.27406079415270357 0.23646723608067527 0.30601194395372427 0.37835462089308741 0.45390313421427031 0.532953486212568 0.48658430878638742 0.66364981573615767 0.53383360406543201 0.71299479338349014 0.90028254518782835 0.40043228484640297 0.54751051296680997 0.18295028198473628 0.30225944577304575 0.42089619715058924 0.074099877665154773 -0.74919801908848127 -1.7021028421897588 -1.106178794896487 -0.69039066620467471 -0.83872961509745503 -0.47798865807780561 -0.60527259546362044 -0.8014532179338697 -0.5085703299088884 -0.60312704272627693 -0.36993923059983508 -0.42469272057150914 -0.46252433715613978 -0.26722418534320452 -0.27312304511050628 -0.27290446911067073 -0.26607350285863868 -0.25321511528068058 -0.13021588262558928 -0.1054527031920745 -0.075408302992563001 -0.040227147550730591 0 0.045250186905804582 0.095408397360190619 0.15037036388545291 0.21000784840683032 0.27406897559375448 0.23647338135655907 0.30601488718216413 0.37835297527015971 0.45389596100248997 0.53293984683401774 0.48655418812641288 0.66359954644755181 0.53375942832603374 0.71289327123023594 0.90015039782115291 0.40026597751995768 0.54730656008113476 0.18270434648648351 0.30196636085620382 0.42054927692350014 0.073569552738843205 -0.75003825663479606 -1.7038800562306704 -1.1068933817203501 -0.69099744996675294 -0.83924397717818955 -0.47842334666947167 -0.60563716357246589 -0.8017559815964016 -0.50881830021598184 -0.60332670802462873 -0.37009647575064686 -0.42481312199138643 -0.46261317462511076 -0.26729912573159614 -0.27318521400972073 -0.27295508593798845 -0.26611382732221472 -0.25324615768416725 -0.13023861130630221 -0.1054683354131286 -0.075417858272652183 -0.040231500560860181 0 0.045253358256389146 0.095414028867586015 0.15037776136980421 0.21001608928689419 0.27407727471607263 0.23648110627407698 0.3060213236693195 0.37835728360129967 0.45389756258469932 0.53293817121234 0.48654379435732159 0.66357819754977843 0.53372482636340246 0.71284332235381276 0.90008308924245628 0.40017913656355053 0.5471980683246388 0.18257153627508393 0.30180608104459128 0.4203574617236211 0.07326914206338514 -0.75052414128496647 -1.7049828715605928 -1.1073456058580271 -0.69138304081674762 -0.83957227360673503 -0.4787020685676997 -0.60587209623125826 -0.80195215842307244 -0.50897999347934386 -0.60345784022083315 -0.37020060524207971 -0.42489363975379046 -0.46267327935500568 -0.26735018647658909 -0.27322789393367169 -0.27299013660532961 -0.26614200340895067 -0.2532680793506305 -0.13025487062888891 -0.10547966879732799 -0.075424885759120833 -0.040234756143307723 0 0.045255895883376578 0.095418669777954837 0.15038408304791304 0.21002352977477295 0.27408535523047745 0.2364894375493109 0.3060294732765903 0.37836473446108676 0.45390397449841036 0.53294317509960731 0.48654468394791806 0.66357359689039219 0.53371333748036254 0.71282363774840185 0.90005397673196852 0.40013928130914916 0.54714613442453475 0.18250590347763293 0.3017248147495436 0.42025808735322423 0.073106346505522488 -0.7507971739521403 
end_dependent_variable

end_regular_table
