# ****************************************************************************
# CUI
#
# The Advanced Framework for Simulation, Integration, and Modeling (AFSIM)
#
# The use, dissemination or disclosure of data in this file is subject to
# limitation or restriction. See accompanying README and LICENSE for details.
# ****************************************************************************

# ##################################################################################################
# 
# This file was auto-generated by AFSIM Mover Creator 2.8.0.201104
# 
# Creation Date:  05 Nov 2020
# 
# ##################################################################################################

regular_table

independent_variable mach precision double
0.10000000000000001 0.5 0.70000000000000007 0.75 0.80000000000000004 0.84999999999999998 0.90000000000000002 0.92000000000000004 0.94000000000000006 0.95999999999999996 0.97999999999999998 1 1.02 1.04 1.0600000000000001 1.0800000000000001 1.1000000000000001 1.2 1.3 1.4000000000000001 1.5 1.75 2 2.5 3 3.5 4 
end_independent_variable

independent_variable surface_angle units deg
-40 -30 -28 -26 -24 -22 -20 -18 -16 -14 -12 -10 -9 -8 -7 -6 -5 -4 -3 -2 -1 0 1 2 3 4 5 6 7 8 9 10 12 14 16 18 20 22 24 26 28 30 35 40 
end_independent_variable

dependent_variable precision double
-1.3969910939970724 -0.10775219896780606 0.36462127760889657 0.23095237738917754 0.60447104807131247 0.44334608288323646 0.53418969880389977 0.76030633721800489 0.56856365957274968 0.70208441645393682 0.5141204539502725 0.34414703612867248 0.47816767421518835 0.39845546898321832 0.32221898056987136 0.24898387617347884 0.17935986966808415 0.22107803534842058 0.1583537202530334 0.10051815417415751 0.047704232177369937 0 -0.042516159672817799 -0.079839304191956215 -0.11189776012865676 -0.13855469544440069 -0.15962681081855382 -0.28327822632298139 -0.29170344091968897 -0.29343667516527439 -0.28904350299619058 -0.27891958836403252 -0.46177438924169861 -0.41088494039922602 -0.66387268404652411 -0.57439856277063595 -0.46583924328101328 -0.70067076205324808 -0.58256103918616342 -0.97685985961408295 -0.84007706436283613 -0.68856684674378599 -0.94298980776573349 -1.3116955784786997 -1.3980817756623074 -0.10861339185382315 0.36380890813555455 0.23019187652078765 0.60376196084810618 0.44269143068997202 0.53358909797571075 0.7597610519788156 0.56807610954515542 0.70165439426359866 0.51374993325964258 0.34383720957955111 0.47788758383142232 0.3982059603146858 0.3220000685840339 0.2487957808664899 0.17920278202666745 0.22095186334981431 0.15825890073010163 0.10045482939756853 0.047672521396144835 0 -0.042484344785557737 -0.079775581277699556 -0.11180204042780365 -0.1384269038005079 -0.15946682785095678 -0.28308581402031985 -0.29147867429479507 -0.29317943939314484 -0.28875389595572626 -0.27859755085557214 -0.46138783689984764 -0.41043359369307747 -0.66335649114845008 -0.57381782564677886 -0.46519416656114565 -0.69996190307585149 -0.58178837005878303 -0.97602418136717506 -0.83917830002088456 -0.68760576606195423 -0.94187772167312322 -1.3104374323011883 -1.3979332358934837 -0.10849670871520105 0.36391860373551183 0.23029454743469147 0.60385733670424246 0.44277950229723417 0.53366961698274384 0.75983390279469076 0.56814127678753479 0.70171167987690419 0.51379930788339523 0.34387860204650317 0.47792488574539516 0.39823919851498674 0.32202920940185287 0.24882080898331618 0.17922368071979353 0.22096859749836301 0.15827147424348451 0.10046322706099396 0.047676728026734755 0 -0.042488564883671663 -0.079784033840433463 -0.11181473685627827 -0.13844385435493406 -0.15948803867469555 -0.28311128129970031 -0.29150841435360525 -0.29321345350792732 -0.28879219874289325 -0.27864014400654258 -0.4614390483087763 -0.41049341088176078 -0.66342489902177226 -0.57389482484301124 -0.46527974048523491 -0.70005603870706357 -0.58189100529332238 -0.97613529629097762 -0.83929779882943134 -0.68773360107638049 -0.94202619263630316 -1.3106059408976241 -1.3979036628702675 -0.10847346970468617 0.36394045201673464 0.23031499873156377 0.60387633954018538 0.4427970475130551 0.53368566060155131 0.75984842429606336 0.56815426378900957 0.70172309985855941 0.51380915119137793 0.34388685176662426 0.47793232162176391 0.39824582330812641 0.32203501872364843 0.24882579768770544 0.17922784686004908 0.22097193410934954 0.15827398132520198 0.10046490179707036 0.047677566581558618 0 -0.042489406306727096 -0.079785719419143239 -0.11181726872286739 -0.13844723433645406 -0.15949226846655451 -0.28311636004821039 -0.2915143452022525 -0.29322023609768416 -0.2887998366480789 -0.2786486387270945 -0.46144926085669441 -0.41050533777846665 -0.66343853980451917 -0.57391017887352791 -0.46529680138080859 -0.70007480704213831 -0.58191146881308964 -0.9761574482616755 -0.83932162287940137 -0.6877590877592078 -0.94205578946703805 -1.3106395233495398 -1.3978762616289089 -0.10845193704861129 0.3639606982370448 0.23033394945265689 0.60389394902992444 0.44281330763348098 0.53370053120540073 0.75986188122476817 0.56816630206405394 0.70173368242829548 0.51381827309324646 0.34389449723532467 0.47793921439310061 0.39825196572774635 0.322040402637636 0.24883042296042795 0.17923170852894738 0.22097502682092324 0.15827630519114858 0.10046645370581736 0.047678344169507676 0 -0.042490186100701259 -0.079787281157267936 -0.11181961467698946 -0.13845036666871746 -0.15949618834579354 -0.28312106711539747 -0.29151984272852788 -0.29322652421868051 -0.28880691814027631 -0.27865651244160466 -0.46145872595703019 -0.41051639432845516 -0.66345118309690987 -0.57392441075930734 -0.46531261637084376 -0.70009220290247987 -0.58193043328892891 -0.97617798202319739 -0.83934370304458039 -0.68778270724323287 -0.94208321221813929 -1.3106706414360436 -1.3978507542660916 -0.10843189399004961 0.36397954897294177 0.23035159264311925 0.60391034487873774 0.44282844573682356 0.53371437479884676 0.75987441192610472 0.56817751007581696 0.70174353925167232 0.51382676864355092 0.34390161711953943 0.47794563093427833 0.39825768213320023 0.32204541675320053 0.24883472897783451 0.17923530437381424 0.22097790715570684 0.15827846917013946 0.10046789909506607 0.047679068198517922 0 -0.042490912407542138 -0.079788736064737104 -0.1118218000699818 -0.13845328454980912 -0.1594998392575151 -0.28312545101785697 -0.29152496247798931 -0.29323238002258201 -0.2888135109719816 -0.27866384466271749 -0.4614675417120791 -0.41052668993142355 -0.66346295747869322 -0.57393766203700558 -0.46532734492741951 -0.70010840142972697 -0.58194809415950566 -0.97619709942883504 -0.83936426626232152 -0.68780470232684998 -0.94210875296254382 -1.3106996182500568 -1.3978269125360072 -0.10841315249428216 0.36399717454711689 0.23036808886009155 0.6039256713678488 0.44284260026412381 0.53372732245089727 0.75988612870390537 0.56818799160720945 0.7017527562080913 0.51383470979142176 0.34390827374645927 0.47795163362035825 0.39826303044760714 0.32205010477596824 0.24883875635791386 0.17923866689861478 0.22098060036530798 0.15828049308049802 0.1004692506983286 0.04767974523879439 0 -0.042491591665811304 -0.079790096539970434 -0.11182384341570081 -0.13845601280050354 -0.15950325360994355 -0.28312955117681898 -0.29152974853922564 -0.29323785564019572 -0.28881967814057036 -0.27867070188234383 -0.46147578519309851 -0.41053631783880606 -0.66347396874333442 -0.57395005592489345 -0.46534111677917389 -0.70012355331972942 -0.58196461169473868 -0.97621498056683076 -0.83938349453568073 -0.68782527100181079 -0.94213263458458352 -1.3107267134403371 -1.399356683609557 -0.10966639868870763 0.36257120134477366 0.22925598919783402 0.60265956071365145 0.44188030470950324 0.53281185698774447 0.75887541320065111 0.56744519366509105 0.70094978618569248 0.5132611242674795 0.34353178576827481 0.4774563367793499 0.3978540370300821 0.32172175186679708 0.24858627243248868 0.17905711507538721 0.22075932953306654 0.15812170385571922 0.10036795939662678 0.047631268608479681 0 -0.042447088228737759 -0.079704617127900987 -0.11170052804488723 -0.13829765385035137 -0.15931233205049225 -0.28280193398380415 -0.29117495021270284 -0.29285800678075929 -0.28841580743089418 -0.27824286774339813 -0.46078774992471816 -0.40978796656635436 -0.66234882354374292 -0.57274486169017791 -0.46403501154872023 -0.69837905899220964 -0.58006879380373833 -0.97368532980665834 -0.83666875659319173 -0.68489407642650602 -0.93807515825278442 -1.3054492107385833 -1.4008812725841153 -0.11091647767891838 0.36114794786741622 0.22814619892872179 0.60139536002243243 0.44091955573725589 0.53189761971171956 0.75786563039045296 0.56670308100931521 0.70014730131329372 0.51268786244919973 0.3431555044878617 0.47696119893171751 0.39744516481389042 0.32139348866027168 0.24833385409901165 0.17887560894280927 0.22053808915593923 0.15796293430405697 0.10026667935722171 0.047582797229541923 0 -0.042402589577900975 -0.07961914882175182 -0.11157723142488817 -0.13813932484150496 -0.15912145596148694 -0.28247438154979343 -0.29082024143564067 -0.29247827655680569 -0.28801209623159357 -0.27781523906397748 -0.46010003931940713 -0.40904010053326062 -0.66122436396239503 -0.57154059486363218 -0.46273013384159234 -0.69663611620004828 -0.57817488985852894 -0.97115798777582918 -0.83395673540134452 -0.68196605239995756 -0.93402192777813253 -1.3001768830382443 -1.4024006797660524 -0.11216338058017812 0.35972741748511683 0.22703871414653459 0.6001330775661875 0.43996035449626991 0.53098460878460108 0.75685677299701815 0.56596165475047377 0.69934530254830174 0.51211492537058168 0.34277942837336878 0.47646622061360872 0.39703641259269934 0.32106531259054133 0.24808149895439127 0.17869414672967804 0.22031687872650033 0.15780418344416913 0.10016541073329845 0.047534330675935044 0 -0.042358096567786621 -0.079533692186392987 -0.11145395484341591 -0.1379810272866672 -0.15893062499826108 -0.282146893779046 -0.29046562052300284 -0.29209866751503732 -0.28760854456181667 -0.27738781913756161 -0.45941265479412752 -0.40829271774811837 -0.66010058873551347 -0.57033725988762429 -0.46142648503645606 -0.69489471759035992 -0.57628289779111164 -0.96863295516367609 -0.83124743344939667 -0.67904120175608984 -0.92997295625795429 -1.2949097170122157 -1.4039148947643119 -0.11340710999663373 0.35830961008298684 0.22593353840006078 0.59887270583884633 0.43900269759094218 0.53007282401490785 0.75584884627970217 0.56522090996111274 0.69854378483560808 0.51154231253377391 0.34240355978639991 0.47597140308241809 0.39662778096648399 0.32073722732766602 0.24782920851452195 0.17851272969338805 0.22009569851601524 0.15764545195581464 0.10006415320891276 0.047485869329823974 0 -0.0423136083718334 -0.079448246961728988 -0.11133069726008835 -0.13782275851786419 -0.15873983817149429 -0.28181946983223527 -0.29011108864920859 -0.29171918007033054 -0.28720515170669969 -0.27696060462599181 -0.45872559274264679 -0.40754581989596383 -0.65897749833541919 -0.56913485209000869 -0.46012405932504286 -0.69315486487371192 -0.5743928230267924 -0.96611022916180556 -0.82854085759238205 -0.67611952255455821 -0.92592823222889775 -1.2896477192219267 -1.4036144968542794 -0.11464766725588944 0.35689452046549797 0.22483067605507592 0.59761425091675158 0.4380465911231462 0.52916226794295951 0.75484184799179022 0.56448085476004262 0.69774275287288945 0.51097002439833172 0.34202789496115443 0.47547674368931986 0.39621926867146712 0.32040922991644971 0.24757698183157079 0.17833135782755655 0.21987454903190956 0.15748674016132053 0.099962906780873301 0.047437413172858406 0 -0.042269125215031934 -0.079362812198331259 -0.11120745853767709 -0.13766452074989724 -0.15854909738961762 -0.28149211126993445 -0.28975664678443031 -0.29133981231425415 -0.28680191861088411 -0.27653359759088436 -0.45803885733287636 -0.40679940850864804 -0.65785509152386579 -0.56793337325794491 -0.45882286190288085 -0.69141656218610181 -0.57250466386776955 -0.96358981431470914 -0.82583699479680117 -0.67320101535704135 -0.92188776919678306 -1.2816847223550429 -1.3925738374463115 -0.1151684270743298 0.35548215246227782 0.22373011998847253 0.5963577101574602 0.43709202796977437 0.52825293551364749 0.75383577966513315 0.56374148279008141 0.69694220800051543 0.51039806115573649 0.34165244111648063 0.47498224314279514 0.39581087835009188 0.32008132196533601 0.24732481958529673 0.1781500309598503 0.21965342856042491 0.15732804721338162 0.099861671482689277 0.047388962085362488 0 -0.042224647638317139 -0.079277389538152679 -0.11108423944689474 -0.13750631300621133 -0.15835840134098361 -0.28116481513375619 -0.28940229370318704 -0.29096056698499201 -0.28639884653814707 -0.27610679736205429 -0.45735244617129883 -0.40605348063735774 -0.65673337247514751 -0.56673282588069085 -0.45752289051048978 -0.68967980761271608 -0.57061841866730323 -0.96107170568216704 -0.82313585639835185 -0.66927193513118544 -0.90970324621164178 -1.2575122768065492 -1.3816625767663437 -0.10870596023543798 0.36065988867805659 0.22768728671649896 0.59887555646050628 0.43883530542033328 0.529150409220009 0.75391127976637551 0.56350863095948878 0.69620632125981685 0.50982642389104937 0.3412771920419988 0.47448790248322592 0.39540260784500125 0.31975350286158444 0.2470727212044469 0.1779687487136892 0.21943233866851727 0.15716937378377843 0.099760448126560874 0.047340516196586135 0 -0.042180174851828296 -0.079191977182863915 -0.11096103920745463 -0.13734813552296679 -0.15816775002878361 -0.28083758449059393 -0.28904803057989792 -0.2905814397231512 -0.28599593276945284 -0.27568020303953911 -0.45666636158760443 -0.40523226083062025 -0.65500058889376467 -0.56419397811645988 -0.45393162624848121 -0.68443542806286495 -0.56370659866048256 -0.95165765983639738 -0.81125433932522384 -0.65540478730468144 -0.89166096430000297 -1.2332688336883721 -1.3729924593432528 -0.10441705526481569 0.36427373477370467 0.23115819317170674 0.6017715452430179 0.44162761078644425 0.53159301795555558 0.75586766869550259 0.56535229253837493 0.69762348121232587 0.51086791850131319 0.34197568070039069 0.47484299846117739 0.39564635607055271 0.31990864941472386 0.24716290970542762 0.17801283360676443 0.21934248965764766 0.15707501387042136 0.099680472357001296 0.047291871744805938 0 -0.042106538829039648 -0.079027125513856655 -0.11068613997177121 -0.13693768586398558 -0.15759670834779327 -0.27997556360715886 -0.28797413673225181 -0.28926155785390872 -0.28439832429030276 -0.27376930657037563 -0.45378489651488402 -0.40147411652134696 -0.65029679714902511 -0.55879502887028676 -0.44777700367321371 -0.67714658022801133 -0.55553243134905506 -0.94206459870852866 -0.80062683977183247 -0.6436223675411531 -0.87568715582642975 -1.2110666407935275 -1.3740069189586011 -0.10410219844229233 0.36446881916078372 0.23167959506552396 0.60211600363224926 0.4422100123686144 0.53211730818009995 0.75615304214639401 0.5657312675661329 0.69774488589891481 0.51101069431666413 0.34211052032723865 0.47476223455583705 0.39555927870484625 0.31981844984931057 0.24707679402625005 0.17793496290854369 0.21917236517853469 0.15693281280559274 0.099576575501088935 0.047235065335205634 0 -0.042029700187554288 -0.078864257863252948 -0.11042762912989275 -0.1365669042927356 -0.15710018854071625 -0.27923765568471159 -0.2870908072387266 -0.28821821271010561 -0.28318753574185507 -0.27238350065411443 -0.45180582217345416 -0.39908642393186772 -0.64717811567010708 -0.55525266175405186 -0.44381519728742591 -0.67246128674661987 -0.55045690739820374 -0.93616509458083907 -0.79440690390495139 -0.63710920388678693 -0.86813264287702208 -1.2031049795475939 -1.3760067673323932 -0.10552956539933339 0.36289624262808751 0.23044422792194696 0.60074635621086059 0.44116136728817601 0.53113066338036918 0.75508445911790822 0.56494246665553305 0.69690638044213771 0.51041067322389611 0.34171538314093108 0.47425166861268853 0.3951380987482413 0.3194806405936943 0.24681720737972476 0.17774835635654995 0.21894778511714458 0.15677204376223541 0.09947428011728407 0.047186246195756648 0 -0.041985324237190522 -0.078779330563819083 -0.11030559473443317 -0.13641097122662002 -0.15691321310941028 -0.27891582735051512 -0.28674401537437466 -0.2878490340167556 -0.28279734855995342 -0.27197272248328808 -0.45114288165103894 -0.39837278863006337 -0.64609895823537511 -0.55410637952445563 -0.4425826777528683 -0.67080664583723293 -0.54866907880378224 -0.93376356398916993 -0.79184266961542227 -0.63435390571926786 -0.86433280247514865 -1.1982136039330678 -1.3857891335562087 -0.11256370718644869 0.35512074900456203 0.2243412967419933 0.59395980291695882 0.4359687389268922 0.52623833444385937 0.74977362400062975 0.56102303797224495 0.69273205040009955 0.50742347245644925 0.33974839601718709 0.47170578162896704 0.39303761846282809 0.31779571901610576 0.24552231889258544 0.17681747058159938 0.21782628683688784 0.15596905456297608 0.098963258110157867 0.046942323813099408 0 -0.041763484217758905 -0.07835470766182806 -0.10969535664818755 -0.13563109191559558 -0.15597793748012051 -0.27730609151279817 -0.28500924627784213 -0.28600210865682724 -0.28084518027625782 -0.26991745143134066 -0.44782653919239052 -0.39480295044559127 -0.64070175448243671 -0.54837402973473037 -0.43642004982602184 -0.66253423670396761 -0.53973180851961045 -0.92175872274346726 -0.77902482343349133 -0.62058106604870267 -0.84533138617505754 -1.17373105739795 -1.3952292439117959 -0.11943423336476085 0.34748454749259328 0.2183561901211919 0.58727159771706305 0.43085675595035511 0.52141112009234858 0.74451378835430182 0.55714261717440716 0.68858655451844419 0.50445668931706511 0.3377951398000949 0.46917084160405548 0.3909456685773316 0.31611727311552928 0.24423220181835664 0.17588993916157702 0.21670699052872008 0.15516740177612287 0.098452944456498256 0.046698672276870669 0 -0.041541709944258341 -0.077930113912877796 -0.10908503290593621 -0.13485091360639012 -0.15504209377343481 -0.27569550388610148 -0.28327333978188884 -0.28415374635676638 -0.27889133381779946 -0.26786034053051527 -0.44450812889436292 -0.3912312984856231 -0.63530341632995269 -0.54264170528437516 -0.43025933237277092 -0.65426551831055202 -0.53080047843476041 -0.90976185586765601 -0.76621640905009247 -0.60681880061843363 -0.82633297613269574 -1.149216020939867 -1.4043509679578656 -0.12615051413962292 0.33997973871916526 0.21248224954972245 0.58067615720549681 0.4258207871259837 0.51664522369678145 0.73930188892356952 0.55329879625596101 0.6844680494697144 0.50150895468193379 0.33585465583810525 0.46664606643224044 0.38886162189447809 0.31444481330597929 0.2429464847948507 0.17496549834683303 0.21558971706180635 0.15436697477330602 0.097943278600317443 0.046455268900515573 0 -0.041319999537777714 -0.077505557391099905 -0.10847465449574968 -0.134070504625944 -0.1541058056384568 -0.274084254244433 -0.28153655891810897 -0.28230430614416774 -0.27693627745230259 -0.26580197121403404 -0.44118852056114261 -0.38765901808375236 -0.62990551156366748 -0.53691139177151448 -0.42410298988618139 -0.64600348823422504 -0.52187866765543434 -0.89777718559007957 -0.75342236100431781 -0.59307288437934713 -0.80734612160889518 -1.1246816673291484 -1.4131755114917715 -0.13272086171791436 0.33259928650934178 0.20671356629503759 0.57416852220589598 0.42085670985958079 0.51193726388739824 0.7341352001624134 0.54948942679577839 0.68037488296104798 0.49857905293148941 0.33392608686906211 0.46413075251517671 0.38678491641640578 0.31277790387156662 0.24166483995806792 0.1740439084505451 0.21447430822465324 0.15356767587508466 0.097434209487891485 0.046212093698164688 0 -0.041098351945169434 -0.077081047862045005 -0.10786425085789082 -0.13328993146616785 -0.15316918504392579 -0.27247251559122343 -0.27979915222933904 -0.28045412291997207 -0.27498043607695849 -0.26374288192754902 -0.43786849955362617 -0.38408720508794009 -0.62450946920915029 -0.53118491803484724 -0.41795328050621505 -0.63775087795692975 -0.51296963576923238 -0.88580857811136282 -0.7406472244897796 -0.57934862021689215 -0.78837870244557051 -1.1001401709521899 -1.4340550976479214 -0.14855491500135204 0.31465286660592501 0.19271917918460654 0.55825576193567572 0.40873793093534 0.5004018720936283 0.72140097964531691 0.54010464428399996 0.67024357229660581 0.49132548112160912 0.32915200183593551 0.45787994222504436 0.38162214324211435 0.30863248389632308 0.2384767025595988 0.17175109703462049 0.21169306322220161 0.15157382336664579 0.096163857780336329 0.045605049132457644 0 -0.040544502363993845 -0.076020032060572715 -0.10633831255151785 -0.13133817045539772 -0.15082686452048988 -0.26844205142497207 -0.2754543286469685 -0.27582733621802968 -0.27008990610805139 -0.25859513302091752 -0.42957125287538217 -0.37516602756946454 -0.61103587109253976 -0.51689611744590502 -0.40262116279996152 -0.61717657264567216 -0.49077211340533095 -0.85597994926789867 -0.70881865907619768 -0.54516371999673119 -0.74109143704635005 -1.0388268667293312 -1.4462878376752564 -0.15785794996153771 0.30405428280313374 0.18446618393398873 0.54882700524535821 0.40156259179689735 0.49355691605211338 0.71381860820977061 0.53451758354746959 0.66419712920999319 0.48699684234365331 0.32630470748423873 0.45414405385766909 0.37853696813636672 0.30615593077394004 0.2365729374747029 0.17038312993258625 0.2100307323470321 0.15038255007986631 0.095405195073394955 0.045242721325886123 0 -0.040214587089995403 -0.075388615195795802 -0.10543123469822002 -0.13017959546721095 -0.14943869828660927 -0.26604650302608779 -0.27287656963475071 -0.27308788593704758 -0.26720074483044659 -0.25556131976463919 -0.42467083137709721 -0.36991989608622133 -0.60309283585356788 -0.50850472519537382 -0.39365179244892184 -0.60511527882642535 -0.47779784879346382 -0.83849478743428818 -0.69020841230857 -0.52522479922404075 -0.71354934708759032 -1.0032421073847917 -1.4479164040794981 -0.15851297777745033 0.30349933720046757 0.18399828353453929 0.54843513827386747 0.40123923207756701 0.49329527493160946 0.71361296071384717 0.53436215012968624 0.66408615393994685 0.48692414595751449 0.32626364142921932 0.45411613571231424 0.3785205658410134 0.30614901350894314 0.23657327448193877 0.17038889057024001 0.21004005533626735 0.15039282732455708 0.095414138051866854 0.045248258568591854 0 -0.04022332330846453 -0.075408163450504426 -0.10546374548467828 -0.1302280386616847 -0.1495058095596965 -0.26613469113381533 -0.27298865916688425 -0.27322727369355543 -0.26737013181581787 -0.25576355633884251 -0.42494946950221985 -0.37028813648887626 -0.60356541478149983 -0.50909714210921064 -0.39438056836247504 -0.60599908094068544 -0.47885702009066689 -0.83975384359516336 -0.6916965982848956 -0.52697875082988166 -0.71621914521730357 -1.0074779104826947 -1.4488785731415161 -0.15889022993230742 0.30318158788568828 0.18373210941140469 0.54821382760073256 0.40105822600181462 0.49315041447757901 0.71350075166541627 0.53427907242074579 0.66402868878093024 0.48688853377101465 0.32624583940494878 0.45410561014020351 0.3785163242092221 0.30614982698568943 0.23657777987933643 0.17039597625907099 0.21004858894349698 0.15040122446140869 0.095421006648678725 0.045252341191050448 0 -0.040229348748915532 -0.075421474518264878 -0.10548565139381932 -0.13026033885851246 -0.14955016678078736 -0.26619257077024422 -0.27306177202503334 -0.27331768306512116 -0.26747947598360822 -0.25589356836895055 -0.42512730959285544 -0.37052180313658478 -0.60386386500672129 -0.50946976583988068 -0.39483739603175905 -0.60655141154591741 -0.47951719652185953 -0.84053673980708998 -0.69261994034754448 -0.52806476047700157 -0.71786426008102144 -1.0100764060511767 -1.4494384200293415 -0.15910044776973142 0.30300635529279923 0.18358703385995301 0.54809481138910077 0.40096246871476154 0.49307538122071626 0.71344431508056749 0.5342390725978996 0.66400297410760167 0.48687480535362099 0.32624163590986655 0.45410517244567328 0.3785190494680199 0.30615496634603601 0.23658450239180912 0.17040360495719345 0.21005643497299029 0.15040832459112741 0.095426512735767591 0.045255489025327535 0 -0.040233676706897384 -0.075430897277279557 -0.10550096447923342 -0.1302826374241666 -0.14958045865703265 -0.26623174913795311 -0.27311087263892547 -0.27337795693690531 -0.26755193062449983 -0.2559792412889153 -0.42524337172543569 -0.37067311396017077 -0.60405584679540447 -0.50970811356915691 -0.39512819019297701 -0.60690152536335595 -0.47993410415220733 -0.84102944789637923 -0.69319920600079254 -0.52874403494229871 -0.71888601942628294 -1.0116796981892726 -1.4497563084872598 -0.15921097529247497 0.30291603831100117 0.18351396105332671 0.54803649222311157 0.40091718081436051 0.49304158347989774 0.71342067925679786 0.534224283852342 0.66399572143104701 0.48687366683722527 0.32624510762692627 0.45411033781557447 0.37852554435699731 0.30616232561389439 0.23659222539451316 0.1704112767386273 0.21006363363583783 0.1504144625268915 0.095431077452502372 0.045258010316559398 0 -0.040236916851158336 -0.075437845538325568 -0.10551210287155677 -0.1302986343374733 -0.14960192563499283 -0.26625922831223525 -0.2731449939832829 -0.27341948765341662 -0.26760146622026926 -0.25603742929015638 -0.42532124959782563 -0.3707736298787519 -0.60418229599522755 -0.50986395835278031 -0.3953171111517369 -0.60712768051550581 -0.4802020265003778 -0.84134460231926955 -0.69356809616361037 -0.52917483295137757 -0.7195276052490388 -1.0126770053617973 
end_dependent_variable

end_regular_table
