# ****************************************************************************
# CUI
#
# The Advanced Framework for Simulation, Integration, and Modeling (AFSIM)
#
# The use, dissemination or disclosure of data in this file is subject to
# limitation or restriction. See accompanying README and LICENSE for details.
# ****************************************************************************

# ##################################################################################################
# 
# This file was auto-generated by AFSIM Mover Creator 2.8.0.201104
# 
# Creation Date:  05 Nov 2020
# 
# ##################################################################################################

regular_table

independent_variable mach precision double
0.10000000000000001 0.5 0.70000000000000007 0.75 0.80000000000000004 0.84999999999999998 0.90000000000000002 0.92000000000000004 0.94000000000000006 0.95999999999999996 0.97999999999999998 1 1.02 1.04 1.0600000000000001 1.0800000000000001 1.1000000000000001 1.2 1.3 1.4000000000000001 1.5 1.75 2 2.5 3 3.5 4 
end_independent_variable

independent_variable surface_angle units deg
-40 -30 -28 -26 -24 -22 -20 -18 -16 -14 -12 -10 -9 -8 -7 -6 -5 -4 -3 -2 -1 0 1 2 3 4 5 6 7 8 9 10 12 14 16 18 20 22 24 26 28 30 35 40 
end_independent_variable

dependent_variable precision double
5.6751158309484833 3.3070582092884764 1.4554588840068343 2.0688814642149347 0.48235035188816183 1.134688916438972 2.1677151113527433 1.0534389542427645 1.6163377668304362 0.75279504348071791 1.1448406664646136 1.5646427619647949 0.78363835292181272 0.85967163126960022 0.86226417240531106 0.857520640460951 0.83913897753152078 0.37270633790939162 0.3165125002342602 0.23847818433031054 0.13433907572900028 0 -0.15972665774904959 -0.34509094038782873 -0.55447337354286841 -0.78924190371599745 -1.0329656028637539 -0.87560024591119368 -1.1385222938350803 -1.4017120648388441 -1.7280527609938972 -2.0660309361256246 -2.1373295483724397 -2.9347184291709913 -2.6074138256859158 -3.4724561066445654 -4.4096369956191843 -2.8988394498717929 -3.6723016535717434 -2.6433321416441009 -3.3149422129868835 -4.1126438880726131 -4.1627483666087208 -2.3349616779854654 5.6739405559991516 3.3064102745812978 1.4549021204799082 2.0684040311700906 0.48195045705964662 1.1343563030626238 2.167443438075741 1.0532239939220758 1.616171524480007 0.75267194648165714 1.1447537856162511 1.5645861913429771 0.78359416220974187 0.8596385499244662 0.86224073406267521 0.85750525805927569 0.83913012841084045 0.37270193453965794 0.31651154943344789 0.23847906571912103 0.13434024587173787 0 -0.15972946427573806 -0.34509810555739079 -0.5544864528064567 -0.78926237754384576 -1.0329951128895947 -0.87563918052310052 -1.1385732146071814 -1.4017766112985761 -1.7281325260110667 -2.0661274955920224 -2.1374613493492913 -2.9348944226470728 -2.6076353093943943 -3.4727337658849389 -4.4099771434050288 -2.8992327694848892 -3.6727683105549116 -2.6438685568273113 -3.3155629213390325 -4.1133548786207754 -4.1636954238322588 -2.3361657966692464 5.674104272582472 3.3065053514711664 1.4549857937597799 2.0684765939341374 0.48201297598683107 1.1344092180495124 2.1674875099416995 1.053260147139226 1.6162003950218524 0.75269438835517055 1.1447705572153672 1.5645981216544345 0.78360394690846435 0.85964641393725283 0.8622468928699103 0.85750991737579263 0.83913349318554731 0.37270417972271253 0.3165129210784286 0.23847976871110885 0.1343404893722312 0 -0.15972950471022365 -0.34509797723294994 -0.55448594828492348 -0.78926128054699696 -1.0329932239895687 -0.87563620534918307 -1.1385690196330209 -1.4017709940006953 -1.7281252877594431 -2.0661184234593568 -2.1374477914460699 -2.9348757608713885 -2.6076103820925169 -3.472702110437845 -4.4099379540590542 -2.8991841814666621 -3.6727105651309762 -2.6438002010369259 -3.3154838249748559 -4.1132643017987398 -4.1635719576570906 -2.3360041485954914 5.674136828247379 3.3065242174936604 1.4550023622609745 2.0684909643566978 0.4820253269190618 1.1344196680822169 2.1674962014093735 1.0532672687148597 1.6162060798488347 0.75269879663959294 1.1447738391424618 1.5646004480894227 0.78360585374391323 0.85964794240548703 0.86224808247992191 0.85751081245552208 0.8391341401054031 0.37270460761977858 0.31651318077505564 0.23847989874292533 0.13434053357251732 0 -0.15972950815688855 -0.3450979420801592 -0.55448583168871735 -0.78926104387600626 -1.0329928229318097 -0.87563558769406535 -1.1385681563072874 -1.4017698424316518 -1.7281238037148898 -2.066116576046964 -2.1374450440711721 -2.9348719886881232 -2.6076053629824791 -3.4726957338524489 -4.409930082387012 -2.8991744646800037 -3.6726990083358717 -2.6437865344999327 -3.3154680142293245 -4.1132462027230154 -4.1635473129817351 -2.3359719281506597 5.6741669737999345 3.306541649703552 1.4550176991539077 2.0685042538030189 0.48203675567694731 1.134429335339024 2.1675042408191083 1.0532738406112672 1.616211317630613 0.75270285081110933 1.1447768657610446 1.5646025901916658 0.78360760509647853 0.8596493469214388 0.86224918209368329 0.85751163955936049 0.83913473404874284 0.3727050004757515 0.31651341810027439 0.23848001840283362 0.13434057389530546 0 -0.1597295093057769 -0.34509790718267702 -0.55448572310281596 -0.789260820289577 -1.0329924459368784 -0.87563500533534966 -1.1385673440432569 -1.4017687626043005 -1.7281224194959652 -2.066114847991301 -2.1374424846033397 -2.9348684729622594 -2.6076006951769548 -3.4726898076312689 -4.4099227637132081 -2.8991654280352224 -3.6726882795062727 -2.6437738692829242 -3.3154533546698746 -4.1132294098056397 -4.1635244615933695 -2.3359420810537563 5.6741950380774977 3.3065578760913397 1.4550319548152919 2.0685166093308025 0.48204737702166339 1.1344383062418641 2.1675117034869134 1.0532799424847037 1.6162161887893673 0.7527066274622729 1.1447796749206018 1.5646045768748515 0.78360923268824234 0.85965064867571417 0.86225019700884531 0.85751240270841622 0.83913527657933062 0.37270536138624666 0.31651363409127548 0.23848012689299436 0.13434060972625941 0 -0.15972951022329182 -0.34509787373726186 -0.55448561598493817 -0.7892606056389454 -1.032992089270887 -0.87563446404939049 -1.1385665831600635 -1.4017677534974067 -1.7281211259753888 -2.0661132259524964 -2.1374400912775209 -2.934865186567265 -2.6075963316991757 -3.4726842837763026 -4.4099159178707659 -2.8991570114071608 -3.6726782740933408 -2.6437620608812806 -3.3154396899200402 -4.1132137647553311 -4.1635031775439568 -2.3359142960837036 5.6742212600488404 3.3065730337576977 1.4550452540909906 2.0685281297444442 0.48205727788575875 1.1344466746166164 2.1675186713668233 1.0532856432684683 1.6162207170687906 0.75271013961381839 1.1447822840459405 1.5646064205852712 0.78361073709364948 0.8596518534127553 0.8622511350761457 0.85751310764713151 0.83913578387734411 0.37270569561700251 0.31651383320000132 0.23848022488359266 0.13434064161588827 0 -0.15972951064614657 -0.34509783901530428 -0.55448551617526687 -0.78926040279633269 -1.0329917532210582 -0.87563394612416046 -1.138565867721786 -1.4017668009413484 -1.7281199068772441 -2.0661117039946295 -2.1374378482007619 -2.9348621048020442 -2.6075922549328565 -3.4726791071409138 -4.4099095203500731 -2.8991491347566032 -3.6726689112919351 -2.6437510143202383 -3.3154269138991377 -4.1131991228121692 -4.1634832685861918 -2.3358882982732352 5.6558891226815549 3.2964574340642199 1.4490971505200176 2.0617993655577642 0.478788662168455 1.1302759218297942 2.1617307619386916 1.049982270003526 1.6120824560176246 0.75045193996118043 1.1419395952044915 1.5612268017820585 0.78180063883130602 0.85774681878234826 0.86034666922204162 0.85563619201966856 0.83732150932942306 0.37183637726951702 0.31579190050559391 0.23794897166829687 0.13404870854892911 0 -0.15938993561303419 -0.34437090708024448 -0.55332520354298631 -0.78762055281539112 -1.0308404897046217 -0.87377235184134194 -1.1361438343247523 -1.3987619189935327 -1.7244503229378483 -2.0617461960793508 -2.1331256107384129 -2.9289789874597156 -2.6025136676628238 -3.4659568480108729 -4.4014270517983149 -2.8943150489424418 -3.6664927403208227 -2.6402582567754136 -3.3108720457285079 -4.1074705033223466 -4.1600382093604917 -2.3392000215051856 5.6375796907172289 3.2863548243657097 1.4431575968226182 2.0550795782736748 0.47552537535253719 1.1261110515553354 2.1559499725032811 1.0466833343579542 1.6079491886988302 0.74819671582712666 1.1391002787842395 1.5578508043513728 0.77999258671350125 0.85584386491631415 0.85844427897507858 0.85376131208186068 0.83550917912177158 0.37096805073177358 0.31507077538392364 0.23741830202443245 0.13375708926889662 0 -0.15905072025855355 -0.34364473940483264 -0.55216610246448405 -0.78598240055946189 -1.0286914609546529 -0.87191272123841268 -1.1337243551617269 -1.3957602291425117 -1.7207846108286295 -2.0573852666116181 -2.1288177001170712 -2.9231017166057196 -2.5974399754739532 -3.4592410101962789 -4.3929526057038073 -2.8894847799905357 -3.6603214949657707 -2.6367672137804328 -3.3063196597693554 -4.1017451095023896 -4.1565923067997153 -2.3425024921524149 5.6192930079668022 3.2762651810716594 1.4372266116873749 2.0483687879594248 0.47226742080807749 1.1219520803372314 2.1501763038265169 1.0433888113625804 1.6038209108232235 0.74594445541640342 1.1362643413721436 1.5544784302080275 0.77818657859564344 0.85394299641020577 0.85654396923717968 0.85188846304667298 0.83369879834779415 0.37010071343792156 0.31435045628399105 0.23688821568392532 0.13346578458001263 0 -0.15871186456355643 -0.3429193326381445 -0.55100821202064931 -0.78434595016454267 -1.0265446645967817 -0.87005505684292672 -1.1313074404195194 -1.3927617311585077 -1.7171227557672248 -2.0530289044089178 -2.1245141133496266 -2.9172303103924904 -2.5923711719324705 -3.452531595228983 -4.3844861871216558 -2.884658339236581 -3.6541551740012981 -2.6332778994283244 -3.3017697636809347 -4.0960229588153974 -4.1531455676440059 -2.3457957616851179 5.601029037155234 3.2661885224621598 1.4313041835743432 2.0416669790922573 0.4690148131387229 1.1177990005162268 2.1444097559594608 1.0400987158252983 1.5996976304585546 0.7436951930935366 1.1334317704325563 1.5511096780244185 0.77638261782227425 0.85204421630219496 0.85464574268908455 0.8500176530201512 0.83189036763299695 0.36923436631983708 0.31363094851621343 0.23635871343184928 0.13317479496417195 0 -0.15837336727064849 -0.34219468962048732 -0.54985152961371819 -0.7827111964478709 -1.0244001026607115 -0.86819936179517909 -1.1288930780603335 -1.3897664264712484 -1.7134647716168867 -2.0486771132753474 -2.1202148542401771 -2.9113647545482833 -2.5873072602042013 -3.4458285946327427 -4.3760277933455924 -2.8798357091153535 -3.6479937756402454 -2.629790289260534 -3.2972223373959979 -4.0903040374747119 -4.1496979826001352 -2.3490797851689971 5.5625568459482713 3.2561248198405335 1.4253903176918168 2.0349741503445671 0.46576754192788622 1.1136518180154793 2.1386503389612685 1.0368130372273974 1.5955793419880357 0.74144888428166011 1.1306025760501635 1.5477445540811354 0.77458070773793519 0.85014752492418244 0.85274959098220471 0.84814887798118599 0.83008388019893875 0.3683690085732983 0.31291224832755549 0.23582979694685774 0.13288412129899757 0 -0.15803522949042173 -0.34147080955402204 -0.54869605974350322 -0.78107814086470495 -1.0222577700275064 -0.86634562835932172 -1.1264812756285358 -1.3867743142126849 -1.7098106546756413 -2.044329905235938 -2.1159199183208228 -2.9055050536941818 -2.5822482402891453 -3.4391320266876475 -4.3675774358644999 -2.8750169115833848 -3.6418373243411684 -2.626304392008612 -3.2926773956713764 -4.0845883392508062 -4.1462495677014779 -2.172864324565388 5.3658391473776659 3.2494087594990408 1.4194850112824637 2.0282903251536757 0.46252559783127578 1.1095105348263954 2.1328980462449807 1.0335317830749475 1.5914660392842626 0.73920556758342093 1.1277767550080782 1.5443830530166993 0.77278084167907413 0.84825291890609611 0.85085552407357223 0.84628213769999971 0.82827934064117303 0.36750464287904461 0.31219435700094261 0.23530146442902572 0.13259376027186159 0 -0.15769745081119119 -0.34074769182600811 -0.54754179926970947 -0.77944678762763542 -1.0201176750074585 -0.86449386610942391 -1.1240720332390153 -1.3837853992081481 -1.7061604035648232 -2.0399872711761753 -2.1116293111828202 -2.8996512085961119 -2.5771941059067136 -3.4324418751560763 -4.3591351025767553 -2.8702019356113473 -3.6356857769058664 -2.6228202217655894 -3.288134920124858 -3.9869795947478779 -4.0465665234925856 -2.2479813385513925 5.1700509643954806 3.1523727587423589 1.3524437646990186 1.9789351738833991 0.43204518646222217 1.0904275538139026 2.1222826838667679 1.0332997573205764 1.5965697540691077 0.75071048629572912 1.1249543122592851 1.5410251800904653 0.77098302064139401 0.84636039722670153 0.84896353578472095 0.84441742781081675 0.82647675003199517 0.36664126563722593 0.31147727663628721 0.2347737149975388 0.13230371494008339 0 -0.15736003211057981 -0.3400253382236052 -0.54638874982631147 -0.77781713308575029 -1.0179798141666681 -0.86264406889255019 -1.1216653505981664 -1.3807996738239132 -1.7025140080210297 -2.0356492105599107 -2.1073430269796045 -2.8592006934632628 -2.5348844845873844 -3.3862219732787029 -4.3093552038793561 -2.8230579246607279 -3.587120960758865 -2.5773159143126523 -3.2432053792785709 -4.0336223556884949 -4.1042424243672206 -2.3225547288204726 4.9764780285235526 3.0569980531284671 1.2680953563935913 1.8998536301101787 0.36225163333980914 1.0245945358706652 2.0597009099901227 0.97755606011461482 1.544550843532414 0.70462977397248316 1.0996288805264596 1.5208919296354229 0.75514541050189066 0.83293531739079807 0.83711494878643344 0.83465374891906763 0.81867035052163584 0.36152388547704128 0.30734005052923635 0.23231752584694296 0.13148976075723343 0 -0.15577772382695532 -0.33687704052965334 -0.54167360663110387 -0.77230684765265278 -1.0108936599082541 -0.85481864400888885 -1.1130612207364694 -1.3706635000174037 -1.6908291145261725 -2.0224653568780404 -2.0935211771381876 -2.8781348705136831 -2.5569726868782361 -3.4099290265913345 -4.3344474052356583 -2.8554818813195459 -3.6220442245569577 -2.6182156254199795 -3.2869561697118157 -4.0786903496259752 -4.1602548093235061 -2.3952983119547251 4.9336772074137967 3.0199923416574976 1.235224760062303 1.8665601577631612 0.3333732233966693 0.99575199299489547 2.0307570186730106 0.95271497995540722 1.5211371043143103 0.6853484061445434 1.082717234249494 1.5060151225808063 0.74344587794885653 0.82280800113014974 0.82779952743166496 0.82692531534338687 0.8125535222866338 0.35786398070459452 0.30419388956966592 0.23062998288920758 0.13122157284034014 0 -0.1546051100699434 -0.33462108773872357 -0.53842227231295314 -0.76923570807809938 -1.0071112471973112 -0.85127858311997373 -1.1100211484292606 -1.3673588620817474 -1.6873423892576851 -2.018933521454938 -2.0925312009708694 -2.8784247991152192 -2.5607580029065167 -3.4154488235813441 -4.3413453507311726 -2.8694150129927056 -3.6379556335366692 -2.6395630347447545 -3.3103015163751093 -4.1030009776386409 -4.1946004845899667 -2.4494058165124764 4.9215284740098912 3.0119170928375878 1.2309860382774906 1.8612991219242834 0.33131814086452716 0.99262234532605387 2.0258591036373197 0.95014051907918307 1.5176046880132807 0.68357078366107416 1.0802545123859644 1.5029361405542698 0.74187947651207831 0.82110631801898315 0.82607508811114516 0.8251931752798739 0.81085041552414272 0.35706648153511428 0.30353098680737967 0.23013064233794925 0.13093620039153483 0 -0.15428594384079289 -0.33393294209409075 -0.53731726985074901 -0.76764978724604849 -1.0050260152957524 -0.849485427743227 -1.1076610276527568 -1.3644210932611969 -1.6837427047039382 -2.0146381079044189 -2.0882544290777241 -2.8725490226585357 -2.5556332145996588 -3.4086302352731828 -4.3327117653264704 -2.8643053398178067 -3.6314153194049639 -2.6355758356041403 -3.3051351614936593 -4.0965536330803465 -4.1899901754610926 -2.4508528541989101 4.8594692686082457 2.9711984187494038 1.2094649379764495 1.8347411842393129 0.32079696414522968 0.97678622085231237 2.0012453566109705 0.93714181094315485 1.4998604946951213 0.67460020557311828 1.0678935336376183 1.487520421756626 0.73401495961881214 0.81257732663955196 0.81743873414093937 0.81652742598117634 0.80233772712505369 0.3530760947017777 0.30021399484387673 0.22763517176436363 0.12951298385731905 0 -0.1526906205036708 -0.33049455722010412 -0.53179771418472876 -0.75973451853108886 -0.99462002873472588 -0.84053432943942819 -1.0958872043566048 -1.3497684996481378 -1.6657913610801265 -1.9932202860238857 -2.0669347457467353 -2.8432685081917088 -2.5301051041365827 -3.37467333436238 -4.2897225379216168 -2.8388959250903532 -3.5988958628611338 -2.6158009799108881 -3.2795091545135082 -4.0645636777099137 -4.1672315473150059 -2.458413999093287 4.795430282030793 2.9299769574386687 1.1874554661926773 1.8078110011270607 0.30990721333505239 0.96067187903379014 1.9764537693344186 0.9239565915139305 1.4819992248079235 0.66550815909910033 1.055465863582731 1.4720794105659334 0.72610409835852274 0.80402054365204734 0.80878445738553739 0.80785765933921572 0.79383301303202891 0.34908306019151758 0.29689465452076702 0.22514264713187096 0.12809597163908054 0 -0.15109671921900383 -0.32706115108549666 -0.52628872943999394 -0.75184441085295006 -0.98424915909359978 -0.8316093044535906 -1.084159186152073 -1.335177453130413 -1.6479194052551591 -1.9719018706826228 -2.04572138564557 -2.8141496920944156 -2.5047327497374239 -3.3409367440174456 -4.2470221923534019 -2.813705923774656 -3.566664158924393 -2.5962748871300056 -3.2542017919597814 -4.0329564267352689 -4.1449167194022447 -2.466449631282897 4.729677334862199 2.8883375346478743 1.1650296347344509 1.7805697154018301 0.29870028765424772 0.94432287499201639 1.9515207442059201 0.9106152437809798 1.4640455740887433 0.65631461983230688 1.0429868514966969 1.4566248567905296 0.71815676985161292 0.79544402838026707 0.80011929325394926 0.7991893876562467 0.78534034222447746 0.34509009831652898 0.29357520096833206 0.22265421815852768 0.12668531695384 0 -0.14950497484447328 -0.32363407513396264 -0.5207921921341071 -0.74398107214463971 -0.97391528174104824 -0.82271241727416866 -1.0724784740617286 -1.3206493631386615 -1.6301280495615036 -1.9506837333762341 -2.0246136893123392 -2.7851899679220544 -2.479511411854963 -3.3074127567297067 -4.2045997587809856 -2.7887203587074731 -3.5347006279849529 -2.5769733019316172 -3.2291830949963791 -4.001696468355175 -4.122990892814407 -2.4748750552325838 4.6624483863798414 2.8463562129101505 1.1422519766578059 1.7530722071601268 0.28722230577711488 0.92777827016340197 1.9264789280355228 0.89714500558821431 1.4460217091885184 0.64703747519770594 1.030470307016931 1.4411673171820778 0.71018183547357205 0.78685504869162248 0.79144958322665082 0.79052757355529879 0.77686339018756578 0.34109967267629859 0.29025765383646984 0.2201709200884365 0.12528116561467134 0 -0.1479160440654857 -0.32021455254858328 -0.51530978912232095 -0.73614594426097979 -0.96362010411657273 -0.81384551684540662 -1.0608464283693249 -1.3061855485966569 -1.6124184536104225 -1.9295667357709485 -2.0036111623421107 -2.7563870723646682 -2.4544369299816893 -3.2740945779737358 -4.162445567394478 -2.7639260352895971 -3.5029880926308188 -2.5578748021444073 -3.2044265656634598 -3.9707525351914796 -4.1014057253953649 -2.4836155870751853 4.4892620133453551 2.7403381367572925 1.084134382483342 1.6835180401067082 0.25760238876998959 0.88578238792593056 1.8635833933502652 0.8630598110012444 1.4007803642946475 0.62358051610367882 0.99909284717060809 1.402570325251292 0.6901740429958203 0.76536923821817127 0.76979137807398934 0.76892945781402144 0.75576059482035884 0.33114867125493874 0.2819836167763482 0.21399102317362242 0.121800035808804 0 -0.14395983003712856 -0.31170581699544503 -0.50167538470007578 -0.71668995884644271 -0.93806142444838114 -0.79182038293757062 -1.0319874516803658 -1.2703151701944377 -1.5685091805587734 -1.8772222893672916 -1.9515629095555651 -2.685054265053163 -2.392371106472797 -3.1916627178700887 -4.0581809239329099 -2.7027042329991677 -3.4247095339559648 -2.5108986486769256 -3.1435354887429323 -3.8946020821085301 -4.0486656261141194 -2.5064333053551393 4.3913475008497445 2.6793078305311018 1.0512767724961087 1.6436297289975217 0.2412220844152618 0.86187036247221649 1.8270895952833259 0.84353526934722611 1.3744991001038867 0.61012920482448763 0.98083293889190948 1.3799290908950714 0.67853196431716623 0.75280856589605583 0.75710677788317449 0.75624690136784523 0.74333906212679113 0.32531785136565267 0.27713464265588411 0.21035661355705415 0.1197405091150108 0 -0.14163389665010315 -0.30669834519656608 -0.4936448545159865 -0.70520311779585698 -0.92296934413504961 -0.77884362715289768 -1.0149519446233946 -1.2491332738675005 -1.5425659106903864 -1.8462811565550103 -1.9207820670863724 -2.6428149049810021 -2.3556233740919237 -3.1427975788482265 -3.9963281049538502 -2.6663395061504698 -3.3781674764452654 -2.482885006449588 -3.1072025937595105 -3.8491917619142639 -4.0170503326660363 -2.5197964132878758 4.4236754024807237 2.6906596690680096 1.0609407192281124 1.6518628783196629 0.24817493686573633 0.86777616918412992 1.8320443841707541 0.84768212551263367 1.3778940714249133 0.61289280330150953 0.98298519794559214 1.3815986394216593 0.67994792128149772 0.753981070875685 0.75813954708888054 0.75706769334134394 0.74395717360841129 0.32574261420064349 0.27748774246593833 0.21054458524685293 0.11977252240889827 0 -0.14176208617635513 -0.3069440466088269 -0.49399874642069924 -0.70554263152301311 -0.92339409452375065 -0.77934307059986918 -1.0154105150924089 -1.2496437051545575 -1.5431159696881331 -1.8468573712715404 -1.9212845799799296 -2.643204569597442 -2.3559192281487142 -3.1428860279291242 -3.9962125012596177 -2.6659225401183004 -3.3774027253284227 -2.4818249974213304 -3.105729378116922 -3.8475354402834121 -4.0146391378046706 -2.5170449917503346 4.4433111009929664 2.6975608317571438 1.0668160510394906 1.6568685170034254 0.25240231222965814 0.87136677448210342 1.8350567731334637 0.85020308005639356 1.3799577977841606 0.6145725111920608 0.98429320025870937 1.3826130624768282 0.6808081928867491 0.75469336822046662 0.75876685510223829 0.75756618065793768 0.74433252882102408 0.32600053164649995 0.27770207156824456 0.21065866490883747 0.11979195776937421 0 -0.14183982131533004 -0.30709300492404262 -0.49421323285687596 -0.70574826784918909 -0.92365127572368544 -0.77964534949536368 -1.0156877737537273 -1.2499521631543133 -1.5434481573375369 -1.8472051180599365 -1.9215868352593866 -2.6434374275554382 -2.3560941170325189 -3.14293393146523 -3.9961353189433542 -2.6656610442045121 -3.3769286863549373 -2.4811701017275722 -3.1048220129418178 -3.8465149823732898 -4.0131552260119712 -2.5153482496758621 4.455246656487029 2.7017613767495399 1.0703925326705805 1.6599157338767998 0.25497585394417727 0.87355264936928967 1.8368905252443577 0.85173749825547884 1.3812137816262295 0.61559458009889312 0.98508893944619669 1.3832300282615009 0.68133132704882027 0.75512648826046203 0.75914815357787491 0.7578691437802445 0.74456061761601677 0.32615723841548705 0.27783222880506886 0.21072793505474535 0.1198037651497829 0 -0.14188695222405209 -0.30718328791789501 -0.49434317994288129 -0.70587273425928088 -0.92380685753954161 -0.77982810985972906 -1.0158551351851917 -1.2501382122114491 -1.5436483275084714 -1.8474143842348822 -1.9217677692104842 -2.6435754415925841 -2.3561960030004023 -3.1429576598383355 -3.9960819492520061 -2.6654944847609112 -3.3766317331950031 -2.4807618212909808 -3.1042588100236026 -3.8458813730267205 -4.0122352000877575 -2.5142932868203438 4.4625096219746885 2.7043225704678759 1.0725735260590172 1.6617740913455377 0.25654548174015235 0.87488576574246124 1.8380088186528201 0.85267311842360549 1.3819794710018545 0.61621749074226739 0.9855737652043135 1.3836057402677593 0.68164987611751326 0.75539015876450077 0.75938017635790189 0.75805344525061547 0.74469933694292656 0.32625253838116802 0.27791130774443989 0.2107700084614125 0.11981094362730123 0 -0.14191552842709673 -0.30723799143665076 -0.49442186937720373 -0.7059479931450412 -0.9239008640484736 -0.77993842196591556 -1.0159559172628965 -1.2502500826569656 -1.5437685210114791 -1.8475398019883167 -1.9218753517495419 -2.6436562078020835 -2.3562539401610305 -3.1429671751865778 -3.9960435380863757 -2.6653862045913446 -3.3764429491454324 -2.4805040043728508 -3.1039054834676758 -3.8454835232193862 -4.0116590032428237 -2.5136298038247848 
end_dependent_variable

end_regular_table
