# ****************************************************************************
# CUI
#
# The Advanced Framework for Simulation, Integration, and Modeling (AFSIM)
#
# The use, dissemination or disclosure of data in this file is subject to
# limitation or restriction. See accompanying README and LICENSE for details.
# ****************************************************************************

# ##################################################################################################
# 
# This file was auto-generated by AFSIM Mover Creator 2.8.0.201104
# 
# Creation Date:  05 Nov 2020
# 
# ##################################################################################################

regular_table

independent_variable mach precision double
0.10000000000000001 0.5 0.70000000000000007 0.75 0.80000000000000004 0.84999999999999998 0.90000000000000002 0.92000000000000004 0.94000000000000006 0.95999999999999996 0.97999999999999998 1 1.02 1.04 1.0600000000000001 1.0800000000000001 1.1000000000000001 1.2 1.3 1.4000000000000001 1.5 1.75 2 2.5 3 3.5 4 
end_independent_variable

independent_variable surface_angle units deg
-40 -30 -28 -26 -24 -22 -20 -18 -16 -14 -12 -10 -9 -8 -7 -6 -5 -4 -3 -2 -1 0 1 2 3 4 5 6 7 8 9 10 12 14 16 18 20 22 24 26 28 30 35 40 
end_independent_variable

dependent_variable precision double
0.021400255123056225 -2.1454438952400006 -3.3219660011202574 -2.6499464902402385 -3.6792823254589191 -2.9052725518915596 -2.9435589712298387 -3.4777119749880985 -2.6132988183713883 -2.938232782369266 -2.1420974908742494 -1.2762080697207001 -1.7321520806291841 -1.4056098320629129 -1.139249042407567 -0.87922118964730245 -0.6271691467817937 -0.7927076143238504 -0.55787304132780013 -0.34850734808170736 -0.16321025195224259 0 0.1308901868245588 0.23522980704002455 0.3135096331301595 0.36976952013857928 0.40639192674090907 0.85523760345162436 0.8630224449410081 0.8578920082652236 0.7822694265937854 0.68692470520299875 1.1445074723890551 0.75476243861937764 1.6175225747442956 1.0563169536556196 0.37907789972715511 1.1391092955915505 0.48790371336913213 2.0762938349672737 1.465039502891383 0.69905919760022761 1.2646220656632519 2.5674224744867171 0.020194065887242256 -2.1461125918906827 -3.3225396438588364 -2.6504422237992218 -3.6796969661411612 -2.9056211897066628 -2.9438402956792102 -3.477932638645636 -2.6134716581490753 -2.9383590357474594 -2.1421880322084017 -1.2762687633196776 -1.7321975774996019 -1.4056443080307932 -1.1392739056270078 -0.87923802047799304 -0.62717946616036713 -0.7927119810568124 -0.55787397119331428 -0.34850645711882755 -0.16320907882558669 0 0.13088738326583171 0.23522265144453156 0.31349657419551136 0.3697490819262681 0.40636246905331314 0.85519721868736898 0.86297009686667037 0.85782606373607928 0.78218835248221996 0.68682695191399867 1.1443720023735773 0.75458328046663503 1.6172944862046112 1.0560335772917362 0.37873318549326396 1.1386999510290805 0.48742229419249078 2.07573911110005 1.4644019000090684 0.69833298785635556 1.2636585461468592 2.5661935142847176 0.02035556894576291 -2.1460189927264817 -3.3224571786988437 -2.650370957747108 -3.6796355047018339 -2.9055694167147488 -2.9437969192736388 -3.4778968972411159 -2.6134432617151369 -2.9383368205879052 -2.1421715285555694 -1.2762571304426371 -1.7321878875203376 -1.4056365469073371 -1.1392678499644118 -0.87923346807191571 -0.62717620567918764 -0.79270973408659828 -0.55787259804839617 -0.34850575323326 -0.16320883500595776 0 0.13088734353344456 0.23522278117316925 0.31349708190840109 0.36975018141237503 0.4063643627403738 0.85520009135491892 0.86297418997273478 0.85783158108067792 0.78219549984401349 0.68683593405041365 1.1443852965431058 0.75460171654959507 1.6173189371008054 1.0560648313938499 0.37877204983150314 1.1387473870953018 0.48747898927720801 2.0758061625192479 1.4644797931042284 0.69842247297919435 1.2637808282011496 2.5663533920492512 0.020387750583700449 -2.1460003863527439 -3.3224408049980436 -2.6503568065069047 -3.6796233160181622 -2.9055591471851616 -2.9437883231636941 -3.4778898463859398 -2.6134376561614472 -2.9383324565356821 -2.1421682885628974 -1.2762548502823163 -1.7321859951098193 -1.4056350310768739 -1.1392666727368628 -0.87923258511934044 -0.62717557701389026 -0.79270930574274223 -0.55787233793689273 -0.34850562281848069 -0.16320878988815662 0 0.13088734010273639 0.23522281667700917 0.31349719842482321 0.36975041990243879 0.40636476491510726 0.85520069295751389 0.86297503868205572 0.85783271611849499 0.78219696435746533 0.6868377722078729 1.1443879993666679 0.75460545720225858 1.6173238830649541 1.0560711421096494 0.37877987056949691 1.1387569301445173 0.48749037795165701 2.0758196117886971 1.4644954003688755 0.69844039231772603 1.2638052821610457 2.5663853148043572 0.020417593595668075 -2.1459831548153439 -3.322425654480325 -2.650343713009867 -3.6796120543596986 -2.9055496645164096 -2.9437803985151363 -3.4778833321892568 -2.6134324808026013 -2.938328420044281 -2.1421653009426906 -1.2762527490932627 -1.732184258437494 -1.4056336463473325 -1.1392655903564264 -0.87923177684450515 -0.62717500017622119 -0.79270891288676959 -0.55787210124994535 -0.34850550402023878 -0.16320875145624722 0 0.13088733810813868 0.23522284985115899 0.31349730546291693 0.36975064288251053 0.40636514123985407 0.85520125428519123 0.86297583403189793 0.85783378069116312 0.78219833887466694 0.68683948730662947 1.1443905216871124 0.75460893922739958 1.6173284782352078 1.056077003482468 0.37878714622381771 1.1387657830948255 0.48750094606454858 2.0758320901198757 1.4645098898928572 0.69845702234827234 1.2638279550887628 2.566414899954728 0.020445360694124625 -2.1459671215684439 -3.3224115595356483 -2.6503315312195248 -3.6796015676902214 -2.9055408321184362 -2.9437730190779048 -3.4778772867390004 -2.6134276804919581 -2.9383246806043322 -2.1421625314197792 -1.2762507998127732 -1.7321826434196737 -1.4056323529544101 -1.1392645921639712 -0.87923102789698504 -0.62717446827284984 -0.79270855245497751 -0.55787188412601263 -0.34850539551412107 -0.16320871548168217 0 0.13088733715871012 0.23522288527521498 0.31349741250101049 0.36975085916073364 0.40636549713991965 0.85520178609282149 0.86297658361768892 0.85783478035164162 0.78219961886389167 0.68684109421840378 1.144392883163194 0.75461219670870405 1.6173327775028952 1.0560824775522735 0.3787939429193698 1.1387740522822203 0.48751080978125527 2.0758437214650649 1.4645233929047479 0.69847253336161008 1.2638490931017048 2.566442465614768 0.020471332973741825 -2.1459521330439761 -3.3223983888077857 -2.6503201531403797 -3.6795917790342179 -2.9055325902490523 -2.9437661431090598 -3.4778716273152153 -2.6134232008488065 -2.9383211983877104 -2.1421599457189968 -1.2762489867393756 -1.7321811477585836 -1.4056311591318082 -1.1392636588198788 -0.87923033473437506 -0.62717397364452143 -0.79270821717107431 -0.55787168407583676 -0.3485052958161472 -0.1632086824910354 0 0.13088733756560808 0.23522291945464205 0.3134975148478103 0.36975106222674142 0.40636583548752525 0.85520229000799719 0.86297728533313423 0.85783571950400317 0.78220083285586639 0.6868426038576354 1.1443950994963867 0.75461524917727363 1.6173368092072624 1.0560876095086733 0.37880030278205801 1.1387818047251872 0.48752006024691635 2.0758546249256873 1.4645360411437411 0.69848703488509178 1.2638688616397891 2.5664682507532461 0.012018117773412626 -2.1447310423183654 -3.3178170180306976 -2.6468052348677751 -3.6733968804178248 -2.9006820496481076 -2.9384514730281537 -3.4711362854621557 -2.6083336568097346 -2.9324281238091667 -2.1378396892971252 -1.2735014723667086 -1.7285054454783517 -1.40262081370949 -1.1368376611965174 -0.87736413607743147 -0.62583938045202758 -0.79106453229033191 -0.55670770481759568 -0.34777485618467557 -0.16286563761738085 0 0.13059878519184143 0.2346947445642853 0.31277824200854265 0.36888423983909641 0.40539478277435059 0.85332660749511635 0.86106887123501563 0.85593084027988731 0.78039003106538729 0.68516654871702687 1.1415494602076497 0.75234878426899165 1.6131922985611546 1.0527737257539709 0.37647900827729441 1.1345968729716576 0.48423455418650768 2.0691036396562952 1.4585599952816108 0.69342356213427803 1.2557132759116425 2.5538394030545049 0.0035791676808828877 -2.1435083676587467 -3.3132381611233424 -2.643292064335121 -3.6672069232976816 -2.8958353474063947 -2.9331414907178979 -3.4644073997486244 -2.6032490222512252 -2.9265409245177563 -2.1335237696477622 -1.2707568891655372 -1.7248336177345676 -1.3996136717962571 -1.1344142328193052 -0.8754999129849883 -0.62450620275375157 -0.78942255223217861 -0.55554494059171133 -0.34704518233193765 -0.1625229528946788 0 0.13031054726242086 0.23416715507719846 0.31205977863129503 0.36801841222277215 0.40442485941837875 0.85145296525467828 0.85916254864975816 0.85402804896878282 0.77858128711257668 0.6834924584051959 1.1387072063608439 0.75008531954209601 1.6090528043188141 1.0494642712955813 0.37416148008369987 1.1304178809195979 0.48095441956188295 2.0623616884786009 1.4525925397339221 0.6883682548645419 1.2475701327970135 2.5412282574267517 -0.0048454875859365943 -2.1422840992612722 -3.3086618190048296 -2.639780631738569 -3.6610219354002922 -2.8909924894981311 -2.9278361866808158 -3.4576849358611565 -2.5981692944159458 -2.9206596090152508 -2.1292121878432031 -1.2680152234257938 -1.7211656685866354 -1.3966097275710749 -1.1319933690160957 -0.8736376600572705 -0.62317443691154673 -0.7877822714053575 -0.5543833863622234 -0.34631627182611963 -0.16218062673363365 0 0.1300226262283081 0.23364015250608436 0.3113421308626198 0.3671535778076212 0.40345606465368417 0.84958136788223626 0.85725831305840106 0.85212735460861055 0.77677459670825144 0.68182035582331579 1.1358683468407047 0.74782483814622469 1.6049183191273555 1.046159295152739 0.37184774730644465 1.1262448049785017 0.47767965897718895 2.0556287620483111 1.4466336821599299 0.68332110664210877 1.2394394865234293 2.5286347654634924 -0.013255885199965164 -2.141058253057194 -3.3040880147550502 -2.6362709552560863 -3.6548418862928829 -2.8861534708682099 -2.9225355510109376 -3.4509689191774195 -2.59309446288731 -2.9147841548600333 -2.1249049409218692 -1.265276486151276 -1.71750159124335 -1.3936089827445111 -1.129575073973949 -0.87177737663047605 -0.62184408620612763 -0.78614369422670638 -0.55322304588854965 -0.34558812612248024 -0.16183866063418303 0 0.12973501911196761 0.23311373636585694 0.31062529092837288 0.36628973495966921 0.40248839364217065 0.84771180762917686 0.85535616721827656 0.85022875686746979 0.77496996038855948 0.68015022473376552 1.1330328653330188 0.74556736214003327 1.6007888429357173 1.0428587428936691 0.36953776981103076 1.1220776507140944 0.47441025900319811 2.0489048499488405 1.4406834587113204 0.67828213523645131 1.2313212999179715 2.5160589933406938 0.18158752046369386 -2.1398308216936264 -3.2995166996611394 -2.6327630284538985 -3.648666793847049 -2.8813183111753862 -2.9172396086263741 -3.4442593466847722 -2.5880245494176024 -2.9089145814300199 -2.1206020326112647 -1.2625406676147288 -1.7138413863174511 -1.3906114351975047 -1.1271593456759277 -0.86991906415986342 -0.62051514743337255 -0.78450681929202803 -0.55206391666228394 -0.34486074395724226 -0.16149705510056117 0 0.12944772696973841 0.23258790318432043 0.30990926046252865 0.36542688625753211 0.40152185285590886 0.84584428910381892 0.8534561113336312 0.84833224821375941 0.77316738491917647 0.67848206299195346 1.1302007664078084 0.74331288151542807 1.5966643725270122 1.0395626384152488 0.36723158425976055 1.1179164326789615 0.47114622336741452 2.0421899807747415 1.4347418089310373 0.67325131368699043 1.2232155868694228 2.4876257485101831 0.12421483470086638 -2.042179497960424 -3.2949479359162508 -2.6292568498001541 -3.6424966703175987 -2.8764869840718208 -2.9119483414512821 -3.437556218995955 -2.5829595437434212 -2.9030508793043261 -2.1163034617625018 -1.2598077827517007 -1.7101850512813845 -1.387617090061757 -1.1247461863049197 -0.86806272302839538 -0.61918762017202233 -0.78287164369080564 -0.55090599987061084 -0.34413412402833232 -0.16115580873495403 0 0.12916075192706383 0.2320626587059163 0.30919404327556671 0.36456502921195194 0.40055643919290052 0.84397880629364674 0.8515581450215024 0.8464378376854006 0.77136686287062461 0.67681588415476146 1.1273720640815108 0.74106138937907928 1.5925449216879 1.0362709783474051 0.36492916445798063 1.1137611248316346 0.46788756738834908 2.0354841218975861 1.428808794399494 0.67139543066835083 1.1618219434916124 2.3305099909117386 0.067571743255792613 -2.0960696209536813 -3.24715151567041 -2.5813654471796559 -3.5919715036575863 -2.8275997650507305 -2.8638894558341721 -3.389970280704194 -2.5395405069095789 -2.8616788911841478 -2.1120092280436786 -1.2570778216817518 -1.7065325984154895 -1.3846259448097136 -1.1223355936014443 -0.86620835045320899 -0.61786150686027319 -0.78123817079311142 -0.54974929756876389 -0.34340827236103116 -0.1608149222330772 0 0.12887409062025418 0.23153799657346258 0.30847963516127924 0.36370416689939611 0.39959215317652785 0.84211536600263226 0.8496622685116676 0.84454551573385495 0.76956839324720072 0.67515167267390119 1.124546737750729 0.75221793845234508 1.5973906569230931 1.0360147292788473 0.35793690927467692 1.0953357094271945 0.43861757367468518 1.9882147267410704 1.3650288317877519 0.58336590795073118 1.0483653175579646 2.1740529413248146 0.012138715302140717 -2.1491715351861367 -3.2927385219927516 -2.6239867791547149 -3.6287421621811582 -2.861702278618266 -2.8940447354896368 -3.4149759986508945 -2.5631408369239503 -2.881357939575409 -2.0986614045635061 -1.2460241760573825 -1.6954036123981175 -1.3750861274167387 -1.1135817833163189 -0.85902718175338855 -0.61227289263527451 -0.77644686263499985 -0.54575619455922986 -0.34101491789680466 -0.16001903788674407 0 0.12727374863265004 0.22832734588371098 0.30362243696962543 0.35787213712221982 0.39194984160848434 0.83173060766781115 0.83792854562991592 0.8305873830512509 0.75327760638843111 0.65635163430719146 1.0990413885010539 0.70705419698059657 1.5460413651603653 0.98147401682944235 0.29995307079562494 1.0311914376022036 0.37086802427790622 1.9117604478228212 1.2839847782042486 0.49617162662162434 0.93585119373550785 2.0187356347888654 -0.047466189765958455 -2.1819487332810237 -3.3188407555318418 -2.6478616415439911 -3.6471807369522331 -2.8779598633199148 -2.9065455342764812 -3.4223927669902303 -2.5689464625671619 -2.8829412095519458 -2.0992739570341792 -1.2455379342306041 -1.6932585316751512 -1.3730415687780542 -1.1108240710791648 -0.8566380808821572 -0.61041101831731481 -0.77445457432921083 -0.54356071684233997 -0.33981480057397367 -0.15992094272368984 0 0.12594000072515188 0.22563748428352071 0.2995528232584006 0.35330953080590005 0.38586472436294333 0.82330921514165178 0.82883442855280398 0.81992338386535502 0.74116788060190253 0.64288370492036184 1.0820178714722013 0.68828921921272923 1.5229007213897983 0.95730733007080693 0.27502927093383778 1.0032607565482361 0.3430625043412569 1.8798135494159514 1.2527367516164027 0.46554182377455094 0.90407202985519597 1.9898990974841619 -0.05439047962771467 -2.1798943297163378 -3.3136098740281308 -2.6438184652972576 -3.6405874375216749 -2.8728033564026365 -2.9010164395121438 -3.4155378838197565 -2.5637845911584911 -2.8770407196908563 -2.0949682029783072 -1.2428264224175343 -1.6896344280877125 -1.370080740824601 -1.1084569362374417 -0.85482368063309033 -0.60911867330931269 -0.77284854230952182 -0.54243600359921984 -0.33910690360543316 -0.15958166378462424 0 0.12567455942680472 0.2251568803261064 0.29890714362109927 0.35252881320533325 0.38501030709676071 0.82158959341616089 0.82710139730939902 0.81823068582665126 0.739607552061045 0.64149792412007534 1.0795532508792682 0.68649025487800142 1.5193533314998484 0.95470147952364948 0.27354705740229895 1.0000818291793465 0.34094452226800065 1.8744657980409729 1.2483832954117786 0.46239189005727144 0.89886660935027629 1.9820752162340602 -0.089138377115084835 -2.1698163667867116 -3.287671889492731 -2.6237731893811804 -3.6078127434416118 -2.8471683681796507 -2.8735085442989381 -3.3814061598947451 -2.538078560533648 -2.8476409442353616 -2.0735095838187902 -1.2293086884163558 -1.6715662236305544 -1.3553178921029807 -1.0966490115109964 -0.84577113159859363 -0.602669456216268 -0.76483733503846563 -0.53682244190297101 -0.33557435996290064 -0.15789047613831217 0 0.1243463320520701 0.22275067275695415 0.2956721716871985 0.34861832459638276 0.38072511271622461 0.81298331466101437 0.81842354894031766 0.8097442232285319 0.73177155912831926 0.6345221163706698 1.0671826337239769 0.67741682013919935 1.5015369616994212 0.94155192133207222 0.26596732681417362 0.98400954509793104 0.33012207690899054 1.8474928242008746 1.2263132103235552 0.44625086415900017 0.87223521608739318 1.9419287681775235 -0.12403843132696842 -2.1600304724545691 -3.262068852874715 -2.6039913114273068 -3.5753407298573343 -2.8217661146006514 -2.846219821741562 -3.3475050495106036 -2.5125398261727723 -2.8184095061919465 -2.0521665757574548 -1.2158573373090371 -1.6535854991031824 -1.3406243528766932 -1.0848883537088834 -0.83675198534264794 -0.59624195087821963 -0.75685843444269107 -0.53122647843097326 -0.33205389649792211 -0.15620797509285567 0 0.12301710370840072 0.22034060916760459 0.29242853445474642 0.34469900805735876 0.37642175262444294 0.80436817599840349 0.80972993399407833 0.8012262304121438 0.72388641841345414 0.62747768373570734 1.0547450458269783 0.66822792570016498 1.4836075875007222 0.92822530719804097 0.25813485892607324 0.96767471272104177 0.31895151405362454 1.8201760583012316 1.2037929542887087 0.42952241575583128 0.84469690112029205 1.9002349565038015 -0.15901910073336686 -2.1504979202482657 -3.2367689047354835 -2.5844468923461235 -3.5431502076941945 -2.796580150733762 -2.8191377290434354 -3.3138257036743024 -2.4871624100270533 -2.789343073018602 -2.0309375445645133 -1.2024723758612528 -1.6356926515103316 -1.3260007605234381 -1.0731762866057364 -0.82776754291742938 -0.58983732131050048 -0.74891271846434304 -0.52564928441102476 -0.32854615607733034 -0.1545341701425399 0 0.12168774432763747 0.21792851204595684 0.28917910025104782 0.34077419370483719 0.37210484994795057 0.79575017149774507 0.80102737584597172 0.79268514008998314 0.71596226298363608 0.62037655269701664 1.0422558799937678 0.65894287390563899 1.4655894726588046 0.91475101342956222 0.25008505405034592 0.95111924987672047 0.30748211105311191 1.7925737625104059 1.180890554515569 0.4122876936370693 0.81637695710123592 1.8571991901868388 -0.19401840510805618 -2.1411845912488761 -3.2117439003752928 -2.5651171067907339 -3.5112225006239242 -2.7715960021182036 -2.792251317299022 -3.280360385006079 -2.4619411390354222 -2.7604387763241958 -2.0098211563806458 -1.1891539170470198 -1.6178880848777228 -1.311447719358463 -1.0615140521498125 -0.81881902846342636 -0.58345662161812972 -0.74100100453745033 -0.52009192562850914 -0.32505172702767793 -0.15286907148374856 0 0.12035904137697216 0.21551602583413684 0.28592644497942121 0.33684689507283966 0.36777855849241087 0.78713469289185012 0.79232201070843 0.78412854143522392 0.70800819816163718 0.61322944161654891 1.0297289236499199 0.64957906122232068 1.4475043763522213 0.90115539935395805 0.24184975017967214 0.93438083550578543 0.29575807100198631 1.7647381492062617 1.1576671471804199 0.39461947298344291 0.78738774990190941 1.8130055854706817 -0.2812630323566187 -2.1186709000894526 -3.1502285979725539 -2.5176052375577096 -3.4324500482708782 -2.7099389588123155 -2.7258309447884823 -3.1975911998074951 -2.3995428527822042 -2.6888721383292631 -1.9575162017358965 -1.1561498320985535 -1.5737658267635155 -1.2753777420381052 -1.0325838916180803 -0.79661203367502631 -0.56761586505014172 -0.72137521438898933 -0.50629145035932799 -0.31637728851121277 -0.14874450694279506 0 0.11704462503754387 0.20949246325701795 0.2777954300722596 0.32703488232886979 0.3569454262701377 0.76563764836516757 0.77058115293550067 0.76271223678935085 0.68804394312530115 0.59522130263560225 0.99832452939385208 0.62592332594183475 1.4021221547745144 0.86678505579610621 0.22062995298499297 0.89194744511326862 0.26558452259276033 1.6944244003950966 1.0985499244407857 0.34896434575454677 0.71262240485578643 1.6984974800597916 -0.33424230592844756 -2.1050497626942497 -3.113532661944324 -2.4892739283525875 -3.3856047512664076 -2.6733046134095204 -2.6864135106568594 -3.1485152385053068 -2.3625786315485815 -2.6464881893875019 -1.926565177633589 -1.136672570389601 -1.5476789027738174 -1.2540601537049392 -1.0155070172420455 -0.78351025953517217 -0.55827663197042121 -0.7097700445449403 -0.49814494660279857 -0.311253624771332 -0.1463002568096767 0 0.11510236756699725 0.20596827319730066 0.27304775016241867 0.32130275992328816 0.35063807176666201 0.75302862523834613 0.75784618963020189 0.75020428886631962 0.67643740562546695 0.58481659899984872 0.98005343604924278 0.61234735836684595 1.3757536095392986 0.84707819578058385 0.20887668649195626 0.8677508885352716 0.24884194567184573 1.6540382485381226 1.065035103111591 0.32372449392002978 0.67101259504399047 1.6347670361168645 -0.33800953876119277 -2.1030906234669429 -3.1120032146019678 -2.4881376790964769 -3.3847205374671727 -2.6727720653843412 -2.6861358766920285 -3.1485066831170703 -2.3627366228385198 -2.6468195689854661 -1.9269471344860514 -1.1371343628520367 -1.548116946438467 -1.2544603778814349 -1.0159613607595082 -0.78390237479419111 -0.55859402034279171 -0.71000132341979061 -0.49839172988487906 -0.31139007999044388 -0.14631610388880045 0 0.11524613386448587 0.20626230993618888 0.2735002040777566 0.32182535666094153 0.35134562835151162 0.75392947621676631 0.75886207496487368 0.75144261174207105 0.67790714779575001 0.58652713794630928 0.98222627105417881 0.61505206227631981 1.3791121674838014 0.85112190986022873 0.21372547639137221 0.87347294460492875 0.2555500210864407 1.6619295525281221 1.0742372248293239 0.33460012336110007 0.68752329183850935 1.6611975128143788 -0.34026663195780121 -2.1018865029960012 -3.1110616865948728 -2.4874365291595995 -3.3841739513034601 -2.6724404349457638 -2.6859603533665708 -3.1484957150633943 -2.3628278739303359 -2.6470170494812257 -1.9271762304731235 -1.1374126523214725 -1.5483811773446892 -1.2547019737732548 -1.0162360615486721 -0.78413955927405932 -0.55878607968143534 -0.71014131226827615 -0.49854125115536368 -0.31147276723692857 -0.14632569686678709 0 0.11533335060310911 0.20644071968394193 0.27377479316944664 0.32214261067720745 0.35177522417663448 0.75447651363827317 0.75947910266186014 0.75219483487023042 0.6788000395313083 0.58756641337030768 0.98354673306095286 0.61669602825173375 1.3811537828493672 0.85358029850003803 0.21667350973746238 0.8769521332682656 0.25962884263957053 1.6667277938952469 1.0798323887388892 0.34121233553560937 0.69755896138127127 1.6772563058834027 -0.34160974621230267 -2.101141433612348 -3.1104777143292064 -2.4870001252138687 -3.3838329855091422 -2.6722313079139575 -2.6858472657377233 -3.1484837091806175 -2.362878979035183 -2.6471335690947462 -1.9273127445727609 -1.1375797696141721 -1.5485400781712013 -1.2548474179263707 -1.0164018384716835 -0.78428280617829382 -0.55890214069704081 -0.71022594672086836 -0.4986317810006336 -0.31152284983118494 -0.14633149747617971 0 0.115386262414598 0.20654899410906707 0.27394148186298162 0.32233529264948479 0.3520361871339035 0.75480888989684058 0.75985414863203804 0.75265212560532813 0.67934294223146352 0.58819839767819848 0.98434998023350684 0.61769637806345024 1.3823962825723748 0.85507668977280349 0.2184681332658073 0.87907028118993125 0.26211222342961954 1.6696491411191206 1.0832388591552962 0.34523753719504907 0.70366584907723528 1.6870222802795141 -0.34240069964173253 -2.1006760776813564 -3.1101117985105531 -2.4867253009192121 -3.3836174757645354 -2.6720971318020186 -2.6857726301238678 -3.1484714735201802 -2.3629060545028802 -2.6472012686146016 -1.9273933652564088 -1.1376796169435872 -1.5486352271857247 -1.254934677269602 -1.0165016443134656 -0.78436914545347491 -0.5589721498015231 -0.71027702725227104 -0.49868654659127132 -0.31155316612130668 -0.14633499663890448 0 0.11541837025241877 0.20661472456202393 0.27404271743243097 0.32245239628122613 0.35219484477905794 0.75501102307109647 0.76008236157079467 0.75293044507351414 0.67967343080272025 0.58858323951684599 0.98483936516337667 0.61830606755553064 1.3831537471842854 0.85598917771320049 0.21956262426169595 0.88036230693463891 0.26362708627322817 1.6714311868736218 1.0853167193937681 0.34769240768356313 0.70738803272303818 1.6929693091037747 
end_dependent_variable

end_regular_table
