# ****************************************************************************
# CUI
#
# The Advanced Framework for Simulation, Integration, and Modeling (AFSIM)
#
# The use, dissemination or disclosure of data in this file is subject to
# limitation or restriction. See accompanying README and LICENSE for details.
# ****************************************************************************

# ##################################################################################################
# 
# This file was auto-generated by AFSIM Mover Creator 2.5.0.200324
# 
# Creation Date:  24 Mar 2020
# 
# ##################################################################################################

regular_table

independent_variable mach precision double
0.10000000000000001 0.5 0.70000000000000007 0.75 0.80000000000000004 0.84999999999999998 0.90000000000000002 0.92000000000000004 0.94000000000000006 0.95999999999999996 0.97999999999999998 1 
end_independent_variable

independent_variable alpha units rad
-0.52359877559829882 -0.48869219055841229 -0.4537856055185257 -0.41887902047863912 -0.38397243543875248 -0.3490658503988659 -0.31415926535897931 -0.27925268031909273 -0.24434609527920614 -0.20943951023931956 -0.17453292519943295 -0.13962634015954636 -0.10471975511965978 -0.087266462599716474 -0.069813170079773182 -0.05235987755982989 -0.034906585039886591 -0.017453292519943295 0 0.017453292519943295 0.034906585039886591 0.05235987755982989 0.069813170079773182 0.087266462599716474 0.10471975511965978 0.13962634015954636 0.17453292519943295 0.20943951023931956 0.24434609527920614 0.27925268031909273 0.31415926535897931 0.3490658503988659 0.38397243543875248 0.41887902047863912 0.4537856055185257 0.48869219055841229 0.52359877559829882 0.6108652381980153 0.69813170079773179 0.78539816339744828 
end_independent_variable

dependent_variable precision double
1.7065789348914728 2.0086471757567992 1.9249849675709636 1.8571154810853696 1.7598428467688056 1.5917603078680245 1.9505940322595006 2.067424890127314 2.4299099660244305 -1.0111141815308731 2.3688387004841083 3.6009928181654618 4.2143844417814416 4.2542461838772292 4.2749640677437277 4.2575129256640505 4.2653244723088859 4.2589424858258678 4.217248607997881 4.1803518780022371 4.1459450532099194 4.1096171970637192 4.0767981124226411 4.0463985165458478 4.0105335671243951 3.9714630374435638 3.9500521872983003 3.9254890616492051 3.9172102957471426 3.8652453657601713 3.7759282233715261 3.6702107904801209 3.0511508452990364 2.6045454062599003 -1.3437440761251307 1.5880894934237537 1.6353130583808004 1.4246652097009456 1.182798918397044 0.9410696751423745 1.7040484155728235 2.006091101997852 1.9224027861734567 1.8545146402021722 1.757220420924219 1.5891249133468288 1.9479493575983793 2.0647839879354324 2.4272659091244737 -1.0138104972172208 2.3661562932746358 3.5983273298632561 4.2117323637534119 4.2515981969112628 4.2723211938886703 4.2548757849603112 4.2626939528155523 4.2563196593670192 4.2146339018337819 4.1777460338661037 4.1433487490004843 4.1070294704545836 4.0742211441877867 4.0438333551686485 4.0079814426444624 3.968938633922849 3.9475588954679908 3.9230290313920926 3.9147881552591928 3.8628654446642741 3.7735918510854471 3.6679206674453768 3.0489119676801932 2.6023592729689886 -1.3458962276332067 1.5859914916048301 1.6332794504718231 1.4228090423607875 1.1811221890263184 0.93958378353053318 1.703555400588779 2.005592409927182 1.9218987612994274 1.8540062046158758 1.7567077583593176 1.5886090360929335 1.947430929314824 2.0642643412042938 2.426744951366167 -1.0143358669174896 2.3656316422605936 3.5978040185862352 4.2112105472450532 4.2510770932578703 4.2718009764224094 4.2543565992629704 4.2621759636662588 4.2558030439358401 4.2141187899514447 4.177232578939015 4.1428371015527086 4.1065196568031617 4.0737134204539025 4.0433278975198155 4.0074784335454856 3.9684409350697689 3.9470671356813956 3.9225437470383033 3.9143100545172023 3.8623952081428423 3.7731299388001531 3.6674676305188822 3.0484685173618118 2.6019258634469544 -1.346320601481811 1.5855779238458061 1.6328777420792124 1.4224395083970176 1.1807867727227637 0.93928493895109599 1.7034489373878923 2.0054844476419516 1.9217893869405642 1.853895603131072 1.7565959915622855 1.5884963048625729 1.9473173758336384 2.0641502214681489 2.4266302840946232 -1.0144515650963828 2.3655158032052581 3.5976881756039036 4.2110947620867787 4.2509613435179441 4.2716853004798478 4.2542410301550548 4.2620605376337473 4.2556877985745016 4.214003758423881 4.1771177937420712 4.1427225939535344 4.1064054466961837 4.0735995554604303 4.0432144128702188 4.0073653740727204 3.9683288150213132 3.9469561001612563 3.9224339178411123 3.9142015816657469 3.8622882459677599 3.7730245981149761 3.6673640379430319 3.0483668194561329 2.6018261748942106 -1.3464184154937857 1.5854823137605423 1.6327845425720766 1.4223528939770183 1.1807072598617943 0.93921311320327794 1.7032716134442856 2.0053022632231792 1.9216025276209141 1.8537043406183089 1.756400495726631 1.5882968701572326 1.947114250351534 2.0639437548969379 2.4264206223998839 -1.0146647111749407 2.3653000859695967 3.5974701489667935 4.2108746197643425 4.2507402053070518 4.2714632352904127 4.2540181031295825 4.2618368178936263 4.2554633577240102 4.213778657477822 4.1768921057537245 4.1424963839635822 4.106178765646896 4.0733724857492026 4.0429870298295754 4.0071377482887209 3.9681009083655803 3.9467281919546982 3.9222062758752667 3.9139745022736081 3.8620620173522369 3.7727994803761393 3.6671403041358275 3.0481447685922527 2.6016060614500254 -1.3466365480325022 1.5852666119763508 1.6325716149484415 1.4221480921778431 1.180512010803209 0.9390288915793702 2.0040647346582645 2.2728182253731686 2.1541200543234247 2.0527639769889854 1.9234818785886012 1.7296748318685284 2.0634094118303956 2.1509474114794638 2.4819282083174317 -0.98829128294194679 2.3835608858890036 3.612394776208979 4.2215992051022404 4.2596822638200198 4.2790119777342088 4.2604270833286373 4.2676109451546322 4.2606188920609478 4.2182743612260198 4.1806902079623196 4.1454767926438461 4.1085232661384996 4.0755045676952308 4.044988916166429 4.0090792786423357 3.9699679206756104 3.9485446281788561 3.9244183079837311 3.917024720001915 3.8656699632879432 3.7767074973123029 3.6717166795327905 3.0536511439470342 2.6072297331955578 -1.3394912771837788 1.6104060987195286 1.6771831130114538 1.4968615364571087 1.2741007679389755 1.0447755669621444 2.5709712890390728 2.7801736851357743 2.5990414538193587 2.4373229686578095 2.2490669381106452 2.0067334677143323 2.2923501062418028 2.3227292974685803 2.5918067679555543 -0.93677601587256698 2.4176404373357165 3.6384586498546252 4.2407734356971982 4.2760234705099149 4.2931027435681974 4.2727289789639498 4.2781255706594168 4.2693844542620294 4.2252122529836962 4.1859832027427597 4.1488893028579685 4.1104244269686072 4.076744460532816 4.0457351180010264 4.0093000138735659 3.9694727222545496 3.9478333381054669 3.9244805283255513 3.9188086670736415 3.8687388614459182 3.7807168360397942 3.6775305620650798 3.0619351976941807 2.6167976259147392 -1.3249473341675757 1.6633750650277612 1.7714267289694814 1.6590511914707513 1.4859648468979358 1.3019333448002315 2.8265058781911034 3.0146549523012403 2.8068846371408194 2.619313764876336 2.3805927886580238 2.1066023611708351 2.3840784760657181 2.4093302342523852 2.7019311211608201 -0.85358609292386978 2.4976322507815789 3.7167874614769931 4.3172306013175383 4.3515013721836455 4.3678374881446462 4.3321398823526476 4.3414253997957584 4.3308747271625698 4.2834298055287423 4.2409942159665945 4.2005774896282944 4.1589135230107752 4.1223600220769008 4.0885260100303435 4.04921713850527 4.0035482315082183 3.9756888093746912 3.9466584996352561 3.9363489203867443 3.8823869880323083 3.7895526938659088 3.6821736904439129 3.0623255160910379 2.522907312598341 -1.3013120847350992 1.7084956511125007 1.832152909705933 1.7470465850545893 1.5936170464508475 1.4272545926356008 3.0865046437781207 3.2537017308703371 3.0184507713719699 2.803974847283893 2.5141883524911646 2.2083337296072472 2.477385447167054 2.4972591326140878 2.8132454397012294 -0.76925174229428983 2.578764595281402 3.7962559220046028 4.3948238942496713 4.4281117658555651 4.4437024736349446 4.3926804426456343 4.4058566376708281 4.3935029373825332 4.3427915157543815 4.2971756018220093 4.2534653199063746 4.2086349344567697 4.1692401942739279 4.1326137277010142 4.0904619099223547 4.0391836446163509 4.0056857420202983 3.9714244639827876 3.9560738495531291 3.8979114703736659 3.8004715488385337 3.6891684394394253 3.0652309230800645 2.4318936429815539 -1.2740626354765845 1.7579740759698828 1.8976749364428573 1.8406963293846461 1.707649069232424 1.5595333676613701 3.3294463985419465 3.4794126709843964 3.221153375075092 2.9837196665129331 2.6455683221795239 2.3091914257919521 2.5707080487098661 2.5856892034148689 2.9252692804804532 -0.68417540424076495 2.6606822546557916 3.8765511535114885 4.4732805728955425 4.5056103414938891 4.5204801911390113 4.4541559597044982 4.4712425754422833 4.4571061091189206 4.4031548894411081 4.3543554140988325 4.3073492081224654 4.2593596065762904 4.2171345632778294 4.1777255697928402 4.1327363820028316 4.0758906384091782 4.0368144550137588 3.9975047543641007 3.9777902251151258 3.9161535319126579 3.8140981398346119 3.6988944208373011 3.0713206901792023 2.3451303815660247 -1.2408430939371606 1.8154584289048992 1.9729810416723021 1.9493221494817845 1.8437942637867268 1.7236601566795104 3.3491499974849166 3.5030625168274185 3.2438323090441776 3.0051937498566978 2.6411130669482463 2.293577616978252 2.5672591276313956 2.6012613846566004 2.9906560756265832 -0.62100481370700122 2.727399780898081 3.9442889860577721 4.5428260675882317 4.5757385435657305 4.5911324390465653 4.510225390791863 4.531743887775046 4.5163208349118342 4.4596542380927069 4.4082659797283483 4.3586561651794007 4.3080263638180547 4.2631290778733115 4.2209851393409865 4.1731996237015956 4.1108156228194117 4.0661454810819153 4.0212857473151145 3.996237655247127 3.930272025778569 3.8232204904756819 3.7032646056410718 3.0703388580044355 2.2491889880823885 -1.2212460384495154 1.8408287395382037 1.9968340206920301 1.9723242010704711 1.8661264858735813 1.7463957931359761 3.3691906666007037 3.5270209393849519 3.2668326685647324 3.0270001496826331 2.6370011385277414 2.2783176057294323 2.5641708181005227 2.6169473226849105 3.0555718973428547 -0.55886662776515605 2.7937188675668296 4.0123199191231347 4.611828383511285 4.6449213887882337 4.6604714534847487 4.5652538942228063 4.5915785159871687 4.575236848380964 4.516212445604447 4.4624336376288332 4.4101626683285433 4.3568468073051498 4.3092358468845315 4.264404322019919 4.2138823057580712 4.1460473110419365 4.0958053437928124 4.0453911600324632 4.0150124662133901 3.9447149485465864 3.8326498240651046 3.7079245999711796 3.069841276694532 2.1541277601287234 -1.2004168712331278 1.8670843388269622 2.0212262909471663 1.9955610884973141 1.8883773433699311 1.7675207942123927 
end_dependent_variable

end_regular_table
