# ****************************************************************************
# CUI
#
# The Advanced Framework for Simulation, Integration, and Modeling (AFSIM)
#
# The use, dissemination or disclosure of data in this file is subject to
# limitation or restriction. See accompanying README and LICENSE for details.
# ****************************************************************************

# ##################################################################################################
# 
# This file was auto-generated by AFSIM Mover Creator 2.5.0.200324
# 
# Creation Date:  24 Mar 2020
# 
# ##################################################################################################

regular_table

independent_variable mach precision double
0.10000000000000001 0.5 0.70000000000000007 0.75 0.80000000000000004 0.84999999999999998 0.90000000000000002 0.92000000000000004 0.94000000000000006 0.95999999999999996 0.97999999999999998 1 
end_independent_variable

independent_variable beta units rad
-0.52359877559829882 -0.48869219055841229 -0.4537856055185257 -0.41887902047863912 -0.38397243543875248 -0.3490658503988659 -0.31415926535897931 -0.27925268031909273 -0.24434609527920614 -0.20943951023931956 -0.17453292519943295 -0.13962634015954636 -0.10471975511965978 -0.087266462599716474 -0.069813170079773182 -0.05235987755982989 -0.034906585039886591 -0.017453292519943295 0 0.017453292519943295 0.034906585039886591 0.05235987755982989 0.069813170079773182 0.087266462599716474 0.10471975511965978 0.13962634015954636 0.17453292519943295 0.20943951023931956 0.24434609527920614 0.27925268031909273 0.31415926535897931 0.3490658503988659 0.38397243543875248 0.41887902047863912 0.4537856055185257 0.48869219055841229 0.52359877559829882 
end_independent_variable

dependent_variable precision double
-0.16590108601321504 -0.17210336509862084 -0.16879610626797212 -0.19751121394661572 -0.1903668973786603 0.1299549332655893 -0.18516908288210085 -0.32495096305431154 -0.37971883164243247 -0.40212544017572238 -0.41031196152211313 -0.41456693277167328 -0.41505555740476141 -0.41413004007495569 -0.41480864080682228 -0.41435337746947759 -0.41403130042019093 -0.413826938362026 -0.41375921784526726 -0.413826938362026 -0.41403130042019093 -0.41435337746947759 -0.41480864080682228 -0.41413004007495569 -0.41505555740476141 -0.41456693277167328 -0.41031196152211313 -0.40212544017572238 -0.37971883164243247 -0.32495096305431154 -0.18516908288210085 0.1299549332655893 -0.1903668973786603 -0.19751121394661572 -0.16879610626797212 -0.17210336509862084 -0.16590108601321504 -0.1655494787263167 -0.17174507065207004 -0.16843143305503647 -0.19713917298416708 -0.18998937637433061 0.13033409080954073 -0.18478620808854818 -0.32456275376116273 -0.37932673646443399 -0.40173046308169669 -0.40991467112756752 -0.41416765443649906 -0.41465490270929689 -0.41372888239865574 -0.41440727634927388 -0.41395180115901897 -0.4136296069345457 -0.41342524583049262 -0.41335765231476412 -0.41342524583049262 -0.4136296069345457 -0.41395180115901897 -0.41440727634927388 -0.41372888239865574 -0.41465490270929689 -0.41416765443649906 -0.40991467112756752 -0.40173046308169669 -0.37932673646443399 -0.32456275376116273 -0.18478620808854818 0.13033409080954073 -0.18998937637433061 -0.19713917298416708 -0.16843143305503647 -0.17174507065207004 -0.1655494787263167 -0.16548109226237648 -0.1716753610322396 -0.16836047599443862 -0.19706695258888351 -0.18991608309605384 0.13040812597206461 -0.18471133958887415 -0.32448699430218014 -0.37925024807471797 -0.40165337650913691 -0.40983708651815226 -0.41408965499939043 -0.4145765924248091 -0.41365045259660993 -0.41432876335952012 -0.41387321979770475 -0.41355097916009953 -0.41334659529621759 -0.41327900324091971 -0.41334659529621759 -0.41355097916009953 -0.41387321979770475 -0.41432876335952012 -0.41365045259660993 -0.4145765924248091 -0.41408965499939043 -0.40983708651815226 -0.40165337650913691 -0.37925024807471797 -0.32448699430218014 -0.18471133958887415 0.13040812597206461 -0.18991608309605384 -0.19706695258888351 -0.16836047599443862 -0.1716753610322396 -0.16548109226237648 -0.16546584889991772 -0.17165982199999119 -0.16834465870300519 -0.19705085923433138 -0.18989975033928197 0.13042463792010203 -0.1846946382964145 -0.32447009920165193 -0.37923319137022715 -0.40163618521945083 -0.40981978268140745 -0.41407225777976681 -0.41455912449721305 -0.41363295733171263 -0.41431124814468623 -0.41385568845951271 -0.41353343670376297 -0.41332904702030521 -0.41326145453167573 -0.41332904702030521 -0.41353343670376297 -0.41385568845951271 -0.41431124814468623 -0.41363295733171263 -0.41455912449721305 -0.41407225777976681 -0.40981978268140745 -0.40163618521945083 -0.37923319137022715 -0.32447009920165193 -0.1846946382964145 0.13042463792010203 -0.18989975033928197 -0.19705085923433138 -0.16834465870300519 -0.17165982199999119 -0.16546584889991772 -0.16543611077974671 -0.17162950469876065 -0.16831379781129252 -0.19701947745594639 -0.18986790083214078 0.13045688107377257 -0.18466201425604542 -0.32443711231033778 -0.37919989195781545 -0.40160261938217845 -0.40978599221306872 -0.41403828220985373 -0.41448353307038016 -0.41358236023094597 -0.41427703115676112 -0.41382143718017567 -0.41349916128587266 -0.41329475785636566 -0.41322716210165877 -0.41329475785636566 -0.41349916128587266 -0.41382143718017567 -0.41427703115676112 -0.41358236023094597 -0.41448353307038016 -0.41403828220985373 -0.40978599221306872 -0.40160261938217845 -0.37919989195781545 -0.32443711231033778 -0.18466201425604542 0.13045688107377257 -0.18986790083214078 -0.19701947745594639 -0.16831379781129252 -0.17162950469876065 -0.16543611077974671 -0.16542191152495872 -0.17159165297641546 -0.16825630998118557 -0.19694501860458649 -0.18977735395757461 0.13056215533771179 -0.18451696302339957 -0.32418894897127348 -0.378869040073463 -0.40120960268349443 -0.40935932514226514 -0.4136179251384634 -0.41415247388675197 -0.41331399821271164 -0.41420168837603766 -0.41394864557379391 -0.41382015869874061 -0.41380126016991542 -0.41391124453446115 -0.41380126016991542 -0.41382015869874061 -0.41394864557379391 -0.41420168837603766 -0.41331399821271164 -0.41415247388675197 -0.4136179251384634 -0.40935932514226514 -0.40120960268349443 -0.378869040073463 -0.32418894897127348 -0.18451696302339957 0.13056215533771179 -0.18977735395757461 -0.19694501860458649 -0.16825630998118557 -0.17159165297641546 -0.16542191152495872 -0.18680237083937851 -0.18954671078268787 -0.1828549788629189 -0.20766793632420355 -0.1962088954934538 0.12824981611796069 -0.18551843640064927 -0.32477762100575258 -0.37927996873541669 -0.40161779523809438 -0.40990008183649984 -0.41433738598573472 -0.41505160492069887 -0.41429204204995473 -0.41516152600051326 -0.41492667479766071 -0.41482397133836479 -0.41483049070476796 -0.41496703904509152 -0.41483049070476796 -0.41482397133836479 -0.41492667479766071 -0.41516152600051326 -0.41429204204995473 -0.41505160492069887 -0.41433738598573472 -0.40990008183649984 -0.40161779523809438 -0.37927996873541669 -0.32477762100575258 -0.18551843640064927 0.12824981611796069 -0.1962088954934538 -0.20766793632420355 -0.1828549788629189 -0.18954671078268787 -0.18680237083937851 -0.19779439244204899 -0.19907368748903756 -0.19087736493328009 -0.2139349703645759 -0.20044034732060462 0.12631301020756022 -0.18729679817364361 -0.32660728802610323 -0.38102749294804078 -0.40320406478809423 -0.41140339766772133 -0.41576707085197279 -0.41640500366684924 -0.41561587075540196 -0.41646424609901106 -0.41623046619700066 -0.41613456326849207 -0.41614903580743617 -0.41629548426504226 -0.41614903580743617 -0.41613456326849207 -0.41623046619700066 -0.41646424609901106 -0.41561587075540196 -0.41640500366684924 -0.41576707085197279 -0.41140339766772133 -0.40320406478809423 -0.38102749294804078 -0.32660728802610323 -0.18729679817364361 0.12631301020756022 -0.20044034732060462 -0.2139349703645759 -0.19087736493328009 -0.19907368748903756 -0.19779439244204899 -0.20906109413387916 -0.20896949687619643 -0.19934206032526736 -0.22070739977792034 -0.2052272336970459 0.12373279230118872 -0.18952547807415265 -0.32868625562070419 -0.38295483404054897 -0.40497013558711104 -0.41308552108056551 -0.41740613036073121 -0.41800041322043985 -0.41715265063005325 -0.41796022275490968 -0.41771629276281724 -0.41762651621140828 -0.41764888658126181 -0.41779804060561571 -0.41764888658126181 -0.41762651621140828 -0.41771629276281724 -0.41796022275490968 -0.41715265063005325 -0.41800041322043985 -0.41740613036073121 -0.41308552108056551 -0.40497013558711104 -0.38295483404054897 -0.32868625562070419 -0.18952547807415265 0.12373279230118872 -0.2052272336970459 -0.22070739977792034 -0.19934206032526736 -0.20896949687619643 -0.20906109413387916 -0.22080346399877054 -0.21931754967418018 -0.20832202834058045 -0.2280414958397447 -0.21040926946926836 0.12094364497366746 -0.19193603776226401 -0.33094803631524744 -0.38506569917303307 -0.40698061993030477 -0.41506054811121562 -0.41930954647000018 -0.41979751023646605 -0.4189008325051285 -0.41966531914515237 -0.41940088476038939 -0.41929345853213362 -0.41930029666791985 -0.41945302343567165 -0.41930029666791985 -0.41929345853213362 -0.41940088476038939 -0.41966531914515237 -0.4189008325051285 -0.41979751023646605 -0.41930954647000018 -0.41506054811121562 -0.40698061993030477 -0.38506569917303307 -0.33094803631524744 -0.19193603776226401 0.12094364497366746 -0.21040926946926836 -0.2280414958397447 -0.20832202834058045 -0.21931754967418018 -0.22080346399877054 -0.23280021693302647 -0.22993811958509022 -0.21743985653029246 -0.23538449935424996 -0.21561098730907716 0.11812500371365288 -0.19444906059422173 -0.3333849622136732 -0.38741243772328537 -0.40915434416828955 -0.4171262048103378 -0.42126857171652216 -0.42161455364333061 -0.42065749553218995 -0.42135384175167206 -0.42093301755426688 -0.4206709285234147 -0.4205254521134052 -0.42052001703607728 -0.4205254521134052 -0.4206709285234147 -0.42093301755426688 -0.42135384175167206 -0.42065749553218995 -0.42161455364333061 -0.42126857171652216 -0.4171262048103378 -0.40915434416828955 -0.38741243772328537 -0.3333849622136732 -0.19444906059422173 0.11812500371365288 -0.21561098730907716 -0.23538449935424996 -0.21743985653029246 -0.22993811958509022 -0.23280021693302647 -0.24023339959701778 -0.23683051133137298 -0.22370408361290725 -0.24076964718423105 -0.21974244959978453 0.11559904024002056 -0.19682595611200401 -0.33568606621145392 -0.38957526888202465 -0.41115186030866974 -0.4190179844302504 -0.42296444226624147 -0.42300325006290085 -0.42189057368325228 -0.42245170463290532 -0.42202034187853621 -0.4217528426333822 -0.42160334669745742 -0.4215959253324798 -0.42160334669745742 -0.4217528426333822 -0.42202034187853621 -0.42245170463290532 -0.42189057368325228 -0.42300325006290085 -0.42296444226624147 -0.4190179844302504 -0.41115186030866974 -0.38957526888202465 -0.33568606621145392 -0.19682595611200401 0.11559904024002056 -0.21974244959978453 -0.24076964718423105 -0.22370408361290725 -0.23683051133137298 -0.24023339959701778 
end_dependent_variable

end_regular_table
