# ****************************************************************************
# CUI
#
# The Advanced Framework for Simulation, Integration, and Modeling (AFSIM)
#
# The use, dissemination or disclosure of data in this file is subject to
# limitation or restriction. See accompanying README and LICENSE for details.
# ****************************************************************************

irregular_table
   independent_variable alt units ft
   independent_variable mach precision float
   dependent_variable precision float
   alt       0.0
      mach       0.00     0.20     0.40     0.60     0.80     0.90     1.00     1.10     1.20     1.25
      values       6000.0000       5262.0000       4902.0000       4866.0000       5082.0000       5274.0000       5100.0000       4680.0000       3900.0000          0.0000
   alt    5000.0
      mach       0.00     0.20     0.40     0.60     0.80     0.90     1.00     1.10     1.20     1.25
      values       5160.0000       4525.3200       4215.7200       4184.7600       4370.5200       4535.6400       4386.0000       4024.8000       3354.0000          0.0000
   alt   10000.0
      mach       0.00     0.20     0.40     0.60     0.80     0.90     1.00     1.10     1.20     1.25
      values       4416.0000       3872.8320       3607.8720       3581.3760       3740.3520       3881.6640       3753.6000       3444.4800       2870.4000          0.0000
   alt   15000.0
      mach       0.00     0.20     0.40     0.60     0.80     0.90     1.00     1.10     1.20     1.25
      values       3750.0000       3288.7500       3063.7500       3041.2500       3176.2500       3296.2500       3187.5000       2925.0000       2437.5000          0.0000
   alt   20000.0
      mach       0.00     0.20     0.40     0.60     0.80     0.90     1.00     1.10     1.20     1.25
      values       3174.0000       2783.5980       2593.1580       2574.1140       2688.3780       2789.9460       2697.9000       2475.7200       2063.1000          0.0000
   alt   25000.0
      mach       0.00     0.20     0.40     0.60     0.80     0.90     1.00     1.10     1.20     1.25
      values       2664.0000       2336.3280       2176.4880       2160.5040       2256.4080       2341.6560       2264.4000       2077.9200       1731.6000          0.0000
   alt   30000.0
      mach       0.00     0.20     0.40     0.60     0.80     0.90     1.00     1.10     1.20     1.25
      values       2220.0000       1946.9400       1813.7400       1800.4200       1880.3400       1951.3800       1887.0000       1731.6000       1443.0000          0.0000
   alt   35000.0
      mach       0.00     0.20     0.40     0.60     0.80     0.90     1.00     1.10     1.20     1.25
      values       1836.0000       1610.1720       1500.0120       1488.9960       1555.0920       1613.8440       1560.6000       1432.0800       1193.4000          0.0000
   alt   40000.0
      mach       0.00     0.20     0.40     0.60     0.80     0.90     1.00     1.10     1.20     1.25
      values       1452.0000       1273.4040       1186.2840       1177.5720       1229.8440       1276.3080       1234.2000       1132.5600        943.8000          0.0000
   alt   45000.0
      mach       0.00     0.20     0.40     0.60     0.80     0.90     1.00     1.10     1.20     1.25
      values       1140.0000        999.7800        931.3800        924.5400        965.5800       1002.0600        969.0000        889.2000        741.0000          0.0000
   alt   50000.0
      mach       0.00     0.20     0.40     0.60     0.80     0.90     1.00     1.10     1.20     1.25
      values        894.0000        784.0380        730.3980        725.0340        757.2180        785.8260        759.9000        697.3200        581.1000          0.0000
   alt   55000.0
      mach       0.00     0.20     0.40     0.60     0.80     0.90     1.00     1.10     1.20     1.25
      values        702.0000        615.6540        573.5340        569.3220        594.5940        617.0580        596.7000        547.5600        456.3000          0.0000
   alt   60000.0
      mach       0.00     0.20     0.40     0.60     0.80     0.90     1.00     1.10     1.20     1.25
      values          0.0000          0.0000          0.0000          0.0000          0.0000          0.0000          0.0000          0.0000          0.0000          0.0000
end_irregular_table
